#epsqw diagonal term
#1:q+G [au], 2:Re(eps-1), 3:Im(eps-1)
        1.8858723505        0.8741579655       -0.0008920756
        1.7485292647        0.8514355275       -0.0008461108
        2.0138705160        0.8928147517       -0.0007961216
        1.7485292647        0.8514350736       -0.0008474561
        1.5994357306        0.8209071186       -0.0008332588
        1.8858723505        0.8765488920       -0.0007168493
        2.0138705160        0.8928356251       -0.0007942748
        1.8858723505        0.8765714992       -0.0007147575
        2.1342057980        0.9070977927       -0.0007686293
        1.8858723505        0.8743207770       -0.0008816936
        1.7485292647        0.8514269899       -0.0008565814
        2.0138705160        0.8927206642       -0.0008141751
        1.8858723505        0.8742912946       -0.0008841673
        1.2489494748        0.7014244487       -0.0013972118
        1.0299101211        0.5957389095       -0.0016570901
        1.4349337000        0.7629564810       -0.0012751116
        2.1342057980        0.9064229610       -0.0007621494
        1.7485292647        0.8513793513       -0.0008599999
        1.0299101211        0.5957040393       -0.0016601390
        0.7493696849        0.4579642051       -0.0020700628
        1.2489494748        0.6965058492       -0.0013763569
        2.0138705160        0.8964925315       -0.0006973733
        2.0138705160        0.8927241923       -0.0008117531
        1.4349337000        0.7629931183       -0.0012683410
        1.2489494748        0.6965641078       -0.0013726446
        1.5994357307        0.8137295464       -0.0011135372
        2.1342057980        0.9064569078       -0.0007554643
        2.0138705160        0.8965223664       -0.0006940936
        1.7485292647        0.8514542410       -0.0008566447
        1.5994357306        0.8209449895       -0.0008344797
        1.8858723505        0.8765902209       -0.0007221975
        1.7485292647        0.8514140027       -0.0008577430
        1.0299101211        0.5957481309       -0.0016662223
        0.7493696849        0.4579860732       -0.0020722832
        1.2489494748        0.6965148625       -0.0013741242
        2.0138705160        0.8964886521       -0.0006953157
        1.5994357306        0.8208868459       -0.0008360539
        0.7493696849        0.4579573540       -0.0020740418
        0.2497898950        0.1998074083       -0.0029055291
        1.0299101211        0.6089059329       -0.0015867531
        1.8858723505        0.8829053050       -0.0005733462
        1.8858723505        0.8765791367       -0.0007215592
        1.2489494748        0.6965461656       -0.0013714101
        1.0299101211        0.6089544365       -0.0015862509
        1.4349337000        0.7690053799       -0.0010731322
        2.1342057980        0.9107510517       -0.0006013224
        2.0138705160        0.8965316537       -0.0006933820
        1.8858723505        0.8829553345       -0.0005725841
        2.1342057980        0.9107669225       -0.0006023536
        2.0138705160        0.8927713059       -0.0008167230
        1.8858723505        0.8766073880       -0.0007132978
        2.1342057980        0.9071758498       -0.0007525030
        2.0138705160        0.8927540587       -0.0008168464
        1.4349337000        0.7628673701       -0.0012884515
        1.2489494748        0.6965997592       -0.0013584626
        1.5994357307        0.8138136659       -0.0010832825
        1.8858723505        0.8765732458       -0.0007147556
        1.2489494748        0.6965838218       -0.0013577791
        1.0299101211        0.6089298375       -0.0015852414
        1.4349337000        0.7689693759       -0.0010687601
        2.1342057980        0.9107501024       -0.0005989212
        2.1342057980        0.9071771703       -0.0007531037
        1.5994357307        0.8138441140       -0.0010805715
        1.4349337000        0.7690127550       -0.0010683474
        1.7485292647        0.8492486747       -0.0009435154
        2.1342057980        0.9107702331       -0.0005982087
        2.1342057980        0.9063500382       -0.0007682034
        2.0138705160        0.8965254210       -0.0006823706
        2.0138705160        0.8965385609       -0.0006826195
        1.8858723505        0.8829191090       -0.0005736763
        2.1342057980        0.9107374982       -0.0005997175
        2.1342057980        0.9107416570       -0.0005981083
