#epsqw diagonal term
#1:q+G [au], 2:Re(eps-1), 3:Im(eps-1)
        1.8858723505        0.8706788109       -0.0045089805
        1.7485292647        0.8472350428       -0.0031039506
        2.0138705160        0.8892682114       -0.0039946246
        1.7485292647        0.8472627805       -0.0030869297
        1.5994357306        0.8153209721       -0.0019906383
        1.8858723505        0.8724155589       -0.0028191231
        2.0138705160        0.8892886148       -0.0039734704
        1.8858723505        0.8724203314       -0.0028179091
        2.1342057980        0.9035567990       -0.0043772155
        1.8858723505        0.8708063368       -0.0042845635
        1.7485292647        0.8472344396       -0.0030692807
        2.0138705160        0.8892380751       -0.0040756770
        1.8858723505        0.8707823356       -0.0042218740
        1.2489494748        0.6951220741       -0.0046773534
        1.0299101211        0.5848884817       -0.0049532652
        1.4349337000        0.7574817369       -0.0049033092
        2.1342057980        0.9029873283       -0.0033376776
        1.7485292647        0.8472057413       -0.0029933238
        1.0299101211        0.5848606838       -0.0048956773
        0.7493696849        0.4402314666       -0.0049119495
        1.2489494748        0.6888104083       -0.0042021829
        2.0138705160        0.8926333249       -0.0025958204
        2.0138705160        0.8892191471       -0.0039870944
        1.4349337000        0.7575027016       -0.0048954613
        1.2489494748        0.6888443430       -0.0042673435
        1.5994357307        0.8088030017       -0.0047203004
        2.1342057980        0.9030207412       -0.0033753394
        2.0138705160        0.8926595283       -0.0026569841
        1.7485292647        0.8472753027       -0.0029570724
        1.5994357306        0.8152613355       -0.0020076666
        1.8858723505        0.8724775555       -0.0027692180
        1.7485292647        0.8472134855       -0.0029121511
        1.0299101211        0.5849165258       -0.0046978285
        0.7493696849        0.4400901118       -0.0049699543
        1.2489494748        0.6887477454       -0.0042269492
        2.0138705160        0.8925826419       -0.0025902158
        1.5994357306        0.8152006313       -0.0020182998
        0.7493696849        0.4400324393       -0.0050004945
        0.2497898950        0.1677117340       -0.0068762729
        1.0299101211        0.5976288619       -0.0030634590
        1.8858723505        0.8791856738       -0.0012027477
        1.8858723505        0.8724404173       -0.0026733711
        1.2489494748        0.6887720810       -0.0041912761
        1.0299101211        0.5976848257       -0.0030373956
        1.4349337000        0.7629597762       -0.0035946866
        2.1342057980        0.9068739490       -0.0023632735
        2.0138705160        0.8926361353       -0.0025986966
        1.8858723505        0.8792366609       -0.0011967693
        2.1342057980        0.9069063399       -0.0024217271
        2.0138705160        0.8893750246       -0.0039825859
        1.8858723505        0.8724400290       -0.0027797577
        2.1342057980        0.9035493350       -0.0042814037
        2.0138705160        0.8893336063       -0.0038951098
        1.4349337000        0.7574712522       -0.0050406319
        1.2489494748        0.6887976458       -0.0043249767
        1.5994357307        0.8088049332       -0.0046803628
        1.8858723505        0.8724190760       -0.0026524468
        1.2489494748        0.6887986687       -0.0042102468
        1.0299101211        0.5977455510       -0.0030482928
        1.4349337000        0.7629700937       -0.0036160298
        2.1342057980        0.9069008594       -0.0023668121
        2.1342057980        0.9035448361       -0.0042079996
        1.5994357307        0.8088406993       -0.0047185648
        1.4349337000        0.7629844896       -0.0037811992
        1.7485292647        0.8439303322       -0.0047243047
        2.1342057980        0.9069120978       -0.0024972805
        2.1342057980        0.9030447232       -0.0035563661
        2.0138705160        0.8926326598       -0.0026702584
        2.0138705160        0.8926580043       -0.0026180393
        1.8858723505        0.8792282226       -0.0012027720
        2.1342057980        0.9068865319       -0.0024651480
        2.1342057980        0.9068734991       -0.0025145079
