#epsqw diagonal term
#1:q+G [au], 2:Re(eps-1), 3:Im(eps-1)
        1.8858723505        0.8734710377       -0.0012043160
        1.7485292647        0.8508540385       -0.0010182996
        2.0138705160        0.8921853523       -0.0010321622
        1.7485292647        0.8508525406       -0.0010230775
        1.5994357306        0.8204527540       -0.0009010505
        1.8858723505        0.8760850257       -0.0008331141
        2.0138705160        0.8922059421       -0.0010264506
        1.8858723505        0.8761089940       -0.0008263529
        2.1342057980        0.9064750543       -0.0010316427
        1.8858723505        0.8736546509       -0.0011824231
        1.7485292647        0.8508398079       -0.0010520710
        2.0138705160        0.8920754691       -0.0010833184
        1.8858723505        0.8736287225       -0.0011939658
        1.2489494748        0.7005292295       -0.0017365532
        1.0299101211        0.5946754736       -0.0018495566
        1.4349337000        0.7620620312       -0.0016252783
        2.1342057980        0.9058303264       -0.0010293752
        1.7485292647        0.8507937672       -0.0010677335
        1.0299101211        0.5946410810       -0.0018618578
        0.7493696849        0.4565978643       -0.0021802052
        1.2489494748        0.6956385669       -0.0016139271
        2.0138705160        0.8959966613       -0.0008812918
        2.0138705160        0.8920808891       -0.0010796687
        1.4349337000        0.7620967245       -0.0016013215
        1.2489494748        0.6956951534       -0.0015979854
        1.5994357307        0.8129247757       -0.0014599008
        2.1342057980        0.9058605856       -0.0010038935
        2.0138705160        0.8960248700       -0.0008672173
        1.7485292647        0.8508732367       -0.0010611836
        1.5994357306        0.8204900788       -0.0009024947
        1.8858723505        0.8761271009       -0.0008521411
        1.7485292647        0.8508353116       -0.0010678492
        1.0299101211        0.5946918335       -0.0018938586
        0.7493696849        0.4566180364       -0.0021839683
        1.2489494748        0.6956529711       -0.0016072476
        2.0138705160        0.8959975737       -0.0008754660
        1.5994357306        0.8204321884       -0.0009078471
        0.7493696849        0.4565889485       -0.0021895033
        0.2497898950        0.1971932093       -0.0030885030
        1.0299101211        0.6079907389       -0.0016627651
        1.8858723505        0.8826080702       -0.0006108628
        1.8858723505        0.8761217129       -0.0008548001
        1.2489494748        0.6956863922       -0.0015987507
        1.0299101211        0.6080398854       -0.0016612664
        1.4349337000        0.7683750119       -0.0012275834
        2.1342057980        0.9103494916       -0.0007208934
        2.0138705160        0.8960399810       -0.0008676339
        1.8858723505        0.8826584644       -0.0006087140
        2.1342057980        0.9103623722       -0.0007215377
        2.0138705160        0.8921229987       -0.0011003319
        1.8858723505        0.8761477723       -0.0008222851
        2.1342057980        0.9065671824       -0.0009794353
        2.0138705160        0.8921092255       -0.0011053529
        1.4349337000        0.7619463593       -0.0016617747
        1.2489494748        0.6957383541       -0.0015497259
        1.5994357307        0.8130306960       -0.0013624532
        1.8858723505        0.8761180224       -0.0008324401
        1.2489494748        0.6957256099       -0.0015513041
        1.0299101211        0.6080171474       -0.0016627660
        1.4349337000        0.7683357475       -0.0012115196
        2.1342057980        0.9103465418       -0.0007114841
        2.1342057980        0.9065744479       -0.0009853848
        1.5994357307        0.8130608745       -0.0013508424
        1.4349337000        0.7683739855       -0.0012038253
        1.7485292647        0.8485844690       -0.0011618890
        2.1342057980        0.9103626425       -0.0007042007
        2.1342057980        0.9057314047       -0.0010367763
        2.0138705160        0.8960337114       -0.0008268182
        2.0138705160        0.8960471611       -0.0008289503
        1.8858723505        0.8826202887       -0.0006117821
        2.1342057980        0.9103296282       -0.0007094904
        2.1342057980        0.9103331443       -0.0007024869
