#epsqw diagonal term
#1:q+G [au], 2:Re(eps-1), 3:Im(eps-1)
        1.8858723505        1.0315637760       -0.0959629219
        1.7485292647        1.0498004685       -0.1267596926
        2.0138705160        1.0120923369       -0.0769405868
        1.7485292647        1.0495482265       -0.1265239161
        1.5994357306        1.0614406099       -0.1258310884
        1.8858723505        1.0313782600       -0.0947629579
        2.0138705160        1.0121069290       -0.0761942345
        1.8858723505        1.0298117641       -0.0949986645
        2.1342057980        0.9924538273       -0.0618621138
        1.8858723505        1.0326377047       -0.0950381882
        1.7485292647        1.0504342442       -0.1247808471
        2.0138705160        1.0116535566       -0.0769605587
        1.8858723505        1.0324296276       -0.0970023575
        1.2489494748        1.2640130998       -0.2743896433
        1.0299101211        1.3161489963       -0.3251453527
        1.4349337000        1.1179903938       -0.1388025351
        2.1342057980        1.0055353605       -0.0638056664
        1.7485292647        1.0510847144       -0.1263299238
        1.0299101211        1.3195007748       -0.3260192743
        0.7493696849        1.5592344380       -0.5113936210
        1.2489494748        1.1979750898       -0.2601171988
        2.0138705160        1.0139811679       -0.0822848584
        2.0138705160        1.0116458279       -0.0770878568
        1.4349337000        1.1176663646       -0.1367064242
        1.2489494748        1.1940016547       -0.2576397839
        1.5994357307        1.0875332753       -0.1174147966
        2.1342057980        1.0044829908       -0.0628865664
        2.0138705160        1.0137863087       -0.0815499892
        1.7485292647        1.0502358958       -0.1245348644
        1.5994357306        1.0602989734       -0.1254761223
        1.8858723505        1.0302906921       -0.0936588941
        1.7485292647        1.0514763469       -0.1269362130
        1.0299101211        1.3199569544       -0.3291293151
        0.7493696849        1.5633153658       -0.5116198567
        1.2489494748        1.1966132290       -0.2591672656
        2.0138705160        1.0138352732       -0.0825671467
        1.5994357306        1.0611604629       -0.1266231545
        0.7493696849        1.5608945910       -0.5177787450
        0.2497898950        1.7806284160       -0.4370846030
        1.0299101211        1.3128733244       -0.3516282389
        1.8858723505        1.0082171650       -0.0854764457
        1.8858723505        1.0298930563       -0.0953140560
        1.2489494748        1.1937012285       -0.2586043444
        1.0299101211        1.3090395136       -0.3501196772
        1.4349337000        1.1173179714       -0.1956019346
        2.1342057980        1.0016528493       -0.0663086466
        2.0138705160        1.0128840675       -0.0816498206
        1.8858723505        1.0075237735       -0.0849744945
        2.1342057980        1.0014885853       -0.0657221391
        2.0138705160        1.0119641747       -0.0765278071
        1.8858723505        1.0295835451       -0.0931856963
        2.1342057980        0.9918898591       -0.0617579192
        2.0138705160        1.0117886889       -0.0774963797
        1.4349337000        1.1190902647       -0.1370685207
        1.2489494748        1.1923320676       -0.2571797449
        1.5994357307        1.0866814032       -0.1184587443
        1.8858723505        1.0309541082       -0.0947467975
        1.2489494748        1.1941262205       -0.2608747500
        1.0299101211        1.3110418380       -0.3471217420
        1.4349337000        1.1193332322       -0.1973825038
        2.1342057980        1.0018421206       -0.0660603052
        2.1342057980        0.9917785890       -0.0621409656
        1.5994357307        1.0854244212       -0.1181381040
        1.4349337000        1.1165961751       -0.1961906676
        1.7485292647        1.0571488488       -0.1054875904
        2.1342057980        1.0007204511       -0.0657277634
        2.1342057980        1.0053826630       -0.0625833528
        2.0138705160        1.0139946683       -0.0818847942
        2.0138705160        1.0132930270       -0.0820744740
        1.8858723505        1.0086230385       -0.0850278952
        2.1342057980        1.0015831224       -0.0660091286
        2.1342057980        1.0008150726       -0.0664973757
