#epsqw diagonal term
#1:q+G [au], 2:Re(eps-1), 3:Im(eps-1)
        1.8858723505        0.8696754604       -0.0053446983
        1.7485292647        0.8454520617       -0.0042381507
        2.0138705160        0.8882469813       -0.0050715841
        1.7485292647        0.8454592036       -0.0041996972
        1.5994357306        0.8129631338       -0.0033802249
        1.8858723505        0.8710569685       -0.0037791965
        2.0138705160        0.8882569523       -0.0050477564
        1.8858723505        0.8710630251       -0.0037894241
        2.1342057980        0.9026892490       -0.0053963119
        1.8858723505        0.8697415465       -0.0051284609
        1.7485292647        0.8454249296       -0.0042688301
        2.0138705160        0.8882257980       -0.0051712278
        1.8858723505        0.8696822824       -0.0050531715
        1.2489494748        0.6928533165       -0.0057174623
        1.0299101211        0.5809200998       -0.0078356423
        1.4349337000        0.7553483611       -0.0062740675
        2.1342057980        0.9016083177       -0.0042999055
        1.7485292647        0.8453463469       -0.0041682238
        1.0299101211        0.5808414757       -0.0077574016
        0.7493696849        0.4333650468       -0.0088641860
        1.2489494748        0.6857372107       -0.0059768033
        2.0138705160        0.8908926738       -0.0037882587
        2.0138705160        0.8881651882       -0.0050762955
        1.4349337000        0.7553604957       -0.0062682425
        1.2489494748        0.6858158019       -0.0060766556
        1.5994357307        0.8071538015       -0.0061339850
        2.1342057980        0.9016526442       -0.0043398923
        2.0138705160        0.8909595914       -0.0038608504
        1.7485292647        0.8454263224       -0.0040501584
        1.5994357306        0.8128479937       -0.0035717721
        1.8858723505        0.8711135946       -0.0037153494
        1.7485292647        0.8453464631       -0.0040121318
        1.0299101211        0.5807857579       -0.0073395781
        0.7493696849        0.4331619515       -0.0093420691
        1.2489494748        0.6857706423       -0.0060271578
        2.0138705160        0.8908764434       -0.0038237395
        1.5994357306        0.8128033637       -0.0035869885
        0.7493696849        0.4331501749       -0.0094012021
        0.2497898950        0.1544094012       -0.0113995633
        1.0299101211        0.5927999953       -0.0047483511
        1.8858723505        0.8775215086       -0.0019993358
        1.8858723505        0.8710220658       -0.0036175416
        1.2489494748        0.6857769107       -0.0059905675
        1.0299101211        0.5928322138       -0.0047059731
        1.4349337000        0.7610952119       -0.0046410738
        2.1342057980        0.9055336219       -0.0034274042
        2.0138705160        0.8909284387       -0.0038263141
        1.8858723505        0.8775653030       -0.0019907658
        2.1342057980        0.9055979331       -0.0034880819
        2.0138705160        0.8883091019       -0.0049845830
        1.8858723505        0.8710490651       -0.0038055720
        2.1342057980        0.9026317942       -0.0053389041
        2.0138705160        0.8882219882       -0.0048940753
        1.4349337000        0.7553573312       -0.0063737700
        1.2489494748        0.6858403577       -0.0062415830
        1.5994357307        0.8071575367       -0.0060507560
        1.8858723505        0.8709441137       -0.0036377086
        1.2489494748        0.6857606069       -0.0060948136
        1.0299101211        0.5930355960       -0.0046475952
        1.4349337000        0.7610704718       -0.0046541961
        2.1342057980        0.9055208675       -0.0033899508
        2.1342057980        0.9025905144       -0.0052499651
        1.5994357307        0.8072191926       -0.0060887768
        1.4349337000        0.7611977647       -0.0048792367
        1.7485292647        0.8425649485       -0.0060580638
        2.1342057980        0.9056237943       -0.0035500618
        2.1342057980        0.9017128110       -0.0044256420
        2.0138705160        0.8909265060       -0.0038548255
        2.0138705160        0.8909134996       -0.0037913628
        1.8858723505        0.8775503039       -0.0019534382
        2.1342057980        0.9055510463       -0.0034952456
        2.1342057980        0.9055742770       -0.0035651759
