#epsqw diagonal term
#1:q+G [au], 2:Re(eps-1), 3:Im(eps-1)
        1.8858723505        0.8973706828       -0.0416915940
        1.7485292647        0.8642599304       -0.0332598016
        2.0138705160        0.9110102776       -0.0377981068
        1.7485292647        0.8641737858       -0.0331002255
        1.5994357306        0.8254164216       -0.0240153345
        1.8858723505        0.8847870202       -0.0316598540
        2.0138705160        0.9111030452       -0.0378395491
        1.8858723505        0.8848732869       -0.0317795177
        2.1342057980        0.9234422440       -0.0392578383
        1.8858723505        0.8969450632       -0.0411090144
        1.7485292647        0.8638897538       -0.0330763621
        2.0138705160        0.9113957314       -0.0377438354
        1.8858723505        0.8971328384       -0.0410822607
        1.2489494748        0.7147726911       -0.0743178056
        1.0299101211        0.5680744094       -0.0461719765
        1.4349337000        0.7762753739       -0.0445817554
        2.1342057980        0.9284926310       -0.0348152500
        1.7485292647        0.8638375540       -0.0328906757
        1.0299101211        0.5680271742       -0.0461365746
        0.7493696849        0.4205066814       -0.0854069521
        1.2489494748        0.6880731927       -0.0474787841
        2.0138705160        0.9101819409       -0.0277730873
        2.0138705160        0.9117142819       -0.0376646157
        1.4349337000        0.7764405381       -0.0443589916
        1.2489494748        0.6881324997       -0.0474088618
        1.5994357307        0.8320850378       -0.0441624891
        2.1342057980        0.9286172454       -0.0349814582
        2.0138705160        0.9101581699       -0.0278082209
        1.7485292647        0.8639815179       -0.0328542486
        1.5994357306        0.8256517573       -0.0240647895
        1.8858723505        0.8850549308       -0.0316298508
        1.7485292647        0.8640651768       -0.0328175643
        1.0299101211        0.5677591510       -0.0460157426
        0.7493696849        0.4198477619       -0.0853961893
        1.2489494748        0.6887046166       -0.0475495835
        2.0138705160        0.9104682820       -0.0286075826
        1.5994357306        0.8255880666       -0.0239837177
        0.7493696849        0.4199090075       -0.0850087053
        0.2497898950        0.1585126351       -0.1783237807
        1.0299101211        0.6095418490       -0.0759540684
        1.8858723505        0.8866701185       -0.0168460926
        1.8858723505        0.8853428572       -0.0316501183
        1.2489494748        0.6886102158       -0.0473560006
        1.0299101211        0.6094797737       -0.0754651170
        1.4349337000        0.7726745586       -0.0454497727
        2.1342057980        0.9236800395       -0.0250366800
        2.0138705160        0.9105303732       -0.0286317251
        1.8858723505        0.8867262129       -0.0168801342
        2.1342057980        0.9236333542       -0.0250210851
        2.0138705160        0.9113429295       -0.0376167149
        1.8858723505        0.8850558493       -0.0315534392
        2.1342057980        0.9236605388       -0.0387711618
        2.0138705160        0.9114888057       -0.0375393374
        1.4349337000        0.7760850395       -0.0441273130
        1.2489494748        0.6883628557       -0.0471635336
        1.5994357307        0.8323254611       -0.0442480762
        1.8858723505        0.8851723509       -0.0314464810
        1.2489494748        0.6882501056       -0.0468521280
        1.0299101211        0.6094799597       -0.0747284634
        1.4349337000        0.7728919744       -0.0459676586
        2.1342057980        0.9232997505       -0.0249739818
        2.1342057980        0.9239726042       -0.0386647929
        1.5994357307        0.8327633610       -0.0441381349
        1.4349337000        0.7733980005       -0.0463643061
        1.7485292647        0.8703983139       -0.0457078226
        2.1342057980        0.9233207657       -0.0251587995
        2.1342057980        0.9288935580       -0.0346936996
        2.0138705160        0.9104493935       -0.0281647452
        2.0138705160        0.9105612444       -0.0281091255
        1.8858723505        0.8867363904       -0.0171066836
        2.1342057980        0.9232411576       -0.0252089851
        2.1342057980        0.9233050866       -0.0253524481
