#epsqw diagonal term
#1:q+G [au], 2:Re(eps-1), 3:Im(eps-1)
        1.8858723505        0.8760401739       -0.0006466808
        1.7485292647        0.8530877411       -0.0006731384
        2.0138705160        0.8945287335       -0.0005841385
        1.7485292647        0.8530894875       -0.0006731197
        1.5994357306        0.8223731138       -0.0007296181
        1.8858723505        0.8779398125       -0.0005876945
        2.0138705160        0.8945460500       -0.0005838821
        1.8858723505        0.8779583988       -0.0005874758
        2.1342057980        0.9088087924       -0.0005474535
        1.8858723505        0.8761689575       -0.0006432052
        1.7485292647        0.8530999300       -0.0006740930
        2.0138705160        0.8944772010       -0.0005870999
        1.8858723505        0.8761400793       -0.0006430590
        1.2489494748        0.7041101051       -0.0011249095
        1.0299101211        0.5990494066       -0.0014111487
        1.4349337000        0.7654891501       -0.0009826312
        2.1342057980        0.9080768438       -0.0005479875
        1.7485292647        0.8530542134       -0.0006739247
        1.0299101211        0.5990179708       -0.0014113676
        0.7493696849        0.4625562234       -0.0018215727
        1.2489494748        0.6991431902       -0.0011411416
        2.0138705160        0.8979234497       -0.0005343215
        2.0138705160        0.8944726258       -0.0005865316
        1.4349337000        0.7655156410       -0.0009823063
        1.2489494748        0.6991984497       -0.0011410927
        1.5994357307        0.8159901853       -0.0008347472
        2.1342057980        0.9081027139       -0.0005477609
        2.0138705160        0.8979505272       -0.0005343225
        1.7485292647        0.8531187645       -0.0006729139
        1.5994357306        0.8224165209       -0.0007300284
        1.8858723505        0.8779891000       -0.0005876780
        1.7485292647        0.8530774222       -0.0006728280
        1.0299101211        0.5990626086       -0.0014106118
        0.7493696849        0.4625872332       -0.0018221922
        1.2489494748        0.6991461704       -0.0011411177
        2.0138705160        0.8979137458       -0.0005342852
        1.5994357306        0.8223607330       -0.0007301439
        0.7493696849        0.4625624378       -0.0018222845
        0.2497898950        0.2086663520       -0.0024457429
        1.0299101211        0.6119950377       -0.0014198480
        1.8858723505        0.8838832801       -0.0005087292
        1.8858723505        0.8779715382       -0.0005871745
        1.2489494748        0.6991715162       -0.0011407658
        1.0299101211        0.6120423166       -0.0014199166
        1.4349337000        0.7709905725       -0.0009080605
        2.1342057980        0.9119748500       -0.0004805707
        2.0138705160        0.8979546643       -0.0005341485
        1.8858723505        0.8839318915       -0.0005085680
        2.1342057980        0.9119955857       -0.0004808877
        2.0138705160        0.8945273129       -0.0005858754
        1.8858723505        0.8779900643       -0.0005869838
        2.1342057980        0.9088531374       -0.0005456701
        2.0138705160        0.8945057263       -0.0005855359
        1.4349337000        0.7654383998       -0.0009852805
        1.2489494748        0.6992075193       -0.0011399058
        1.5994357307        0.8160127088       -0.0008317814
        1.8858723505        0.8779527006       -0.0005865838
        1.2489494748        0.6991859180       -0.0011394873
        1.0299101211        0.6120102593       -0.0014188956
        1.4349337000        0.7709492915       -0.0009080758
        2.1342057980        0.9119712744       -0.0004807736
        2.1342057980        0.9088506587       -0.0005452666
        1.5994357307        0.8160404829       -0.0008316812
        1.4349337000        0.7709989831       -0.0009086665
        1.7485292647        0.8512162376       -0.0007350050
        2.1342057980        0.9119955286       -0.0004811732
        2.1342057980        0.9080320237       -0.0005503719
        2.0138705160        0.8979321632       -0.0005336244
        2.0138705160        0.8979444847       -0.0005334519
        1.8858723505        0.8838985998       -0.0005087518
        2.1342057980        0.9119651285       -0.0004814473
        2.1342057980        0.9119681962       -0.0004814752
