#epsqw diagonal term
#1:q+G [au], 2:Re(eps-1), 3:Im(eps-1)
        1.8858723505        0.8760505997       -0.0006459028
        1.7485292647        0.8530973049       -0.0006724991
        2.0138705160        0.8945383060       -0.0005834244
        1.7485292647        0.8530990541       -0.0006724793
        1.5994357306        0.8223821790       -0.0007291173
        1.8858723505        0.8779480653       -0.0005871713
        2.0138705160        0.8945556104       -0.0005831698
        1.8858723505        0.8779666406       -0.0005869547
        2.1342057980        0.9088182763       -0.0005467245
        1.8858723505        0.8761792299       -0.0006424462
        1.7485292647        0.8531095537       -0.0006734432
        2.0138705160        0.8944869251       -0.0005863630
        1.8858723505        0.8761503419       -0.0006423007
        1.2489494748        0.7041258621       -0.0011239867
        1.0299101211        0.5990696347       -0.0014100822
        1.4349337000        0.7655035569       -0.0009816673
        2.1342057980        0.9080860493       -0.0005472997
        1.7485292647        0.8530638273       -0.0006732749
        1.0299101211        0.5990382036       -0.0014103003
        0.7493696849        0.4625853560       -0.0018202226
        1.2489494748        0.6991589410       -0.0011402368
        2.0138705160        0.8979316433       -0.0005337467
        2.0138705160        0.8944823144       -0.0005857998
        1.4349337000        0.7655300247       -0.0009813470
        1.2489494748        0.6992142040       -0.0011401883
        1.5994357307        0.8160028851       -0.0008338501
        2.1342057980        0.9081119067       -0.0005470761
        2.0138705160        0.8979587228       -0.0005337482
        1.7485292647        0.8531283331       -0.0006722700
        1.5994357306        0.8224256138       -0.0007295242
        1.8858723505        0.8779973647       -0.0005871510
        1.7485292647        0.8530869795       -0.0006721856
        1.0299101211        0.5990828105       -0.0014095470
        0.7493696849        0.4626164136       -0.0018208364
        1.2489494748        0.6991619048       -0.0011402165
        2.0138705160        0.8979219223       -0.0005337142
        1.5994357306        0.8223698309       -0.0007296383
        0.7493696849        0.4625916304       -0.0018209264
        0.2497898950        0.2087228655       -0.0024431558
        1.0299101211        0.6120146910       -0.0014189357
        1.8858723505        0.8838893855       -0.0005084010
        1.8858723505        0.8779797703       -0.0005866520
        1.2489494748        0.6991872305       -0.0011398677
        1.0299101211        0.6120619685       -0.0014190054
        1.4349337000        0.7710025877       -0.0009073845
        2.1342057980        0.9119820675       -0.0004800958
        2.0138705160        0.8979628381       -0.0005335781
        1.8858723505        0.8839379928       -0.0005082407
        2.1342057980        0.9120028252       -0.0004804096
        2.0138705160        0.8945370051       -0.0005851397
        1.8858723505        0.8779982849       -0.0005864646
        2.1342057980        0.9088625154       -0.0005449585
        2.0138705160        0.8945153933       -0.0005848036
        1.4349337000        0.7654529547       -0.0009842955
        1.2489494748        0.6992231983       -0.0011390143
        1.5994357307        0.8160252215       -0.0008309161
        1.8858723505        0.8779608941       -0.0005860678
        1.2489494748        0.6992015666       -0.0011385999
        1.0299101211        0.6120298587       -0.0014179884
        1.4349337000        0.7709612997       -0.0009074024
        2.1342057980        0.9119784920       -0.0004802999
        2.1342057980        0.9088600129       -0.0005445580
        1.5994357307        0.8160529949       -0.0008308165
        1.4349337000        0.7710110316       -0.0009079879
        1.7485292647        0.8512276450       -0.0007342270
        2.1342057980        0.9120027744       -0.0004806959
        2.1342057980        0.9080413576       -0.0005496667
        2.0138705160        0.8979403034       -0.0005330610
        2.0138705160        0.8979526171       -0.0005328893
        1.8858723505        0.8839047114       -0.0005084228
        2.1342057980        0.9119723816       -0.0004809693
        2.1342057980        0.9119754529       -0.0004809972
