#epsqw diagonal term
#1:q+G [au], 2:Re(eps-1), 3:Im(eps-1)
        1.8858723505        0.8852113071       -0.0276314333
        1.7485292647        0.8508686449       -0.0314274430
        2.0138705160        0.9060910910       -0.0272622007
        1.7485292647        0.8508336129       -0.0314965177
        1.5994357306        0.8085699870       -0.0313528963
        1.8858723505        0.8811396429       -0.0292003721
        2.0138705160        0.9061971791       -0.0270913275
        1.8858723505        0.8812801608       -0.0289246213
        2.1342057980        0.9238815426       -0.0250530556
        1.8858723505        0.8849836630       -0.0272343134
        1.7485292647        0.8510866508       -0.0310094839
        2.0138705160        0.9058720247       -0.0272999589
        1.8858723505        0.8846799197       -0.0271788048
        1.2489494748        0.6859607236       -0.0520130966
        1.0299101211        0.5414122586       -0.0790239046
        1.4349337000        0.7544000677       -0.0352750561
        2.1342057980        0.9209773012       -0.0254115083
        1.7485292647        0.8508509657       -0.0309281870
        1.0299101211        0.5417015636       -0.0794638285
        0.7493696849        0.4090487592       -0.1433722560
        1.2489494748        0.6743138150       -0.0512219510
        2.0138705160        0.9033091349       -0.0257808245
        2.0138705160        0.9056583649       -0.0273623401
        1.4349337000        0.7546907034       -0.0351263127
        1.2489494748        0.6747092593       -0.0508486644
        1.5994357307        0.8167112461       -0.0276308723
        2.1342057980        0.9210687905       -0.0253603736
        2.0138705160        0.9034201751       -0.0256638770
        1.7485292647        0.8511001860       -0.0311402561
        1.5994357306        0.8088544955       -0.0311654638
        1.8858723505        0.8807892537       -0.0287024755
        1.7485292647        0.8509834426       -0.0312516924
        1.0299101211        0.5419241693       -0.0797955455
        0.7493696849        0.4112623449       -0.1417589284
        1.2489494748        0.6746198319       -0.0507821463
        2.0138705160        0.9035213569       -0.0252363324
        1.5994357306        0.8085912067       -0.0312122012
        0.7493696849        0.4132109367       -0.1423272415
        0.2497898950        0.0308631505       -0.3074042292
        1.0299101211        0.5962130710       -0.0823201301
        1.8858723505        0.8810953169       -0.0262385106
        1.8858723505        0.8806712736       -0.0285337654
        1.2489494748        0.6751311548       -0.0506471814
        1.0299101211        0.5964041901       -0.0821583379
        1.4349337000        0.7636106006       -0.0377822396
        2.1342057980        0.9193663548       -0.0244098234
        2.0138705160        0.9036058070       -0.0251721667
        1.8858723505        0.8810520254       -0.0261785938
        2.1342057980        0.9194927677       -0.0243806666
        2.0138705160        0.9061739709       -0.0270017672
        1.8858723505        0.8811182139       -0.0288055129
        2.1342057980        0.9236773082       -0.0245405028
        2.0138705160        0.9059302096       -0.0271504074
        1.4349337000        0.7544585357       -0.0348543866
        1.2489494748        0.6746249486       -0.0508066205
        1.5994357307        0.8169064597       -0.0272901773
        1.8858723505        0.8808066089       -0.0287102658
        1.2489494748        0.6746510260       -0.0509957688
        1.0299101211        0.5969733936       -0.0820772241
        1.4349337000        0.7637269729       -0.0371475871
        2.1342057980        0.9192182608       -0.0244087325
        2.1342057980        0.9233591171       -0.0244790370
        1.5994357307        0.8169144510       -0.0271438167
        1.4349337000        0.7636546018       -0.0369055366
        1.7485292647        0.8591008630       -0.0259467241
        2.1342057980        0.9193840238       -0.0243511135
        2.1342057980        0.9209401030       -0.0254249100
        2.0138705160        0.9035076196       -0.0257295102
        2.0138705160        0.9036315473       -0.0257664846
        1.8858723505        0.8812670908       -0.0259031503
        2.1342057980        0.9195885729       -0.0244605621
        2.1342057980        0.9195883156       -0.0244063597
