#epsqw diagonal term
#1:q+G [au], 2:Re(eps-1), 3:Im(eps-1)
        1.8858723505        1.0230406406       -0.0001832173
        1.7485292647        1.0266097079       -0.0001945379
        2.0138705160        1.0201041141       -0.0001761355
        1.7485292647        1.0266049953       -0.0001938595
        1.5994357306        1.0310143699       -0.0001838364
        1.8858723505        1.0232139692       -0.0001988846
        2.0138705160        1.0201066037       -0.0001768678
        1.8858723505        1.0232193055       -0.0002002224
        2.1342057980        1.0175835392       -0.0001645054
        1.8858723505        1.0230308983       -0.0001813983
        1.7485292647        1.0265990001       -0.0001945336
        2.0138705160        1.0200953012       -0.0001759307
        1.8858723505        1.0230467683       -0.0001833443
        1.2489494748        1.0448489829       -0.0002655103
        1.0299101211        1.0553442273       -0.0003412898
        1.4349337000        1.0372713972       -0.0002284625
        2.1342057980        1.0176038985       -0.0001757779
        1.7485292647        1.0266122130       -0.0001945992
        1.0299101211        1.0553415867       -0.0003403914
        0.7493696849        1.0679832930       -0.0004273951
        1.2489494748        1.0451324276       -0.0002772401
        2.0138705160        1.0200138031       -0.0001809630
        2.0138705160        1.0201095241       -0.0001778650
        1.4349337000        1.0372667370       -0.0002284275
        1.2489494748        1.0451251111       -0.0002779456
        1.5994357307        1.0314557767       -0.0002043193
        2.1342057980        1.0175821689       -0.0001719680
        2.0138705160        1.0199952166       -0.0001785808
        1.7485292647        1.0266050320       -0.0001944623
        1.5994357306        1.0309999863       -0.0001834834
        1.8858723505        1.0231999080       -0.0001984124
        1.7485292647        1.0266213631       -0.0001953628
        1.0299101211        1.0553494187       -0.0003412804
        0.7493696849        1.0679614852       -0.0004259490
        1.2489494748        1.0451224936       -0.0002771734
        2.0138705160        1.0200119532       -0.0001812695
        1.5994357306        1.0310188594       -0.0001838072
        0.7493696849        1.0679920273       -0.0004285657
        0.2497898950        1.0784279824       -0.0006405720
        1.0299101211        1.0557403920       -0.0003183055
        1.8858723505        1.0226072519       -0.0001625031
        1.8858723505        1.0232121073       -0.0001994556
        1.2489494748        1.0451139789       -0.0002770858
        1.0299101211        1.0557115389       -0.0003168911
        1.4349337000        1.0375739434       -0.0002461608
        2.1342057980        1.0177747239       -0.0001884940
        2.0138705160        1.0199886560       -0.0001786766
        1.8858723505        1.0225865682       -0.0001609482
        2.1342057980        1.0177519889       -0.0001848725
        2.0138705160        1.0201069915       -0.0001761085
        1.8858723505        1.0232076047       -0.0001992680
        2.1342057980        1.0175682513       -0.0001629538
        2.0138705160        1.0201198982       -0.0001777625
        1.4349337000        1.0372823894       -0.0002287717
        1.2489494748        1.0451279883       -0.0002779770
        1.5994357307        1.0314453723       -0.0002038166
        1.8858723505        1.0232175716       -0.0001993368
        1.2489494748        1.0451243296       -0.0002771663
        1.0299101211        1.0557276275       -0.0003178453
        1.4349337000        1.0375706272       -0.0002443679
        2.1342057980        1.0177661654       -0.0001868693
        2.1342057980        1.0175762209       -0.0001647068
        1.5994357307        1.0314415450       -0.0002038880
        1.4349337000        1.0375689860       -0.0002458125
        1.7485292647        1.0268178358       -0.0001836422
        2.1342057980        1.0177475467       -0.0001854943
        2.1342057980        1.0176036488       -0.0001749424
        2.0138705160        1.0200087738       -0.0001803029
        2.0138705160        1.0200010577       -0.0001793128
        1.8858723505        1.0225994851       -0.0001620285
        2.1342057980        1.0177564281       -0.0001857160
        2.1342057980        1.0177627277       -0.0001877700
