#epsqw diagonal term
#1:q+G [au], 2:Re(eps-1), 3:Im(eps-1)
        1.8858723505        1.0096579918       -0.0000343370
        1.7485292647        1.0114546490       -0.0000408572
        2.0138705160        1.0081858837       -0.0000285420
        1.7485292647        1.0114534020       -0.0000408550
        1.5994357306        1.0137623047       -0.0000487801
        1.8858723505        1.0096552525       -0.0000336583
        2.0138705160        1.0081849407       -0.0000285383
        1.8858723505        1.0096550013       -0.0000336557
        2.1342057980        1.0069892371       -0.0000239762
        1.8858723505        1.0096563492       -0.0000343286
        1.7485292647        1.0114503542       -0.0000408452
        2.0138705160        1.0081824258       -0.0000285326
        1.8858723505        1.0096601233       -0.0000343401
        1.2489494748        1.0206117867       -0.0000857922
        1.0299101211        1.0257621526       -0.0001148813
        1.4349337000        1.0167376939       -0.0000657762
        2.1342057980        1.0070045895       -0.0000240686
        1.7485292647        1.0114553449       -0.0000408613
        1.0299101211        1.0257634991       -0.0001148864
        0.7493696849        1.0321583965       -0.0001585587
        1.2489494748        1.0206634861       -0.0000843493
        2.0138705160        1.0081852678       -0.0000281953
        2.0138705160        1.0081842331       -0.0000285379
        1.4349337000        1.0167348385       -0.0000657663
        1.2489494748        1.0206576981       -0.0000843293
        1.5994357307        1.0137877730       -0.0000519775
        2.1342057980        1.0070016342       -0.0000240599
        2.0138705160        1.0081821624       -0.0000281860
        1.7485292647        1.0114524347       -0.0000408511
        1.5994357306        1.0137563879       -0.0000487626
        1.8858723505        1.0096496996       -0.0000336401
        1.7485292647        1.0114584020       -0.0000408677
        1.0299101211        1.0257661460       -0.0001148853
        0.7493696849        1.0321533646       -0.0001585403
        1.2489494748        1.0206594428       -0.0000843433
        2.0138705160        1.0081845200       -0.0000281923
        1.5994357306        1.0137645931       -0.0000487853
        0.7493696849        1.0321634249       -0.0001585694
        0.2497898950        1.0376107160       -0.0002552695
        1.0299101211        1.0259282202       -0.0001101829
        1.8858723505        1.0096214444       -0.0000328645
        1.8858723505        1.0096537176       -0.0000336510
        1.2489494748        1.0206555859       -0.0000843315
        1.0299101211        1.0259171806       -0.0001101503
        1.4349337000        1.0168254964       -0.0000648253
        2.1342057980        1.0070034632       -0.0000237853
        2.0138705160        1.0081791228       -0.0000281775
        1.8858723505        1.0096150672       -0.0000328469
        2.1342057980        1.0069996314       -0.0000237746
        2.0138705160        1.0081854773       -0.0000285394
        1.8858723505        1.0096523428       -0.0000336474
        2.1342057980        1.0069859768       -0.0000239666
        2.0138705160        1.0081881262       -0.0000285481
        1.4349337000        1.0167409181       -0.0000657843
        1.2489494748        1.0206594503       -0.0000843360
        1.5994357307        1.0137855999       -0.0000519740
        1.8858723505        1.0096563233       -0.0000336609
        1.2489494748        1.0206604576       -0.0000843406
        1.0299101211        1.0259235703       -0.0001101729
        1.4349337000        1.0168270073       -0.0000648359
        2.1342057980        1.0070016356       -0.0000237798
        2.1342057980        1.0069872506       -0.0000239704
        1.5994357307        1.0137836166       -0.0000519661
        1.4349337000        1.0168226720       -0.0000648192
        1.7485292647        1.0114826776       -0.0000419236
        2.1342057980        1.0069989467       -0.0000237706
        2.1342057980        1.0070054240       -0.0000240721
        2.0138705160        1.0081849698       -0.0000281945
        2.0138705160        1.0081832581       -0.0000281901
        1.8858723505        1.0096191282       -0.0000328589
        2.1342057980        1.0070003272       -0.0000237764
        2.1342057980        1.0070011430       -0.0000237776
