#epsqw diagonal term
#1:q+G [au], 2:Re(eps-1), 3:Im(eps-1)
        1.8858723505        0.8864979621       -0.0276717148
        1.7485292647        0.8542927347       -0.0337944583
        2.0138705160        0.9057994891       -0.0284487456
        1.7485292647        0.8543142852       -0.0340182733
        1.5994357306        0.8101996996       -0.0349198654
        1.8858723505        0.8803542349       -0.0311451668
        2.0138705160        0.9056556243       -0.0286046093
        1.8858723505        0.8803346627       -0.0309709282
        2.1342057980        0.9233478077       -0.0245945447
        1.8858723505        0.8865061583       -0.0281448609
        1.7485292647        0.8543139529       -0.0337770221
        2.0138705160        0.9060957009       -0.0282292034
        1.8858723505        0.8863859039       -0.0283631523
        1.2489494748        0.6813045780       -0.0631015369
        1.0299101211        0.5298283837       -0.1014076837
        1.4349337000        0.7512270486       -0.0402244051
        2.1342057980        0.9214775244       -0.0268856798
        1.7485292647        0.8539684079       -0.0340055822
        1.0299101211        0.5298233104       -0.1005328322
        0.7493696849        0.3862935846       -0.1698883045
        1.2489494748        0.6666702220       -0.0596452740
        2.0138705160        0.9049309168       -0.0271519112
        2.0138705160        0.9059581100       -0.0283430801
        1.4349337000        0.7507745511       -0.0402681251
        1.2489494748        0.6664515905       -0.0598736056
        1.5994357307        0.8141620699       -0.0292891043
        2.1342057980        0.9216968374       -0.0268254803
        2.0138705160        0.9050038645       -0.0272246232
        1.7485292647        0.8543394913       -0.0341683239
        1.5994357306        0.8101427101       -0.0348975846
        1.8858723505        0.8802701644       -0.0314395837
        1.7485292647        0.8541213207       -0.0342268290
        1.0299101211        0.5302085112       -0.1005841219
        0.7493696849        0.3881745016       -0.1675164597
        1.2489494748        0.6664692305       -0.0597728671
        2.0138705160        0.9050782593       -0.0275048689
        1.5994357306        0.8102472712       -0.0349573244
        0.7493696849        0.3892548034       -0.1681003168
        0.2497898950        0.0842072466       -0.4568225299
        1.0299101211        0.5861962602       -0.0885848296
        1.8858723505        0.8839418455       -0.0258339202
        1.8858723505        0.8800809784       -0.0316048066
        1.2489494748        0.6663925238       -0.0595488890
        1.0299101211        0.5851496417       -0.0886664743
        1.4349337000        0.7575900383       -0.0418167489
        2.1342057980        0.9210111208       -0.0235705842
        2.0138705160        0.9051573429       -0.0276633644
        1.8858723505        0.8839683468       -0.0261755541
        2.1342057980        0.9209825346       -0.0236737445
        2.0138705160        0.9059480635       -0.0282865966
        1.8858723505        0.8804845727       -0.0308893819
        2.1342057980        0.9233893044       -0.0249713331
        2.0138705160        0.9058449589       -0.0282491097
        1.4349337000        0.7513758918       -0.0403064944
        1.2489494748        0.6666004873       -0.0600382919
        1.5994357307        0.8133891304       -0.0293282039
        1.8858723505        0.8803251488       -0.0312447786
        1.2489494748        0.6668386119       -0.0596385167
        1.0299101211        0.5854227215       -0.0891342598
        1.4349337000        0.7572883137       -0.0417747943
        2.1342057980        0.9207000941       -0.0234467932
        2.1342057980        0.9232951119       -0.0252602346
        1.5994357307        0.8133104922       -0.0291407717
        1.4349337000        0.7573413987       -0.0416916382
        1.7485292647        0.8570435922       -0.0274412041
        2.1342057980        0.9207170387       -0.0234493461
        2.1342057980        0.9213590204       -0.0270889369
        2.0138705160        0.9050019080       -0.0274629525
        2.0138705160        0.9048552982       -0.0275802124
        1.8858723505        0.8835322232       -0.0261621954
        2.1342057980        0.9207491374       -0.0235543348
        2.1342057980        0.9207416734       -0.0235234398
