#epsqw diagonal term
#1:q+G [au], 2:Re(eps-1), 3:Im(eps-1)
        1.8858723505        0.8729204260       -0.0018102890
        1.7485292647        0.8502237447       -0.0014435843
        2.0138705160        0.8915419709       -0.0015869579
        1.7485292647        0.8502262822       -0.0014530727
        1.5994357306        0.8199155152       -0.0010250054
        1.8858723505        0.8755749644       -0.0010730784
        2.0138705160        0.8915590653       -0.0015834734
        1.8858723505        0.8755933612       -0.0010620004
        2.1342057980        0.9059178638       -0.0015614847
        1.8858723505        0.8730911772       -0.0017554668
        1.7485292647        0.8502364545       -0.0014931594
        2.0138705160        0.8914610722       -0.0016693557
        1.8858723505        0.8730823835       -0.0017643042
        1.2489494748        0.6997537527       -0.0023205307
        1.0299101211        0.5934163593       -0.0022972171
        1.4349337000        0.7612156495       -0.0023558706
        2.1342057980        0.9053131074       -0.0015513120
        1.7485292647        0.8502157472       -0.0015141616
        1.0299101211        0.5934003086       -0.0023138114
        0.7493696849        0.4548811502       -0.0023650550
        1.2489494748        0.6947298150       -0.0020919824
        2.0138705160        0.8955272119       -0.0012444208
        2.0138705160        0.8914772373       -0.0016681184
        1.4349337000        0.7612275484       -0.0023326307
        1.2489494748        0.6947623137       -0.0020724280
        1.5994357307        0.8122253219       -0.0021514539
        2.1342057980        0.9053135110       -0.0015276177
        2.0138705160        0.8955343265       -0.0012276440
        1.7485292647        0.8503002333       -0.0015015739
        1.5994357306        0.8199465316       -0.0010224690
        1.8858723505        0.8756295697       -0.0010971409
        1.7485292647        0.8502777597       -0.0015079892
        1.0299101211        0.5935129668       -0.0023502400
        0.7493696849        0.4548965563       -0.0023648780
        1.2489494748        0.6947396550       -0.0020717972
        2.0138705160        0.8955251099       -0.0012274837
        1.5994357306        0.8198936682       -0.0010278327
        0.7493696849        0.4548713036       -0.0023703749
        0.2497898950        0.1938822813       -0.0034039287
        1.0299101211        0.6068489933       -0.0017908773
        1.8858723505        0.8822475778       -0.0006735787
        1.8858723505        0.8756387460       -0.0010933690
        1.2489494748        0.6947650042       -0.0020581692
        1.0299101211        0.6068979368       -0.0017883080
        1.4349337000        0.7676915835       -0.0014857889
        2.1342057980        0.9099341477       -0.0009244187
        2.0138705160        0.8955549859       -0.0012180847
        1.8858723505        0.8822965986       -0.0006705813
        2.1342057980        0.9099400746       -0.0009281679
        2.0138705160        0.8915523872       -0.0017080076
        1.8858723505        0.8756237703       -0.0010535321
        2.1342057980        0.9059505313       -0.0014733571
        2.0138705160        0.8915563202       -0.0017121569
        1.4349337000        0.7611399539       -0.0024461637
        1.2489494748        0.6947540906       -0.0020005953
        1.5994357307        0.8122389387       -0.0019901817
        1.8858723505        0.8756158451       -0.0010629581
        1.2489494748        0.6947512752       -0.0020015614
        1.0299101211        0.6068855924       -0.0017921496
        1.4349337000        0.7676399708       -0.0014709224
        2.1342057980        0.9099237971       -0.0009151297
        2.1342057980        0.9059707639       -0.0014705384
        1.5994357307        0.8122478372       -0.0019728443
        1.4349337000        0.7676567977       -0.0014636966
        1.7485292647        0.8479202363       -0.0015304653
        2.1342057980        0.9099215534       -0.0009082830
        2.1342057980        0.9052102310       -0.0016027260
        2.0138705160        0.8955011765       -0.0011681208
        2.0138705160        0.8955182727       -0.0011726871
        1.8858723505        0.8822612994       -0.0006770016
        2.1342057980        0.9098956255       -0.0009154314
        2.1342057980        0.9098893077       -0.0009058268
