#epsqw diagonal term
#1:q+G [au], 2:Re(eps-1), 3:Im(eps-1)
        1.8858723505        0.8670365021       -0.0117828040
        1.7485292647        0.8430444886       -0.0147552385
        2.0138705160        0.8863349528       -0.0124948431
        1.7485292647        0.8430628334       -0.0147127672
        1.5994357306        0.8093387994       -0.0170934628
        1.8858723505        0.8682775795       -0.0127627303
        2.0138705160        0.8863325461       -0.0125831632
        1.8858723505        0.8683061421       -0.0127811347
        2.1342057980        0.9008097956       -0.0130354278
        1.8858723505        0.8669441174       -0.0116233307
        1.7485292647        0.8429891192       -0.0146437214
        2.0138705160        0.8864839198       -0.0127248567
        1.8858723505        0.8668459121       -0.0117145578
        1.2489494748        0.6861064499       -0.0142335577
        1.0299101211        0.5727666076       -0.0265937393
        1.4349337000        0.7511516479       -0.0165696017
        2.1342057980        0.8993283544       -0.0117158496
        1.7485292647        0.8428883689       -0.0147265956
        1.0299101211        0.5727096224       -0.0265725448
        0.7493696849        0.4148584776       -0.0394211813
        1.2489494748        0.6786680266       -0.0210306983
        2.0138705160        0.8898535111       -0.0136254725
        2.0138705160        0.8863618807       -0.0129237881
        1.4349337000        0.7511547474       -0.0166428664
        1.2489494748        0.6788000285       -0.0210022510
        1.5994357307        0.8032868488       -0.0164620075
        2.1342057980        0.8993809347       -0.0116461586
        2.0138705160        0.8899419992       -0.0135241553
        1.7485292647        0.8432166926       -0.0150560897
        1.5994357306        0.8100490572       -0.0170009718
        1.8858723505        0.8684160631       -0.0132064472
        1.7485292647        0.8431291639       -0.0151448808
        1.0299101211        0.5726698870       -0.0279720954
        0.7493696849        0.4157834617       -0.0388021873
        1.2489494748        0.6787505324       -0.0215986033
        2.0138705160        0.8896939799       -0.0137679067
        1.5994357306        0.8099848147       -0.0170637245
        0.7493696849        0.4157409254       -0.0389153244
        0.2497898950        0.0959585497       -0.0578795695
        1.0299101211        0.5768402544       -0.0272776911
        1.8858723505        0.8742247678       -0.0110131579
        1.8858723505        0.8683005262       -0.0133769179
        1.2489494748        0.6787380302       -0.0217027215
        1.0299101211        0.5768031337       -0.0272924381
        1.4349337000        0.7546963795       -0.0162567124
        2.1342057980        0.9036991466       -0.0124673575
        2.0138705160        0.8897525270       -0.0137656074
        1.8858723505        0.8742761754       -0.0110013318
        2.1342057980        0.9037827667       -0.0123207832
        2.0138705160        0.8864309490       -0.0128101272
        1.8858723505        0.8684793084       -0.0126172181
        2.1342057980        0.9010340136       -0.0131585093
        2.0138705160        0.8863146329       -0.0129458363
        1.4349337000        0.7513433077       -0.0171309918
        1.2489494748        0.6786730090       -0.0205448675
        1.5994357307        0.8032976003       -0.0161766649
        1.8858723505        0.8683286095       -0.0127996789
        1.2489494748        0.6785566481       -0.0207319657
        1.0299101211        0.5756146488       -0.0264377309
        1.4349337000        0.7543887549       -0.0156548587
        2.1342057980        0.9037400603       -0.0123428905
        2.1342057980        0.9009756236       -0.0132935162
        1.5994357307        0.8033854573       -0.0161428856
        1.4349337000        0.7545924934       -0.0154248731
        1.7485292647        0.8383003520       -0.0168437964
        2.1342057980        0.9038919086       -0.0121019400
        2.1342057980        0.8994295022       -0.0118901417
        2.0138705160        0.8898953316       -0.0135957749
        2.0138705160        0.8898452642       -0.0137058880
        1.8858723505        0.8742162780       -0.0112382977
        2.1342057980        0.9039616200       -0.0122716313
        2.1342057980        0.9040241830       -0.0122246436
