#epsqw diagonal term
#1:q+G [au], 2:Re(eps-1), 3:Im(eps-1)
        1.8858723505        0.8760249985       -0.0006478182
        1.7485292647        0.8530738284       -0.0006740720
        2.0138705160        0.8945148039       -0.0005851824
        1.7485292647        0.8530755703       -0.0006740551
        1.5994357306        0.8223599356       -0.0007303480
        1.8858723505        0.8779278131       -0.0005884582
        2.0138705160        0.8945321380       -0.0005849233
        1.8858723505        0.8779464159       -0.0005882364
        2.1342057980        0.9087949895       -0.0005485191
        1.8858723505        0.8761540061       -0.0006443148
        1.7485292647        0.8530859273       -0.0006750423
        2.0138705160        0.8944630475       -0.0005881774
        1.8858723505        0.8761251422       -0.0006441678
        1.2489494748        0.7040871830       -0.0011262575
        1.0299101211        0.5990199927       -0.0014127043
        1.4349337000        0.7654681874       -0.0009840400
        2.1342057980        0.9080634464       -0.0005489931
        1.7485292647        0.8530402246       -0.0006748740
        1.0299101211        0.5989885497       -0.0014129245
        0.7493696849        0.4625138780       -0.0018235389
        1.2489494748        0.6991202863       -0.0011424623
        2.0138705160        0.8979115282       -0.0005351611
        2.0138705160        0.8944585239       -0.0005876014
        1.4349337000        0.7654947114       -0.0009837081
        1.2489494748        0.6991755415       -0.0011424128
        1.5994357307        0.8159717051       -0.0008360585
        2.1342057980        0.9080893347       -0.0005487618
        2.0138705160        0.8979386027       -0.0005351613
        1.7485292647        0.8531048399       -0.0006738545
        1.5994357306        0.8224032971       -0.0007307634
        1.8858723505        0.8779770792       -0.0005884474
        1.7485292647        0.8530635140       -0.0006737665
        1.0299101211        0.5990332300       -0.0014121651
        0.7493696849        0.4625448182       -0.0018241665
        1.2489494748        0.6991232892       -0.0011424331
        2.0138705160        0.8979018487       -0.0005351193
        1.5994357306        0.8223475019       -0.0007308807
        0.7493696849        0.4625200043       -0.0018242624
        0.2497898950        0.2085842077       -0.0024495089
        1.0299101211        0.6119664718       -0.0014211762
        1.8858723505        0.8838744007       -0.0005092072
        1.8858723505        0.8779595655       -0.0005879370
        1.2489494748        0.6991486642       -0.0011420765
        1.0299101211        0.6120137533       -0.0014212434
        1.4349337000        0.7709731003       -0.0009090467
        2.1342057980        0.9119643506       -0.0004812638
        2.0138705160        0.8979427710       -0.0005349816
        1.8858723505        0.8839230185       -0.0005090449
        2.1342057980        0.9119850539       -0.0004815856
        2.0138705160        0.8945132061       -0.0005869512
        1.8858723505        0.8779781084       -0.0005877414
        2.1342057980        0.9088394877       -0.0005467101
        2.0138705160        0.8944916563       -0.0005866067
        1.4349337000        0.7654172201       -0.0009867203
        1.2489494748        0.6991847199       -0.0011412067
        1.5994357307        0.8159945008       -0.0008330459
        1.8858723505        0.8779407846       -0.0005873368
        1.2489494748        0.6991631635       -0.0011407822
        1.0299101211        0.6119817702       -0.0014202163
        1.4349337000        0.7709318322       -0.0009090583
        2.1342057980        0.9119607765       -0.0004814649
        2.1342057980        0.9088370444       -0.0005463022
        1.5994357307        0.8160222772       -0.0008329448
        1.4349337000        0.7709814650       -0.0009096564
        1.7485292647        0.8511996379       -0.0007361411
        2.1342057980        0.9119849895       -0.0004818696
        2.1342057980        0.9080184391       -0.0005514028
        2.0138705160        0.8979203196       -0.0005344471
        2.0138705160        0.8979326527       -0.0005342735
        1.8858723505        0.8838897123       -0.0005092311
        2.1342057980        0.9119545789       -0.0004821450
        2.1342057980        0.9119576422       -0.0004821728
