#epsqw diagonal term
#1:q+G [au], 2:Re(eps-1), 3:Im(eps-1)
        1.8858723505        0.8946107429       -0.1202162901
        1.7485292647        0.8795351100       -0.1583508034
        2.0138705160        0.9195914802       -0.0899954405
        1.7485292647        0.8793389257       -0.1588974040
        1.5994357306        0.9090087939       -0.2191160988
        1.8858723505        0.9082973609       -0.1217854488
        2.0138705160        0.9195611748       -0.0902331450
        1.8858723505        0.9084908478       -0.1218079034
        2.1342057980        0.9358049478       -0.0693539134
        1.8858723505        0.8967740529       -0.1202108641
        1.7485292647        0.8792462955       -0.1584263640
        2.0138705160        0.9193262095       -0.0903687178
        1.8858723505        0.8963520560       -0.1203575386
        1.2489494748        0.7012763248       -0.2633007354
        1.0299101211        0.5963533514       -0.5226490392
        1.4349337000        0.8656878860       -0.2786157324
        2.1342057980        0.9313194500       -0.0795758862
        1.7485292647        0.8787947320       -0.1591119317
        1.0299101211        0.5977476154       -0.5227684472
        0.7493696849        0.3728385207       -0.6985557113
        1.2489494748        0.7324426391       -0.4136444188
        2.0138705160        0.9286513172       -0.0927725552
        2.0138705160        0.9190265421       -0.0908970416
        1.4349337000        0.8659412540       -0.2799380273
        1.2489494748        0.7340196380       -0.4147589844
        1.5994357307        0.8750128147       -0.2024285542
        2.1342057980        0.9315869539       -0.0793179030
        2.0138705160        0.9289981685       -0.0927750443
        1.7485292647        0.8803323098       -0.1579219385
        1.5994357306        0.9090364510       -0.2182113749
        1.8858723505        0.9066128439       -0.1231480554
        1.7485292647        0.8796781182       -0.1581186549
        1.0299101211        0.5936806094       -0.5257087272
        0.7493696849        0.3728167865       -0.7088925441
        1.2489494748        0.7337909428       -0.4159183304
        2.0138705160        0.9276287664       -0.0925234377
        1.5994357306        0.9086049374       -0.2181100470
        0.7493696849        0.3688218205       -0.7080691212
        0.2497898950       -0.1037926427       -0.6888399239
        1.0299101211        0.5602193127       -0.5379594698
        1.8858723505        0.9265366289       -0.1181551561
        1.8858723505        0.9062241145       -0.1228413241
        1.2489494748        0.7344013730       -0.4137090934
        1.0299101211        0.5592855292       -0.5372905865
        1.4349337000        0.7759985147       -0.2850878415
        2.1342057980        0.9448130287       -0.0791969747
        2.0138705160        0.9278240959       -0.0924007959
        1.8858723505        0.9263432839       -0.1180008269
        2.1342057980        0.9447114326       -0.0791020910
        2.0138705160        0.9204851749       -0.0902489076
        1.8858723505        0.9069313689       -0.1215378025
        2.1342057980        0.9352489856       -0.0692125395
        2.0138705160        0.9201392255       -0.0904268887
        1.4349337000        0.8660998634       -0.2789635837
        1.2489494748        0.7322358602       -0.4149992454
        1.5994357307        0.8756388398       -0.2003435019
        1.8858723505        0.9064502468       -0.1211276568
        1.2489494748        0.7321779780       -0.4124699557
        1.0299101211        0.5631408540       -0.5404064949
        1.4349337000        0.7776397563       -0.2827392528
        2.1342057980        0.9438256920       -0.0787063488
        2.1342057980        0.9351091438       -0.0690985062
        1.5994357307        0.8748974161       -0.2008091649
        1.4349337000        0.7770391302       -0.2844040337
        1.7485292647        0.8700428031       -0.1151214466
        2.1342057980        0.9435875600       -0.0784043044
        2.1342057980        0.9309865895       -0.0794974585
        2.0138705160        0.9277162467       -0.0925836774
        2.0138705160        0.9275131180       -0.0925024186
        1.8858723505        0.9267043987       -0.1190078915
        2.1342057980        0.9434777092       -0.0786386891
        2.1342057980        0.9435201718       -0.0784771150
