#epsqw diagonal term
#1:q+G [au], 2:Re(eps-1), 3:Im(eps-1)
        1.8858723505        0.8760008294       -0.0006496423
        1.7485292647        0.8530516833       -0.0006755669
        2.0138705160        0.8944926182       -0.0005868559
        1.7485292647        0.8530534174       -0.0006755527
        1.5994357306        0.8223389802       -0.0007315127
        1.8858723505        0.8779087181       -0.0005896793
        2.0138705160        0.8945099810       -0.0005865924
        1.8858723505        0.8779273480       -0.0005894526
        2.1342057980        0.9087730025       -0.0005502276
        1.8858723505        0.8761301949       -0.0006460942
        1.7485292647        0.8530636372       -0.0006765627
        2.0138705160        0.8944405011       -0.0005899052
        1.8858723505        0.8761013529       -0.0006459458
        1.2489494748        0.7040507130       -0.0011284161
        1.0299101211        0.5989732164       -0.0014151898
        1.4349337000        0.7654348155       -0.0009862982
        2.1342057980        0.9080421085       -0.0005506052
        1.7485292647        0.8530179559       -0.0006763944
        1.0299101211        0.5989417613       -0.0014154121
        0.7493696849        0.4624465742       -0.0018266724
        1.2489494748        0.6990838495       -0.0011445747
        2.0138705160        0.8978925483       -0.0005365055
        2.0138705160        0.8944360605       -0.0005893170
        1.4349337000        0.7654613933       -0.0009859549
        1.2489494748        0.6991390994       -0.0011445241
        1.5994357307        0.8159422778       -0.0008381609
        2.1342057980        0.9080680271       -0.0005503662
        2.0138705160        0.8979196192       -0.0005365043
        1.7485292647        0.8530826771       -0.0006753610
        1.5994357306        0.8223822699       -0.0007319361
        1.8858723505        0.8779579501       -0.0005896778
        1.7485292647        0.8530413773       -0.0006752697
        1.0299101211        0.5989865159       -0.0014146473
        0.7493696849        0.4624774066       -0.0018273132
        1.2489494748        0.6990868914       -0.0011445370
        2.0138705160        0.8978829085       -0.0005364547
        1.5994357306        0.8223264635       -0.0007320566
        0.7493696849        0.4624525632       -0.0018274147
        0.2497898950        0.2084536681       -0.0024555077
        1.0299101211        0.6119210752       -0.0014232926
        1.8858723505        0.8838602848       -0.0005099694
        1.8858723505        0.8779405131       -0.0005891566
        1.2489494748        0.6991123129       -0.0011441728
        1.0299101211        0.6119683618       -0.0014233573
        1.4349337000        0.7709453166       -0.0009106229
        2.1342057980        0.9119476447       -0.0004823720
        2.0138705160        0.8979238372       -0.0005363155
        1.8858723505        0.8839089131       -0.0005098052
        2.1342057980        0.9119682968       -0.0004827015
        2.0138705160        0.8944907350       -0.0005886767
        1.8858723505        0.8779590840       -0.0005889527
        2.1342057980        0.9088177478       -0.0005483768
        2.0138705160        0.8944692443       -0.0005883240
        1.4349337000        0.7653835018       -0.0009890286
        1.2489494748        0.6991484548       -0.0011432868
        1.5994357307        0.8159655123       -0.0008350720
        1.8858723505        0.8779218233       -0.0005885409
        1.2489494748        0.6991269683       -0.0011428528
        1.0299101211        0.6119364944       -0.0014223208
        1.4349337000        0.7709040636       -0.0009106282
        2.1342057980        0.9119440719       -0.0004825702
        2.1342057980        0.9088153606       -0.0005479619
        1.5994357307        0.8159932925       -0.0008349695
        1.4349337000        0.7709536034       -0.0009112382
        1.7485292647        0.8511732195       -0.0007379593
        2.1342057980        0.9119682196       -0.0004829832
        2.1342057980        0.9079968024       -0.0005530557
        2.0138705160        0.8979014677       -0.0005357639
        2.0138705160        0.8979138188       -0.0005355885
        1.8858723505        0.8838755830       -0.0005099955
        2.1342057980        0.9119377921       -0.0004832605
        2.1342057980        0.9119408486       -0.0004832882
