#epsqw diagonal term
#1:q+G [au], 2:Re(eps-1), 3:Im(eps-1)
        1.8858723505        1.0486489081       -0.0359893026
        1.7485292647        1.0656820822       -0.0349524803
        2.0138705160        1.0326768061       -0.0327290789
        1.7485292647        1.0659567104       -0.0349862731
        1.5994357306        1.0908518790       -0.0371607632
        1.8858723505        1.0479589549       -0.0338141831
        2.0138705160        1.0325427473       -0.0326930513
        1.8858723505        1.0475210427       -0.0339079481
        2.1342057980        1.0225500173       -0.0286678795
        1.8858723505        1.0485795711       -0.0367669620
        1.7485292647        1.0653962373       -0.0354097951
        2.0138705160        1.0326044784       -0.0324640176
        1.8858723505        1.0485249586       -0.0369660489
        1.2489494748        1.1293944359       -0.0391568458
        1.0299101211        1.1711978245       -0.0327297555
        1.4349337000        1.0992665225       -0.0416030697
        2.1342057980        1.0271451917       -0.0287166223
        1.7485292647        1.0653355987       -0.0355766767
        1.0299101211        1.1713084837       -0.0325511305
        0.7493696849        1.2243991538       -0.0217222434
        1.2489494748        1.1320928032       -0.0349066799
        2.0138705160        1.0403738230       -0.0328742218
        2.0138705160        1.0325047386       -0.0324692152
        1.4349337000        1.0991736153       -0.0414278749
        1.2489494748        1.1319768436       -0.0350550655
        1.5994357307        1.0732811323       -0.0424566124
        2.1342057980        1.0272634189       -0.0284940908
        2.0138705160        1.0405573426       -0.0327010411
        1.7485292647        1.0656999173       -0.0354266874
        1.5994357306        1.0903369402       -0.0379914792
        1.8858723505        1.0477707553       -0.0338918271
        1.7485292647        1.0653512646       -0.0355140436
        1.0299101211        1.1713146425       -0.0327467027
        0.7493696849        1.2240669210       -0.0223460549
        1.2489494748        1.1319319173       -0.0349660481
        2.0138705160        1.0404239710       -0.0324298546
        1.5994357306        1.0898050783       -0.0381245767
        0.7493696849        1.2239247449       -0.0221924644
        0.2497898950        1.2560730133       -0.0109601509
        1.0299101211        1.1810076947       -0.0339399630
        1.8858723505        1.0573355332       -0.0349949783
        1.8858723505        1.0475695910       -0.0340208074
        1.2489494748        1.1320012196       -0.0350240332
        1.0299101211        1.1812637413       -0.0340661250
        1.4349337000        1.1022703564       -0.0370194161
        2.1342057980        1.0259242555       -0.0299950186
        2.0138705160        1.0407378400       -0.0321250859
        1.8858723505        1.0578091605       -0.0346146515
        2.1342057980        1.0261367064       -0.0297701746
        2.0138705160        1.0321997367       -0.0323824081
        1.8858723505        1.0475194239       -0.0344245785
        2.1342057980        1.0229535087       -0.0291057386
        2.0138705160        1.0322514647       -0.0324196343
        1.4349337000        1.0991462785       -0.0407696683
        1.2489494748        1.1322437430       -0.0348121166
        1.5994357307        1.0735654116       -0.0428912197
        1.8858723505        1.0477139809       -0.0344809210
        1.2489494748        1.1324525925       -0.0347004011
        1.0299101211        1.1818802860       -0.0330699250
        1.4349337000        1.1023003723       -0.0370275863
        2.1342057980        1.0258365610       -0.0300826252
        2.1342057980        1.0230048360       -0.0293241203
        1.5994357307        1.0734934122       -0.0430495798
        1.4349337000        1.1019432420       -0.0371536584
        1.7485292647        1.0515712491       -0.0424700139
        2.1342057980        1.0257238692       -0.0298799705
        2.1342057980        1.0270997972       -0.0280547528
        2.0138705160        1.0408470037       -0.0324433387
        2.0138705160        1.0410134514       -0.0323000135
        1.8858723505        1.0581190070       -0.0340462784
        2.1342057980        1.0261863591       -0.0295147016
        2.1342057980        1.0258477717       -0.0295620366
