#epsqw diagonal term
#1:q+G [au], 2:Re(eps-1), 3:Im(eps-1)
        1.8858723505        0.8513870183       -0.1285188537
        1.7485292647        0.8029631203       -0.1586441696
        2.0138705160        0.8775382382       -0.1133327477
        1.7485292647        0.8037564638       -0.1594291816
        1.5994357306        0.7419221868       -0.1798293799
        1.8858723505        0.8464147942       -0.1342646595
        2.0138705160        0.8774001708       -0.1143055379
        1.8858723505        0.8471767618       -0.1338639206
        2.1342057980        0.8962698497       -0.0998027849
        1.8858723505        0.8512575472       -0.1292917335
        1.7485292647        0.8029805895       -0.1577305491
        2.0138705160        0.8780143598       -0.1138595038
        1.8858723505        0.8502175774       -0.1290246300
        1.2489494748        0.6448643256       -0.2456788873
        1.0299101211        0.5086841110       -0.3670030373
        1.4349337000        0.6951156872       -0.2473795119
        2.1342057980        0.8970083115       -0.0937829194
        1.7485292647        0.8031810278       -0.1572201076
        1.0299101211        0.5071852304       -0.3694853568
        0.7493696849        0.4165717941       -0.3646705765
        1.2489494748        0.5850223638       -0.2763517079
        2.0138705160        0.8763193846       -0.1201117952
        2.0138705160        0.8792148598       -0.1144281894
        1.4349337000        0.6959001041       -0.2501219469
        1.2489494748        0.5832085951       -0.2802544500
        1.5994357307        0.7551544370       -0.2084868755
        2.1342057980        0.8968031845       -0.0953753246
        2.0138705160        0.8766655321       -0.1220362797
        1.7485292647        0.8025151029       -0.1596893854
        1.5994357306        0.7421818382       -0.1785237948
        1.8858723505        0.8469977209       -0.1349173822
        1.7485292647        0.8028430382       -0.1581462571
        1.0299101211        0.5056315626       -0.3678624678
        0.7493696849        0.4182635143       -0.3629277345
        1.2489494748        0.5858500481       -0.2793742278
        2.0138705160        0.8764181825       -0.1200176575
        1.5994357306        0.7425158892       -0.1762224421
        0.7493696849        0.4155036314       -0.3621091364
        0.2497898950        0.4945263025       -0.6314174320
        1.0299101211        0.5074808126       -0.2731789684
        1.8858723505        0.8416795564       -0.1301697461
        1.8858723505        0.8473488114       -0.1334600153
        1.2489494748        0.5847782559       -0.2807822957
        1.0299101211        0.5075194327       -0.2723641445
        1.4349337000        0.6827166890       -0.2214092153
        2.1342057980        0.8935734469       -0.1084561709
        2.0138705160        0.8764116402       -0.1214012173
        1.8858723505        0.8428388806       -0.1332736356
        2.1342057980        0.8944401126       -0.1092537337
        2.0138705160        0.8778488008       -0.1150657837
        1.8858723505        0.8472435405       -0.1340293761
        2.1342057980        0.8971990564       -0.1006400628
        2.0138705160        0.8791061026       -0.1144726363
        1.4349337000        0.6958713448       -0.2509633325
        1.2489494748        0.5842288043       -0.2810131385
        1.5994357307        0.7573376221       -0.2076302951
        1.8858723505        0.8467226842       -0.1331024924
        1.2489494748        0.5840066710       -0.2784166565
        1.0299101211        0.5063322696       -0.2734249079
        1.4349337000        0.6837017338       -0.2214674784
        2.1342057980        0.8940258588       -0.1078506781
        2.1342057980        0.8968105067       -0.1004858272
        1.5994357307        0.7573610426       -0.2056000758
        1.4349337000        0.6841606758       -0.2224104373
        1.7485292647        0.8042480829       -0.1753603666
        2.1342057980        0.8953906979       -0.1089384001
        2.1342057980        0.8971398738       -0.0949683481
        2.0138705160        0.8777382189       -0.1217813568
        2.0138705160        0.8776854010       -0.1213963281
        1.8858723505        0.8443621440       -0.1338808645
        2.1342057980        0.8948364474       -0.1090784542
        2.1342057980        0.8946599926       -0.1094213707
