#epsqw diagonal term
#1:q+G [au], 2:Re(eps-1), 3:Im(eps-1)
        1.8858723505        1.0948840134       -0.0474352031
        1.7485292647        1.1150139257       -0.0491282929
        2.0138705160        1.0750844041       -0.0422597471
        1.7485292647        1.1151813206       -0.0491430286
        1.5994357306        1.1399631809       -0.0488011072
        1.8858723505        1.0957117196       -0.0481326128
        2.0138705160        1.0750298854       -0.0421380139
        1.8858723505        1.0956221187       -0.0479577204
        2.1342057980        1.0604129149       -0.0331789428
        1.8858723505        1.0950737566       -0.0483175147
        1.7485292647        1.1149048124       -0.0504167397
        2.0138705160        1.0749571306       -0.0429894619
        1.8858723505        1.0951042363       -0.0483653962
        1.2489494748        1.2119277091       -0.0564221829
        1.0299101211        1.2725416621       -0.0616904765
        1.4349337000        1.1736639314       -0.0593600087
        2.1342057980        1.0607212526       -0.0368503830
        1.7485292647        1.1150044094       -0.0504527385
        1.0299101211        1.2725443372       -0.0619929460
        0.7493696849        1.3437083116       -0.0534759367
        1.2489494748        1.2150071113       -0.0588970025
        2.0138705160        1.0759139725       -0.0418648606
        2.0138705160        1.0748733127       -0.0429910786
        1.4349337000        1.1734755403       -0.0591587351
        1.2489494748        1.2148315848       -0.0583471378
        1.5994357307        1.1418887394       -0.0581132517
        2.1342057980        1.0607005002       -0.0367557086
        2.0138705160        1.0758513723       -0.0418059792
        1.7485292647        1.1155695866       -0.0490649743
        1.5994357306        1.1393677124       -0.0505013110
        1.8858723505        1.0950787222       -0.0505291137
        1.7485292647        1.1156461872       -0.0490886985
        1.0299101211        1.2740890586       -0.0613608510
        0.7493696849        1.3432249084       -0.0537227295
        1.2489494748        1.2142241475       -0.0595327685
        2.0138705160        1.0756387351       -0.0425167069
        1.5994357306        1.1395419285       -0.0506163995
        0.7493696849        1.3435879900       -0.0542972376
        0.2497898950        1.3877720090       -0.0453659093
        1.0299101211        1.2842016818       -0.0632212940
        1.8858723505        1.0935468182       -0.0423536828
        1.8858723505        1.0951295077       -0.0505266009
        1.2489494748        1.2142116820       -0.0593733366
        1.0299101211        1.2838461970       -0.0627356415
        1.4349337000        1.1790067530       -0.0570304923
        2.1342057980        1.0624187229       -0.0395595699
        2.0138705160        1.0754826354       -0.0425285054
        1.8858723505        1.0934030511       -0.0424275790
        2.1342057980        1.0623169634       -0.0395686359
        2.0138705160        1.0754106527       -0.0409276994
        1.8858723505        1.0954609591       -0.0496388203
        2.1342057980        1.0601670337       -0.0355213875
        2.0138705160        1.0753879654       -0.0410270471
        1.4349337000        1.1744949938       -0.0569536660
        1.2489494748        1.2145242035       -0.0583708673
        1.5994357307        1.1406180315       -0.0602907922
        1.8858723505        1.0954904537       -0.0497935871
        1.2489494748        1.2147605573       -0.0587645139
        1.0299101211        1.2839995704       -0.0620984453
        1.4349337000        1.1778187395       -0.0578028586
        2.1342057980        1.0617562690       -0.0403998229
        2.1342057980        1.0601899240       -0.0355503903
        1.5994357307        1.1407282750       -0.0603044536
        1.4349337000        1.1777177302       -0.0576119067
        1.7485292647        1.1103550887       -0.0552889254
        2.1342057980        1.0616949939       -0.0404746608
        2.1342057980        1.0611020978       -0.0345627384
        2.0138705160        1.0762988068       -0.0408071135
        2.0138705160        1.0762834192       -0.0409129107
        1.8858723505        1.0940500214       -0.0408605914
        2.1342057980        1.0620019268       -0.0393760720
        2.1342057980        1.0619278757       -0.0394243252
