#epsqw diagonal term
#1:q+G [au], 2:Re(eps-1), 3:Im(eps-1)
        1.8858723505        1.0813468745       -0.0591103120
        1.7485292647        1.1019928501       -0.0692304581
        2.0138705160        1.0606860783       -0.0445949744
        1.7485292647        1.1020546998       -0.0689237206
        1.5994357306        1.1360282536       -0.0798516407
        1.8858723505        1.0765412814       -0.0604587504
        2.0138705160        1.0607283268       -0.0443835214
        1.8858723505        1.0768220764       -0.0602381219
        2.1342057980        1.0484132772       -0.0336133474
        1.8858723505        1.0816570348       -0.0589526607
        1.7485292647        1.1027875088       -0.0692338838
        2.0138705160        1.0610179819       -0.0447182411
        1.8858723505        1.0812263773       -0.0590459165
        1.2489494748        1.2266185888       -0.1023720765
        1.0299101211        1.2998023742       -0.1393928453
        1.4349337000        1.1765363349       -0.0930416439
        2.1342057980        1.0463331866       -0.0380781809
        1.7485292647        1.1021694567       -0.0691731213
        1.0299101211        1.2994915323       -0.1387813346
        0.7493696849        1.4028643934       -0.1618710233
        1.2489494748        1.2205896083       -0.1066135587
        2.0138705160        1.0600266565       -0.0496652443
        2.0138705160        1.0608013440       -0.0446436788
        1.4349337000        1.1769219631       -0.0922477157
        1.2489494748        1.2216815151       -0.1057741912
        1.5994357307        1.1330180700       -0.0757493944
        2.1342057980        1.0466055466       -0.0378846172
        2.0138705160        1.0605902172       -0.0494349887
        1.7485292647        1.1027361832       -0.0682507074
        1.5994357306        1.1369118028       -0.0800355012
        1.8858723505        1.0772185153       -0.0611780182
        1.7485292647        1.1022056919       -0.0684703467
        1.0299101211        1.2971716933       -0.1382366590
        0.7493696849        1.4054914412       -0.1624611106
        1.2489494748        1.2233902609       -0.1070278350
        2.0138705160        1.0600056109       -0.0502445395
        1.5994357306        1.1360506441       -0.0803149609
        0.7493696849        1.4046637452       -0.1629101964
        0.2497898950        1.4609467651       -0.1832600945
        1.0299101211        1.3144677628       -0.1514113254
        1.8858723505        1.0809074645       -0.0603173077
        1.8858723505        1.0768749617       -0.0613483828
        1.2489494748        1.2236141874       -0.1071704830
        1.0299101211        1.3151611624       -0.1515202886
        1.4349337000        1.1720097821       -0.0979731764
        2.1342057980        1.0451771100       -0.0428465541
        2.0138705160        1.0603962510       -0.0500925404
        1.8858723505        1.0814901367       -0.0601988076
        2.1342057980        1.0454292944       -0.0427418901
        2.0138705160        1.0611194450       -0.0436085315
        1.8858723505        1.0771858181       -0.0604900490
        2.1342057980        1.0483443191       -0.0343459434
        2.0138705160        1.0608522373       -0.0437488842
        1.4349337000        1.1751928271       -0.0909892958
        1.2489494748        1.2217658645       -0.1060364456
        1.5994357307        1.1338726020       -0.0769902754
        1.8858723505        1.0764822066       -0.0609113830
        1.2489494748        1.2210020733       -0.1069550131
        1.0299101211        1.3148832772       -0.1513894561
        1.4349337000        1.1725808656       -0.0985917035
        2.1342057980        1.0446998700       -0.0433895861
        2.1342057980        1.0482188172       -0.0345038029
        1.5994357307        1.1339310707       -0.0774637911
        1.4349337000        1.1727674749       -0.0987553116
        1.7485292647        1.1009268897       -0.0571620777
        2.1342057980        1.0449056066       -0.0434776416
        2.1342057980        1.0465532138       -0.0373633153
        2.0138705160        1.0599913349       -0.0496743639
        2.0138705160        1.0599246064       -0.0497594291
        1.8858723505        1.0808095175       -0.0604168390
        2.1342057980        1.0446870723       -0.0433388337
        2.1342057980        1.0445733180       -0.0435323765
