#epsqw diagonal term
#1:q+G [au], 2:Re(eps-1), 3:Im(eps-1)
        1.8858723505        1.0017834189       -0.0000055328
        1.7485292647        1.0021285234       -0.0000066757
        2.0138705160        1.0015010554       -0.0000045440
        1.7485292647        1.0021280868       -0.0000066766
        1.5994357306        1.0025755111       -0.0000080540
        1.8858723505        1.0017813197       -0.0000054109
        2.0138705160        1.0015006152       -0.0000045433
        1.8858723505        1.0017814132       -0.0000054096
        2.1342057980        1.0012751114       -0.0000037786
        1.8858723505        1.0017805151       -0.0000055283
        1.7485292647        1.0021272295       -0.0000066708
        2.0138705160        1.0014999850       -0.0000045423
        1.8858723505        1.0017809077       -0.0000055305
        1.2489494748        1.0039141683       -0.0000147521
        1.0299101211        1.0049218770       -0.0000201188
        1.4349337000        1.0031468931       -0.0000111049
        2.1342057980        1.0012793035       -0.0000038015
        1.7485292647        1.0021282780       -0.0000066734
        1.0299101211        1.0049238009       -0.0000201212
        0.7493696849        1.0061915470       -0.0000282846
        1.2489494748        1.0039159715       -0.0000145031
        2.0138705160        1.0015000632       -0.0000044784
        2.0138705160        1.0014999574       -0.0000045433
        1.4349337000        1.0031483708       -0.0000111038
        1.2489494748        1.0039176378       -0.0000145010
        1.5994357307        1.0025686884       -0.0000086072
        2.1342057980        1.0012789698       -0.0000038001
        2.0138705160        1.0015000990       -0.0000044769
        1.7485292647        1.0021263887       -0.0000066713
        1.5994357306        1.0025754305       -0.0000080443
        1.8858723505        1.0017782084       -0.0000054055
        1.7485292647        1.0021276332       -0.0000066730
        1.0299101211        1.0049194640       -0.0000200954
        0.7493696849        1.0061814736       -0.0000282409
        1.2489494748        1.0039164977       -0.0000144955
        2.0138705160        1.0015000317       -0.0000044782
        1.5994357306        1.0025748705       -0.0000080465
        0.7493696849        1.0061746673       -0.0000282440
        0.2497898950        1.0073002191       -0.0000470800
        1.0299101211        1.0049344392       -0.0000190929
        1.8858723505        1.0017756590       -0.0000052676
        1.8858723505        1.0017788175       -0.0000054064
        1.2489494748        1.0039172451       -0.0000144936
        1.0299101211        1.0049365334       -0.0000190885
        1.4349337000        1.0031612362       -0.0000109047
        2.1342057980        1.0012754316       -0.0000037312
        2.0138705160        1.0014997561       -0.0000044764
        1.8858723505        1.0017754509       -0.0000052655
        2.1342057980        1.0012748627       -0.0000037299
        2.0138705160        1.0015003910       -0.0000045418
        1.8858723505        1.0017794929       -0.0000054057
        2.1342057980        1.0012743684       -0.0000037783
        2.0138705160        1.0015006004       -0.0000045434
        1.4349337000        1.0031495174       -0.0000111024
        1.2489494748        1.0039167542       -0.0000145008
        1.5994357307        1.0025699761       -0.0000086100
        1.8858723505        1.0017800928       -0.0000054080
        1.2489494748        1.0039148729       -0.0000145006
        1.0299101211        1.0049347894       -0.0000191051
        1.4349337000        1.0031652606       -0.0000109144
        2.1342057980        1.0012751298       -0.0000037304
        2.1342057980        1.0012746835       -0.0000037789
        1.5994357307        1.0025693719       -0.0000086076
        1.4349337000        1.0031640355       -0.0000109103
        1.7485292647        1.0021221651       -0.0000068262
        2.1342057980        1.0012746329       -0.0000037287
        2.1342057980        1.0012803732       -0.0000038011
        2.0138705160        1.0015018412       -0.0000044796
        2.0138705160        1.0015016192       -0.0000044797
        1.8858723505        1.0017782606       -0.0000052709
        2.1342057980        1.0012763547       -0.0000037315
        2.1342057980        1.0012764458       -0.0000037310
