#epsqw diagonal term
#1:q+G [au], 2:Re(eps-1), 3:Im(eps-1)
        1.8858723505        0.8758483971       -0.0006615250
        1.7485292647        0.8529124397       -0.0006852293
        2.0138705160        0.8943527461       -0.0005977353
        1.7485292647        0.8529141180       -0.0006852354
        1.5994357306        0.8222078173       -0.0007389220
        1.8858723505        0.8777888557       -0.0005975258
        2.0138705160        0.8943702950       -0.0005974414
        1.8858723505        0.8778076651       -0.0005972644
        2.1342057980        0.9086343054       -0.0005613392
        1.8858723505        0.8759800699       -0.0006576799
        1.7485292647        0.8529234417       -0.0006864034
        2.0138705160        0.8942982903       -0.0006011558
        1.8858723505        0.8759513616       -0.0006575264
        1.2489494748        0.7038218116       -0.0011423814
        1.0299101211        0.5986803071       -0.0014311008
        1.4349337000        0.7652248055       -0.0010009706
        2.1342057980        0.9079075939       -0.0005610900
        1.7485292647        0.8528778867       -0.0006862406
        1.0299101211        0.5986487704       -0.0014313403
        0.7493696849        0.4620261883       -0.0018464929
        1.2489494748        0.6988553438       -0.0011581668
        2.0138705160        0.8977731255       -0.0005452020
        2.0138705160        0.8942943852       -0.0006004865
        1.4349337000        0.7652517485       -0.0010005451
        1.2489494748        0.6989105671       -0.0011581043
        1.5994357307        0.8157569126       -0.0008518358
        2.1342057980        0.9079337240       -0.0005607937
        2.0138705160        0.8978001813       -0.0005451873
        1.7485292647        0.8529432878       -0.0006851144
        1.5994357306        0.8222506720       -0.0007393979
        1.8858723505        0.8778378567       -0.0005975923
        1.7485292647        0.8529021521       -0.0006850027
        1.0299101211        0.5986939765       -0.0014305496
        0.7493696849        0.4620563393       -0.0018472194
        1.2489494748        0.6988586446       -0.0011580693
        2.0138705160        0.8977637551       -0.0005450896
        1.5994357306        0.8221947826       -0.0007395405
        0.7493696849        0.4620312971       -0.0018473593
        0.2497898950        0.2076386726       -0.0024933597
        1.0299101211        0.6116376108       -0.0014366651
        1.8858723505        0.8837720041       -0.0005148048
        1.8858723505        0.8778209129       -0.0005970002
        1.2489494748        0.6988843741       -0.0011576533
        1.0299101211        0.6116849357       -0.0014367126
        1.4349337000        0.7707712191       -0.0009207252
        2.1342057980        0.9118427351       -0.0004894940
        2.0138705160        0.8978047295       -0.0005449381
        1.8858723505        0.8838207027       -0.0005146276
        2.1342057980        0.9118630539       -0.0004898741
        2.0138705160        0.8943489763       -0.0005999197
        1.8858723505        0.8778396845       -0.0005967322
        2.1342057980        0.9086806777       -0.0005591989
        2.0138705160        0.8943278629       -0.0005995150
        1.4349337000        0.7651712414       -0.0010040396
        1.2489494748        0.6989210874       -0.0011566471
        1.5994357307        0.8157830430       -0.0008482162
        1.8858723505        0.8778028225       -0.0005962762
        1.2489494748        0.6989000516       -0.0011561517
        1.0299101211        0.6116537789       -0.0014356173
        1.4349337000        0.7707300853       -0.0009206847
        2.1342057980        0.9118391797       -0.0004896693
        2.1342057980        0.9086786482       -0.0005587395
        1.5994357307        0.8158108537       -0.0008481009
        1.4349337000        0.7707790296       -0.0009213697
        1.7485292647        0.8510071031       -0.0007496910
        2.1342057980        0.9118629108       -0.0004901342
        2.1342057980        0.9078603612       -0.0005638105
        2.0138705160        0.8977829087       -0.0005442620
        2.0138705160        0.8977953723       -0.0005440763
        1.8858723505        0.8837872100       -0.0005148451
        2.1342057980        0.9118323723       -0.0004904256
        2.1342057980        0.9118353900       -0.0004904499
