#epsqw diagonal term
#1:q+G [au], 2:Re(eps-1), 3:Im(eps-1)
        1.8858723505        1.0047837042       -0.0000156270
        1.7485292647        1.0057013372       -0.0000187695
        2.0138705160        1.0040386610       -0.0000128842
        1.7485292647        1.0057006213       -0.0000187684
        1.5994357306        1.0068782760       -0.0000225629
        1.8858723505        1.0047814748       -0.0000152934
        2.0138705160        1.0040382441       -0.0000128823
        1.8858723505        1.0047811899       -0.0000152917
        2.1342057980        1.0034373356       -0.0000107496
        1.8858723505        1.0047825725       -0.0000156228
        1.7485292647        1.0056978742       -0.0000187634
        2.0138705160        1.0040364743       -0.0000128797
        1.8858723505        1.0047844904       -0.0000156278
        1.2489494748        1.0103919669       -0.0000407372
        1.0299101211        1.0130393559       -0.0000551563
        1.4349337000        1.0083937858       -0.0000308525
        2.1342057980        1.0034474213       -0.0000108068
        1.7485292647        1.0057004632       -0.0000187709
        1.0299101211        1.0130408191       -0.0000551602
        0.7493696849        1.0163462201       -0.0000769828
        1.2489494748        1.0104187116       -0.0000400348
        2.0138705160        1.0040393649       -0.0000127172
        2.0138705160        1.0040373241       -0.0000128819
        1.4349337000        1.0083920617       -0.0000308476
        1.2489494748        1.0104145401       -0.0000400241
        1.5994357307        1.0068787896       -0.0000240887
        2.1342057980        1.0034460202       -0.0000108033
        2.0138705160        1.0040378016       -0.0000127132
        1.7485292647        1.0056985466       -0.0000187655
        1.5994357306        1.0068733710       -0.0000225545
        1.8858723505        1.0047778196       -0.0000152852
        1.7485292647        1.0057018375       -0.0000187732
        1.0299101211        1.0130393791       -0.0000551563
        0.7493696849        1.0163367613       -0.0000769703
        1.2489494748        1.0104142729       -0.0000400320
        2.0138705160        1.0040391875       -0.0000127161
        1.5994357306        1.0068779258       -0.0000225644
        0.7493696849        1.0163438309       -0.0000769834
        0.2497898950        1.0192311691       -0.0001266305
        1.0299101211        1.0131053614       -0.0000525992
        1.8858723505        1.0047702617       -0.0000149224
        1.8858723505        1.0047800562       -0.0000152899
        1.2489494748        1.0104122437       -0.0000400264
        1.0299101211        1.0130984789       -0.0000525841
        1.4349337000        1.0084397336       -0.0000303695
        2.1342057980        1.0034415558       -0.0000106339
        2.0138705160        1.0040363439       -0.0000127097
        1.8858723505        1.0047668216       -0.0000149147
        2.1342057980        1.0034395043       -0.0000106291
        2.0138705160        1.0040379084       -0.0000128819
        1.8858723505        1.0047793572       -0.0000152882
        2.1342057980        1.0034360848       -0.0000107463
        2.0138705160        1.0040391879       -0.0000128858
        1.4349337000        1.0083950867       -0.0000308557
        1.2489494748        1.0104158460       -0.0000400276
        1.5994357307        1.0068777280       -0.0000240878
        1.8858723505        1.0047814981       -0.0000152946
        1.2489494748        1.0104171262       -0.0000400312
        1.0299101211        1.0131044162       -0.0000525986
        1.4349337000        1.0084415840       -0.0000303759
        2.1342057980        1.0034405582       -0.0000106315
        2.1342057980        1.0034366324       -0.0000107476
        1.5994357307        1.0068767268       -0.0000240837
        1.4349337000        1.0084387100       -0.0000303667
        1.7485292647        1.0057031242       -0.0000192236
        2.1342057980        1.0034392986       -0.0000106275
        2.1342057980        1.0034474085       -0.0000108085
        2.0138705160        1.0040397744       -0.0000127175
        2.0138705160        1.0040389202       -0.0000127157
        1.8858723505        1.0047696618       -0.0000149210
        2.1342057980        1.0034401931       -0.0000106304
        2.1342057980        1.0034406462       -0.0000106308
