#epsqw diagonal term
#1:q+G [au], 2:Re(eps-1), 3:Im(eps-1)
        1.8858723505        0.8724674907       -0.0023986102
        1.7485292647        0.8497679562       -0.0019823494
        2.0138705160        0.8911710682       -0.0022861518
        1.7485292647        0.8497777776       -0.0019914295
        1.5994357306        0.8192637902       -0.0011595515
        1.8858723505        0.8750326354       -0.0013588500
        2.0138705160        0.8911928621       -0.0022822351
        1.8858723505        0.8750453273       -0.0013504236
        2.1342057980        0.9054722925       -0.0021132426
        1.8858723505        0.8726387140       -0.0023683930
        1.7485292647        0.8497842008       -0.0020297757
        2.0138705160        0.8910940096       -0.0023718027
        1.8858723505        0.8726391842       -0.0023636513
        1.2489494748        0.6989745368       -0.0028621941
        1.0299101211        0.5921367141       -0.0029079083
        1.4349337000        0.7606417411       -0.0031993472
        2.1342057980        0.9049780047       -0.0021166264
        1.7485292647        0.8497844429       -0.0020270791
        1.0299101211        0.5921354715       -0.0029061439
        0.7493696849        0.4527110142       -0.0026177953
        1.2489494748        0.6938490523       -0.0026174781
        2.0138705160        0.8951343303       -0.0016227049
        2.0138705160        0.8911255988       -0.0023500887
        1.4349337000        0.7606483642       -0.0031884934
        1.2489494748        0.6938637451       -0.0026203005
        1.5994357307        0.8117418047       -0.0028435923
        2.1342057980        0.9049669437       -0.0021156497
        2.0138705160        0.8951262446       -0.0016255689
        1.7485292647        0.8498723233       -0.0020050808
        1.5994357306        0.8192863068       -0.0011630854
        1.8858723505        0.8751031524       -0.0013888131
        1.7485292647        0.8498608492       -0.0019920418
        1.0299101211        0.5922819991       -0.0028807654
        0.7493696849        0.4527149650       -0.0026166841
        1.2489494748        0.6938538893       -0.0025945163
        2.0138705160        0.8951292173       -0.0016035359
        1.5994357306        0.8192344650       -0.0011648276
        0.7493696849        0.4526886615       -0.0026190038
        0.2497898950        0.1897334649       -0.0038925733
        1.0299101211        0.6054216708       -0.0019632578
        1.8858723505        0.8818015076       -0.0007489996
        1.8858723505        0.8751209073       -0.0013663713
        1.2489494748        0.6938741323       -0.0025901578
        1.0299101211        0.6054711405       -0.0019600599
        1.4349337000        0.7668947576       -0.0017746499
        2.1342057980        0.9094711398       -0.0011392503
        2.0138705160        0.8951513222       -0.0016096892
        1.8858723505        0.8818497262       -0.0007464211
        2.1342057980        0.9094714036       -0.0011533536
        2.0138705160        0.8912143786       -0.0023609734
        1.8858723505        0.8750779843       -0.0013554701
        2.1342057980        0.9054861456       -0.0020794530
        2.0138705160        0.8912331501       -0.0023431957
        1.4349337000        0.7605806289       -0.0032490578
        1.2489494748        0.6938443198       -0.0025788958
        1.5994357307        0.8117041706       -0.0027386414
        1.8858723505        0.8750869431       -0.0013447177
        1.2489494748        0.6938539890       -0.0025723708
        1.0299101211        0.6054648878       -0.0019580624
        1.4349337000        0.7668294805       -0.0017612550
        2.1342057980        0.9094516508       -0.0011304147
        2.1342057980        0.9055091755       -0.0020663485
        1.5994357307        0.8116979371       -0.0027508128
        1.4349337000        0.7668254675       -0.0017728252
        1.7485292647        0.8471203936       -0.0019420975
        2.1342057980        0.9094326576       -0.0011404346
        2.1342057980        0.9048679114       -0.0021698968
        2.0138705160        0.8950810691       -0.0015902891
        2.0138705160        0.8951066088       -0.0015954282
        1.8858723505        0.8818134689       -0.0007511833
        2.1342057980        0.9094111973       -0.0011410892
        2.1342057980        0.9093952574       -0.0011380432
