#epsqw diagonal term
#1:q+G [au], 2:Re(eps-1), 3:Im(eps-1)
        1.8858723505        1.0289256112       -0.0021012032
        1.7485292647        1.0333344301       -0.0018323780
        2.0138705160        1.0251130726       -0.0023636431
        1.7485292647        1.0333277725       -0.0018196315
        1.5994357306        1.0389705213       -0.0012839223
        1.8858723505        1.0289114557       -0.0022135157
        2.0138705160        1.0251118170       -0.0023734389
        1.8858723505        1.0289134648       -0.0022374544
        2.1342057980        1.0218104062       -0.0024196620
        1.8858723505        1.0288751157       -0.0021241864
        1.7485292647        1.0332997436       -0.0018339935
        2.0138705160        1.0251006959       -0.0024404243
        1.8858723505        1.0288804653       -0.0021217202
        1.2489494748        1.0559499817       -0.0013923835
        1.0299101211        1.0684304459       -0.0017001367
        1.4349337000        1.0468994946       -0.0015748061
        2.1342057980        1.0215841373       -0.0024181723
        1.7485292647        1.0333055852       -0.0018276544
        1.0299101211        1.0684184625       -0.0017058034
        0.7493696849        1.0835925414       -0.0018581657
        1.2489494748        1.0561713810       -0.0016220812
        2.0138705160        1.0246956459       -0.0020958667
        2.0138705160        1.0251040621       -0.0024396566
        1.4349337000        1.0468894755       -0.0015741032
        1.2489494748        1.0561618457       -0.0016219481
        1.5994357307        1.0397732105       -0.0017898698
        2.1342057980        1.0215936370       -0.0024261013
        2.0138705160        1.0247115989       -0.0021084930
        1.7485292647        1.0332792091       -0.0018521778
        1.5994357306        1.0389577711       -0.0012925633
        1.8858723505        1.0289356126       -0.0023316738
        1.7485292647        1.0332906561       -0.0018577990
        1.0299101211        1.0684453499       -0.0016808104
        0.7493696849        1.0835037578       -0.0019864837
        1.2489494748        1.0561879764       -0.0016307932
        2.0138705160        1.0247381751       -0.0021765337
        1.5994357306        1.0389753733       -0.0012944599
        0.7493696849        1.0835067296       -0.0019712293
        0.2497898950        1.0952182021       -0.0029467700
        1.0299101211        1.0692496478       -0.0014944826
        1.8858723505        1.0281960143       -0.0015707374
        1.8858723505        1.0289435205       -0.0023351951
        1.2489494748        1.0561740312       -0.0016290681
        1.0299101211        1.0692245526       -0.0015012875
        1.4349337000        1.0469721062       -0.0018067924
        2.1342057980        1.0216964127       -0.0025262837
        2.0138705160        1.0247383713       -0.0021755596
        1.8858723505        1.0281985061       -0.0015718847
        2.1342057980        1.0217031250       -0.0025266679
        2.0138705160        1.0250782414       -0.0023394254
        1.8858723505        1.0288922544       -0.0022582659
        2.1342057980        1.0218008667       -0.0025505217
        2.0138705160        1.0250757093       -0.0023291810
        1.4349337000        1.0468866056       -0.0015643486
        1.2489494748        1.0561801413       -0.0016316612
        1.5994357307        1.0398010745       -0.0018023162
        1.8858723505        1.0288924772       -0.0022391384
        1.2489494748        1.0561735585       -0.0016298473
        1.0299101211        1.0692582395       -0.0014625328
        1.4349337000        1.0469808078       -0.0017796748
        2.1342057980        1.0217238198       -0.0024819051
        2.1342057980        1.0217970771       -0.0025442083
        1.5994357307        1.0397950668       -0.0018050815
        1.4349337000        1.0469762464       -0.0017854922
        1.7485292647        1.0340682953       -0.0020412122
        2.1342057980        1.0217387500       -0.0025016429
        2.1342057980        1.0216166106       -0.0022907051
        2.0138705160        1.0247531149       -0.0020744737
        2.0138705160        1.0247471648       -0.0020598085
        1.8858723505        1.0282372612       -0.0015270067
        2.1342057980        1.0217835429       -0.0024399421
        2.1342057980        1.0217903618       -0.0024605445
