#epsqw diagonal term
#1:q+G [au], 2:Re(eps-1), 3:Im(eps-1)
        1.8858723505        0.8855620061       -0.0302384408
        1.7485292647        0.8556882723       -0.0347382422
        2.0138705160        0.9074828753       -0.0290670006
        1.7485292647        0.8557223469       -0.0347514006
        1.5994357306        0.8078455059       -0.0386002947
        1.8858723505        0.8834565758       -0.0338072660
        2.0138705160        0.9075274814       -0.0291740635
        1.8858723505        0.8834191602       -0.0341744776
        2.1342057980        0.9229802216       -0.0257636172
        1.8858723505        0.8857450571       -0.0304407575
        1.7485292647        0.8554728703       -0.0351801450
        2.0138705160        0.9075232466       -0.0290804741
        1.8858723505        0.8857802490       -0.0305234272
        1.2489494748        0.6750370773       -0.0600052608
        1.0299101211        0.5117784151       -0.1367091841
        1.4349337000        0.7397673354       -0.0436317338
        2.1342057980        0.9239961036       -0.0287722279
        1.7485292647        0.8555655556       -0.0353393089
        1.0299101211        0.5123425462       -0.1365934387
        0.7493696849        0.3784091281       -0.2046332292
        1.2489494748        0.6585373529       -0.0737951283
        2.0138705160        0.9074914902       -0.0292915912
        2.0138705160        0.9074986409       -0.0290311707
        1.4349337000        0.7397376062       -0.0433721638
        1.2489494748        0.6582856758       -0.0738734185
        1.5994357307        0.8042396854       -0.0314649815
        2.1342057980        0.9239972057       -0.0287192762
        2.0138705160        0.9076096190       -0.0293284512
        1.7485292647        0.8551412935       -0.0353300612
        1.5994357306        0.8079579840       -0.0387146025
        1.8858723505        0.8837493155       -0.0340080582
        1.7485292647        0.8553099106       -0.0354487387
        1.0299101211        0.5110692852       -0.1353900915
        0.7493696849        0.3766025769       -0.2075011915
        1.2489494748        0.6578609157       -0.0736669990
        2.0138705160        0.9074877293       -0.0291863291
        1.5994357306        0.8078917286       -0.0386030794
        0.7493696849        0.3759101172       -0.2063200309
        0.2497898950        0.1411633645       -0.4528628023
        1.0299101211        0.5705540011       -0.1034174986
        1.8858723505        0.8831370855       -0.0282512173
        1.8858723505        0.8836539389       -0.0340722107
        1.2489494748        0.6576313871       -0.0733192742
        1.0299101211        0.5709908167       -0.1041693187
        1.4349337000        0.7522059916       -0.0456293251
        2.1342057980        0.9223572717       -0.0255642340
        2.0138705160        0.9075853374       -0.0292439619
        1.8858723505        0.8833631433       -0.0283872149
        2.1342057980        0.9225327936       -0.0257098301
        2.0138705160        0.9076272451       -0.0292630227
        1.8858723505        0.8834390934       -0.0342423820
        2.1342057980        0.9229051167       -0.0257170642
        2.0138705160        0.9076181567       -0.0291852175
        1.4349337000        0.7393841934       -0.0435924774
        1.2489494748        0.6576371979       -0.0729001927
        1.5994357307        0.8046293592       -0.0315302486
        1.8858723505        0.8832305351       -0.0340066498
        1.2489494748        0.6576801703       -0.0725272605
        1.0299101211        0.5706209719       -0.1052208098
        1.4349337000        0.7520586292       -0.0461617111
        2.1342057980        0.9226245747       -0.0259695642
        2.1342057980        0.9229961701       -0.0256775486
        1.5994357307        0.8046976584       -0.0316319543
        1.4349337000        0.7519472644       -0.0460993767
        1.7485292647        0.8492257103       -0.0299485050
        2.1342057980        0.9226631926       -0.0260682460
        2.1342057980        0.9239311709       -0.0287629368
        2.0138705160        0.9071961628       -0.0291404145
        2.0138705160        0.9072975985       -0.0291755354
        1.8858723505        0.8834395143       -0.0282128063
        2.1342057980        0.9223930223       -0.0258404659
        2.1342057980        0.9223487464       -0.0257224727
