#epsqw diagonal term
#1:q+G [au], 2:Re(eps-1), 3:Im(eps-1)
        1.8858723505        0.8674793096       -0.0091975626
        1.7485292647        0.8424830107       -0.0101384126
        2.0138705160        0.8862126283       -0.0091605414
        1.7485292647        0.8424868240       -0.0101629010
        1.5994357306        0.8087893311       -0.0108313567
        1.8858723505        0.8681164686       -0.0086404986
        2.0138705160        0.8861587936       -0.0091726818
        1.8858723505        0.8681434132       -0.0086679808
        2.1342057980        0.9008291954       -0.0094072866
        1.8858723505        0.8674836796       -0.0089554483
        1.7485292647        0.8424965995       -0.0100877260
        2.0138705160        0.8861815189       -0.0092547924
        1.8858723505        0.8673256400       -0.0089564744
        1.2489494748        0.6880759701       -0.0108443015
        1.0299101211        0.5746784395       -0.0187345046
        1.4349337000        0.7516941138       -0.0125233771
        2.1342057980        0.8994407554       -0.0087475868
        1.7485292647        0.8423096627       -0.0101013420
        1.0299101211        0.5745391278       -0.0187427222
        0.7493696849        0.4210252874       -0.0257972887
        1.2489494748        0.6801054808       -0.0143687889
        2.0138705160        0.8889002211       -0.0096256372
        2.0138705160        0.8859679404       -0.0092745492
        1.4349337000        0.7516771353       -0.0125547623
        1.2489494748        0.6802834022       -0.0143730968
        1.5994357307        0.8038934431       -0.0114442267
        2.1342057980        0.8995602299       -0.0087387204
        2.0138705160        0.8890512266       -0.0096016237
        1.7485292647        0.8422855101       -0.0101671067
        1.5994357306        0.8090510318       -0.0110587072
        1.8858723505        0.8679327403       -0.0086034275
        1.7485292647        0.8421539480       -0.0101932089
        1.0299101211        0.5739410842       -0.0189604834
        0.7493696849        0.4215143723       -0.0259262599
        1.2489494748        0.6798002112       -0.0143797975
        2.0138705160        0.8887561993       -0.0095007924
        1.5994357306        0.8089775085       -0.0110618539
        0.7493696849        0.4215020052       -0.0259560078
        0.2497898950        0.1201337897       -0.0334896665
        1.0299101211        0.5805156271       -0.0153604428
        1.8858723505        0.8741459131       -0.0066812694
        1.8858723505        0.8677242738       -0.0086449194
        1.2489494748        0.6797509124       -0.0144076525
        1.0299101211        0.5804814432       -0.0153470209
        1.4349337000        0.7554458953       -0.0101588129
        2.1342057980        0.9030534362       -0.0082209479
        2.0138705160        0.8888227386       -0.0095132749
        1.8858723505        0.8741964625       -0.0066835796
        2.1342057980        0.9032143018       -0.0081935893
        2.0138705160        0.8860239318       -0.0092398427
        1.8858723505        0.8682022095       -0.0086711296
        2.1342057980        0.9007494067       -0.0095191420
        2.0138705160        0.8858381956       -0.0092631756
        1.4349337000        0.7515264300       -0.0127873230
        1.2489494748        0.6804323907       -0.0141618276
        1.5994357307        0.8039562809       -0.0114270008
        1.8858723505        0.8679166082       -0.0087195140
        1.2489494748        0.6801742060       -0.0141665093
        1.0299101211        0.5805178601       -0.0148352815
        1.4349337000        0.7556062585       -0.0100609970
        2.1342057980        0.9030739401       -0.0083012966
        2.1342057980        0.9005790085       -0.0095460058
        1.5994357307        0.8040415683       -0.0114365205
        1.4349337000        0.7559941664       -0.0100546327
        1.7485292647        0.8392247136       -0.0112307430
        2.1342057980        0.9033780868       -0.0082766790
        2.1342057980        0.8995121766       -0.0088502859
        2.0138705160        0.8890061448       -0.0095989034
        2.0138705160        0.8888944663       -0.0095859362
        1.8858723505        0.8741320823       -0.0067122323
        2.1342057980        0.9033281814       -0.0083725870
        2.1342057980        0.9034187138       -0.0083733704
