#epsqw diagonal term
#1:q+G [au], 2:Re(eps-1), 3:Im(eps-1)
        1.8858723505        0.8752835864       -0.0007127800
        1.7485292647        0.8524036045       -0.0007253601
        2.0138705160        0.8938354194       -0.0006441279
        1.7485292647        0.8524049389       -0.0007255020
        1.5994357306        0.8217386825       -0.0007674310
        1.8858723505        0.8773542521       -0.0006292164
        2.0138705160        0.8938537759       -0.0006436665
        1.8858723505        0.8773738919       -0.0006287501
        2.1342057980        0.9081200284       -0.0006088426
        1.8858723505        0.8754244476       -0.0007075574
        1.7485292647        0.8524102507       -0.0007275746
        2.0138705160        0.8937709523       -0.0006495245
        1.8858723505        0.8753960912       -0.0007074756
        1.2489494748        0.7029908791       -0.0012009871
        1.0299101211        0.5976293510       -0.0014942353
        1.4349337000        0.7644537760       -0.0010635433
        2.1342057980        0.9074099838       -0.0006060377
        1.7485292647        0.8523649186       -0.0007275712
        1.0299101211        0.5975973454       -0.0014946422
        0.7493696849        0.4605359107       -0.0019206012
        1.2489494748        0.6980295925       -0.0012135626
        2.0138705160        0.8973352826       -0.0005815262
        2.0138705160        0.8937692388       -0.0006484852
        1.4349337000        0.7644825539       -0.0010625777
        1.2489494748        0.6980849483       -0.0012133185
        1.5994357307        0.8150734354       -0.0009104589
        2.1342057980        0.9074373251       -0.0006052999
        2.0138705160        0.8973624917       -0.0005813410
        1.7485292647        0.8524330713       -0.0007260059
        1.5994357306        0.8217798608       -0.0007681141
        1.8858723505        0.8774019544       -0.0006297445
        1.7485292647        0.8523925188       -0.0007258551
        1.0299101211        0.5976438659       -0.0014939947
        0.7493696849        0.4605633946       -0.0019216835
        1.2489494748        0.6980341524       -0.0012131315
        2.0138705160        0.8973271793       -0.0005810859
        1.5994357306        0.8217235438       -0.0007683922
        0.7493696849        0.4605374662       -0.0019220243
        0.2497898950        0.2047551354       -0.0026333712
        1.0299101211        0.6106338552       -0.0014864647
        1.8858723505        0.8834572999       -0.0005331527
        1.8858723505        0.8773869621       -0.0006288685
        1.2489494748        0.6980612274       -0.0012124311
        1.0299101211        0.6106814093       -0.0014864230
        1.4349337000        0.7701446709       -0.0009611286
        2.1342057980        0.9114616624       -0.0005183172
        2.0138705160        0.8973684320       -0.0005808256
        1.8858723505        0.8835063122       -0.0005329039
        2.1342057980        0.9114806276       -0.0005189199
        2.0138705160        0.8938229281       -0.0006484420
        1.8858723505        0.8774070298       -0.0006280615
        2.1342057980        0.9081736936       -0.0006050519
        2.0138705160        0.8938032691       -0.0006478533
        1.4349337000        0.7643907825       -0.0010683294
        1.2489494748        0.6981008708       -0.0012105334
        1.5994357307        0.8151126820       -0.0009037811
        1.8858723505        0.8773715878       -0.0006275063
        1.2489494748        0.6980815865       -0.0012098009
        1.0299101211        0.6106528103       -0.0014851415
        1.4349337000        0.7701042944       -0.0009607640
        2.1342057980        0.9114583752       -0.0005183122
        2.1342057980        0.9081730064       -0.0006044492
        1.5994357307        0.8151407617       -0.0009035227
        1.4349337000        0.7701510077       -0.0009616913
        1.7485292647        0.8504002019       -0.0007980160
        2.1342057980        0.9114805616       -0.0005189318
        2.1342057980        0.9073550049       -0.0006099606
        2.0138705160        0.8973494248       -0.0005792904
        2.0138705160        0.8973622748       -0.0005790873
        1.8858723505        0.8834721247       -0.0005332626
        2.1342057980        0.9114495433       -0.0005193194
        2.1342057980        0.9114525267       -0.0005192669
