#epsqw diagonal term
#1:q+G [au], 2:Re(eps-1), 3:Im(eps-1)
        1.8858723505        1.0422769092       -0.0014608741
        1.7485292647        1.0504194591       -0.0014876600
        2.0138705160        1.0352740043       -0.0014707089
        1.7485292647        1.0504113239       -0.0014860375
        1.5994357306        1.0608433895       -0.0016259750
        1.8858723505        1.0423403003       -0.0014859254
        2.0138705160        1.0352718528       -0.0014711516
        1.8858723505        1.0423475989       -0.0014879065
        2.1342057980        1.0293526753       -0.0013329168
        1.8858723505        1.0423054648       -0.0014925501
        1.7485292647        1.0503886885       -0.0014779736
        2.0138705160        1.0352162130       -0.0014298974
        1.8858723505        1.0423282150       -0.0014942433
        1.2489494748        1.0865410453       -0.0015361110
        1.0299101211        1.1064921157       -0.0015108296
        1.4349337000        1.0718327089       -0.0016312299
        2.1342057980        1.0305406868       -0.0013680727
        1.7485292647        1.0504204811       -0.0014783930
        1.0299101211        1.1064913834       -0.0015113771
        0.7493696849        1.1294102949       -0.0015919460
        1.2489494748        1.0867831881       -0.0015921110
        2.0138705160        1.0369047342       -0.0014411290
        2.0138705160        1.0352268969       -0.0014312242
        1.4349337000        1.0718214596       -0.0016298917
        1.2489494748        1.0867634816       -0.0015909119
        1.5994357307        1.0599452078       -0.0016542809
        2.1342057980        1.0305217616       -0.0013676575
        2.0138705160        1.0368836271       -0.0014427517
        1.7485292647        1.0504686542       -0.0015216301
        1.5994357306        1.0607947324       -0.0016152055
        1.8858723505        1.0422387093       -0.0014461066
        1.7485292647        1.0505092218       -0.0015242051
        1.0299101211        1.1065727354       -0.0015551699
        0.7493696849        1.1293607129       -0.0015819039
        1.2489494748        1.0866898983       -0.0015417274
        2.0138705160        1.0368360527       -0.0014067160
        1.5994357306        1.0608540434       -0.0016167084
        0.7493696849        1.1293947221       -0.0015788029
        0.2497898950        1.1460516854       -0.0016381734
        1.0299101211        1.1078969484       -0.0017301950
        1.8858723505        1.0441003836       -0.0014763395
        1.8858723505        1.0422647651       -0.0014479273
        1.2489494748        1.0866667676       -0.0015403301
        1.0299101211        1.1078426633       -0.0017298618
        1.4349337000        1.0719705314       -0.0015438144
        2.1342057980        1.0308924432       -0.0013829734
        2.0138705160        1.0367966183       -0.0014055457
        1.8858723505        1.0440465892       -0.0014768001
        2.1342057980        1.0308667386       -0.0013820801
        2.0138705160        1.0353033311       -0.0014302203
        1.8858723505        1.0423264978       -0.0014952132
        2.1342057980        1.0293111956       -0.0013803434
        2.0138705160        1.0353138494       -0.0014309445
        1.4349337000        1.0719208782       -0.0016413551
        1.2489494748        1.0867511328       -0.0015844462
        1.5994357307        1.0598541179       -0.0016485765
        1.8858723505        1.0423405326       -0.0014943412
        1.2489494748        1.0867441058       -0.0015839274
        1.0299101211        1.1078549668       -0.0017188052
        1.4349337000        1.0719116611       -0.0014929970
        2.1342057980        1.0308214376       -0.0013426369
        2.1342057980        1.0293182186       -0.0013808895
        1.5994357307        1.0598424441       -0.0016473628
        1.4349337000        1.0718987064       -0.0014923524
        1.7485292647        1.0499181935       -0.0016530898
        2.1342057980        1.0308099704       -0.0013449498
        2.1342057980        1.0305693042       -0.0013480968
        2.0138705160        1.0368864252       -0.0014456762
        2.0138705160        1.0368737900       -0.0014439694
        1.8858723505        1.0440562926       -0.0014677053
        2.1342057980        1.0308024034       -0.0013371509
        2.1342057980        1.0308107378       -0.0013390404
