#epsqw diagonal term
#1:q+G [au], 2:Re(eps-1), 3:Im(eps-1)
        1.8858723505        0.8746584581       -0.0007916821
        1.7485292647        0.8518570122       -0.0007820973
        2.0138705160        0.8932661435       -0.0007132115
        1.7485292647        0.8518575874       -0.0007826270
        1.5994357306        0.8212573054       -0.0008016259
        1.8858723505        0.8768952473       -0.0006715903
        2.0138705160        0.8932857125       -0.0007123254
        1.8858723505        0.8769162572       -0.0006705939
        2.1342057980        0.9075513277       -0.0006803426
        1.8858723505        0.8748108213       -0.0007841488
        1.7485292647        0.8518565893       -0.0007869871
        2.0138705160        0.8931871915       -0.0007230292
        1.8858723505        0.8747822703       -0.0007846596
        1.2489494748        0.7021054591       -0.0012879287
        1.0299101211        0.5965413894       -0.0015753928
        1.4349337000        0.7636151354       -0.0011578558
        2.1342057980        0.9068609512       -0.0006747207
        1.7485292647        0.8518106195       -0.0007878619
        1.0299101211        0.5965082492       -0.0015765073
        0.7493696849        0.4590336328       -0.0020031789
        1.2489494748        0.6971608533       -0.0012899368
        2.0138705160        0.8968614849       -0.0006341721
        2.0138705160        0.8931882774       -0.0007213993
        1.4349337000        0.7636473806       -0.0011552184
        1.2489494748        0.6972172036       -0.0012887944
        1.5994357307        0.8143238263       -0.0009999457
        2.1342057980        0.9068910314       -0.0006723701
        2.0138705160        0.8968896120       -0.0006331826
        1.7485292647        0.8518822964       -0.0007855373
        1.5994357306        0.8212966028       -0.0008025612
        1.8858723505        0.8769402113       -0.0006735433
        1.7485292647        0.8518421489       -0.0007856130
        1.0299101211        0.5965546628       -0.0015774087
        0.7493696849        0.4590580050       -0.0020047552
        1.2489494748        0.6971674969       -0.0012887861
        2.0138705160        0.8968553960       -0.0006330687
        1.5994357306        0.8212394734       -0.0008032249
        0.7493696849        0.4590307271       -0.0020055562
        0.2497898950        0.2018595813       -0.0027859877
        1.0299101211        0.6096238704       -0.0015417488
        1.8858723505        0.8831366036       -0.0005544783
        1.8858723505        0.8769274560       -0.0006724567
        1.2489494748        0.6971965968       -0.0012874096
        1.0299101211        0.6096718646       -0.0015415293
        1.4349337000        0.7694916125       -0.0010147088
        2.1342057980        0.9110575926       -0.0005574509
        2.0138705160        0.8968973415       -0.0006323633
        1.8858723505        0.8831861012       -0.0005540592
        2.1342057980        0.9110748794       -0.0005583408
        2.0138705160        0.8932393422       -0.0007229423
        1.8858723505        0.8769508034       -0.0006696015
        2.1342057980        0.9076164513       -0.0006724492
        2.0138705160        0.8932212016       -0.0007223466
        1.4349337000        0.7635391431       -0.0011660540
        1.2489494748        0.6972421571       -0.0012824068
        1.5994357307        0.8143840436       -0.0009855320
        1.8858723505        0.8769164876       -0.0006693919
        1.2489494748        0.6972248248       -0.0012814943
        1.0299101211        0.6096457463       -0.0015402019
        1.4349337000        0.7694530499       -0.0010132425
        2.1342057980        0.9110552181       -0.0005567922
        2.1342057980        0.9076170703       -0.0006719531
        1.5994357307        0.8144130021       -0.0009846253
        1.4349337000        0.7694975773       -0.0010140791
        1.7485292647        0.8497491991       -0.0008656845
        2.1342057980        0.9110759683       -0.0005572558
        2.1342057980        0.9067964105       -0.0006802430
        2.0138705160        0.8968838509       -0.0006280735
        2.0138705160        0.8968969834       -0.0006279651
        1.8858723505        0.8831509129       -0.0005547051
        2.1342057980        0.9110441763       -0.0005579638
        2.1342057980        0.9110475217       -0.0005575061
