#epsqw diagonal term
#1:q+G [au], 2:Re(eps-1), 3:Im(eps-1)
        1.8858723505        1.0365258544       -0.0057260105
        1.7485292647        1.0431644739       -0.0051502054
        2.0138705160        1.0305587201       -0.0060374692
        1.7485292647        1.0431922642       -0.0050963260
        1.5994357306        1.0520058627       -0.0043768096
        1.8858723505        1.0361184365       -0.0053535424
        2.0138705160        1.0306048077       -0.0061093854
        1.8858723505        1.0360662200       -0.0054408088
        2.1342057980        1.0251389103       -0.0057129756
        1.8858723505        1.0364396121       -0.0056535202
        1.7485292647        1.0431788964       -0.0051574184
        2.0138705160        1.0305622027       -0.0061528529
        1.8858723505        1.0364452927       -0.0055998839
        1.2489494748        1.0715837092       -0.0042739075
        1.0299101211        1.0869228671       -0.0039709323
        1.4349337000        1.0601699222       -0.0050733758
        2.1342057980        1.0264740965       -0.0054542217
        1.7485292647        1.0432351694       -0.0051200415
        1.0299101211        1.0869356110       -0.0039691515
        0.7493696849        1.1045989165       -0.0034907899
        1.2489494748        1.0718831160       -0.0043631665
        2.0138705160        1.0316637646       -0.0047631422
        2.0138705160        1.0306885305       -0.0061992894
        1.4349337000        1.0601966839       -0.0051005897
        1.2489494748        1.0718573471       -0.0043809338
        1.5994357307        1.0503700083       -0.0052642011
        2.1342057980        1.0265105715       -0.0055463265
        2.0138705160        1.0316033652       -0.0048168630
        1.7485292647        1.0428811677       -0.0048103020
        1.5994357306        1.0520393073       -0.0044465988
        1.8858723505        1.0363487943       -0.0057752119
        1.7485292647        1.0429156676       -0.0048191497
        1.0299101211        1.0868217208       -0.0038173686
        0.7493696849        1.1045353578       -0.0035813896
        1.2489494748        1.0720111794       -0.0045792768
        2.0138705160        1.0318838827       -0.0051279657
        1.5994357306        1.0520732683       -0.0044437670
        0.7493696849        1.1046092674       -0.0035494696
        0.2497898950        1.1161540281       -0.0030640790
        1.0299101211        1.0889418261       -0.0042510673
        1.8858723505        1.0380206275       -0.0041986916
        1.8858723505        1.0363408598       -0.0057662596
        1.2489494748        1.0719888568       -0.0045712345
        1.0299101211        1.0888845324       -0.0042646815
        1.4349337000        1.0600053780       -0.0048116448
        2.1342057980        1.0265343149       -0.0053295949
        2.0138705160        1.0318269508       -0.0051179202
        1.8858723505        1.0379784153       -0.0042117534
        2.1342057980        1.0265122987       -0.0053429648
        2.0138705160        1.0300883758       -0.0055973290
        1.8858723505        1.0361918379       -0.0055556710
        2.1342057980        1.0257096138       -0.0063387301
        2.0138705160        1.0301658362       -0.0055617020
        1.4349337000        1.0598946958       -0.0047284922
        1.2489494748        1.0719099167       -0.0044504048
        1.5994357307        1.0508451928       -0.0057789263
        1.8858723505        1.0362285549       -0.0054585332
        1.2489494748        1.0719154777       -0.0044218723
        1.0299101211        1.0889612570       -0.0042738717
        1.4349337000        1.0602063197       -0.0049865879
        2.1342057980        1.0268691307       -0.0055606733
        2.1342057980        1.0256099783       -0.0062219386
        1.5994357307        1.0507751257       -0.0057686381
        1.4349337000        1.0601862256       -0.0050274512
        1.7485292647        1.0429253184       -0.0062904273
        2.1342057980        1.0267948903       -0.0056783176
        2.1342057980        1.0261323263       -0.0050891971
        2.0138705160        1.0317079625       -0.0049218340
        2.0138705160        1.0317185496       -0.0048660291
        1.8858723505        1.0380416763       -0.0042516617
        2.1342057980        1.0268621160       -0.0055793867
        2.1342057980        1.0268037803       -0.0056882998
