#epsqw diagonal term
#1:q+G [au], 2:Re(eps-1), 3:Im(eps-1)
        1.8858723505        0.8653313248       -0.0326474631
        1.7485292647        0.8266007130       -0.0333549251
        2.0138705160        0.8857854551       -0.0284280412
        1.7485292647        0.8266355217       -0.0333995336
        1.5994357306        0.7802306066       -0.0410942319
        1.8858723505        0.8556034487       -0.0290867338
        2.0138705160        0.8857630134       -0.0285189622
        1.8858723505        0.8556269272       -0.0290688483
        2.1342057980        0.9044995610       -0.0250636000
        1.8858723505        0.8653123742       -0.0324678029
        1.7485292647        0.8264966712       -0.0333669294
        2.0138705160        0.8858994169       -0.0284974451
        1.8858723505        0.8653702954       -0.0324263340
        1.2489494748        0.7196049464       -0.0807553089
        1.0299101211        0.5960346038       -0.1247804163
        1.4349337000        0.7434280396       -0.0677358470
        2.1342057980        0.9081968399       -0.0225013983
        1.7485292647        0.8263809262       -0.0333155917
        1.0299101211        0.5955994186       -0.1242211834
        0.7493696849        0.5120235902       -0.1613662393
        1.2489494748        0.6723240925       -0.0880408954
        2.0138705160        0.8852903918       -0.0226314219
        2.0138705160        0.8859366570       -0.0286476511
        1.4349337000        0.7435513855       -0.0676361167
        1.2489494748        0.6726448485       -0.0885315897
        1.5994357307        0.7939891093       -0.0492164286
        2.1342057980        0.9083000078       -0.0226978720
        2.0138705160        0.8853345347       -0.0227351433
        1.7485292647        0.8267144299       -0.0331387550
        1.5994357306        0.7795724092       -0.0409537681
        1.8858723505        0.8557163279       -0.0290739594
        1.7485292647        0.8264901893       -0.0332155134
        1.0299101211        0.5944771711       -0.1242371537
        0.7493696849        0.5130291214       -0.1608764552
        1.2489494748        0.6728669090       -0.0875142296
        2.0138705160        0.8851591770       -0.0225810799
        1.5994357306        0.7796247302       -0.0410710079
        0.7493696849        0.5123703125       -0.1603558218
        0.2497898950        0.4588988677       -0.3366597104
        1.0299101211        0.6097165327       -0.1049226580
        1.8858723505        0.8561654120       -0.0248655502
        1.8858723505        0.8556967567       -0.0292341528
        1.2489494748        0.6728623315       -0.0881314450
        1.0299101211        0.6100593518       -0.1050941159
        1.4349337000        0.7352765818       -0.0574753971
        2.1342057980        0.9019001748       -0.0209978726
        2.0138705160        0.8854478131       -0.0226556884
        1.8858723505        0.8561122126       -0.0247263113
        2.1342057980        0.9019843457       -0.0210280197
        2.0138705160        0.8862968444       -0.0285721550
        1.8858723505        0.8552713595       -0.0290501138
        2.1342057980        0.9046681586       -0.0251758808
        2.0138705160        0.8862483577       -0.0283852055
        1.4349337000        0.7432884320       -0.0672987519
        1.2489494748        0.6725590184       -0.0884357931
        1.5994357307        0.7938575788       -0.0491368732
        1.8858723505        0.8553146592       -0.0289360025
        1.2489494748        0.6722772670       -0.0883756249
        1.0299101211        0.6085457566       -0.1046626538
        1.4349337000        0.7358065978       -0.0579644515
        2.1342057980        0.9017859269       -0.0211284387
        2.1342057980        0.9046311737       -0.0250100591
        1.5994357307        0.7936862017       -0.0487491819
        1.4349337000        0.7358270666       -0.0578668287
        1.7485292647        0.8460557357       -0.0410451593
        2.1342057980        0.9017394546       -0.0211407139
        2.1342057980        0.9083155504       -0.0226437879
        2.0138705160        0.8851025354       -0.0225060133
        2.0138705160        0.8853062727       -0.0225665325
        1.8858723505        0.8563018950       -0.0247216840
        2.1342057980        0.9019821267       -0.0210666905
        2.1342057980        0.9018842294       -0.0210116323
