#epsqw diagonal term
#1:q+G [au], 2:Re(eps-1), 3:Im(eps-1)
        1.8858723505        0.9555023471       -0.0928654772
        1.7485292647        0.9442946156       -0.1286098430
        2.0138705160        0.9564270351       -0.0857103963
        1.7485292647        0.9446221122       -0.1292212488
        1.5994357306        0.9372735623       -0.1576656358
        1.8858723505        0.9451660811       -0.0999140193
        2.0138705160        0.9561129644       -0.0856953514
        1.8858723505        0.9444310511       -0.0996439114
        2.1342057980        0.9677804905       -0.0780370797
        1.8858723505        0.9548600458       -0.0937000359
        1.7485292647        0.9433465447       -0.1295090733
        2.0138705160        0.9563136274       -0.0850980880
        1.8858723505        0.9547085278       -0.0932798684
        1.2489494748        1.0229644266       -0.2839487236
        1.0299101211        1.0105244812       -0.3221390678
        1.4349337000        0.9521525961       -0.2026218819
        2.1342057980        0.9679861282       -0.0681193664
        1.7485292647        0.9441257299       -0.1286409317
        1.0299101211        1.0126705150       -0.3224335166
        0.7493696849        1.0625418589       -0.3150815761
        1.2489494748        0.9444380795       -0.2814651631
        2.0138705160        0.9630841679       -0.0787855062
        2.0138705160        0.9563677726       -0.0846662276
        1.4349337000        0.9522431576       -0.2019298665
        1.2489494748        0.9410838393       -0.2805711028
        1.5994357307        0.9399958599       -0.1455264387
        2.1342057980        0.9682695971       -0.0689518330
        2.0138705160        0.9634570195       -0.0795085925
        1.7485292647        0.9451358580       -0.1307449488
        1.5994357306        0.9353352353       -0.1585984620
        1.8858723505        0.9436497278       -0.0995649926
        1.7485292647        0.9452820800       -0.1291252931
        1.0299101211        1.0100352383       -0.3232613965
        0.7493696849        1.0638883572       -0.3160445764
        1.2489494748        0.9403015691       -0.2790023416
        2.0138705160        0.9622414584       -0.0777261486
        1.5994357306        0.9364073685       -0.1569304930
        0.7493696849        1.0639969750       -0.3126314746
        0.2497898950        1.1446489453       -0.2488891490
        1.0299101211        0.9834359868       -0.2853880862
        1.8858723505        0.9501198729       -0.0955609988
        1.8858723505        0.9433783276       -0.0990136388
        1.2489494748        0.9381583977       -0.2802303255
        1.0299101211        0.9786345348       -0.2861887542
        1.4349337000        0.9222955384       -0.2177180534
        2.1342057980        0.9671984945       -0.0647395258
        2.0138705160        0.9628814705       -0.0790224084
        1.8858723505        0.9504067840       -0.0969126698
        2.1342057980        0.9677149414       -0.0655998934
        2.0138705160        0.9557731452       -0.0858843211
        1.8858723505        0.9437799809       -0.0992282142
        2.1342057980        0.9683443354       -0.0781125108
        2.0138705160        0.9561097536       -0.0853940584
        1.4349337000        0.9494691590       -0.2024492101
        1.2489494748        0.9394664029       -0.2786071187
        1.5994357307        0.9420736366       -0.1451492059
        1.8858723505        0.9442437310       -0.0995471785
        1.2489494748        0.9407592820       -0.2804014038
        1.0299101211        0.9802623607       -0.2872790292
        1.4349337000        0.9252320011       -0.2171671848
        2.1342057980        0.9675700130       -0.0645902663
        2.1342057980        0.9680570879       -0.0781284259
        1.5994357307        0.9410800484       -0.1451131597
        1.4349337000        0.9238593649       -0.2169631813
        1.7485292647        0.9640217576       -0.1277235763
        2.1342057980        0.9672030952       -0.0645624506
        2.1342057980        0.9681332122       -0.0690008294
        2.0138705160        0.9624848880       -0.0791784036
        2.0138705160        0.9625815936       -0.0794100209
        1.8858723505        0.9506464702       -0.0967551001
        2.1342057980        0.9680241723       -0.0649093288
        2.1342057980        0.9670276470       -0.0645366327
