#epsqw diagonal term
#1:q+G [au], 2:Re(eps-1), 3:Im(eps-1)
        1.8858723505        0.9123928519       -0.1197666973
        1.7485292647        0.8866908473       -0.1530723532
        2.0138705160        0.9252987562       -0.0956644298
        1.7485292647        0.8874665706       -0.1531159082
        1.5994357306        0.8732765459       -0.1817333882
        1.8858723505        0.9103979219       -0.1167841887
        2.0138705160        0.9255499693       -0.0958870022
        1.8858723505        0.9097545957       -0.1168135054
        2.1342057980        0.9363429299       -0.0748909830
        1.8858723505        0.9121025317       -0.1198789136
        1.7485292647        0.8870496497       -0.1520202348
        2.0138705160        0.9252080671       -0.0951938709
        1.8858723505        0.9125068560       -0.1202928788
        1.2489494748        0.6740402378       -0.3480108889
        1.0299101211        0.7395912788       -0.5261151341
        1.4349337000        0.8465538305       -0.2476509447
        2.1342057980        0.9323981286       -0.0783094456
        1.7485292647        0.8869100762       -0.1525797949
        1.0299101211        0.7366242771       -0.5250356525
        0.7493696849        0.6296715582       -0.7627348686
        1.2489494748        0.8141699423       -0.3713996927
        2.0138705160        0.9210164937       -0.0892977712
        2.0138705160        0.9253850557       -0.0954643413
        1.4349337000        0.8460945804       -0.2475177740
        1.2489494748        0.8133136030       -0.3726685459
        1.5994357307        0.8693596009       -0.1909929252
        2.1342057980        0.9327853956       -0.0782545313
        2.0138705160        0.9216945673       -0.0895742137
        1.7485292647        0.8878956755       -0.1510845456
        1.5994357306        0.8731164108       -0.1802928136
        1.8858723505        0.9091580568       -0.1161338267
        1.7485292647        0.8871800420       -0.1513978009
        1.0299101211        0.7424137893       -0.5253996194
        0.7493696849        0.6358240538       -0.7578030542
        1.2489494748        0.8133431154       -0.3725248947
        2.0138705160        0.9211266178       -0.0896036979
        1.5994357306        0.8710648820       -0.1809801617
        0.7493696849        0.6368431188       -0.7571498434
        0.2497898950        0.4799081439       -1.4576603514
        1.0299101211        0.7223841334       -0.5441717322
        1.8858723505        0.9116945251       -0.1043627192
        1.8858723505        0.9086595925       -0.1157359401
        1.2489494748        0.8146849727       -0.3730272466
        1.0299101211        0.7228071025       -0.5441521154
        1.4349337000        0.8622726966       -0.2700503975
        2.1342057980        0.9413185673       -0.0770851490
        2.0138705160        0.9217841424       -0.0889099232
        1.8858723505        0.9119340431       -0.1039475107
        2.1342057980        0.9414112579       -0.0766680226
        2.0138705160        0.9260699951       -0.0949077373
        1.8858723505        0.9100102440       -0.1169572666
        2.1342057980        0.9359888165       -0.0746754502
        2.0138705160        0.9260801784       -0.0950083971
        1.4349337000        0.8496495850       -0.2454138836
        1.2489494748        0.8119889241       -0.3712494629
        1.5994357307        0.8705059657       -0.1909472435
        1.8858723505        0.9098397339       -0.1166450604
        1.2489494748        0.8136931889       -0.3703126813
        1.0299101211        0.7229701627       -0.5433744006
        1.4349337000        0.8591206892       -0.2664079200
        2.1342057980        0.9405954279       -0.0763784160
        2.1342057980        0.9359183231       -0.0746489265
        1.5994357307        0.8686906600       -0.1911868236
        1.4349337000        0.8575462963       -0.2683742228
        1.7485292647        0.8652053931       -0.1453927374
        2.1342057980        0.9408883182       -0.0765073198
        2.1342057980        0.9329774743       -0.0780865584
        2.0138705160        0.9215202660       -0.0897113715
        2.0138705160        0.9210905298       -0.0890335305
        1.8858723505        0.9117712748       -0.1025412728
        2.1342057980        0.9403424751       -0.0760057285
        2.1342057980        0.9405932706       -0.0761226301
