#epsqw diagonal term
#1:q+G [au], 2:Re(eps-1), 3:Im(eps-1)
        1.8858723505        1.2808434665       -0.2626375464
        1.7485292647        1.3411277566       -0.2423885635
        2.0138705160        1.2208643955       -0.1487300073
        1.7485292647        1.3403287315       -0.2416466928
        1.5994357306        1.4146825895       -0.2517432246
        1.8858723505        1.2961088460       -0.1965671086
        2.0138705160        1.2201429767       -0.1487367956
        1.8858723505        1.2959173945       -0.1968130202
        2.1342057980        1.1839991895       -0.0993104172
        1.8858723505        1.2832338575       -0.2652464412
        1.7485292647        1.3417976282       -0.2437506180
        2.0138705160        1.2217586835       -0.1499342064
        1.8858723505        1.2829363859       -0.2640221029
        1.2489494748        1.6197832021       -0.4166169156
        1.0299101211        1.9062404561       -0.5033834144
        1.4349337000        1.5823925569       -0.3491820601
        2.1342057980        1.1695419844       -0.1025758903
        1.7485292647        1.3388277410       -0.2427177255
        1.0299101211        1.8997562072       -0.5023577169
        0.7493696849        2.2466581661       -0.5806686964
        1.2489494748        1.6570384702       -0.2960506918
        2.0138705160        1.2141683673       -0.1591669521
        2.0138705160        1.2209376099       -0.1481392414
        1.4349337000        1.5815177850       -0.3476140083
        1.2489494748        1.6592689472       -0.2978134280
        1.5994357307        1.4869990244       -0.3202981048
        2.1342057980        1.1695376684       -0.1025803265
        2.0138705160        1.2157999242       -0.1590973415
        1.7485292647        1.3391566255       -0.2442638366
        1.5994357306        1.4139505929       -0.2555040093
        1.8858723505        1.2976126403       -0.1949820871
        1.7485292647        1.3365716528       -0.2448092170
        1.0299101211        1.9004957564       -0.5115770077
        0.7493696849        2.2485365983       -0.5785746049
        1.2489494748        1.6555366906       -0.2944525015
        2.0138705160        1.2150538904       -0.1588761597
        1.5994357306        1.4122598747       -0.2535457136
        0.7493696849        2.2423551932       -0.5770339083
        0.2497898950        2.3410980366       -0.8279452937
        1.0299101211        1.9730194054       -0.5942256872
        1.8858723505        1.2337590396       -0.1723420056
        1.8858723505        1.2971055952       -0.1952277421
        1.2489494748        1.6572855723       -0.2958571770
        1.0299101211        1.9799383434       -0.5955547268
        1.4349337000        1.5630356351       -0.3579354469
        2.1342057980        1.1854336432       -0.1387705131
        2.0138705160        1.2166086296       -0.1585856253
        1.8858723505        1.2335859539       -0.1742392777
        2.1342057980        1.1860001003       -0.1387176362
        2.0138705160        1.2217795453       -0.1528150176
        1.8858723505        1.2964671522       -0.1960716026
        2.1342057980        1.1832842433       -0.0982714948
        2.0138705160        1.2210228536       -0.1509632428
        1.4349337000        1.5772757812       -0.3514373939
        1.2489494748        1.6570761961       -0.2981715554
        1.5994357307        1.4883225929       -0.3124757268
        1.8858723505        1.2956956151       -0.1958611624
        1.2489494748        1.6569114766       -0.2989508174
        1.0299101211        1.9788001941       -0.5938987801
        1.4349337000        1.5609851155       -0.3486008836
        2.1342057980        1.1844984540       -0.1372536708
        2.1342057980        1.1834970184       -0.0983365745
        1.5994357307        1.4907593857       -0.3157173262
        1.4349337000        1.5611604709       -0.3540978986
        1.7485292647        1.3767661127       -0.2430659037
        2.1342057980        1.1854160947       -0.1378161209
        2.1342057980        1.1699739867       -0.1032796021
        2.0138705160        1.2162793160       -0.1570154109
        2.0138705160        1.2157693930       -0.1576849519
        1.8858723505        1.2343695524       -0.1721167739
        2.1342057980        1.1860898434       -0.1375447391
        2.1342057980        1.1862238474       -0.1380456897
