#epsqw diagonal term
#1:q+G [au], 2:Re(eps-1), 3:Im(eps-1)
        1.8858723505        0.8549003728       -0.0355464496
        1.7485292647        0.8087988889       -0.0449771074
        2.0138705160        0.8781426340       -0.0341174093
        1.7485292647        0.8086474187       -0.0450515194
        1.5994357306        0.7548819696       -0.0581118921
        1.8858723505        0.8402826772       -0.0415066329
        2.0138705160        0.8781732251       -0.0340416433
        1.8858723505        0.8403987648       -0.0414918822
        2.1342057980        0.8989496150       -0.0314155757
        1.8858723505        0.8549408840       -0.0357299974
        1.7485292647        0.8086945176       -0.0452521865
        2.0138705160        0.8782978999       -0.0340537000
        1.8858723505        0.8549150317       -0.0357909902
        1.2489494748        0.6644699004       -0.0873504768
        1.0299101211        0.5431477218       -0.1566997056
        1.4349337000        0.7033253829       -0.0771807833
        2.1342057980        0.9015436840       -0.0258817347
        1.7485292647        0.8085253226       -0.0453432995
        1.0299101211        0.5429427491       -0.1566043499
        0.7493696849        0.4229918311       -0.2076525764
        1.2489494748        0.6316949181       -0.1023896807
        2.0138705160        0.8739496522       -0.0295469060
        2.0138705160        0.8782011243       -0.0340115576
        1.4349337000        0.7032076312       -0.0769366711
        1.2489494748        0.6309538459       -0.1020022566
        1.5994357307        0.7667814462       -0.0573279335
        2.1342057980        0.9016105851       -0.0258880842
        2.0138705160        0.8738482199       -0.0296082317
        1.7485292647        0.8082150719       -0.0452155589
        1.5994357306        0.7555771615       -0.0588161652
        1.8858723505        0.8404428086       -0.0416859203
        1.7485292647        0.8081684386       -0.0452088411
        1.0299101211        0.5440646680       -0.1552676410
        0.7493696849        0.4210331349       -0.2087807159
        1.2489494748        0.6316886919       -0.1021051652
        2.0138705160        0.8740911083       -0.0295688961
        1.5994357306        0.7557113720       -0.0588622436
        0.7493696849        0.4212648488       -0.2092229778
        0.2497898950        0.4325647993       -0.3968169484
        1.0299101211        0.5524766142       -0.1151907963
        1.8858723505        0.8408408928       -0.0363867985
        1.8858723505        0.8403962849       -0.0414303846
        1.2489494748        0.6312280750       -0.1014820737
        1.0299101211        0.5532815032       -0.1147282315
        1.4349337000        0.7066045963       -0.0723943554
        2.1342057980        0.8889071875       -0.0297000657
        2.0138705160        0.8739755672       -0.0295478179
        1.8858723505        0.8410023933       -0.0362093952
        2.1342057980        0.8888844189       -0.0295981036
        2.0138705160        0.8778776152       -0.0339020275
        1.8858723505        0.8403517864       -0.0418256682
        2.1342057980        0.8991400367       -0.0318111098
        2.0138705160        0.8778750847       -0.0340567496
        1.4349337000        0.7024135507       -0.0760560393
        1.2489494748        0.6309614236       -0.1022312655
        1.5994357307        0.7665589935       -0.0577513124
        1.8858723505        0.8402474805       -0.0418009782
        1.2489494748        0.6313154442       -0.1023927398
        1.0299101211        0.5544726591       -0.1134225012
        1.4349337000        0.7053995997       -0.0736416301
        2.1342057980        0.8893682832       -0.0294204837
        2.1342057980        0.8990533742       -0.0316847971
        1.5994357307        0.7670772377       -0.0576742754
        1.4349337000        0.7054062816       -0.0734198482
        1.7485292647        0.8277477913       -0.0490525393
        2.1342057980        0.8894592973       -0.0294153702
        2.1342057980        0.9013578770       -0.0258722903
        2.0138705160        0.8741165306       -0.0296755781
        2.0138705160        0.8740150098       -0.0296167569
        1.8858723505        0.8407397820       -0.0361399432
        2.1342057980        0.8891252059       -0.0294738605
        2.1342057980        0.8891854684       -0.0294548338
