#epsqw diagonal term
#1:q+G [au], 2:Re(eps-1), 3:Im(eps-1)
        1.8858723505        0.9503659944       -0.1813841649
        1.7485292647        0.9501387693       -0.2393480349
        2.0138705160        0.9565490601       -0.1353477581
        1.7485292647        0.9501348336       -0.2382161058
        1.5994357306        0.9253350286       -0.3232403783
        1.8858723505        0.9641373715       -0.1764954518
        2.0138705160        0.9572445797       -0.1357194660
        1.8858723505        0.9644228416       -0.1783552446
        2.1342057980        0.9611968440       -0.1081580566
        1.8858723505        0.9504820384       -0.1817315591
        1.7485292647        0.9534662238       -0.2387661935
        2.0138705160        0.9565937790       -0.1342470949
        1.8858723505        0.9505507132       -0.1811368376
        1.2489494748        0.7271354372       -0.7582580802
        1.0299101211        0.8745236101       -0.8177842620
        1.4349337000        0.9641364647       -0.4139079908
        2.1342057980        0.9788588116       -0.1268357582
        1.7485292647        0.9537597075       -0.2376018509
        1.0299101211        0.8671216849       -0.8095730241
        0.7493696849        0.6991348541       -1.1319359868
        1.2489494748        0.9344456671       -0.5950544269
        2.0138705160        0.9596526357       -0.1526413879
        2.0138705160        0.9567523941       -0.1338404881
        1.4349337000        0.9646422896       -0.4126102569
        1.2489494748        0.9362017299       -0.5955758283
        1.5994357307        0.9518814606       -0.3086982755
        2.1342057980        0.9791395600       -0.1276024802
        2.0138705160        0.9599787350       -0.1525625602
        1.7485292647        0.9521330591       -0.2374764886
        1.5994357306        0.9272103784       -0.3241556297
        1.8858723505        0.9625280402       -0.1750481424
        1.7485292647        0.9524500621       -0.2368887177
        1.0299101211        0.8723859085       -0.8090159573
        0.7493696849        0.7145700909       -1.1322498826
        1.2489494748        0.9383652252       -0.5884130119
        2.0138705160        0.9586377322       -0.1509812967
        1.5994357306        0.9262652331       -0.3224352994
        0.7493696849        0.6987438727       -1.1206832650
        0.2497898950        0.9652330453       -1.6220739936
        1.0299101211        0.8544469433       -0.7630252229
        1.8858723505        0.9429429256       -0.1865935104
        1.8858723505        0.9625923851       -0.1756158842
        1.2489494748        0.9370080205       -0.5878499395
        1.0299101211        0.8580433256       -0.7638459839
        1.4349337000        0.9386176291       -0.4279367839
        2.1342057980        0.9737877244       -0.1163007269
        2.0138705160        0.9582579081       -0.1498241146
        1.8858723505        0.9439310229       -0.1863324721
        2.1342057980        0.9736284062       -0.1157011319
        2.0138705160        0.9579477641       -0.1343759619
        1.8858723505        0.9654590298       -0.1781531398
        2.1342057980        0.9623393408       -0.1072539688
        2.0138705160        0.9571955031       -0.1341345412
        1.4349337000        0.9620182882       -0.4175690204
        1.2489494748        0.9339591548       -0.5942857670
        1.5994357307        0.9531163358       -0.3059403634
        1.8858723505        0.9646898845       -0.1775614652
        1.2489494748        0.9322155291       -0.5922340641
        1.0299101211        0.8515410835       -0.7703966603
        1.4349337000        0.9347204869       -0.4267035950
        2.1342057980        0.9736575746       -0.1173755477
        2.1342057980        0.9621731578       -0.1067268097
        1.5994357307        0.9549090154       -0.3052978440
        1.4349337000        0.9384781163       -0.4244968870
        1.7485292647        0.9158988795       -0.2690697367
        2.1342057980        0.9741840900       -0.1169035226
        2.1342057980        0.9789330100       -0.1287091286
        2.0138705160        0.9587118707       -0.1517242082
        2.0138705160        0.9578018073       -0.1514108596
        1.8858723505        0.9435620961       -0.1885493446
        2.1342057980        0.9733377898       -0.1158445515
        2.1342057980        0.9739731833       -0.1162711817
