#epsqw diagonal term
#1:q+G [au], 2:Re(eps-1), 3:Im(eps-1)
        1.8858723505        0.8710611370       -0.0364056985
        1.7485292647        0.8475512099       -0.0291948129
        2.0138705160        0.8893039653       -0.0337004642
        1.7485292647        0.8475372587       -0.0293694210
        1.5994357306        0.8202411863       -0.0259112372
        1.8858723505        0.8735760888       -0.0281296547
        2.0138705160        0.8890491819       -0.0337247455
        1.8858723505        0.8733280787       -0.0281253403
        2.1342057980        0.9022767223       -0.0324360457
        1.8858723505        0.8710889314       -0.0364704143
        1.7485292647        0.8474738642       -0.0291891712
        2.0138705160        0.8890621695       -0.0336076913
        1.8858723505        0.8711274042       -0.0366592132
        1.2489494748        0.6816870611       -0.0602723948
        1.0299101211        0.5820620854       -0.0501850134
        1.4349337000        0.7596072464       -0.0452721013
        2.1342057980        0.9083947807       -0.0352219651
        1.7485292647        0.8476014439       -0.0293527963
        1.0299101211        0.5821271921       -0.0501456418
        0.7493696849        0.4272953548       -0.0888051395
        1.2489494748        0.6878295640       -0.0400323974
        2.0138705160        0.8970390661       -0.0260963835
        2.0138705160        0.8890018593       -0.0335961863
        1.4349337000        0.7593123697       -0.0451415058
        1.2489494748        0.6875334288       -0.0399381602
        1.5994357307        0.8101329935       -0.0443197615
        2.1342057980        0.9081771252       -0.0352060162
        2.0138705160        0.8970174100       -0.0261647839
        1.7485292647        0.8476747231       -0.0293618834
        1.5994357306        0.8202795250       -0.0258231935
        1.8858723505        0.8733538188       -0.0280062357
        1.7485292647        0.8477457354       -0.0293911705
        1.0299101211        0.5820116714       -0.0495184868
        0.7493696849        0.4276730751       -0.0891962079
        1.2489494748        0.6880935960       -0.0403867082
        2.0138705160        0.8969299207       -0.0258927409
        1.5994357306        0.8200375502       -0.0259322382
        0.7493696849        0.4269923627       -0.0888397744
        0.2497898950        0.2058485322       -0.1413384707
        1.0299101211        0.5801522607       -0.0768123887
        1.8858723505        0.8811530001       -0.0191275710
        1.8858723505        0.8731309713       -0.0280154583
        1.2489494748        0.6878803504       -0.0404362927
        1.0299101211        0.5803969958       -0.0770842009
        1.4349337000        0.7608887258       -0.0395215234
        2.1342057980        0.9125941831       -0.0271691139
        2.0138705160        0.8967358147       -0.0259695574
        1.8858723505        0.8812395042       -0.0192427674
        2.1342057980        0.9125015353       -0.0272594438
        2.0138705160        0.8887849527       -0.0338038632
        1.8858723505        0.8729710584       -0.0278724106
        2.1342057980        0.9019278576       -0.0322685371
        2.0138705160        0.8889072882       -0.0337987762
        1.4349337000        0.7592152924       -0.0448996245
        1.2489494748        0.6875974598       -0.0398929282
        1.5994357307        0.8098381235       -0.0442534417
        1.8858723505        0.8729622014       -0.0279592442
        1.2489494748        0.6876328963       -0.0400955960
        1.0299101211        0.5809207576       -0.0768845269
        1.4349337000        0.7611181111       -0.0388862618
        2.1342057980        0.9123344141       -0.0271192966
        2.1342057980        0.9017604673       -0.0323924383
        1.5994357307        0.8092754085       -0.0445942475
        1.4349337000        0.7605651759       -0.0389526134
        1.7485292647        0.8425420816       -0.0428653710
        2.1342057980        0.9121375235       -0.0273056985
        2.1342057980        0.9078990561       -0.0352848319
        2.0138705160        0.8967857937       -0.0259942992
        2.0138705160        0.8966801953       -0.0259280038
        1.8858723505        0.8812357625       -0.0189767932
        2.1342057980        0.9121337131       -0.0274477559
        2.1342057980        0.9120834495       -0.0274751663
