#epsqw diagonal term
#1:q+G [au], 2:Re(eps-1), 3:Im(eps-1)
        1.8858723505        0.8641567306       -0.0240990711
        1.7485292647        0.8426966426       -0.0190867932
        2.0138705160        0.8834247841       -0.0202440146
        1.7485292647        0.8426935998       -0.0193105584
        1.5994357306        0.8179547613       -0.0176905811
        1.8858723505        0.8692865176       -0.0171648930
        2.0138705160        0.8833687307       -0.0202088396
        1.8858723505        0.8693173787       -0.0170067277
        2.1342057980        0.9013893877       -0.0170896659
        1.8858723505        0.8642653129       -0.0238395961
        1.7485292647        0.8426451469       -0.0191595581
        2.0138705160        0.8835440296       -0.0203672249
        1.8858723505        0.8640773727       -0.0239165523
        1.2489494748        0.6749470712       -0.0367691222
        1.0299101211        0.5772945444       -0.0357735759
        1.4349337000        0.7489303721       -0.0311875273
        2.1342057980        0.8973480256       -0.0239319136
        1.7485292647        0.8424179578       -0.0190987241
        1.0299101211        0.5780428710       -0.0358010436
        0.7493696849        0.4250100526       -0.0483039057
        1.2489494748        0.6855211660       -0.0288878929
        2.0138705160        0.8905228859       -0.0189490793
        2.0138705160        0.8836450518       -0.0203539484
        1.4349337000        0.7494658539       -0.0308207050
        1.2489494748        0.6857029651       -0.0287065577
        1.5994357307        0.8017718525       -0.0258605725
        2.1342057980        0.8973733254       -0.0237940680
        2.0138705160        0.8903864939       -0.0189015272
        1.7485292647        0.8426811454       -0.0194120015
        1.5994357306        0.8176836889       -0.0177779657
        1.8858723505        0.8692791109       -0.0171415932
        1.7485292647        0.8425105117       -0.0192420610
        1.0299101211        0.5779488628       -0.0356934583
        0.7493696849        0.4244466603       -0.0486396389
        1.2489494748        0.6850502633       -0.0285257086
        2.0138705160        0.8904835725       -0.0189223193
        1.5994357306        0.8175400836       -0.0173912609
        0.7493696849        0.4247647991       -0.0476446792
        0.2497898950        0.1792871213       -0.1627415119
        1.0299101211        0.5883299603       -0.0361794843
        1.8858723505        0.8803700727       -0.0126684849
        1.8858723505        0.8693057446       -0.0170080549
        1.2489494748        0.6851973933       -0.0285698727
        1.0299101211        0.5885337090       -0.0364794474
        1.4349337000        0.7587104184       -0.0246358156
        2.1342057980        0.9035400188       -0.0171955746
        2.0138705160        0.8906474704       -0.0189017110
        1.8858723505        0.8803465660       -0.0128116718
        2.1342057980        0.9035697027       -0.0171989452
        2.0138705160        0.8835458339       -0.0202574837
        1.8858723505        0.8693579022       -0.0171418118
        2.1342057980        0.9014354561       -0.0170159895
        2.0138705160        0.8837094304       -0.0203355722
        1.4349337000        0.7494182481       -0.0309508956
        1.2489494748        0.6857608475       -0.0285395707
        1.5994357307        0.8016797378       -0.0257303848
        1.8858723505        0.8694004011       -0.0172262048
        1.2489494748        0.6856252630       -0.0286623984
        1.0299101211        0.5884161579       -0.0366216964
        1.4349337000        0.7583775854       -0.0256470317
        2.1342057980        0.9037435415       -0.0173957804
        2.1342057980        0.9014956481       -0.0169811329
        1.5994357307        0.8014592786       -0.0252804196
        1.4349337000        0.7584449667       -0.0249928911
        1.7485292647        0.8406849640       -0.0208767000
        2.1342057980        0.9037241826       -0.0172978715
        2.1342057980        0.8973801351       -0.0238793182
        2.0138705160        0.8904508860       -0.0189133017
        2.0138705160        0.8907161599       -0.0189515789
        1.8858723505        0.8803135258       -0.0128626071
        2.1342057980        0.9037860617       -0.0174631263
        2.1342057980        0.9037091839       -0.0172919026
