#epsqw diagonal term
#1:q+G [au], 2:Re(eps-1), 3:Im(eps-1)
        1.8858723505        0.8684894584       -0.0070062002
        1.7485292647        0.8435502553       -0.0065669617
        2.0138705160        0.8872225193       -0.0068618430
        1.7485292647        0.8435162597       -0.0065442114
        1.5994357306        0.8103010142       -0.0062145613
        1.8858723505        0.8693969543       -0.0056489358
        2.0138705160        0.8872098426       -0.0068294125
        1.8858723505        0.8694043395       -0.0056629078
        2.1342057980        0.9018201610       -0.0072461473
        1.8858723505        0.8685203216       -0.0068480352
        1.7485292647        0.8436424197       -0.0066298393
        2.0138705160        0.8872180665       -0.0069510411
        1.8858723505        0.8684114226       -0.0067887205
        1.2489494748        0.6903289318       -0.0080913279
        1.0299101211        0.5770880354       -0.0125313205
        1.4349337000        0.7532702250       -0.0090923482
        2.1342057980        0.9002720181       -0.0063222443
        1.7485292647        0.8434911117       -0.0065543244
        1.0299101211        0.5769803787       -0.0124949708
        0.7493696849        0.4259274788       -0.0161049852
        1.2489494748        0.6825340772       -0.0095311961
        2.0138705160        0.8893553279       -0.0063845315
        2.0138705160        0.8870904921       -0.0068639759
        1.4349337000        0.7532659349       -0.0090811628
        1.2489494748        0.6826865396       -0.0096077995
        1.5994357307        0.8056453912       -0.0085862144
        2.1342057980        0.9003537828       -0.0063616237
        2.0138705160        0.8894711437       -0.0064310252
        1.7485292647        0.8433396798       -0.0064936526
        1.5994357306        0.8104767547       -0.0065349815
        1.8858723505        0.8693697263       -0.0055563022
        1.7485292647        0.8432348689       -0.0064631435
        1.0299101211        0.5763029999       -0.0122886985
        0.7493696849        0.4265416277       -0.0165439984
        1.2489494748        0.6825296860       -0.0094199044
        2.0138705160        0.8893880436       -0.0063092881
        1.5994357306        0.8104292213       -0.0065355213
        0.7493696849        0.4265315585       -0.0165785655
        0.2497898950        0.1392457834       -0.0204333276
        1.0299101211        0.5870156939       -0.0085428204
        1.8858723505        0.8757034306       -0.0037531163
        1.8858723505        0.8692077921       -0.0054900631
        1.2489494748        0.6824961748       -0.0093839141
        1.0299101211        0.5870132445       -0.0085002496
        1.4349337000        0.7584805884       -0.0065620807
        2.1342057980        0.9041383269       -0.0053523683
        2.0138705160        0.8894324182       -0.0063083965
        1.8858723505        0.8757420751       -0.0037508087
        2.1342057980        0.9042439783       -0.0054029396
        2.0138705160        0.8871519417       -0.0067679752
        1.8858723505        0.8694916952       -0.0056973941
        2.1342057980        0.9017275691       -0.0072235865
        2.0138705160        0.8870070197       -0.0067076571
        1.4349337000        0.7532184376       -0.0091307449
        1.2489494748        0.6830058763       -0.0096129792
        1.5994357307        0.8055686023       -0.0085154173
        1.8858723505        0.8692529389       -0.0055793678
        1.2489494748        0.6828197284       -0.0095049649
        1.0299101211        0.5871925782       -0.0081729166
        1.4349337000        0.7585580624       -0.0065673392
        2.1342057980        0.9040809969       -0.0053782662
        2.1342057980        0.9016099439       -0.0071415406
        1.5994357307        0.8056388875       -0.0085269774
        1.4349337000        0.7588393832       -0.0067355908
        1.7485292647        0.8411610014       -0.0083820526
        2.1342057980        0.9042940471       -0.0054913253
        2.1342057980        0.9003194607       -0.0064016443
        2.0138705160        0.8894139783       -0.0064024530
        2.0138705160        0.8893627955       -0.0063563274
        1.8858723505        0.8756283037       -0.0037349195
        2.1342057980        0.9041387617       -0.0055030717
        2.1342057980        0.9042142879       -0.0055506892
