#epsqw diagonal term
#1:q+G [au], 2:Re(eps-1), 3:Im(eps-1)
        1.8858723505        0.8857901880       -0.0246399237
        1.7485292647        0.8507532283       -0.0248488264
        2.0138705160        0.9041397471       -0.0265588993
        1.7485292647        0.8507784021       -0.0248971021
        1.5994357306        0.8102885180       -0.0211216686
        1.8858723505        0.8785025675       -0.0253975943
        2.0138705160        0.9042869690       -0.0266175570
        1.8858723505        0.8786172934       -0.0254717840
        2.1342057980        0.9217677137       -0.0252883137
        1.8858723505        0.8856995636       -0.0248026240
        1.7485292647        0.8511650085       -0.0247564734
        2.0138705160        0.9044864332       -0.0266306281
        1.8858723505        0.8856874141       -0.0245544468
        1.2489494748        0.6972129978       -0.0400251949
        1.0299101211        0.5468621261       -0.0647695700
        1.4349337000        0.7615982773       -0.0296179741
        2.1342057980        0.9190349919       -0.0236521968
        1.7485292647        0.8510836626       -0.0246853047
        1.0299101211        0.5467879037       -0.0651708568
        0.7493696849        0.4049076730       -0.1260104688
        1.2489494748        0.6785402755       -0.0432025394
        2.0138705160        0.8999675874       -0.0214698439
        2.0138705160        0.9044229318       -0.0264782277
        1.4349337000        0.7617961765       -0.0297983631
        1.2489494748        0.6788549502       -0.0434042251
        1.5994357307        0.8219892927       -0.0231813842
        2.1342057980        0.9190895377       -0.0237155985
        2.0138705160        0.9000350597       -0.0214822957
        1.7485292647        0.8511220892       -0.0245678648
        1.5994357306        0.8103955021       -0.0211173315
        1.8858723505        0.8789140006       -0.0252248077
        1.7485292647        0.8510036392       -0.0243916662
        1.0299101211        0.5465220917       -0.0656266959
        0.7493696849        0.4037775106       -0.1269145388
        1.2489494748        0.6793344274       -0.0430343924
        2.0138705160        0.9000565440       -0.0218396566
        1.5994357306        0.8103999218       -0.0210197767
        0.7493696849        0.4039833177       -0.1286803432
        0.2497898950        0.0930698705       -0.2173111304
        1.0299101211        0.5893125805       -0.0743907219
        1.8858723505        0.8754551240       -0.0210422383
        1.8858723505        0.8788777325       -0.0250139769
        1.2489494748        0.6795308541       -0.0435221938
        1.0299101211        0.5895254074       -0.0743187802
        1.4349337000        0.7660429146       -0.0325155136
        2.1342057980        0.9159711094       -0.0210864060
        2.0138705160        0.9001651972       -0.0219123411
        1.8858723505        0.8755280376       -0.0209646082
        2.1342057980        0.9160222307       -0.0211220395
        2.0138705160        0.9043783254       -0.0267293353
        1.8858723505        0.8788485319       -0.0256258808
        2.1342057980        0.9219035523       -0.0256166523
        2.0138705160        0.9041811241       -0.0265261883
        1.4349337000        0.7618395417       -0.0300315535
        1.2489494748        0.6788251459       -0.0435781153
        1.5994357307        0.8220716141       -0.0233622821
        1.8858723505        0.8787911983       -0.0253937078
        1.2489494748        0.6787515282       -0.0438792605
        1.0299101211        0.5899301515       -0.0737767475
        1.4349337000        0.7668252519       -0.0324346673
        2.1342057980        0.9164117265       -0.0210683700
        2.1342057980        0.9219825194       -0.0253204870
        1.5994357307        0.8222349262       -0.0233285827
        1.4349337000        0.7670814776       -0.0323382117
        1.7485292647        0.8625837470       -0.0239312152
        2.1342057980        0.9164631362       -0.0210583485
        2.1342057980        0.9193293171       -0.0235308011
        2.0138705160        0.8999467905       -0.0216900240
        2.0138705160        0.8999208062       -0.0217740375
        1.8858723505        0.8751251069       -0.0207473155
        2.1342057980        0.9161625376       -0.0210602801
        2.1342057980        0.9161892586       -0.0210582331
