#epsqw diagonal term
#1:q+G [au], 2:Re(eps-1), 3:Im(eps-1)
        1.8858723505        0.8846732847       -0.1267799765
        1.7485292647        0.8584546119       -0.1719911320
        2.0138705160        0.9167349588       -0.1035716699
        1.7485292647        0.8585198401       -0.1730647106
        1.5994357306        0.8087065902       -0.2360451442
        1.8858723505        0.8895436415       -0.1385608487
        2.0138705160        0.9166690333       -0.1036527858
        1.8858723505        0.8896418846       -0.1377377581
        2.1342057980        0.9340249151       -0.0822696946
        1.8858723505        0.8839278659       -0.1270416061
        1.7485292647        0.8606690549       -0.1714701781
        2.0138705160        0.9170192323       -0.1028735251
        1.8858723505        0.8839469085       -0.1270096403
        1.2489494748        0.6992171740       -0.2878668008
        1.0299101211        0.5912415821       -0.4982176920
        1.4349337000        0.7791741659       -0.3007164053
        2.1342057980        0.9270908590       -0.0907183811
        1.7485292647        0.8592706558       -0.1716517011
        1.0299101211        0.5938889172       -0.4971739187
        0.7493696849        0.3017850909       -0.5058392436
        1.2489494748        0.6960013374       -0.3981077460
        2.0138705160        0.9157606028       -0.1082660998
        2.0138705160        0.9165732877       -0.1025975838
        1.4349337000        0.7801180169       -0.2981660108
        1.2489494748        0.6943266111       -0.3977835087
        1.5994357307        0.8367738226       -0.2073576502
        2.1342057980        0.9272304817       -0.0903977681
        2.0138705160        0.9159845535       -0.1076982144
        1.7485292647        0.8608520459       -0.1727468199
        1.5994357306        0.8111091039       -0.2371637626
        1.8858723505        0.8899009985       -0.1381950409
        1.7485292647        0.8592228405       -0.1724811259
        1.0299101211        0.5954335119       -0.4971228081
        0.7493696849        0.2982636388       -0.5121183527
        1.2489494748        0.6962407597       -0.3965373678
        2.0138705160        0.9154443858       -0.1079642125
        1.5994357306        0.8103086482       -0.2379968386
        0.7493696849        0.2990944360       -0.5116820643
        0.2497898950        0.1606702397       -0.5231834987
        1.0299101211        0.5000502589       -0.4085618201
        1.8858723505        0.8978962711       -0.1420293511
        1.8858723505        0.8892887684       -0.1380192371
        1.2489494748        0.6982487678       -0.3980474502
        1.0299101211        0.4989742434       -0.4095089534
        1.4349337000        0.7840437217       -0.2634955957
        2.1342057980        0.9374543941       -0.0950946286
        2.0138705160        0.9158094449       -0.1083889707
        1.8858723505        0.8977870517       -0.1420658436
        2.1342057980        0.9382709504       -0.0952546992
        2.0138705160        0.9185629122       -0.1024433679
        1.8858723505        0.8907066650       -0.1385151166
        2.1342057980        0.9334551836       -0.0825392568
        2.0138705160        0.9179736060       -0.1026970543
        1.4349337000        0.7836843226       -0.2950030356
        1.2489494748        0.6946794614       -0.3966556093
        1.5994357307        0.8347972065       -0.2080207413
        1.8858723505        0.8902432995       -0.1388564776
        1.2489494748        0.6968880244       -0.3971624236
        1.0299101211        0.4997155493       -0.4041525291
        1.4349337000        0.7833807270       -0.2651593097
        2.1342057980        0.9367106948       -0.0952627473
        2.1342057980        0.9337587257       -0.0829705142
        1.5994357307        0.8343291822       -0.2091509371
        1.4349337000        0.7815240886       -0.2663427566
        1.7485292647        0.8791611130       -0.1294202304
        2.1342057980        0.9367119446       -0.0949309658
        2.1342057980        0.9277651428       -0.0899120354
        2.0138705160        0.9150740621       -0.1075469694
        2.0138705160        0.9152335125       -0.1086374093
        1.8858723505        0.8967669967       -0.1415665454
        2.1342057980        0.9370438814       -0.0950374540
        2.1342057980        0.9363865888       -0.0942912611
