#epsqw diagonal term
#1:q+G [au], 2:Re(eps-1), 3:Im(eps-1)
        1.8858723505        1.0751744285       -0.0444480370
        1.7485292647        1.0925551814       -0.0597984432
        2.0138705160        1.0618924059       -0.0357699518
        1.7485292647        1.0920836337       -0.0593678118
        1.5994357306        1.1135466541       -0.0828613673
        1.8858723505        1.0765138691       -0.0473327057
        2.0138705160        1.0615517440       -0.0360980837
        1.8858723505        1.0764622460       -0.0480876726
        2.1342057980        1.0504427457       -0.0285050322
        1.8858723505        1.0746112024       -0.0453684592
        1.7485292647        1.0925122358       -0.0616728669
        2.0138705160        1.0621802128       -0.0361963881
        1.8858723505        1.0742578657       -0.0461102666
        1.2489494748        1.1225766864       -0.0279692711
        1.0299101211        1.1527652993       -0.0299325339
        1.4349337000        1.1054284270       -0.0346882911
        2.1342057980        1.0610976999       -0.0526251294
        1.7485292647        1.0918169592       -0.0626044477
        1.0299101211        1.1520790747       -0.0297438301
        0.7493696849        1.1823665282       -0.0301753840
        1.2489494748        1.1278533444       -0.0406387686
        2.0138705160        1.0765732065       -0.0722981883
        2.0138705160        1.0616816075       -0.0367854530
        1.4349337000        1.1049990902       -0.0346857562
        1.2489494748        1.1277631971       -0.0407764739
        1.5994357307        1.0889750288       -0.0341066967
        2.1342057980        1.0612041654       -0.0516636931
        2.0138705160        1.0768400530       -0.0710924633
        1.7485292647        1.0914265175       -0.0607651471
        1.5994357306        1.1132927111       -0.0854669116
        1.8858723505        1.0767709760       -0.0476733172
        1.7485292647        1.0912047202       -0.0621022359
        1.0299101211        1.1514507322       -0.0295614774
        0.7493696849        1.1822986928       -0.0307835161
        1.2489494748        1.1285933737       -0.0401684210
        2.0138705160        1.0769750131       -0.0717084232
        1.5994357306        1.1129657412       -0.0873739178
        0.7493696849        1.1823363944       -0.0311716827
        0.2497898950        1.1974307985       -0.0083499312
        1.0299101211        1.1621571427       -0.0574319272
        1.8858723505        1.0923599456       -0.0933605863
        1.8858723505        1.0766710814       -0.0485589330
        1.2489494748        1.1288440170       -0.0397393853
        1.0299101211        1.1625303350       -0.0565037923
        1.4349337000        1.1081219730       -0.0371918341
        2.1342057980        1.0636478555       -0.0542894726
        2.0138705160        1.0774617166       -0.0700393854
        1.8858723505        1.0929642604       -0.0912702124
        2.1342057980        1.0639422272       -0.0530838204
        2.0138705160        1.0614053607       -0.0370591173
        1.8858723505        1.0763678507       -0.0492474115
        2.1342057980        1.0505459929       -0.0285935555
        2.0138705160        1.0612743840       -0.0373150327
        1.4349337000        1.1048210295       -0.0348350499
        1.2489494748        1.1279651274       -0.0400814782
        1.5994357307        1.0894221231       -0.0338774090
        1.8858723505        1.0763613607       -0.0493884701
        1.2489494748        1.1282814603       -0.0395284880
        1.0299101211        1.1631830639       -0.0550837336
        1.4349337000        1.1087976579       -0.0376959546
        2.1342057980        1.0638965558       -0.0550710123
        2.1342057980        1.0506696328       -0.0288133347
        1.5994357307        1.0902313625       -0.0338809105
        1.4349337000        1.1094842465       -0.0381224740
        1.7485292647        1.0752921337       -0.0310222928
        2.1342057980        1.0644425018       -0.0545083668
        2.1342057980        1.0612504784       -0.0504625562
        2.0138705160        1.0771387475       -0.0686884280
        2.0138705160        1.0772979474       -0.0682222562
        1.8858723505        1.0934895694       -0.0882965726
        2.1342057980        1.0643925953       -0.0521422823
        2.1342057980        1.0646682358       -0.0528016992
