#epsqw diagonal term
#1:q+G [au], 2:Re(eps-1), 3:Im(eps-1)
        1.8858723505        0.8650266108       -0.0173754185
        1.7485292647        0.8460090358       -0.0136771040
        2.0138705160        0.8852216908       -0.0142316109
        1.7485292647        0.8460002872       -0.0135214679
        1.5994357306        0.8225049288       -0.0154196014
        1.8858723505        0.8716264121       -0.0132015617
        2.0138705160        0.8852546506       -0.0140449675
        1.8858723505        0.8716824640       -0.0132581626
        2.1342057980        0.9034192132       -0.0142189246
        1.8858723505        0.8652307728       -0.0173957126
        1.7485292647        0.8460351702       -0.0134712964
        2.0138705160        0.8851515824       -0.0143500634
        1.8858723505        0.8652650376       -0.0172493780
        1.2489494748        0.6772641839       -0.0254330355
        1.0299101211        0.5864727200       -0.0277977365
        1.4349337000        0.7517673245       -0.0230413194
        2.1342057980        0.8984760590       -0.0166467141
        1.7485292647        0.8459975250       -0.0133550008
        1.0299101211        0.5864565814       -0.0282867034
        0.7493696849        0.4520088884       -0.0417452109
        1.2489494748        0.6920373724       -0.0253051324
        2.0138705160        0.8918970299       -0.0130626090
        2.0138705160        0.8851474118       -0.0142815847
        1.4349337000        0.7518753525       -0.0232170252
        1.2489494748        0.6922127528       -0.0253124917
        1.5994357307        0.8046895815       -0.0197823488
        2.1342057980        0.8985380627       -0.0166022459
        2.0138705160        0.8919081775       -0.0129748748
        1.7485292647        0.8460279673       -0.0135175224
        1.5994357306        0.8222153327       -0.0150768944
        1.8858723505        0.8716319640       -0.0130963985
        1.7485292647        0.8459768090       -0.0135756327
        1.0299101211        0.5869757855       -0.0281748800
        0.7493696849        0.4511490194       -0.0409720466
        1.2489494748        0.6918672988       -0.0253542180
        2.0138705160        0.8920319931       -0.0133172337
        1.5994357306        0.8223149915       -0.0150104506
        0.7493696849        0.4514584566       -0.0410653688
        0.2497898950        0.1915391125       -0.1648960413
        1.0299101211        0.6045569608       -0.0346690706
        1.8858723505        0.8830445186       -0.0124265634
        1.8858723505        0.8716578282       -0.0131288501
        1.2489494748        0.6919567884       -0.0253491378
        1.0299101211        0.6047153543       -0.0347714826
        1.4349337000        0.7617613544       -0.0228587405
        2.1342057980        0.9058106466       -0.0123171613
        2.0138705160        0.8921317579       -0.0132241564
        1.8858723505        0.8830894639       -0.0123787931
        2.1342057980        0.9058295920       -0.0123190671
        2.0138705160        0.8853406677       -0.0140232322
        1.8858723505        0.8715683418       -0.0130102773
        2.1342057980        0.9034847222       -0.0141461090
        2.0138705160        0.8852753085       -0.0141583461
        1.4349337000        0.7519061769       -0.0232657193
        1.2489494748        0.6922738238       -0.0254127534
        1.5994357307        0.8047753081       -0.0195879152
        1.8858723505        0.8714883034       -0.0130480563
        1.2489494748        0.6921765360       -0.0253024432
        1.0299101211        0.6048488062       -0.0351380392
        1.4349337000        0.7612593455       -0.0223711914
        2.1342057980        0.9057282522       -0.0122642825
        2.1342057980        0.9034605872       -0.0141650564
        1.5994357307        0.8050593902       -0.0194446590
        1.4349337000        0.7616944078       -0.0222467152
        1.7485292647        0.8452732514       -0.0175773357
        2.1342057980        0.9057211166       -0.0122073681
        2.1342057980        0.8984862875       -0.0166262189
        2.0138705160        0.8918784799       -0.0130876877
        2.0138705160        0.8919380908       -0.0130899495
        1.8858723505        0.8831768836       -0.0122355931
        2.1342057980        0.9056688810       -0.0124104896
        2.1342057980        0.9057017085       -0.0123348502
