#epsqw diagonal term
#1:q+G [au], 2:Re(eps-1), 3:Im(eps-1)
        1.8858723505        0.8982396275       -0.1473389037
        1.7485292647        0.8834154970       -0.1949789726
        2.0138705160        0.9157540920       -0.1154804261
        1.7485292647        0.8837109648       -0.1947848594
        1.5994357306        0.8516304933       -0.2358928600
        1.8858723505        0.9090985713       -0.1529518090
        2.0138705160        0.9155280100       -0.1154935447
        1.8858723505        0.9086932939       -0.1525864398
        2.1342057980        0.9299882230       -0.0850675702
        1.8858723505        0.8993346939       -0.1496268268
        1.7485292647        0.8831036657       -0.1946462826
        2.0138705160        0.9161761708       -0.1166177367
        1.8858723505        0.8991315374       -0.1502853039
        1.2489494748        0.7150879464       -0.4384858530
        1.0299101211        0.7841943013       -0.5432224595
        1.4349337000        0.8084631219       -0.3066036130
        2.1342057980        0.9326091657       -0.1047172430
        1.7485292647        0.8831162364       -0.1951083575
        1.0299101211        0.7829937734       -0.5437037496
        0.7493696849        0.7843069663       -0.7502838262
        1.2489494748        0.8051277650       -0.4262301427
        2.0138705160        0.9162723260       -0.1249179622
        2.0138705160        0.9164983102       -0.1159736467
        1.4349337000        0.8084752367       -0.3062937672
        1.2489494748        0.8049108017       -0.4262401464
        1.5994357307        0.8357118727       -0.2414897796
        2.1342057980        0.9329329138       -0.1042472029
        2.0138705160        0.9165160929       -0.1246992698
        1.7485292647        0.8847471356       -0.1959344208
        1.5994357306        0.8499620403       -0.2371135659
        1.8858723505        0.9085461913       -0.1540819603
        1.7485292647        0.8842099873       -0.1968546333
        1.0299101211        0.7861839384       -0.5429452651
        0.7493696849        0.7871490925       -0.7610013656
        1.2489494748        0.8033727926       -0.4224182371
        2.0138705160        0.9149222205       -0.1241001656
        1.5994357306        0.8498743709       -0.2362861577
        0.7493696849        0.7875702700       -0.7618089810
        0.2497898950        1.0337425962       -1.2059263654
        1.0299101211        0.7755505038       -0.5737091180
        1.8858723505        0.8908782096       -0.1346348655
        1.8858723505        0.9084444524       -0.1545312412
        1.2489494748        0.8040996474       -0.4215538779
        1.0299101211        0.7797792924       -0.5704158002
        1.4349337000        0.8239444588       -0.3173366996
        2.1342057980        0.9369177036       -0.0968986840
        2.0138705160        0.9152974013       -0.1237679650
        1.8858723505        0.8905187365       -0.1343928426
        2.1342057980        0.9370728793       -0.0966260569
        2.0138705160        0.9168659374       -0.1158156113
        1.8858723505        0.9098678977       -0.1528491780
        2.1342057980        0.9301952093       -0.0851485267
        2.0138705160        0.9169530205       -0.1150415892
        1.4349337000        0.8112875251       -0.3053051904
        1.2489494748        0.8040904034       -0.4263476246
        1.5994357307        0.8355723282       -0.2406269955
        1.8858723505        0.9098429442       -0.1531553892
        1.2489494748        0.8046589412       -0.4256766816
        1.0299101211        0.7831845834       -0.5654017946
        1.4349337000        0.8229718003       -0.3140546488
        2.1342057980        0.9372526707       -0.0969791813
        2.1342057980        0.9300257830       -0.0852438474
        1.5994357307        0.8354202665       -0.2412366186
        1.4349337000        0.8223035819       -0.3155472078
        1.7485292647        0.8427340713       -0.1830552382
        2.1342057980        0.9369828089       -0.0968332438
        2.1342057980        0.9326252557       -0.1043017044
        2.0138705160        0.9153272547       -0.1238931263
        2.0138705160        0.9153661528       -0.1240267439
        1.8858723505        0.8914227920       -0.1336462538
        2.1342057980        0.9368808366       -0.0963780357
        2.1342057980        0.9369274982       -0.0961017917
