#epsqw diagonal term
#1:q+G [au], 2:Re(eps-1), 3:Im(eps-1)
        1.8858723505        0.8750168380       -0.0007425674
        1.7485292647        0.8521679135       -0.0007474972
        2.0138705160        0.8935919226       -0.0006705868
        1.7485292647        0.8521689846       -0.0007477586
        1.5994357306        0.8215278086       -0.0007815881
        1.8858723505        0.8771551619       -0.0006460703
        2.0138705160        0.8936107450       -0.0006699931
        1.8858723505        0.8771753141       -0.0006454371
        2.1342057980        0.9078771853       -0.0006360776
        1.8858723505        0.8751624255       -0.0007364884
        1.7485292647        0.8521719017       -0.0007505538
        2.0138705160        0.8935218015       -0.0006774434
        1.8858723505        0.8751340937       -0.0007365473
        1.2489494748        0.7026084622       -0.0012341255
        1.0299101211        0.5971543731       -0.0015270022
        1.4349337000        0.7640938816       -0.0010994145
        2.1342057980        0.9071754707       -0.0006320095
        1.7485292647        0.8521264555       -0.0007507770
        1.0299101211        0.5971219941       -0.0015276008
        0.7493696849        0.4598739365       -0.0019558059
        1.2489494748        0.6976525036       -0.0012435322
        2.0138705160        0.8971315260       -0.0006018156
        2.0138705160        0.8935212365       -0.0006761820
        1.4349337000        0.7641238994       -0.0010979578
        1.2489494748        0.6977081322       -0.0012430524
        1.5994357307        0.8147526351       -0.0009443171
        2.1342057980        0.9072037389       -0.0006308209
        2.0138705160        0.8971589932       -0.0006014178
        1.7485292647        0.8521960468       -0.0007489340
        1.5994357306        0.8215681819       -0.0007823749
        1.8858723505        0.8772019085       -0.0006470210
        1.7485292647        0.8521557185       -0.0007488180
        1.0299101211        0.5971687652       -0.0015273104
        0.7493696849        0.4599001093       -0.0019570811
        1.2489494748        0.6976578492       -0.0012428544
        2.0138705160        0.8971241942       -0.0006011434
        1.5994357306        0.8215115728       -0.0007827693
        0.7493696849        0.4598736612       -0.0019575704
        0.2497898950        0.2034776301       -0.0026989423
        1.0299101211        0.6101885828       -0.0015100406
        1.8858723505        0.8833164896       -0.0005420851
        1.8858723505        0.8771878780       -0.0006460210
        1.2489494748        0.6976857041       -0.0012419359
        1.0299101211        0.6102362995       -0.0015099368
        1.4349337000        0.7698602705       -0.0009824398
        2.1342057980        0.9112866548       -0.0005337527
        2.0138705160        0.8971656739       -0.0006007622
        1.8858723505        0.8833656872       -0.0005417815
        2.1342057980        0.9113049217       -0.0005344769
        2.0138705160        0.8935740664       -0.0006766195
        1.8858723505        0.8772090243       -0.0006446430
        2.1342057980        0.9079352005       -0.0006309794
        2.0138705160        0.8935550882       -0.0006759780
        1.4349337000        0.7640257238       -0.0011053886
        1.2489494748        0.6977274106       -0.0012391540
        1.5994357307        0.8147998004       -0.0009351901
        1.8858723505        0.8771741561       -0.0006441320
        1.2489494748        0.6977089725       -0.0012383206
        1.0299101211        0.6102088201       -0.0015086032
        1.4349337000        0.7698205039       -0.0009817616
        2.1342057980        0.9112836527       -0.0005335639
        2.1342057980        0.9079351164       -0.0006303564
        1.5994357307        0.8148281507       -0.0009347587
        1.4349337000        0.7698662136       -0.0009827352
        1.7485292647        0.8501193235       -0.0008244444
        2.1342057980        0.9113051621       -0.0005341934
        2.1342057980        0.9071165205       -0.0006366052
        2.0138705160        0.8971486166       -0.0005984217
        2.0138705160        0.8971616147       -0.0005982351
        1.8858723505        0.8833311057       -0.0005422394
        2.1342057980        0.9112738583       -0.0005346732
        2.1342057980        0.9112769248       -0.0005345149
