#epsqw diagonal term
#1:q+G [au], 2:Re(eps-1), 3:Im(eps-1)
        1.8748114202        0.8799670474       -0.0238477892
        1.8748114202        0.8800801975       -0.0236471023
        2.1823880713        0.9217187509       -0.0254251378
        1.8070245972        0.8652784602       -0.0225403888
        1.8070245972        0.8651483087       -0.0223919811
        2.1823880713        0.9218136290       -0.0252798550
        2.1244382145        0.9157042952       -0.0257705508
        2.1244382145        0.9155022194       -0.0255404338
        2.1244382145        0.9185343228       -0.0321997535
        1.7365937718        0.8518748269       -0.0312877790
        1.7365937718        0.8520683079       -0.0313174936
        2.1244382145        0.9187968453       -0.0322722275
        1.6631830813        0.8371758620       -0.0326477338
        1.1263650221        0.6057460367       -0.0569356272
        1.1263650221        0.6057717924       -0.0569523092
        1.6631830813        0.8373618777       -0.0323985176
        1.5863788940        0.8128121067       -0.0360586512
        1.0095138417        0.5324041826       -0.0688216780
        1.0095138417        0.5314251682       -0.0686011809
        1.5863788940        0.8129300010       -0.0356204281
        1.9402313851        0.8964767428       -0.0316474597
        1.5056619903        0.7881466137       -0.0361809015
        1.5056619903        0.7882988934       -0.0365078661
        1.9402313851        0.8964373109       -0.0311741266
        1.9402313851        0.8873183196       -0.0291401161
        1.5056619903        0.7810394703       -0.0275574610
        1.5056619903        0.7807629135       -0.0272139619
        1.9402313851        0.8873639045       -0.0291815412
        1.4203654679        0.7501017924       -0.0342801766
        0.7210813155        0.3525012239       -0.0959059731
        0.7210813155        0.3524441086       -0.0966866284
        1.4203654679        0.7496431664       -0.0348008614
        2.1823880713        0.9162601376       -0.0264649627
        1.3296082490        0.7219339651       -0.0426530975
        0.5199791313        0.2118473785       -0.1199409744
        0.5199791313        0.2104203671       -0.1211337250
        1.3296082490        0.7220587254       -0.0429135412
        2.1823880713        0.9160710102       -0.0261705433
        1.7365937718        0.8516962845       -0.0337468309
        1.2321842920        0.6704205538       -0.0464655124
        1.2321842920        0.6711828730       -0.0467911574
        1.7365937718        0.8522419054       -0.0337841057
        2.0648626494        0.9064350915       -0.0295785797
        2.0648626494        0.9060528091       -0.0293105961
        2.1244382145        0.9188068209       -0.0320219498
        1.7365937718        0.8521076496       -0.0310873568
        1.7365937718        0.8518139879       -0.0313177845
        2.1244382145        0.9187925485       -0.0324595614
        1.6631830813        0.8372980254       -0.0325534528
        1.1263650221        0.6058378904       -0.0574066001
        1.1263650221        0.6064225596       -0.0571737773
        1.6631830813        0.8374873729       -0.0319968196
        1.5863788940        0.8126379232       -0.0358470235
        1.0095138417        0.5320067146       -0.0689555115
        1.0095138417        0.5313730781       -0.0686431171
        1.5863788940        0.8131525671       -0.0356591745
        1.9402313851        0.8968830412       -0.0314083499
        1.5056619903        0.7886911304       -0.0361590671
        1.5056619903        0.7884636055       -0.0365375921
        1.9402313851        0.8966780013       -0.0313409306
        1.8748114202        0.8800543632       -0.0237967820
        1.8748114202        0.8801255430       -0.0238061263
        2.1823880713        0.9219690262       -0.0255308019
        1.8070245972        0.8653626639       -0.0225666215
        1.8070245972        0.8651827376       -0.0223550587
        2.1823880713        0.9217001144       -0.0253374308
        2.1244382145        0.9157724501       -0.0257457933
        2.1244382145        0.9153337320       -0.0257127547
