#epsqw diagonal term
#1:q+G [au], 2:Re(eps-1), 3:Im(eps-1)
        1.8748114202        1.0324819861       -0.0917914844
        1.8748114202        1.0338210508       -0.0915775903
        2.1823880713        0.9999616496       -0.0542778251
        1.8070245972        1.0382392569       -0.0967844283
        1.8070245972        1.0372163010       -0.0973830136
        2.1823880713        1.0007100593       -0.0540853233
        2.1244382145        1.0014330747       -0.0554864016
        2.1244382145        1.0017680353       -0.0550019422
        2.1244382145        0.9943163090       -0.0618367768
        1.7365937718        1.0513861854       -0.1177309537
        1.7365937718        1.0510331525       -0.1164748335
        2.1244382145        0.9944230705       -0.0619664602
        1.6631830813        1.0690912133       -0.1313168503
        1.1263650221        1.2843740553       -0.3219767913
        1.1263650221        1.2858131923       -0.3203973686
        1.6631830813        1.0675858040       -0.1309420458
        1.5863788940        1.0917117067       -0.1519205833
        1.0095138417        1.3697933382       -0.3673702369
        1.0095138417        1.3698453864       -0.3686307049
        1.5863788940        1.0920502093       -0.1535709146
        1.9402313851        1.0144033261       -0.0881864334
        1.5056619903        1.1063209394       -0.1604160381
        1.5056619903        1.1085100767       -0.1604819914
        1.9402313851        1.0148561575       -0.0877029573
        1.9402313851        1.0160732501       -0.0788340450
        1.5056619903        1.0917223733       -0.1692988858
        1.5056619903        1.0903851988       -0.1686852809
        1.9402313851        1.0152822576       -0.0791371924
        1.4203654679        1.1358864715       -0.2059292566
        0.7210813155        1.6017385808       -0.5965724343
        0.7210813155        1.5970959554       -0.5969327124
        1.4203654679        1.1350742685       -0.2070562334
        2.1823880713        0.9911829170       -0.0557450642
        1.3296082490        1.1034803243       -0.2234683315
        0.5199791313        1.7320839929       -0.6124875891
        0.5199791313        1.7285773469       -0.6134315041
        1.3296082490        1.1038369828       -0.2260849249
        2.1823880713        0.9909879956       -0.0555452228
        1.7365937718        1.0632842047       -0.1138088799
        1.2321842920        1.1760304559       -0.2629772028
        1.2321842920        1.1771575699       -0.2633654817
        1.7365937718        1.0633007900       -0.1136282714
        2.0648626494        1.0012091034       -0.0733160734
        2.0648626494        1.0010144771       -0.0731055256
        2.1244382145        0.9946302647       -0.0614151164
        1.7365937718        1.0523083983       -0.1166930414
        1.7365937718        1.0517064195       -0.1162940869
        2.1244382145        0.9944770486       -0.0619528077
        1.6631830813        1.0691242315       -0.1301874591
        1.1263650221        1.2850741214       -0.3209366736
        1.1263650221        1.2875234485       -0.3199404007
        1.6631830813        1.0669220640       -0.1306116607
        1.5863788940        1.0908568559       -0.1527342707
        1.0095138417        1.3709082387       -0.3693357741
        1.0095138417        1.3665258340       -0.3677388484
        1.5863788940        1.0912099742       -0.1535519638
        1.9402313851        1.0140083638       -0.0885188974
        1.5056619903        1.1064078598       -0.1592536290
        1.5056619903        1.1077152796       -0.1608750607
        1.9402313851        1.0137003736       -0.0880422177
        1.8748114202        1.0335044147       -0.0913070149
        1.8748114202        1.0332636969       -0.0913525012
        2.1823880713        1.0000723321       -0.0543296432
        1.8070245972        1.0374427097       -0.0968206371
        1.8070245972        1.0367214331       -0.0972995475
        2.1823880713        1.0000105741       -0.0547811690
        2.1244382145        1.0015880900       -0.0556387152
        2.1244382145        1.0013730397       -0.0556275907
