#epsqw diagonal term
#1:q+G [au], 2:Re(eps-1), 3:Im(eps-1)
        1.8748114202        0.8728480581       -0.0008340164
        1.8748114202        0.8728750789       -0.0008302856
        2.1823880713        0.9145512384       -0.0006955659
        1.8070245972        0.8635408260       -0.0007867619
        1.8070245972        0.8635324751       -0.0007886457
        2.1823880713        0.9145451518       -0.0006963315
        2.1244382145        0.9069776411       -0.0007699670
        2.1244382145        0.9069815263       -0.0007714897
        2.1244382145        0.9046702671       -0.0010989639
        1.7365937718        0.8454059904       -0.0012116990
        1.7365937718        0.8453134652       -0.0012180353
        2.1244382145        0.9045900509       -0.0011063594
        1.6631830813        0.8287903499       -0.0012838617
        1.1263650221        0.6390260556       -0.0017946224
        1.1263650221        0.6389610370       -0.0017953880
        1.6631830813        0.8287556943       -0.0012854898
        1.5863788940        0.8099665305       -0.0013093259
        1.0095138417        0.5813317419       -0.0018889233
        1.0095138417        0.5813329011       -0.0018889923
        1.5863788940        0.8100067951       -0.0013080109
        1.9402313851        0.8806758800       -0.0012139118
        1.5056619903        0.7861884305       -0.0014406225
        1.5056619903        0.7861915133       -0.0014396256
        1.9402313851        0.8807273651       -0.0012088959
        1.9402313851        0.8856604331       -0.0006484859
        1.5056619903        0.7891234443       -0.0010950534
        1.5056619903        0.7891041689       -0.0010960647
        1.9402313851        0.8856628716       -0.0006496975
        1.4203654679        0.7597764263       -0.0011836699
        0.7210813155        0.4269528709       -0.0024026899
        0.7210813155        0.4269018118       -0.0024026996
        1.4203654679        0.7597454333       -0.0011861402
        2.1823880713        0.9195297404       -0.0004847318
        1.3296082490        0.7330553975       -0.0013180271
        0.5199791313        0.3181773010       -0.0029184283
        0.5199791313        0.3182164727       -0.0029194387
        1.3296082490        0.7330560613       -0.0013188270
        2.1823880713        0.9195236197       -0.0004852789
        1.7365937718        0.8487510786       -0.0008027026
        1.2321842920        0.6885329541       -0.0014535719
        1.2321842920        0.6885497803       -0.0014525626
        1.7365937718        0.8487282036       -0.0008029154
        2.0648626494        0.9040928199       -0.0006054545
        2.0648626494        0.9041127415       -0.0006047715
        2.1244382145        0.9046353192       -0.0011032898
        1.7365937718        0.8453994856       -0.0012084928
        1.7365937718        0.8453892340       -0.0012097664
        2.1244382145        0.9046069471       -0.0011063145
        1.6631830813        0.8287450739       -0.0012916459
        1.1263650221        0.6389163310       -0.0017995399
        1.1263650221        0.6389547478       -0.0017968059
        1.6631830813        0.8286721253       -0.0012940534
        1.5863788940        0.8100176077       -0.0013094105
        1.0095138417        0.5813312180       -0.0018911043
        1.0095138417        0.5813552067       -0.0018896457
        1.5863788940        0.8100098911       -0.0013105681
        1.9402313851        0.8807152356       -0.0012108546
        1.5056619903        0.7861532416       -0.0014400985
        1.5056619903        0.7862147638       -0.0014349413
        1.9402313851        0.8807667019       -0.0012042418
        1.8748114202        0.8728696212       -0.0008330777
        1.8748114202        0.8728856242       -0.0008287255
        2.1823880713        0.9145562191       -0.0006932789
        1.8070245972        0.8635302098       -0.0007873086
        1.8070245972        0.8635378529       -0.0007871014
        2.1823880713        0.9145414804       -0.0006960788
        2.1244382145        0.9069870494       -0.0007706898
        2.1244382145        0.9069630552       -0.0007719977
