#epsqw diagonal term
#1:q+G [au], 2:Re(eps-1), 3:Im(eps-1)
        1.8748114202        0.8750833007       -0.0006078816
        1.8748114202        0.8751060305       -0.0006074152
        2.1823880713        0.9164017830       -0.0004564442
        1.8070245972        0.8656629445       -0.0006126829
        1.8070245972        0.8656576821       -0.0006130085
        2.1823880713        0.9163929460       -0.0004563694
        2.1244382145        0.9090138451       -0.0004965454
        2.1244382145        0.9090186646       -0.0004966461
        2.1244382145        0.9075374881       -0.0005445397
        1.7365937718        0.8484855518       -0.0007121593
        1.7365937718        0.8484188438       -0.0007140429
        2.1244382145        0.9074864198       -0.0005464775
        1.6631830813        0.8321464307       -0.0007725913
        1.1263650221        0.6440664452       -0.0013055832
        1.1263650221        0.6440214703       -0.0013071863
        1.6631830813        0.8321248055       -0.0007732722
        1.5863788940        0.8133757929       -0.0008145843
        1.0095138417        0.5869819781       -0.0014671200
        1.0095138417        0.5869739092       -0.0014669297
        1.5863788940        0.8134012446       -0.0008137300
        1.9402313851        0.8838542901       -0.0006290147
        1.5056619903        0.7898275809       -0.0008911711
        1.5056619903        0.7898217653       -0.0008911793
        1.9402313851        0.8838846311       -0.0006280727
        1.9402313851        0.8874298389       -0.0005286615
        1.5056619903        0.7922391650       -0.0008713739
        1.5056619903        0.7922247204       -0.0008716935
        1.9402313851        0.8874377937       -0.0005289989
        1.4203654679        0.7630935439       -0.0009569290
        0.7210813155        0.4354274126       -0.0019020791
        0.7210813155        0.4353766139       -0.0019024186
        1.4203654679        0.7630736802       -0.0009575790
        2.1823880713        0.9208560610       -0.0003912667
        1.3296082490        0.7368649132       -0.0010604228
        0.5199791313        0.3297872601       -0.0022240871
        0.5199791313        0.3298290719       -0.0022243853
        1.3296082490        0.7368693480       -0.0010605394
        2.1823880713        0.9208524427       -0.0003913422
        1.7365937718        0.8509417645       -0.0006544691
        1.2321842920        0.6927385223       -0.0011925246
        1.2321842920        0.6927506789       -0.0011922554
        1.7365937718        0.8509205780       -0.0006547723
        2.0648626494        0.9058462998       -0.0004776833
        2.0648626494        0.9058629322       -0.0004772043
        2.1244382145        0.9075151152       -0.0005454043
        1.7365937718        0.8484705588       -0.0007122021
        1.7365937718        0.8484679540       -0.0007123464
        2.1244382145        0.9075035115       -0.0005461409
        1.6631830813        0.8321188623       -0.0007736054
        1.1263650221        0.6439815592       -0.0013076667
        1.1263650221        0.6440241900       -0.0013073992
        1.6631830813        0.8320706500       -0.0007749178
        1.5863788940        0.8134143516       -0.0008134131
        1.0095138417        0.5869876827       -0.0014673626
        1.0095138417        0.5869978657       -0.0014663936
        1.5863788940        0.8134103822       -0.0008136809
        1.9402313851        0.8838808712       -0.0006282273
        1.5056619903        0.7897971149       -0.0008919195
        1.5056619903        0.7898341168       -0.0008905765
        1.9402313851        0.8839068275       -0.0006269004
        1.8748114202        0.8751015766       -0.0006075574
        1.8748114202        0.8751117134       -0.0006071225
        2.1823880713        0.9163978710       -0.0004560130
        1.8070245972        0.8656550674       -0.0006129292
        1.8070245972        0.8656563385       -0.0006126241
        2.1823880713        0.9163921716       -0.0004566983
        2.1244382145        0.9090270018       -0.0004967033
        2.1244382145        0.9090041820       -0.0004971516
