#epsqw diagonal term
#1:q+G [au], 2:Re(eps-1), 3:Im(eps-1)
        1.8748114202        0.8750368304       -0.0006104972
        1.8748114202        0.8750596463       -0.0006100230
        2.1823880713        0.9163648634       -0.0004586885
        1.8070245972        0.8656180699       -0.0006151291
        1.8070245972        0.8656127337       -0.0006154627
        2.1823880713        0.9163560488       -0.0004586107
        2.1244382145        0.9089731428       -0.0004990302
        2.1244382145        0.9089779384       -0.0004991325
        2.1244382145        0.9074856595       -0.0005483767
        1.7365937718        0.8484270047       -0.0007160015
        1.7365937718        0.8483598748       -0.0007179300
        2.1244382145        0.9074341278       -0.0005503666
        1.6631830813        0.8320822940       -0.0007767799
        1.1263650221        0.6439621979       -0.0013110934
        1.1263650221        0.6439168717       -0.0013127277
        1.6631830813        0.8320604849       -0.0007774820
        1.5863788940        0.8133102988       -0.0008187666
        1.0095138417        0.5868620194       -0.0014730891
        1.0095138417        0.5868540410       -0.0014728845
        1.5863788940        0.8133359588       -0.0008178892
        1.9402313851        0.8837961521       -0.0006332271
        1.5056619903        0.7897568751       -0.0008955198
        1.5056619903        0.7897511414       -0.0008955108
        1.9402313851        0.8838267677       -0.0006322478
        1.9402313851        0.8873920747       -0.0005306778
        1.5056619903        0.7921737157       -0.0008750410
        1.5056619903        0.7921591905       -0.0008753684
        1.9402313851        0.8873999427       -0.0005310251
        1.4203654679        0.7630231072       -0.0009606691
        0.7210813155        0.4352439770       -0.0019108236
        0.7210813155        0.4351931408       -0.0019111614
        1.4203654679        0.7630030669       -0.0009613380
        2.1823880713        0.9208279988       -0.0003928293
        1.3296082490        0.7367839845       -0.0010647504
        0.5199791313        0.3295366001       -0.0022362874
        0.5199791313        0.3295783719       -0.0022365883
        1.3296082490        0.7367883643       -0.0010648731
        2.1823880713        0.9208243478       -0.0003929093
        1.7365937718        0.8508950730       -0.0006569517
        1.2321842920        0.6926478955       -0.0011970863
        1.2321842920        0.6926601276       -0.0011968082
        1.7365937718        0.8508738393       -0.0006572573
        2.0648626494        0.9058094414       -0.0004798205
        2.0648626494        0.9058261449       -0.0004793369
        2.1244382145        0.9074630958       -0.0005492600
        1.7365937718        0.8484120669       -0.0007160309
        1.7365937718        0.8484093745       -0.0007161903
        2.1244382145        0.9074512571       -0.0005500290
        1.6631830813        0.8320544875       -0.0007778209
        1.1263650221        0.6438768303       -0.0013132179
        1.1263650221        0.6439194589       -0.0013129569
        1.6631830813        0.8320059353       -0.0007791730
        1.5863788940        0.8133491058       -0.0008175728
        1.0095138417        0.5868676298       -0.0014733434
        1.0095138417        0.5868780462       -0.0014723524
        1.5863788940        0.8133450661       -0.0008178476
        1.9402313851        0.8838229190       -0.0006324185
        1.5056619903        0.7897262845       -0.0008962758
        1.5056619903        0.7897636501       -0.0008948889
        1.9402313851        0.8838492452       -0.0006310461
        1.8748114202        0.8750551620       -0.0006101685
        1.8748114202        0.8750654026       -0.0006097215
        2.1823880713        0.9163610717       -0.0004582421
        1.8070245972        0.8656101423       -0.0006153799
        1.8070245972        0.8656114989       -0.0006150638
        2.1823880713        0.9163552110       -0.0004589452
        2.1244382145        0.9089862444       -0.0004991945
        2.1244382145        0.9089633739       -0.0004996446
