#epsqw diagonal term
#1:q+G [au], 2:Re(eps-1), 3:Im(eps-1)
        1.8748114202        1.2378386313       -0.1655439596
        1.8748114202        1.2398300821       -0.1667350718
        2.1823880713        1.1578830819       -0.0980572933
        1.8070245972        1.2577343927       -0.1673483927
        1.8070245972        1.2564480865       -0.1668878748
        2.1823880713        1.1580745213       -0.1000274967
        2.1244382145        1.1707553005       -0.1012786164
        2.1244382145        1.1711668671       -0.1028652047
        2.1244382145        1.1778800136       -0.1048234287
        1.7365937718        1.3404546578       -0.2571863005
        1.7365937718        1.3413615619       -0.2579695398
        2.1244382145        1.1799982359       -0.1049000504
        1.6631830813        1.3957195911       -0.3202836076
        1.1263650221        1.6841894460       -0.2778296578
        1.1263650221        1.6847137675       -0.2770350915
        1.6631830813        1.3974743247       -0.3205808083
        1.5863788940        1.4236833416       -0.3092643920
        1.0095138417        1.8165305883       -0.3290175849
        1.0095138417        1.8174288935       -0.3383716476
        1.5863788940        1.4212743416       -0.3105807448
        1.9402313851        1.2440895101       -0.1426496784
        1.5056619903        1.4862428600       -0.3119463751
        1.5056619903        1.4838489433       -0.3149316187
        1.9402313851        1.2443412850       -0.1452618828
        1.9402313851        1.2782806219       -0.1946922958
        1.5056619903        1.4489859282       -0.2852822746
        1.5056619903        1.4475984643       -0.2832416142
        1.9402313851        1.2809087800       -0.1946418814
        1.4203654679        1.5021231507       -0.3542891981
        0.7210813155        2.1312020018       -0.6026394741
        0.7210813155        2.1391779728       -0.5934841810
        1.4203654679        1.5024203134       -0.3499249718
        2.1823880713        1.1384640634       -0.1092369944
        1.3296082490        1.6064106074       -0.4258054120
        0.5199791313        2.2516723958       -0.7117665471
        0.5199791313        2.2448984824       -0.7230802536
        1.3296082490        1.6073788921       -0.4244752741
        2.1823880713        1.1379494077       -0.1097431640
        1.7365937718        1.3743396352       -0.2902888028
        1.2321842920        1.6774030893       -0.3594447104
        1.2321842920        1.6772399915       -0.3609281634
        1.7365937718        1.3701573544       -0.2928659126
        2.0648626494        1.1655519294       -0.1300633911
        2.0648626494        1.1649846796       -0.1305813457
        2.1244382145        1.1791225495       -0.1059461688
        1.7365937718        1.3399349653       -0.2595286761
        1.7365937718        1.3413408483       -0.2572680521
        2.1244382145        1.1793069363       -0.1046908090
        1.6631830813        1.3950284038       -0.3243709298
        1.1263650221        1.6858000392       -0.2795607002
        1.1263650221        1.6849737064       -0.2761456266
        1.6631830813        1.3966863985       -0.3201759560
        1.5863788940        1.4225991651       -0.3096657712
        1.0095138417        1.8158816076       -0.3335314467
        1.0095138417        1.8167004054       -0.3314912404
        1.5863788940        1.4214296132       -0.3083136146
        1.9402313851        1.2441859739       -0.1432228565
        1.5056619903        1.4843356453       -0.3132582972
        1.5056619903        1.4838292194       -0.3115293838
        1.9402313851        1.2424239952       -0.1418729125
        1.8748114202        1.2387753277       -0.1669591131
        1.8748114202        1.2396437811       -0.1662073405
        2.1823880713        1.1579382451       -0.0990575462
        1.8070245972        1.2574618260       -0.1674445211
        1.8070245972        1.2555027607       -0.1656725029
        2.1823880713        1.1581707784       -0.0990057451
        2.1244382145        1.1705929451       -0.1015709346
        2.1244382145        1.1704923943       -0.1020611974
