#epsqw diagonal term
#1:q+G [au], 2:Re(eps-1), 3:Im(eps-1)
        1.8748114202        0.8634970497       -0.0076067209
        1.8748114202        0.8636593616       -0.0077959623
        2.1823880713        0.9089227187       -0.0060084435
        1.8070245972        0.8539636481       -0.0080386014
        1.8070245972        0.8540627582       -0.0081412147
        2.1823880713        0.9088786834       -0.0059090980
        2.1244382145        0.9002398240       -0.0066676223
        2.1244382145        0.9002495980       -0.0066788703
        2.1244382145        0.9012765482       -0.0098487580
        1.7365937718        0.8401642719       -0.0096042873
        1.7365937718        0.8402593893       -0.0096359673
        2.1244382145        0.9014783605       -0.0098127906
        1.6631830813        0.8226655621       -0.0114380735
        1.1263650221        0.6209906953       -0.0186456528
        1.1263650221        0.6209018485       -0.0188253256
        1.6631830813        0.8229067328       -0.0114479268
        1.5863788940        0.8040543146       -0.0110532096
        1.0095138417        0.5560109608       -0.0216416437
        1.0095138417        0.5560244297       -0.0217410712
        1.5863788940        0.8039841874       -0.0109139733
        1.9402313851        0.8763575354       -0.0114679690
        1.5056619903        0.7776855204       -0.0112420291
        1.5056619903        0.7775060577       -0.0113668384
        1.9402313851        0.8760755486       -0.0113422789
        1.9402313851        0.8788644555       -0.0081486689
        1.5056619903        0.7806073053       -0.0189642223
        1.5056619903        0.7806047177       -0.0190953609
        1.9402313851        0.8789587894       -0.0082541549
        1.4203654679        0.7491708266       -0.0188066398
        0.7210813155        0.3829796924       -0.0317781202
        0.7210813155        0.3824616084       -0.0320872647
        1.4203654679        0.7492568359       -0.0187379517
        2.1823880713        0.9158904036       -0.0070723379
        1.3296082490        0.7211135891       -0.0205599811
        0.5199791313        0.2579444592       -0.0431156038
        0.5199791313        0.2581261103       -0.0429177417
        1.3296082490        0.7211492894       -0.0204436822
        2.1823880713        0.9158860584       -0.0071110846
        1.7365937718        0.8407270959       -0.0103617353
        1.2321842920        0.6718585841       -0.0213560088
        1.2321842920        0.6720408104       -0.0213686621
        1.7365937718        0.8406748849       -0.0104808412
        2.0648626494        0.8987609245       -0.0103147936
        2.0648626494        0.8987872095       -0.0102365041
        2.1244382145        0.9012886563       -0.0097888573
        1.7365937718        0.8401996659       -0.0095290096
        1.7365937718        0.8403200678       -0.0094873361
        2.1244382145        0.9015519538       -0.0098236487
        1.6631830813        0.8226571440       -0.0114435390
        1.1263650221        0.6210621769       -0.0191589523
        1.1263650221        0.6210873170       -0.0190865734
        1.6631830813        0.8229088475       -0.0114789589
        1.5863788940        0.8039976675       -0.0108691637
        1.0095138417        0.5563484183       -0.0218037136
        1.0095138417        0.5563550933       -0.0217547701
        1.5863788940        0.8040456707       -0.0107209766
        1.9402313851        0.8764684842       -0.0113256333
        1.5056619903        0.7777988905       -0.0112945186
        1.5056619903        0.7776272017       -0.0112908094
        1.9402313851        0.8761695263       -0.0112565093
        1.8748114202        0.8635615053       -0.0076650471
        1.8748114202        0.8635627607       -0.0077484744
        2.1823880713        0.9088177831       -0.0059195187
        1.8070245972        0.8538922014       -0.0081002288
        1.8070245972        0.8537823050       -0.0079697902
        2.1823880713        0.9088978310       -0.0059726124
        2.1244382145        0.9003120897       -0.0067574661
        2.1244382145        0.9002911671       -0.0067831647
