#epsqw diagonal term
#1:q+G [au], 2:Re(eps-1), 3:Im(eps-1)
        1.8748114202        0.8799196532       -0.0288947986
        1.8748114202        0.8795862576       -0.0288753354
        2.1823880713        0.9258835892       -0.0246569336
        1.8070245972        0.8657965298       -0.0281409043
        1.8070245972        0.8658749580       -0.0282249283
        2.1823880713        0.9259457555       -0.0247096174
        2.1244382145        0.9188655695       -0.0260562481
        2.1244382145        0.9189564537       -0.0259512392
        2.1244382145        0.9243044472       -0.0233864260
        1.7365937718        0.8516890726       -0.0322216172
        1.7365937718        0.8514879919       -0.0321884380
        2.1244382145        0.9243873718       -0.0231799956
        1.6631830813        0.8337153505       -0.0296114828
        1.1263650221        0.5948506840       -0.0845882462
        1.1263650221        0.5952618240       -0.0850953275
        1.6631830813        0.8335412052       -0.0294143172
        1.5863788940        0.8097714782       -0.0345018542
        1.0095138417        0.5173395016       -0.1158667116
        1.0095138417        0.5169499045       -0.1148767539
        1.5863788940        0.8099424371       -0.0340825694
        1.9402313851        0.8952451657       -0.0240778497
        1.5056619903        0.7827319383       -0.0351139883
        1.5056619903        0.7828488078       -0.0348478632
        1.9402313851        0.8954269068       -0.0242087157
        1.9402313851        0.8893458830       -0.0250240513
        1.5056619903        0.7760904380       -0.0385361062
        1.5056619903        0.7760670582       -0.0383178746
        1.9402313851        0.8898348658       -0.0251731667
        1.4203654679        0.7426783761       -0.0458643145
        0.7210813155        0.2930036781       -0.1673476392
        0.7210813155        0.2925055457       -0.1671322557
        1.4203654679        0.7428920481       -0.0461602279
        2.1823880713        0.9254725250       -0.0265931745
        1.3296082490        0.7131794922       -0.0488059793
        0.5199791313        0.1269361914       -0.2655187842
        0.5199791313        0.1266133448       -0.2645761861
        1.3296082490        0.7129079775       -0.0494670272
        2.1823880713        0.9255271009       -0.0267521859
        1.7365937718        0.8470376557       -0.0293777954
        1.2321842920        0.6560162198       -0.0608547683
        1.2321842920        0.6551110468       -0.0601456240
        1.7365937718        0.8473188599       -0.0288624843
        2.0648626494        0.9129965838       -0.0260341964
        2.0648626494        0.9131748484       -0.0258873023
        2.1244382145        0.9240744573       -0.0233789281
        1.7365937718        0.8517023232       -0.0318284378
        1.7365937718        0.8518060150       -0.0319058482
        2.1244382145        0.9242713451       -0.0232675489
        1.6631830813        0.8338455404       -0.0292820712
        1.1263650221        0.5953786566       -0.0847573300
        1.1263650221        0.5955613357       -0.0842765240
        1.6631830813        0.8337752644       -0.0294506254
        1.5863788940        0.8098084019       -0.0344896034
        1.0095138417        0.5177919851       -0.1153122113
        1.0095138417        0.5174517712       -0.1142977330
        1.5863788940        0.8102679870       -0.0343426149
        1.9402313851        0.8953516997       -0.0243727667
        1.5056619903        0.7827648053       -0.0347872419
        1.5056619903        0.7827116819       -0.0347593041
        1.9402313851        0.8956125506       -0.0245321647
        1.8748114202        0.8799177438       -0.0288371540
        1.8748114202        0.8799203576       -0.0288588016
        2.1823880713        0.9260285849       -0.0245161833
        1.8070245972        0.8659372392       -0.0281811372
        1.8070245972        0.8661362081       -0.0281386796
        2.1823880713        0.9260894740       -0.0245519501
        2.1244382145        0.9189201839       -0.0258169131
        2.1244382145        0.9191465006       -0.0259728444
