#epsqw diagonal term
#1:q+G [au], 2:Re(eps-1), 3:Im(eps-1)
        1.8748114202        0.8750951672       -0.0006072179
        1.8748114202        0.8751178748       -0.0006067534
        2.1823880713        0.9164112040       -0.0004558760
        1.8070245972        0.8656744060       -0.0006120614
        1.8070245972        0.8656691620       -0.0006123851
        2.1823880713        0.9164023612       -0.0004558019
        2.1244382145        0.9090242312       -0.0004959163
        2.1244382145        0.9090290566       -0.0004960165
        2.1244382145        0.9075506884       -0.0005435723
        1.7365937718        0.8485004784       -0.0007111891
        1.7365937718        0.8484338782       -0.0007130614
        2.1244382145        0.9074997381       -0.0005454971
        1.6631830813        0.8321627838       -0.0007715332
        1.1263650221        0.6440930641       -0.0013041865
        1.1263650221        0.6440481792       -0.0013057817
        1.6631830813        0.8321412049       -0.0007722087
        1.5863788940        0.8133924934       -0.0008135277
        1.0095138417        0.5870126211       -0.0014656043
        1.0095138417        0.5870045302       -0.0014654177
        1.5863788940        0.8134178926       -0.0008126792
        1.9402313851        0.8838690999       -0.0006279523
        1.5056619903        0.7898456144       -0.0008900723
        1.5056619903        0.7898397797       -0.0008900847
        1.9402313851        0.8838993724       -0.0006270196
        1.9402313851        0.8874394856       -0.0005281490
        1.5056619903        0.7922558761       -0.0008704426
        1.5056619903        0.7922414519       -0.0008707604
        1.9402313851        0.8874474627       -0.0005284840
        1.4203654679        0.7631115348       -0.0009559789
        0.7210813155        0.4354742839       -0.0018998556
        0.7210813155        0.4354234946       -0.0019001954
        1.4203654679        0.7630917159       -0.0009566241
        2.1823880713        0.9208632278       -0.0003908697
        1.3296082490        0.7368855835       -0.0010593233
        0.5199791313        0.3298513035       -0.0022209849
        0.5199791313        0.3298931253       -0.0022212823
        1.3296082490        0.7368900315       -0.0010594383
        2.1823880713        0.9208596174       -0.0003909441
        1.7365937718        0.8509536914       -0.0006538382
        1.2321842920        0.6927616750       -0.0011913648
        1.2321842920        0.6927738130       -0.0011910978
        1.7365937718        0.8509325170       -0.0006541407
        2.0648626494        0.9058557107       -0.0004771404
        2.0648626494        0.9058723244       -0.0004766625
        2.1244382145        0.9075283645       -0.0005444323
        1.7365937718        0.8484854718       -0.0007112352
        1.7365937718        0.8484828881       -0.0007113757
        2.1244382145        0.9075168195       -0.0005451607
        1.6631830813        0.8321352764       -0.0007725406
        1.1263650221        0.6440083014       -0.0013062596
        1.1263650221        0.6440509315       -0.0013059904
        1.6631830813        0.8320871490       -0.0007738430
        1.5863788940        0.8134309896       -0.0008123622
        1.0095138417        0.5870183505       -0.0014658440
        1.0095138417        0.5870284742       -0.0014648806
        1.5863788940        0.8134270375       -0.0008126283
        1.9402313851        0.8838956347       -0.0006271702
        1.5056619903        0.7898151818       -0.0008908186
        1.5056619903        0.7898520913       -0.0008894867
        1.9402313851        0.8839214969       -0.0006258547
        1.8748114202        0.8751134287       -0.0006068948
        1.8748114202        0.8751235390       -0.0006064630
        2.1823880713        0.9164072615       -0.0004554485
        1.8070245972        0.8656665420       -0.0006123066
        1.8070245972        0.8656677914       -0.0006120043
        2.1823880713        0.9164016028       -0.0004561294
        2.1244382145        0.9090374021       -0.0004960725
        2.1244382145        0.9090145954       -0.0004965204
