#epsqw diagonal term
#1:q+G [au], 2:Re(eps-1), 3:Im(eps-1)
        1.8748114202        1.0097793086       -0.0000344393
        1.8748114202        1.0097798026       -0.0000344386
        2.1823880713        1.0065644608       -0.0000221005
        1.8070245972        1.0106388969       -0.0000374325
        1.8070245972        1.0106401185       -0.0000374358
        2.1823880713        1.0065663866       -0.0000221070
        2.1244382145        1.0070824098       -0.0000241675
        2.1244382145        1.0070833677       -0.0000241693
        2.1244382145        1.0070722960       -0.0000242135
        1.7365937718        1.0116441051       -0.0000421754
        1.7365937718        1.0116436127       -0.0000421769
        2.1244382145        1.0070716408       -0.0000242117
        1.6631830813        1.0127499761       -0.0000471496
        1.1263650221        1.0233735419       -0.0001007007
        1.1263650221        1.0233734595       -0.0001006981
        1.6631830813        1.0127507301       -0.0000471527
        1.5863788940        1.0140217060       -0.0000521234
        1.0095138417        1.0261770743       -0.0001167614
        1.0095138417        1.0261797275       -0.0001167634
        1.5863788940        1.0140246352       -0.0000521285
        1.9402313851        1.0089831958       -0.0000315757
        1.5056619903        1.0154193018       -0.0000589432
        1.5056619903        1.0154215462       -0.0000589487
        1.9402313851        1.0089861207       -0.0000315827
        1.9402313851        1.0090214994       -0.0000308793
        1.5056619903        1.0153977198       -0.0000567490
        1.5056619903        1.0153963191       -0.0000567474
        1.9402313851        1.0090191946       -0.0000308710
        1.4203654679        1.0170303183       -0.0000649135
        0.7210813155        1.0325653298       -0.0001675763
        0.7210813155        1.0325628214       -0.0001675804
        1.4203654679        1.0170285981       -0.0000649127
        2.1823880713        1.0065701019       -0.0000219402
        1.3296082490        1.0189541663       -0.0000723913
        0.5199791313        1.0356886285       -0.0002061920
        0.5199791313        1.0356905433       -0.0002061685
        1.3296082490        1.0189549961       -0.0000723914
        2.1823880713        1.0065705873       -0.0000219424
        1.7365937718        1.0117097029       -0.0000416082
        1.2321842920        1.0210307234       -0.0000843214
        1.2321842920        1.0210322955       -0.0000843208
        1.7365937718        1.0117118113       -0.0000416155
        2.0648626494        1.0076402726       -0.0000259272
        2.0648626494        1.0076411095       -0.0000259303
        2.1244382145        1.0070741477       -0.0000242182
        1.7365937718        1.0116465480       -0.0000421832
        1.7365937718        1.0116450311       -0.0000421791
        2.1244382145        1.0070716217       -0.0000242112
        1.6631830813        1.0127529996       -0.0000471584
        1.1263650221        1.0233771405       -0.0001007089
        1.1263650221        1.0233737585       -0.0001006979
        1.6631830813        1.0127495053       -0.0000471516
        1.5863788940        1.0140233302       -0.0000521245
        1.0095138417        1.0261774420       -0.0001167587
        1.0095138417        1.0261760453       -0.0001167603
        1.5863788940        1.0140215889       -0.0000521210
        1.9402313851        1.0089834320       -0.0000315756
        1.5056619903        1.0154182319       -0.0000589436
        1.5056619903        1.0154183691       -0.0000589414
        1.9402313851        1.0089839312       -0.0000315773
        1.8748114202        1.0097812055       -0.0000344435
        1.8748114202        1.0097798765       -0.0000344388
        2.1823880713        1.0065658161       -0.0000221055
        1.8070245972        1.0106392756       -0.0000374331
        1.8070245972        1.0106384988       -0.0000374323
        2.1823880713        1.0065643048       -0.0000221002
        2.1244382145        1.0070813616       -0.0000241628
        2.1244382145        1.0070811305       -0.0000241627
