#epsqw diagonal term
#1:q+G [au], 2:Re(eps-1), 3:Im(eps-1)
        1.8748114202        1.0231691317       -0.0001814892
        1.8748114202        1.0231670667       -0.0001806197
        2.1823880713        1.0168973375       -0.0001858460
        1.8070245972        1.0248173595       -0.0001783832
        1.8070245972        1.0248223550       -0.0001789661
        2.1823880713        1.0169031037       -0.0001864513
        2.1244382145        1.0179136428       -0.0001844406
        2.1244382145        1.0179182878       -0.0001846385
        2.1244382145        1.0177304584       -0.0001629159
        1.7365937718        1.0270926153       -0.0001973971
        1.7365937718        1.0270925676       -0.0001981084
        2.1244382145        1.0177247538       -0.0001627636
        1.6631830813        1.0293004190       -0.0002000374
        1.1263650221        1.0503248919       -0.0003004093
        1.1263650221        1.0503239993       -0.0003002005
        1.6631830813        1.0293018384       -0.0002003525
        1.5863788940        1.0319025332       -0.0002168561
        1.0095138417        1.0560126402       -0.0003361374
        1.0095138417        1.0560193174       -0.0003364081
        1.5863788940        1.0319130138       -0.0002175917
        1.9402313851        1.0216296488       -0.0001690394
        1.5056619903        1.0346625056       -0.0002240485
        1.5056619903        1.0346704331       -0.0002242527
        1.9402313851        1.0216416025       -0.0001694659
        1.9402313851        1.0219947299       -0.0002028716
        1.5056619903        1.0343811216       -0.0002065448
        1.5056619903        1.0343769463       -0.0002064418
        1.9402313851        1.0219849553       -0.0002020770
        1.4203654679        1.0377673960       -0.0002308517
        0.7210813155        1.0687559418       -0.0004530187
        0.7210813155        1.0687477848       -0.0004529327
        1.4203654679        1.0377613870       -0.0002304086
        2.1823880713        1.0163170671       -0.0001551521
        1.3296082490        1.0415556814       -0.0002325551
        0.5199791313        1.0748800483       -0.0005372017
        0.5199791313        1.0748884663       -0.0005370951
        1.3296082490        1.0415577607       -0.0002325807
        2.1823880713        1.0163184186       -0.0001551371
        1.7365937718        1.0274580786       -0.0002143427
        1.2321842920        1.0457421036       -0.0002637179
        1.2321842920        1.0457465472       -0.0002639534
        1.7365937718        1.0274679858       -0.0002154125
        2.0648626494        1.0185794457       -0.0001593528
        2.0648626494        1.0185815910       -0.0001590933
        2.1244382145        1.0177378225       -0.0001631896
        1.7365937718        1.0271032465       -0.0001982752
        1.7365937718        1.0270959995       -0.0001978137
        2.1244382145        1.0177279345       -0.0001627560
        1.6631830813        1.0293118704       -0.0002008617
        1.1263650221        1.0503328365       -0.0003002980
        1.1263650221        1.0503256696       -0.0003003374
        1.6631830813        1.0292998280       -0.0002004358
        1.5863788940        1.0319068491       -0.0002173368
        1.0095138417        1.0560134441       -0.0003364463
        1.0095138417        1.0560112039       -0.0003364950
        1.5863788940        1.0319013749       -0.0002164905
        1.9402313851        1.0216276738       -0.0001688383
        1.5056619903        1.0346589641       -0.0002238704
        1.5056619903        1.0346589190       -0.0002235355
        1.9402313851        1.0216320326       -0.0001691581
        1.8748114202        1.0231747989       -0.0001813801
        1.8748114202        1.0231687161       -0.0001807507
        2.1823880713        1.0168987262       -0.0001860693
        1.8070245972        1.0248171960       -0.0001783623
        1.8070245972        1.0248176280       -0.0001789585
        2.1823880713        1.0168980673       -0.0001862057
        2.1244382145        1.0179082119       -0.0001841868
        2.1244382145        1.0179109582       -0.0001848173
