#epsqw diagonal term
#1:q+G [au], 2:Re(eps-1), 3:Im(eps-1)
        1.8748114202        0.8714325997       -0.0012829491
        1.8748114202        0.8714634084       -0.0012778092
        2.1823880713        0.9134613504       -0.0013050002
        1.8070245972        0.8621263602       -0.0010802572
        1.8070245972        0.8621145974       -0.0010774052
        2.1823880713        0.9134553224       -0.0012998334
        2.1244382145        0.9058050484       -0.0014148258
        2.1244382145        0.9058140190       -0.0014148213
        2.1244382145        0.9031252046       -0.0027606244
        1.7365937718        0.8436462846       -0.0026091836
        1.7365937718        0.8435199847       -0.0026297238
        2.1244382145        0.9030037362       -0.0027862953
        1.6631830813        0.8267692032       -0.0027577799
        1.1263650221        0.6357109588       -0.0028880660
        1.1263650221        0.6356256169       -0.0028994648
        1.6631830813        0.8267229771       -0.0027676603
        1.5863788940        0.8078439426       -0.0027538779
        1.0095138417        0.5774644169       -0.0026572680
        1.0095138417        0.5774839417       -0.0026325033
        1.5863788940        0.8079005968       -0.0027310966
        1.9402313851        0.8789049612       -0.0029681481
        1.5056619903        0.7841434109       -0.0029452506
        1.5056619903        0.7841704228       -0.0029145328
        1.9402313851        0.8789896209       -0.0029251002
        1.9402313851        0.8844024861       -0.0008423722
        1.5056619903        0.7868049029       -0.0014193425
        1.5056619903        0.7867808673       -0.0014224262
        1.9402313851        0.8843986092       -0.0008460397
        1.4203654679        0.7574049584       -0.0015355459
        0.7210813155        0.4210402278       -0.0030308832
        0.7210813155        0.4209956254       -0.0030313050
        1.4203654679        0.7573619377       -0.0015428626
        2.1823880713        0.9185613390       -0.0006197914
        1.3296082490        0.7302866239       -0.0016704951
        0.5199791313        0.3100002576       -0.0037600032
        0.5199791313        0.3100389662       -0.0037611259
        1.3296082490        0.7302827166       -0.0016728984
        2.1823880713        0.9185506307       -0.0006231472
        1.7365937718        0.8471824245       -0.0010434318
        1.2321842920        0.6855960426       -0.0017637972
        1.2321842920        0.6856179194       -0.0017609380
        1.7365937718        0.8471597725       -0.0010416738
        2.0648626494        0.9028013766       -0.0007843193
        2.0648626494        0.9028229806       -0.0007836440
        2.1244382145        0.9030907961       -0.0027755379
        1.7365937718        0.8436494570       -0.0025758386
        1.7365937718        0.8436173244       -0.0025979233
        2.1244382145        0.9030240930       -0.0028028633
        1.6631830813        0.8267309026       -0.0027839478
        1.1263650221        0.6355903787       -0.0028890166
        1.1263650221        0.6356097064       -0.0029110695
        1.6631830813        0.8266192386       -0.0028236582
        1.5863788940        0.8079323836       -0.0027528284
        1.0095138417        0.5774723230       -0.0026578003
        1.0095138417        0.5775051972       -0.0026517648
        1.5863788940        0.8079127167       -0.0027606444
        1.9402313851        0.8789674827       -0.0029470716
        1.5056619903        0.7841078861       -0.0029374114
        1.5056619903        0.7842057451       -0.0029097476
        1.9402313851        0.8790525882       -0.0029182766
        1.8748114202        0.8714583034       -0.0012773687
        1.8748114202        0.8714751831       -0.0012728327
        2.1823880713        0.9134775308       -0.0012891935
        1.8070245972        0.8621166601       -0.0010807423
        1.8070245972        0.8621290253       -0.0010778668
        2.1823880713        0.9134456677       -0.0012979312
        2.1244382145        0.9058137144       -0.0014192709
        2.1244382145        0.9057917848       -0.0014135738
