#epsqw diagonal term
#1:q+G [au], 2:Re(eps-1), 3:Im(eps-1)
        1.8748114202        0.9086757676       -0.1194593510
        1.8748114202        0.9086478303       -0.1178586775
        2.1823880713        0.9420292573       -0.0707973150
        1.8070245972        0.8921948964       -0.1266354515
        1.8070245972        0.8928115654       -0.1268252394
        2.1823880713        0.9419323349       -0.0708254342
        2.1244382145        0.9371275194       -0.0803093857
        2.1244382145        0.9372936649       -0.0802944379
        2.1244382145        0.9360846476       -0.0807006161
        1.7365937718        0.8862134063       -0.1590456053
        1.7365937718        0.8882014593       -0.1599793911
        2.1244382145        0.9362703750       -0.0796321571
        1.6631830813        0.8771919376       -0.1829649673
        1.1263650221        0.7361924544       -0.4350927151
        1.1263650221        0.7352335548       -0.4324706407
        1.6631830813        0.8787481819       -0.1841979307
        1.5863788940        0.8651406519       -0.2129417645
        1.0095138417        0.7253184368       -0.5067779776
        1.0095138417        0.7261321993       -0.5105376988
        1.5863788940        0.8647746020       -0.2104097959
        1.9402313851        0.9089781146       -0.1046771647
        1.5056619903        0.8537792566       -0.2430656212
        1.5056619903        0.8541146176       -0.2420196350
        1.9402313851        0.9093335270       -0.1059397971
        1.9402313851        0.9117028029       -0.1011062858
        1.5056619903        0.8617079473       -0.2251520166
        1.5056619903        0.8626180100       -0.2255612244
        1.9402313851        0.9115890263       -0.1001182006
        1.4203654679        0.8514836179       -0.2791712765
        0.7210813155        0.6043757014       -0.7492922908
        0.7210813155        0.5977601171       -0.7418364453
        1.4203654679        0.8533463258       -0.2773749440
        2.1823880713        0.9420306678       -0.0631899749
        1.3296082490        0.8132894488       -0.2876770546
        0.5199791313        0.5010367028       -0.9838446850
        0.5199791313        0.5071429967       -0.9930343790
        1.3296082490        0.8136080969       -0.2883144598
        2.1823880713        0.9421755050       -0.0628989927
        1.7365937718        0.8924828584       -0.1539329072
        1.2321842920        0.8050629111       -0.3805854560
        1.2321842920        0.8051440886       -0.3814412446
        1.7365937718        0.8949280163       -0.1536060388
        2.0648626494        0.9268144954       -0.0782669317
        2.0648626494        0.9268963375       -0.0783870384
        2.1244382145        0.9361159982       -0.0805138156
        1.7365937718        0.8874151020       -0.1595211490
        1.7365937718        0.8875749327       -0.1597271493
        2.1244382145        0.9359915815       -0.0795695000
        1.6631830813        0.8776828656       -0.1819760534
        1.1263650221        0.7383025901       -0.4351001254
        1.1263650221        0.7374845264       -0.4313177505
        1.6631830813        0.8785319145       -0.1834562365
        1.5863788940        0.8645068964       -0.2109495671
        1.0095138417        0.7240293691       -0.5086046353
        1.0095138417        0.7258527518       -0.5106721674
        1.5863788940        0.8634785459       -0.2112654860
        1.9402313851        0.9090553972       -0.1053948584
        1.5056619903        0.8533924997       -0.2438128876
        1.5056619903        0.8537131893       -0.2429396659
        1.9402313851        0.9090245158       -0.1060678097
        1.8748114202        0.9086944084       -0.1181631365
        1.8748114202        0.9079343871       -0.1187663665
        2.1823880713        0.9418310520       -0.0706506919
        1.8070245972        0.8923769079       -0.1262680804
        1.8070245972        0.8925151116       -0.1259855238
        2.1823880713        0.9419363235       -0.0702391139
        2.1244382145        0.9371480820       -0.0797706573
        2.1244382145        0.9367252827       -0.0801483620
