#epsqw diagonal term
#1:q+G [au], 2:Re(eps-1), 3:Im(eps-1)
        1.8748114202        0.8750644356       -0.0006089403
        1.8748114202        0.8750872005       -0.0006084708
        2.1823880713        0.9163868000       -0.0004573517
        1.8070245972        0.8656447257       -0.0006136736
        1.8070245972        0.8656394330       -0.0006140024
        2.1823880713        0.9163779719       -0.0004572757
        2.1244382145        0.9089973267       -0.0004975502
        2.1244382145        0.9090021361       -0.0004976515
        2.1244382145        0.9075164724       -0.0005460880
        1.7365937718        0.8484618008       -0.0007137109
        1.7365937718        0.8483949212       -0.0007156126
        2.1244382145        0.9074652163       -0.0005480467
        1.6631830813        0.8321204114       -0.0007742831
        1.1263650221        0.6440241247       -0.0013078125
        1.1263650221        0.6439790078       -0.0013094282
        1.6631830813        0.8320987117       -0.0007749726
        1.5863788940        0.8133492206       -0.0008162737
        1.0095138417        0.5869332692       -0.0014695369
        1.0095138417        0.5869252362       -0.0014693408
        1.5863788940        0.8133747575       -0.0008154101
        1.9402313851        0.8838307137       -0.0006307148
        1.5056619903        0.7897988906       -0.0008929278
        1.5056619903        0.7897931079       -0.0008929291
        1.9402313851        0.8838611655       -0.0006297579
        1.9402313851        0.8874145047       -0.0005294783
        1.5056619903        0.7922125937       -0.0008728588
        1.5056619903        0.7921981156       -0.0008731816
        1.9402313851        0.8874224239       -0.0005298197
        1.4203654679        0.7630649443       -0.0009584438
        0.7210813155        0.4353529175       -0.0019056222
        0.7210813155        0.4353021031       -0.0019059609
        1.4203654679        0.7630450088       -0.0009591013
        2.1823880713        0.9208446674       -0.0003918995
        1.3296082490        0.7368320534       -0.0010621755
        0.5199791313        0.3296854681       -0.0022290304
        0.5199791313        0.3297272638       -0.0022293296
        1.3296082490        0.7368364664       -0.0010622946
        2.1823880713        0.9208410361       -0.0003919769
        1.7365937718        0.8509228057       -0.0006554747
        1.2321842920        0.6927017188       -0.0011943728
        1.2321842920        0.6927139063       -0.0011941000
        1.7365937718        0.8509015999       -0.0006557789
        2.0648626494        0.9058313358       -0.0004785489
        2.0648626494        0.9058479971       -0.0004780680
        2.1244382145        0.9074940224       -0.0005469601
        1.7365937718        0.8484468295       -0.0007137483
        1.7365937718        0.8484441891       -0.0007138987
        2.1244382145        0.9074823236       -0.0005477097
        1.6631830813        0.8320927469       -0.0007753081
        1.1263650221        0.6439390431       -0.0013099125
        1.1263650221        0.6439816733       -0.0013096476
        1.6631830813        0.8320443967       -0.0007766365
        1.5863788940        0.8133878806       -0.0008150934
        1.0095138417        0.5869389359       -0.0014697842
        1.0095138417        0.5869492132       -0.0014688063
        1.5863788940        0.8133838826       -0.0008153640
        1.9402313851        0.8838573701       -0.0006299189
        1.5056619903        0.7897683743       -0.0008936793
        1.5056619903        0.7898055236       -0.0008923186
        1.9402313851        0.8838834760       -0.0006285737
        1.8748114202        0.8750827339       -0.0006086143
        1.8748114202        0.8750929130       -0.0006081746
        2.1823880713        0.9163829364       -0.0004569144
        1.8070245972        0.8656368276       -0.0006139217
        1.8070245972        0.8656381330       -0.0006136122
        2.1823880713        0.9163771715       -0.0004576069
        2.1244382145        0.9090104608       -0.0004977106
        2.1244382145        0.9089876203       -0.0004981597
