#epsqw diagonal term
#1:q+G [au], 2:Re(eps-1), 3:Im(eps-1)
        1.8748114202        0.8751033292       -0.0006067625
        1.8748114202        0.8751260223       -0.0006062993
        2.1823880713        0.9164176827       -0.0004554862
        1.8070245972        0.8656822904       -0.0006116348
        1.8070245972        0.8656770594       -0.0006119571
        2.1823880713        0.9164088361       -0.0004554127
        2.1244382145        0.9090313729       -0.0004954848
        2.1244382145        0.9090362022       -0.0004955847
        2.1244382145        0.9075597599       -0.0005429099
        1.7365937718        0.8485107395       -0.0007105243
        1.7365937718        0.8484442121       -0.0007123889
        2.1244382145        0.9075088888       -0.0005448257
        1.6631830813        0.8321740261       -0.0007708081
        1.1263650221        0.6441113722       -0.0013032283
        1.1263650221        0.6440665489       -0.0013048180
        1.6631830813        0.8321524788       -0.0007714800
        1.5863788940        0.8134039742       -0.0008128036
        1.0095138417        0.5870336981       -0.0014645639
        1.0095138417        0.5870255933       -0.0014643798
        1.5863788940        0.8134293377       -0.0008119590
        1.9402313851        0.8838792774       -0.0006272246
        1.5056619903        0.7898580128       -0.0008893192
        1.5056619903        0.7898521645       -0.0008893346
        1.9402313851        0.8839095025       -0.0006262984
        1.9402313851        0.8874461215       -0.0005277970
        1.5056619903        0.7922673700       -0.0008698034
        1.5056619903        0.7922529596       -0.0008701198
        1.9402313851        0.8874541120       -0.0005281303
        1.4203654679        0.7631239092       -0.0009553266
        0.7210813155        0.4355065281       -0.0018983286
        0.7210813155        0.4354557450       -0.0018986686
        1.4203654679        0.7631041191       -0.0009559685
        2.1823880713        0.9208681571       -0.0003905971
        1.3296082490        0.7368997998       -0.0010585684
        0.5199791313        0.3298953585       -0.0022188543
        0.5199791313        0.3299371880       -0.0022191513
        1.3296082490        0.7369042588       -0.0010586824
        2.1823880713        0.9208645525       -0.0003906707
        1.7365937718        0.8509618941       -0.0006534050
        1.2321842920        0.6927776017       -0.0011905683
        1.2321842920        0.6927897282       -0.0011903029
        1.7365937718        0.8509407298       -0.0006537071
        2.0648626494        0.9058621830       -0.0004767676
        2.0648626494        0.9058787851       -0.0004762905
        2.1244382145        0.9075374678       -0.0005437666
        1.7365937718        0.8484957225       -0.0007105726
        1.7365937718        0.8484931546       -0.0007107106
        2.1244382145        0.9075259635       -0.0005444896
        1.6631830813        0.8321465583       -0.0007718109
        1.1263650221        0.6440266921       -0.0013052942
        1.1263650221        0.6440693219       -0.0013050239
        1.6631830813        0.8320984900       -0.0007731065
        1.5863788940        0.8134424281       -0.0008116420
        1.0095138417        0.5870394461       -0.0014648016
        1.0095138417        0.5870495280       -0.0014638420
        1.5863788940        0.8134384881       -0.0008119069
        1.9402313851        0.8839057805       -0.0006264462
        1.5056619903        0.7898276025       -0.0008900642
        1.5056619903        0.7898644494       -0.0008887398
        1.9402313851        0.8839315796       -0.0006251385
        1.8748114202        0.8751215804       -0.0006064401
        1.8748114202        0.8751316724       -0.0006060104
        2.1823880713        0.9164137195       -0.0004550614
        1.8070245972        0.8656744352       -0.0006118792
        1.8070245972        0.8656756694       -0.0006115788
        2.1823880713        0.9164080885       -0.0004557392
        2.1244382145        0.9090445536       -0.0004956399
        2.1244382145        0.9090217553       -0.0004960874
