#epsqw diagonal term
#1:q+G [au], 2:Re(eps-1), 3:Im(eps-1)
        1.8748114202        0.8750695359       -0.0235791522
        1.8748114202        0.8747946949       -0.0241324112
        2.1823880713        0.9184107261       -0.0149462787
        1.8070245972        0.8578777508       -0.0231401465
        1.8070245972        0.8575726793       -0.0223444122
        2.1823880713        0.9180560428       -0.0148751611
        2.1244382145        0.9117135908       -0.0162885670
        2.1244382145        0.9116371911       -0.0161517822
        2.1244382145        0.9134433109       -0.0172837767
        1.7365937718        0.8433857080       -0.0305301497
        1.7365937718        0.8430644012       -0.0307545194
        2.1244382145        0.9135155055       -0.0172330142
        1.6631830813        0.8292109334       -0.0404187059
        1.1263650221        0.6901525245       -0.1492527756
        1.1263650221        0.6890487877       -0.1516058102
        1.6631830813        0.8291338848       -0.0404718511
        1.5863788940        0.8049666730       -0.0415043115
        1.0095138417        0.6471980803       -0.1721948319
        1.0095138417        0.6486572293       -0.1704434820
        1.5863788940        0.8048157279       -0.0411932355
        1.9402313851        0.8869185209       -0.0230148033
        1.5056619903        0.7858141702       -0.0599739747
        1.5056619903        0.7848132991       -0.0600017037
        1.9402313851        0.8868535660       -0.0229456779
        1.9402313851        0.8814440374       -0.0217234181
        1.5056619903        0.7747752601       -0.0502269952
        1.5056619903        0.7740237882       -0.0503734968
        1.9402313851        0.8814192088       -0.0219544851
        1.4203654679        0.7486452558       -0.0688624799
        0.7210813155        0.5908320903       -0.2655291024
        0.7210813155        0.5870288441       -0.2625246178
        1.4203654679        0.7489679453       -0.0687773684
        2.1823880713        0.9198095473       -0.0130392350
        1.3296082490        0.7323150875       -0.0741505670
        0.5199791313        0.5577973236       -0.3367471164
        0.5199791313        0.5570291580       -0.3383580971
        1.3296082490        0.7324026709       -0.0759949670
        2.1823880713        0.9196802010       -0.0130284362
        1.7365937718        0.8394894693       -0.0308375771
        1.2321842920        0.6946186749       -0.1040052009
        1.2321842920        0.6934714457       -0.1035613423
        1.7365937718        0.8396775658       -0.0307400468
        2.0648626494        0.9040902526       -0.0143877221
        2.0648626494        0.9039356373       -0.0143126308
        2.1244382145        0.9132624549       -0.0170929842
        1.7365937718        0.8431650926       -0.0307501176
        1.7365937718        0.8431239904       -0.0309137682
        2.1244382145        0.9135255502       -0.0171997408
        1.6631830813        0.8288448765       -0.0405857617
        1.1263650221        0.6896220890       -0.1522599114
        1.1263650221        0.6901992922       -0.1511510636
        1.6631830813        0.8291108686       -0.0401267207
        1.5863788940        0.8050279504       -0.0409816980
        1.0095138417        0.6474925138       -0.1706309341
        1.0095138417        0.6480556596       -0.1700981201
        1.5863788940        0.8051369500       -0.0408988125
        1.9402313851        0.8870144816       -0.0233125737
        1.5056619903        0.7859079494       -0.0594752763
        1.5056619903        0.7854048737       -0.0597118072
        1.9402313851        0.8870181675       -0.0231568108
        1.8748114202        0.8747971335       -0.0238302928
        1.8748114202        0.8748413721       -0.0241992080
        2.1823880713        0.9180839379       -0.0149586593
        1.8070245972        0.8575256805       -0.0227648342
        1.8070245972        0.8576844436       -0.0225340678
        2.1823880713        0.9183203187       -0.0148699514
        2.1244382145        0.9117670225       -0.0159303330
        2.1244382145        0.9118484540       -0.0160859883
