#epsqw diagonal term
#1:q+G [au], 2:Re(eps-1), 3:Im(eps-1)
        1.8748114202        0.8705082567       -0.0016393834
        1.8748114202        0.8705405395       -0.0016233232
        2.1823880713        0.9129254365       -0.0016985852
        1.8070245972        0.8611160448       -0.0013585607
        1.8070245972        0.8610952786       -0.0013557939
        2.1823880713        0.9129178860       -0.0016956636
        2.1244382145        0.9051934005       -0.0017951901
        2.1244382145        0.9052054360       -0.0017884756
        2.1244382145        0.9028073842       -0.0038085424
        1.7365937718        0.8429771896       -0.0035734443
        1.7365937718        0.8428246495       -0.0036288370
        2.1244382145        0.9026602548       -0.0038724779
        1.6631830813        0.8259714307       -0.0038588569
        1.1263650221        0.6335812712       -0.0039443813
        1.1263650221        0.6334872912       -0.0039587038
        1.6631830813        0.8259091420       -0.0038741415
        1.5863788940        0.8069430966       -0.0039394666
        1.0095138417        0.5746979884       -0.0035728061
        1.0095138417        0.5747027145       -0.0035250606
        1.5863788940        0.8069944679       -0.0039045070
        1.9402313851        0.8784843658       -0.0040862013
        1.5056619903        0.7833465609       -0.0038758244
        1.5056619903        0.7833549818       -0.0038175840
        1.9402313851        0.8785514254       -0.0040071735
        1.9402313851        0.8834756424       -0.0010899280
        1.5056619903        0.7849670147       -0.0019635307
        1.5056619903        0.7849369431       -0.0019696547
        1.9402313851        0.8834658615       -0.0010995753
        1.4203654679        0.7555914863       -0.0019580836
        0.7210813155        0.4165141344       -0.0040152802
        0.7210813155        0.4164831952       -0.0040049847
        1.4203654679        0.7555353463       -0.0019750118
        2.1823880713        0.9177989131       -0.0008226616
        1.3296082490        0.7280836409       -0.0022303080
        0.5199791313        0.3036861903       -0.0052143201
        0.5199791313        0.3037093647       -0.0052123288
        1.3296082490        0.7280714625       -0.0022348478
        2.1823880713        0.9177875941       -0.0008337305
        1.7365937718        0.8460167792       -0.0013644081
        1.2321842920        0.6832972011       -0.0021385680
        1.2321842920        0.6833233320       -0.0021339588
        1.7365937718        0.8459934068       -0.0013579390
        2.0648626494        0.9017675100       -0.0010418252
        2.0648626494        0.9017903707       -0.0010430263
        2.1244382145        0.9027741187       -0.0038250726
        1.7365937718        0.8429507098       -0.0035173698
        1.7365937718        0.8429314133       -0.0035654167
        2.1244382145        0.9027083201       -0.0038908650
        1.6631830813        0.8259391434       -0.0038865228
        1.1263650221        0.6334348211       -0.0039253803
        1.1263650221        0.6334765585       -0.0039723758
        1.6631830813        0.8258344608       -0.0039588076
        1.5863788940        0.8070558184       -0.0039017553
        1.0095138417        0.5746915948       -0.0035472526
        1.0095138417        0.5747408235       -0.0035417208
        1.5863788940        0.8070369173       -0.0039200358
        1.9402313851        0.8785414548       -0.0040322811
        1.5056619903        0.7832965049       -0.0038485239
        1.5056619903        0.7834068343       -0.0037836368
        1.9402313851        0.8786411825       -0.0039637448
        1.8748114202        0.8705340155       -0.0016288984
        1.8748114202        0.8705583070       -0.0016213790
        2.1823880713        0.9129362797       -0.0016678194
        1.8070245972        0.8611019619       -0.0013545875
        1.8070245972        0.8611259535       -0.0013514464
        2.1823880713        0.9129015135       -0.0016920056
        2.1244382145        0.9052038182       -0.0017959403
        2.1244382145        0.9051754350       -0.0017840924
