#epsqw diagonal term
#1:q+G [au], 2:Re(eps-1), 3:Im(eps-1)
        1.8748114202        1.0528639138       -0.0341805202
        1.8748114202        1.0528952908       -0.0346059524
        2.1823880713        1.0205085913       -0.0268714647
        1.8070245972        1.0623214671       -0.0350994762
        1.8070245972        1.0622245234       -0.0350181312
        2.1823880713        1.0204721891       -0.0267602977
        2.1244382145        1.0235040805       -0.0283974720
        2.1244382145        1.0232850427       -0.0280306677
        2.1244382145        1.0224456142       -0.0296048294
        1.7365937718        1.0620100557       -0.0376606440
        1.7365937718        1.0619401006       -0.0374403093
        2.1244382145        1.0224551637       -0.0295337349
        1.6631830813        1.0690845420       -0.0396495081
        1.1263650221        1.1504191609       -0.0339857839
        1.1263650221        1.1504009559       -0.0340022151
        1.6631830813        1.0691340633       -0.0397140544
        1.5863788940        1.0805234954       -0.0377550974
        1.0095138417        1.1716852488       -0.0311033930
        1.0095138417        1.1717444927       -0.0307821970
        1.5863788940        1.0805220722       -0.0376650790
        1.9402313851        1.0350863451       -0.0344926597
        1.5056619903        1.0889797058       -0.0393530641
        1.5056619903        1.0888297565       -0.0390135048
        1.9402313851        1.0347558808       -0.0341579564
        1.9402313851        1.0397643665       -0.0320540640
        1.5056619903        1.0987481645       -0.0374225277
        1.5056619903        1.0985276132       -0.0371779982
        1.9402313851        1.0396362576       -0.0321114821
        1.4203654679        1.1079097047       -0.0370804170
        0.7210813155        1.2213331787       -0.0216305826
        0.7210813155        1.2212038258       -0.0215510094
        1.4203654679        1.1076981901       -0.0368757478
        2.1823880713        1.0316990194       -0.0277748597
        1.3296082490        1.1281567833       -0.0361377310
        0.5199791313        1.2441302231       -0.0165535513
        0.5199791313        1.2442027261       -0.0166726854
        1.3296082490        1.1283498460       -0.0363372414
        2.1823880713        1.0317397173       -0.0279055025
        1.7365937718        1.0609089153       -0.0368402522
        1.2321842920        1.1403193382       -0.0347394651
        1.2321842920        1.1405846807       -0.0349418866
        1.7365937718        1.0611054377       -0.0367926987
        2.0648626494        1.0398054438       -0.0303638683
        2.0648626494        1.0398840191       -0.0306009158
        2.1244382145        1.0220195608       -0.0291532257
        1.7365937718        1.0619268479       -0.0373382476
        1.7365937718        1.0621028667       -0.0376936115
        2.1244382145        1.0223936916       -0.0294535203
        1.6631830813        1.0688995559       -0.0390374368
        1.1263650221        1.1504006508       -0.0335309628
        1.1263650221        1.1504543384       -0.0340165814
        1.6631830813        1.0689994262       -0.0392688040
        1.5863788940        1.0806345379       -0.0379687530
        1.0095138417        1.1716859308       -0.0310784956
        1.0095138417        1.1716652685       -0.0309999498
        1.5863788940        1.0805770394       -0.0380016896
        1.9402313851        1.0351425535       -0.0347527672
        1.5056619903        1.0888377939       -0.0392184825
        1.5056619903        1.0888980375       -0.0394074856
        1.9402313851        1.0351697535       -0.0347408877
        1.8748114202        1.0528317217       -0.0343982119
        1.8748114202        1.0529806783       -0.0347519053
        2.1823880713        1.0205964146       -0.0269779166
        1.8070245972        1.0622655835       -0.0350545018
        1.8070245972        1.0622205321       -0.0347687575
        2.1823880713        1.0205179835       -0.0267555869
        2.1244382145        1.0233695447       -0.0282857871
        2.1244382145        1.0234085929       -0.0280251669
