#epsqw diagonal term
#1:q+G [au], 2:Re(eps-1), 3:Im(eps-1)
        1.8748114202        0.9040634794       -0.1369315666
        1.8748114202        0.9048733232       -0.1380445109
        2.1823880713        0.9500950212       -0.0736191966
        1.8070245972        0.9151016712       -0.1564540540
        1.8070245972        0.9142833921       -0.1567846056
        2.1823880713        0.9508166543       -0.0737039885
        2.1244382145        0.9394522118       -0.0815440592
        2.1244382145        0.9405373938       -0.0813504746
        2.1244382145        0.9327998443       -0.0741633629
        1.7365937718        0.8814650797       -0.1682529470
        1.7365937718        0.8800304021       -0.1671637935
        2.1244382145        0.9326494568       -0.0746823094
        1.6631830813        0.8731011759       -0.1907204791
        1.1263650221        0.7096683408       -0.4807498416
        1.1263650221        0.7030287972       -0.4806955357
        1.6631830813        0.8726110664       -0.1896650911
        1.5863788940        0.8379768413       -0.2172300215
        1.0095138417        0.6233093748       -0.6047180899
        1.0095138417        0.6156208227       -0.5980836125
        1.5863788940        0.8402847676       -0.2181752957
        1.9402313851        0.9097543122       -0.1022567159
        1.5056619903        0.8335855265       -0.2568559576
        1.5056619903        0.8349890139       -0.2596026769
        1.9402313851        0.9110779861       -0.1022307179
        1.9402313851        0.9165405268       -0.1076229178
        1.5056619903        0.8625846426       -0.2778592184
        1.5056619903        0.8636998324       -0.2782147369
        1.9402313851        0.9156487517       -0.1090917603
        1.4203654679        0.8062285540       -0.3207886127
        0.7210813155        0.3997084744       -0.6986114404
        0.7210813155        0.3982658447       -0.7092659234
        1.4203654679        0.8061888581       -0.3212662882
        2.1823880713        0.9514703127       -0.0639071989
        1.3296082490        0.7970180464       -0.3372591743
        0.5199791313        0.1920050097       -0.7471146483
        0.5199791313        0.1895676566       -0.7452106613
        1.3296082490        0.7967862974       -0.3392592475
        2.1823880713        0.9514517977       -0.0636492223
        1.7365937718        0.8678716674       -0.1708206490
        1.2321842920        0.7367490103       -0.4161451177
        1.2321842920        0.7357510554       -0.4166512947
        1.7365937718        0.8679458945       -0.1704154090
        2.0648626494        0.9420552181       -0.0826112090
        2.0648626494        0.9417708328       -0.0820171101
        2.1244382145        0.9339540198       -0.0746943620
        1.7365937718        0.8827037065       -0.1668657328
        1.7365937718        0.8813092193       -0.1678260899
        2.1244382145        0.9327171972       -0.0743801665
        1.6631830813        0.8734281772       -0.1909330286
        1.1263650221        0.7015213305       -0.4807279448
        1.1263650221        0.7031031208       -0.4826800260
        1.6631830813        0.8725997371       -0.1903702056
        1.5863788940        0.8394431879       -0.2167397197
        1.0095138417        0.6182904303       -0.5997651108
        1.0095138417        0.6227387330       -0.6017664552
        1.5863788940        0.8398703308       -0.2179890602
        1.9402313851        0.9094820086       -0.1021343770
        1.5056619903        0.8340926862       -0.2562960199
        1.5056619903        0.8359130022       -0.2575020582
        1.9402313851        0.9099118498       -0.1020165100
        1.8748114202        0.9035412522       -0.1376227507
        1.8748114202        0.9049241363       -0.1380060932
        2.1823880713        0.9504635037       -0.0736909421
        1.8070245972        0.9142466816       -0.1566557755
        1.8070245972        0.9140324684       -0.1559190217
        2.1823880713        0.9501539527       -0.0737882424
        2.1244382145        0.9392423852       -0.0817679891
        2.1244382145        0.9394921095       -0.0824599372
