#epsqw diagonal term
#1:q+G [au], 2:Re(eps-1), 3:Im(eps-1)
        1.8748114202        1.0143512998       -0.0000550503
        1.8748114202        1.0143519695       -0.0000550492
        2.1823880713        1.0097578208       -0.0000365028
        1.8070245972        1.0155725535       -0.0000595130
        1.8070245972        1.0155744238       -0.0000595197
        2.1823880713        1.0097606991       -0.0000365145
        2.1244382145        1.0105013323       -0.0000396356
        2.1244382145        1.0105029087       -0.0000396407
        2.1244382145        1.0104798296       -0.0000396480
        1.7365937718        1.0170246079       -0.0000667680
        1.7365937718        1.0170239239       -0.0000667697
        2.1244382145        1.0104788835       -0.0000396445
        1.6631830813        1.0186010574       -0.0000741835
        1.1263650221        1.0335635459       -0.0001521775
        1.1263650221        1.0335634129       -0.0001521739
        1.6631830813        1.0186020910       -0.0000741881
        1.5863788940        1.0204017878       -0.0000815338
        1.0095138417        1.0375269192       -0.0001755732
        1.0095138417        1.0375309418       -0.0001755807
        1.5863788940        1.0204062950       -0.0000815449
        1.9402313851        1.0132249062       -0.0000508423
        1.5056619903        1.0223811196       -0.0000915759
        1.5056619903        1.0223848497       -0.0000915884
        1.9402313851        1.0132296598       -0.0000508580
        1.9402313851        1.0132875880       -0.0000499193
        1.5056619903        1.0223296204       -0.0000881801
        1.5056619903        1.0223273035       -0.0000881761
        1.9402313851        1.0132841011       -0.0000499046
        1.4203654679        1.0246439294       -0.0001002057
        0.7210813155        1.0464855218       -0.0002487162
        0.7210813155        1.0464816531       -0.0002487169
        1.4203654679        1.0246413534       -0.0001002033
        2.1823880713        1.0097317802       -0.0000359625
        1.3296082490        1.0273784662       -0.0001113762
        0.5199791313        1.0508345802       -0.0003037109
        0.5199791313        1.0508386270       -0.0003036851
        1.3296082490        1.0273795471       -0.0001113769
        2.1823880713        1.0097324119       -0.0000359660
        1.7365937718        1.0171343355       -0.0000661021
        1.2321842920        1.0302954667       -0.0001286596
        1.2321842920        1.0302977931       -0.0001286603
        1.7365937718        1.0171375779       -0.0000661153
        2.0648626494        1.0112720834       -0.0000420665
        2.0648626494        1.0112734107       -0.0000420721
        2.1244382145        1.0104828716       -0.0000396587
        1.7365937718        1.0170286485       -0.0000667836
        1.7365937718        1.0170260683       -0.0000667739
        2.1244382145        1.0104788307       -0.0000396442
        1.6631830813        1.0186056797       -0.0000742007
        1.1263650221        1.0335689226       -0.0001521945
        1.1263650221        1.0335640395       -0.0001521742
        1.6631830813        1.0186001653       -0.0000741860
        1.5863788940        1.0204039242       -0.0000815362
        1.0095138417        1.0375268666       -0.0001755699
        1.0095138417        1.0375253636       -0.0001755714
        1.5863788940        1.0204015706       -0.0000815305
        1.9402313851        1.0132252695       -0.0000508422
        1.5056619903        1.0223793795       -0.0000915757
        1.5056619903        1.0223796135       -0.0000915725
        1.9402313851        1.0132259532       -0.0000508451
        1.8748114202        1.0143541738       -0.0000550589
        1.8748114202        1.0143522001       -0.0000550499
        2.1823880713        1.0097596686       -0.0000365108
        1.8070245972        1.0155729079       -0.0000595139
        1.8070245972        1.0155718085       -0.0000595124
        2.1823880713        1.0097575876       -0.0000365026
        2.1244382145        1.0104996787       -0.0000396278
        2.1244382145        1.0104993128       -0.0000396278
