#epsqw diagonal term
#1:q+G [au], 2:Re(eps-1), 3:Im(eps-1)
        1.8748114202        1.0550676792       -0.1491887766
        1.8748114202        1.0530989356       -0.1487525110
        2.1823880713        1.0285989210       -0.0876324417
        1.8070245972        1.0676480734       -0.1759229693
        1.8070245972        1.0685499028       -0.1728085938
        2.1823880713        1.0292800717       -0.0873813537
        2.1244382145        1.0354629509       -0.0977925524
        2.1244382145        1.0350453801       -0.0973926953
        2.1244382145        1.0322729067       -0.1198151188
        1.7365937718        1.0550490639       -0.1727134930
        1.7365937718        1.0532054178       -0.1735529202
        2.1244382145        1.0293679331       -0.1202233535
        1.6631830813        1.0552681791       -0.1944769081
        1.1263650221        1.2551833327       -0.4840650478
        1.1263650221        1.2454612436       -0.4865240718
        1.6631830813        1.0537397885       -0.1969239678
        1.5863788940        1.0723535580       -0.2275113177
        1.0095138417        1.2702007605       -0.4847662376
        1.0095138417        1.2721325778       -0.4770685279
        1.5863788940        1.0731446084       -0.2256760617
        1.9402313851        1.0369126188       -0.1560129321
        1.5056619903        1.0810813037       -0.2692493845
        1.5056619903        1.0788897957       -0.2637260750
        1.9402313851        1.0376003698       -0.1548641101
        1.9402313851        1.0379342489       -0.1303104636
        1.5056619903        1.0953757476       -0.2728782968
        1.5056619903        1.0948339008       -0.2755834096
        1.9402313851        1.0361614297       -0.1308125666
        1.4203654679        1.1005026659       -0.2759775937
        0.7210813155        1.4327172292       -0.5773784884
        0.7210813155        1.4269355970       -0.5777377156
        1.4203654679        1.1019039257       -0.2782052566
        2.1823880713        1.0360312929       -0.1054527209
        1.3296082490        1.1390713586       -0.3505215039
        0.5199791313        1.4342965131       -0.5420474271
        0.5199791313        1.4361693496       -0.5401828046
        1.3296082490        1.1388777065       -0.3511747137
        2.1823880713        1.0359883584       -0.1050735124
        1.7365937718        1.0390668520       -0.1732695587
        1.2321842920        1.1526947812       -0.3733808104
        1.2321842920        1.1557593180       -0.3706473622
        1.7365937718        1.0427208501       -0.1730386630
        2.0648626494        1.0553595146       -0.1162206736
        2.0648626494        1.0549394022       -0.1156689251
        2.1244382145        1.0330471954       -0.1185706934
        1.7365937718        1.0546667889       -0.1718510710
        1.7365937718        1.0555431044       -0.1738768012
        2.1244382145        1.0321579030       -0.1193367907
        1.6631830813        1.0565127367       -0.1937589517
        1.1263650221        1.2545300584       -0.4757379989
        1.1263650221        1.2543708930       -0.4863386291
        1.6631830813        1.0568682916       -0.1955170215
        1.5863788940        1.0718254088       -0.2291223892
        1.0095138417        1.2679116298       -0.4841356367
        1.0095138417        1.2721372847       -0.4847724423
        1.5863788940        1.0700897825       -0.2276366113
        1.9402313851        1.0335882850       -0.1564437419
        1.5056619903        1.0738020521       -0.2675953879
        1.5056619903        1.0793470119       -0.2665634790
        1.9402313851        1.0374467145       -0.1560919718
        1.8748114202        1.0553775922       -0.1458613543
        1.8748114202        1.0544062194       -0.1479802390
        2.1823880713        1.0289131389       -0.0878551823
        1.8070245972        1.0672550961       -0.1752682012
        1.8070245972        1.0682057740       -0.1760390843
        2.1823880713        1.0281555704       -0.0880775244
        2.1244382145        1.0337726781       -0.0977754808
        2.1244382145        1.0344317103       -0.0976792410
