#epsqw diagonal term
#1:q+G [au], 2:Re(eps-1), 3:Im(eps-1)
        1.8748114202        0.8645101944       -0.0315450681
        1.8748114202        0.8644449828       -0.0316399131
        2.1823880713        0.9101616873       -0.0224543392
        1.8070245972        0.8576314439       -0.0232487896
        1.8070245972        0.8574869278       -0.0231043201
        2.1823880713        0.9102145674       -0.0225401113
        2.1244382145        0.9001343548       -0.0253731258
        2.1244382145        0.9001393672       -0.0253273769
        2.1244382145        0.8981645161       -0.0212613657
        1.7365937718        0.8363881477       -0.0306234829
        1.7365937718        0.8363055383       -0.0306766739
        2.1244382145        0.8980389008       -0.0215170358
        1.6631830813        0.8218035376       -0.0346310211
        1.1263650221        0.6201266397       -0.0360127765
        1.1263650221        0.6202370991       -0.0357710364
        1.6631830813        0.8215220674       -0.0348416479
        1.5863788940        0.8037404425       -0.0308002173
        1.0095138417        0.5612993338       -0.0356013016
        1.0095138417        0.5616292526       -0.0354623665
        1.5863788940        0.8040666768       -0.0308420348
        1.9402313851        0.8741407601       -0.0261923673
        1.5056619903        0.7782986598       -0.0349340376
        1.5056619903        0.7781618276       -0.0349537208
        1.9402313851        0.8742011398       -0.0261286528
        1.9402313851        0.8817504371       -0.0171105921
        1.5056619903        0.7843145711       -0.0273704881
        1.5056619903        0.7842176679       -0.0271438682
        1.9402313851        0.8817192535       -0.0172363350
        1.4203654679        0.7546752837       -0.0345473100
        0.7210813155        0.4053604133       -0.0621421562
        0.7210813155        0.4056634285       -0.0619448583
        1.4203654679        0.7545643861       -0.0344355077
        2.1823880713        0.9186358957       -0.0121693536
        1.3296082490        0.7245504389       -0.0389572161
        0.5199791313        0.3197272223       -0.1094190907
        0.5199791313        0.3218411592       -0.1078816362
        1.3296082490        0.7241504358       -0.0387870199
        2.1823880713        0.9184891791       -0.0122128044
        1.7365937718        0.8443011771       -0.0227910291
        1.2321842920        0.6809829057       -0.0393254433
        1.2321842920        0.6809471936       -0.0397096628
        1.7365937718        0.8444156909       -0.0223028853
        2.0648626494        0.9015488398       -0.0175963104
        2.0648626494        0.9015650911       -0.0173420876
        2.1244382145        0.8980997394       -0.0212598448
        1.7365937718        0.8364746559       -0.0307131576
        1.7365937718        0.8364390100       -0.0306276348
        2.1244382145        0.8979315890       -0.0213581638
        1.6631830813        0.8215472959       -0.0346883455
        1.1263650221        0.6202883863       -0.0356742753
        1.1263650221        0.6203145850       -0.0358009367
        1.6631830813        0.8212650533       -0.0347547363
        1.5863788940        0.8041367348       -0.0307574020
        1.0095138417        0.5610770156       -0.0356269202
        1.0095138417        0.5613469926       -0.0359401751
        1.5863788940        0.8038939802       -0.0307346838
        1.9402313851        0.8741636879       -0.0262123949
        1.5056619903        0.7782187713       -0.0350978428
        1.5056619903        0.7782458082       -0.0350360864
        1.9402313851        0.8741903461       -0.0260594266
        1.8748114202        0.8646436713       -0.0314549950
        1.8748114202        0.8642960820       -0.0313178805
        2.1823880713        0.9100883884       -0.0224776995
        1.8070245972        0.8576817196       -0.0232404532
        1.8070245972        0.8576211134       -0.0232248320
        2.1823880713        0.9101622566       -0.0227378923
        2.1244382145        0.9001632716       -0.0254314130
        2.1244382145        0.9001629363       -0.0255624727
