#epsqw diagonal term
#1:q+G [au], 2:Re(eps-1), 3:Im(eps-1)
        1.8748114202        0.8634196055       -0.0266911037
        1.8748114202        0.8633142295       -0.0265827085
        2.1823880713        0.9079979041       -0.0228316081
        1.8070245972        0.8433688840       -0.0280599614
        1.8070245972        0.8435746925       -0.0283408514
        2.1823880713        0.9082113814       -0.0229229081
        2.1244382145        0.9010625887       -0.0237533729
        2.1244382145        0.9012060257       -0.0237838325
        2.1244382145        0.9015768581       -0.0272670623
        1.7365937718        0.8255294414       -0.0383215983
        1.7365937718        0.8259123630       -0.0383222118
        2.1244382145        0.9018094352       -0.0271257138
        1.6631830813        0.8097110645       -0.0447582673
        1.1263650221        0.6465567931       -0.0977961546
        1.1263650221        0.6469134707       -0.0983758487
        1.6631830813        0.8099306746       -0.0440253782
        1.5863788940        0.7799420978       -0.0489509790
        1.0095138417        0.5827297997       -0.1239316719
        1.0095138417        0.5837459661       -0.1218719229
        1.5863788940        0.7797274162       -0.0488281763
        1.9402313851        0.8736992196       -0.0319077729
        1.5056619903        0.7608938315       -0.0561711333
        1.5056619903        0.7606471047       -0.0566156476
        1.9402313851        0.8735575734       -0.0316049956
        1.9402313851        0.8681207316       -0.0287489749
        1.5056619903        0.7518449017       -0.0524688627
        1.5056619903        0.7524901683       -0.0530404015
        1.9402313851        0.8682586194       -0.0289679568
        1.4203654679        0.7223791232       -0.0597498112
        0.7210813155        0.5117980160       -0.1935128100
        0.7210813155        0.5134455166       -0.1929293768
        1.4203654679        0.7232343173       -0.0593645700
        2.1823880713        0.9078227255       -0.0185397382
        1.3296082490        0.7033862911       -0.0687414990
        0.5199791313        0.4650000772       -0.2574690084
        0.5199791313        0.4666168969       -0.2551146553
        1.3296082490        0.7032655555       -0.0681832898
        2.1823880713        0.9079174496       -0.0185934879
        1.7365937718        0.8258106461       -0.0348464542
        1.2321842920        0.6624609174       -0.0842974952
        1.2321842920        0.6619281192       -0.0852184106
        1.7365937718        0.8254623234       -0.0349011354
        2.0648626494        0.8928762836       -0.0202041176
        2.0648626494        0.8929291346       -0.0202408715
        2.1244382145        0.9019011718       -0.0273000885
        1.7365937718        0.8253636545       -0.0382992368
        1.7365937718        0.8255474837       -0.0385445526
        2.1244382145        0.9020195969       -0.0273219620
        1.6631830813        0.8096739847       -0.0445324991
        1.1263650221        0.6456157219       -0.0970537170
        1.1263650221        0.6468424599       -0.0980663357
        1.6631830813        0.8101729464       -0.0442625051
        1.5863788940        0.7799742395       -0.0489509965
        1.0095138417        0.5836780102       -0.1236511696
        1.0095138417        0.5839930072       -0.1217955573
        1.5863788940        0.7796276012       -0.0489856676
        1.9402313851        0.8735512951       -0.0318164986
        1.5056619903        0.7610844172       -0.0560362670
        1.5056619903        0.7606911662       -0.0563302822
        1.9402313851        0.8731996470       -0.0317101203
        1.8748114202        0.8633756386       -0.0267207582
        1.8748114202        0.8632618299       -0.0266884206
        2.1823880713        0.9081077394       -0.0229195578
        1.8070245972        0.8436251828       -0.0283002081
        1.8070245972        0.8435643779       -0.0280824807
        2.1823880713        0.9079877387       -0.0231541485
        2.1244382145        0.9009852095       -0.0236659597
        2.1244382145        0.9010256731       -0.0238647393
