#epsqw diagonal term
#1:q+G [au], 2:Re(eps-1), 3:Im(eps-1)
        1.8748114202        0.8721985256       -0.0010119023
        1.8748114202        0.8722254136       -0.0010084242
        2.1823880713        0.9140098257       -0.0009362637
        1.8070245972        0.8629136710       -0.0009014577
        1.8070245972        0.8629054175       -0.0009016808
        2.1823880713        0.9140058014       -0.0009344512
        2.1244382145        0.9063982184       -0.0010316059
        2.1244382145        0.9064040478       -0.0010338085
        2.1244382145        0.9038091707       -0.0017410052
        1.7365937718        0.8444952963       -0.0017539456
        1.7365937718        0.8443896602       -0.0017625336
        2.1244382145        0.9037134174       -0.0017505268
        1.6631830813        0.8277656749       -0.0018373192
        1.1263650221        0.6375206604       -0.0022041990
        1.1263650221        0.6374442916       -0.0022076649
        1.6631830813        0.8277241195       -0.0018430040
        1.5863788940        0.8089117490       -0.0018445952
        1.0095138417        0.5796375914       -0.0021679556
        1.0095138417        0.5796489158       -0.0021638512
        1.5863788940        0.8089623632       -0.0018389919
        1.9402313851        0.8797103204       -0.0018807516
        1.5056619903        0.7851301739       -0.0020267726
        1.5056619903        0.7851458384       -0.0020235030
        1.9402313851        0.8797784432       -0.0018707174
        1.9402313851        0.8851170022       -0.0007107763
        1.5056619903        0.7881472756       -0.0012036498
        1.5056619903        0.7881259415       -0.0012053762
        1.9402313851        0.8851169214       -0.0007127851
        1.4203654679        0.7587541772       -0.0013023084
        0.7210813155        0.4244222660       -0.0026226367
        0.7210813155        0.4243722515       -0.0026230729
        1.4203654679        0.7587183227       -0.0013065010
        2.1823880713        0.9191180127       -0.0005300825
        1.3296082490        0.7318816841       -0.0014385257
        0.5199791313        0.3146966039       -0.0032124199
        0.5199791313        0.3147352541       -0.0032145975
        1.3296082490        0.7318806712       -0.0014399688
        2.1823880713        0.9191103178       -0.0005310778
        1.7365937718        0.8480757141       -0.0008792693
        1.2321842920        0.6872719652       -0.0015670507
        1.2321842920        0.6872908426       -0.0015655506
        1.7365937718        0.8480528418       -0.0008790751
        2.0648626494        0.9035448432       -0.0006663981
        2.0648626494        0.9035656583       -0.0006656314
        2.1244382145        0.9037710537       -0.0017518102
        1.7365937718        0.8444956637       -0.0017441289
        1.7365937718        0.8444757959       -0.0017458798
        2.1244382145        0.9037276631       -0.0017546761
        1.6631830813        0.8277176809       -0.0018573399
        1.1263650221        0.6374044874       -0.0022112716
        1.1263650221        0.6374325208       -0.0022110013
        1.6631830813        0.8276252537       -0.0018649007
        1.5863788940        0.8089729178       -0.0018510338
        1.0095138417        0.5796370006       -0.0021735476
        1.0095138417        0.5796669553       -0.0021688946
        1.5863788940        0.8089612154       -0.0018501874
        1.9402313851        0.8797579698       -0.0018762797
        1.5056619903        0.7850929060       -0.0020251320
        1.5056619903        0.7851697272       -0.0020162030
        1.9402313851        0.8798233363       -0.0018646298
        1.8748114202        0.8722221527       -0.0010104166
        1.8748114202        0.8722379607       -0.0010051844
        2.1823880713        0.9140202922       -0.0009315061
        1.8070245972        0.8629024244       -0.0009029704
        1.8070245972        0.8629132447       -0.0009004045
        2.1823880713        0.9140002630       -0.0009327408
        2.1244382145        0.9064060352       -0.0010339249
        2.1244382145        0.9063842047       -0.0010339251
