#epsqw diagonal term
#1:q+G [au], 2:Re(eps-1), 3:Im(eps-1)
        1.8748114202        0.8498149882       -0.0335369020
        1.8748114202        0.8500890408       -0.0333690509
        2.1823880713        0.8996460658       -0.0289806892
        1.8070245972        0.8274421864       -0.0382849157
        1.8070245972        0.8269119206       -0.0382086941
        2.1823880713        0.8996392143       -0.0290236020
        2.1244382145        0.8924986154       -0.0301557843
        2.1244382145        0.8926703144       -0.0299512290
        2.1244382145        0.8958718460       -0.0312185106
        1.7365937718        0.8093779508       -0.0503215848
        1.7365937718        0.8095271962       -0.0508288103
        2.1244382145        0.8951954993       -0.0316171104
        1.6631830813        0.7910107126       -0.0564627646
        1.1263650221        0.5886496369       -0.1313893125
        1.1263650221        0.5885094704       -0.1311179228
        1.6631830813        0.7914080150       -0.0564797778
        1.5863788940        0.7579146768       -0.0658892830
        1.0095138417        0.5379347453       -0.1657735336
        1.0095138417        0.5392696515       -0.1652185601
        1.5863788940        0.7577337102       -0.0665619709
        1.9402313851        0.8628617934       -0.0381570273
        1.5056619903        0.7338258211       -0.0753821110
        1.5056619903        0.7335780821       -0.0752535236
        1.9402313851        0.8627833478       -0.0382310298
        1.9402313851        0.8553282151       -0.0390209421
        1.5056619903        0.7265528438       -0.0719663465
        1.5056619903        0.7268104874       -0.0717723183
        1.9402313851        0.8550225481       -0.0392131432
        1.4203654679        0.6936568082       -0.0831036695
        0.7210813155        0.4368372148       -0.2650133295
        0.7210813155        0.4333949656       -0.2655464309
        1.4203654679        0.6930081372       -0.0822645959
        2.1823880713        0.8989364381       -0.0288419361
        1.3296082490        0.6781760090       -0.0861627020
        0.5199791313        0.4328931381       -0.3437741167
        0.5199791313        0.4315547215       -0.3426767546
        1.3296082490        0.6776314948       -0.0851925319
        2.1823880713        0.8989517310       -0.0287126420
        1.7365937718        0.8035157691       -0.0479727193
        1.2321842920        0.6231519614       -0.1093622468
        1.2321842920        0.6238516929       -0.1098120233
        1.7365937718        0.8036210124       -0.0480685072
        2.0648626494        0.8820541272       -0.0297073026
        2.0648626494        0.8824025816       -0.0297278053
        2.1244382145        0.8956821354       -0.0312720041
        1.7365937718        0.8091193483       -0.0508609078
        1.7365937718        0.8093696979       -0.0508149947
        2.1244382145        0.8952804967       -0.0314735772
        1.6631830813        0.7915297656       -0.0570383051
        1.1263650221        0.5893151993       -0.1319555042
        1.1263650221        0.5893338301       -0.1305745537
        1.6631830813        0.7917709399       -0.0566109281
        1.5863788940        0.7575184322       -0.0654902921
        1.0095138417        0.5388294306       -0.1657200350
        1.0095138417        0.5381303829       -0.1657809345
        1.5863788940        0.7574744831       -0.0662473472
        1.9402313851        0.8624490602       -0.0378263586
        1.5056619903        0.7340404359       -0.0753073672
        1.5056619903        0.7338125497       -0.0755842035
        1.9402313851        0.8630279036       -0.0381794618
        1.8748114202        0.8499622349       -0.0332950445
        1.8748114202        0.8503254953       -0.0333653523
        2.1823880713        0.8994392637       -0.0290521683
        1.8070245972        0.8275039712       -0.0383108690
        1.8070245972        0.8273663716       -0.0385203396
        2.1823880713        0.8997159636       -0.0291270043
        2.1244382145        0.8926631097       -0.0300588901
        2.1244382145        0.8927148363       -0.0301636874
