#epsqw diagonal term
#1:q+G [au], 2:Re(eps-1), 3:Im(eps-1)
        1.8748114202        0.8746726276       -0.0006319950
        1.8748114202        0.8746961555       -0.0006314474
        2.1823880713        0.9160740714       -0.0004774443
        1.8070245972        0.8652671148       -0.0006350396
        1.8070245972        0.8652611782       -0.0006354404
        2.1823880713        0.9160654401       -0.0004773429
        2.1244382145        0.9086525021       -0.0005198079
        2.1244382145        0.9086571077       -0.0005199251
        2.1244382145        0.9070715582       -0.0005815397
        1.7365937718        0.8479627335       -0.0007488001
        1.7365937718        0.8478921371       -0.0007511206
        2.1244382145        0.9070161989       -0.0005839871
        1.6631830813        0.8315740487       -0.0008124080
        1.1263650221        0.6431450241       -0.0013567217
        1.1263650221        0.6430968876       -0.0013586097
        1.6631830813        0.8315507263       -0.0008132935
        1.5863788940        0.8127917801       -0.0008543004
        1.0095138417        0.5859248103       -0.0015218390
        1.0095138417        0.5859176067       -0.0015215040
        1.5863788940        0.8128191528       -0.0008532241
        1.9402313851        0.8833323998       -0.0006695048
        1.5056619903        0.7891980374       -0.0009324612
        1.5056619903        0.7891930499       -0.0009322895
        1.9402313851        0.8833653496       -0.0006681861
        1.9402313851        0.8870970721       -0.0005470059
        1.5056619903        0.7916609402       -0.0009049323
        1.5056619903        0.7916457583       -0.0009053265
        1.9402313851        0.8871042247       -0.0005474384
        1.4203654679        0.7624723798       -0.0009910630
        0.7210813155        0.4338140776       -0.0019814132
        0.7210813155        0.4337629884       -0.0019817306
        1.4203654679        0.7624508887       -0.0009918966
        2.1823880713        0.9206084164       -0.0004055217
        1.3296082490        0.7361511503       -0.0010998986
        0.5199791313        0.3275815692       -0.0023347657
        0.5199791313        0.3276230186       -0.0023350933
        1.3296082490        0.7361550727       -0.0011000760
        2.1823880713        0.9206044886       -0.0004056429
        1.7365937718        0.8505302602       -0.0006770805
        1.2321842920        0.6919408373       -0.0012339355
        1.2321842920        0.6919536842       -0.0012335806
        1.7365937718        0.8505086626       -0.0006774029
        2.0648626494        0.9055206426       -0.0004971928
        2.0648626494        0.9055379043       -0.0004966731
        2.1244382145        0.9070474404       -0.0005825885
        1.7365937718        0.8479483377       -0.0007486956
        1.7365937718        0.8479448736       -0.0007489955
        2.1244382145        0.9070336085       -0.0005836478
        1.6631830813        0.8315442663       -0.0008136952
        1.1263650221        0.6430558112       -0.0013591831
        1.1263650221        0.6430983815       -0.0013589817
        1.6631830813        0.8314928964       -0.0008153961
        1.5863788940        0.8128325718       -0.0008529218
        1.0095138417        0.5859296231       -0.0015221949
        1.0095138417        0.5859419198       -0.0015210216
        1.5863788940        0.8128279550       -0.0008532605
        1.9402313851        0.8833607018       -0.0006685060
        1.5056619903        0.7891664753       -0.0009332705
        1.5056619903        0.7892068715       -0.0009314958
        1.9402313851        0.8833901250       -0.0006667284
        1.8748114202        0.8746914150       -0.0006316261
        1.8748114202        0.8747025267       -0.0006310673
        2.1823880713        0.9160712882       -0.0004768619
        1.8070245972        0.8652587831       -0.0006353268
        1.8070245972        0.8652608448       -0.0006349178
        2.1823880713        0.9160641004       -0.0004777213
        2.1244382145        0.9086651469       -0.0005200280
        2.1244382145        0.9086418910       -0.0005204900
