#epsqw diagonal term
#1:q+G [au], 2:Re(eps-1), 3:Im(eps-1)
        1.8748114202        0.8831109820       -0.1346499065
        1.8748114202        0.8826185273       -0.1356312146
        2.1823880713        0.9425464261       -0.0936594998
        1.8070245972        0.8713938776       -0.1496008127
        1.8070245972        0.8716251901       -0.1498785002
        2.1823880713        0.9447033745       -0.0943361839
        2.1244382145        0.9324742358       -0.0996214948
        2.1244382145        0.9332821727       -0.0993277119
        2.1244382145        0.9366740797       -0.0886398169
        1.7365937718        0.8473335853       -0.1668447412
        1.7365937718        0.8478202174       -0.1677248105
        2.1244382145        0.9366910546       -0.0892762710
        1.6631830813        0.8263950714       -0.1970485480
        1.1263650221        0.6155991763       -0.3916775045
        1.1263650221        0.6146437405       -0.3934883288
        1.6631830813        0.8254387343       -0.1979404222
        1.5863788940        0.8073206283       -0.2147433814
        1.0095138417        0.5238812503       -0.4468420634
        1.0095138417        0.5210380627       -0.4517972118
        1.5863788940        0.8063228597       -0.2155086235
        1.9402313851        0.9098116804       -0.1143129835
        1.5056619903        0.7880797783       -0.2545208278
        1.5056619903        0.7898171013       -0.2528982703
        1.9402313851        0.9115429885       -0.1135813061
        1.9402313851        0.9039233200       -0.1292666410
        1.5056619903        0.7967993200       -0.2774442142
        1.5056619903        0.7947577588       -0.2777778193
        1.9402313851        0.9036260530       -0.1303475205
        1.4203654679        0.7615922421       -0.3194385929
        0.7210813155        0.3724931502       -0.5130110823
        0.7210813155        0.3745582288       -0.5203814084
        1.4203654679        0.7597505616       -0.3183785541
        2.1823880713        0.9509874448       -0.0799736415
        1.3296082490        0.7231311491       -0.3115575047
        0.5199791313        0.2644271238       -0.5181273447
        0.5199791313        0.2651769683       -0.5092247672
        1.3296082490        0.7260584615       -0.3123297241
        2.1823880713        0.9512723870       -0.0793318271
        1.7365937718        0.8568614847       -0.1608626411
        1.2321842920        0.6755025841       -0.3969649998
        1.2321842920        0.6776655056       -0.3982089321
        1.7365937718        0.8586119968       -0.1610072794
        2.0648626494        0.9237417664       -0.1003744826
        2.0648626494        0.9241549032       -0.1000639352
        2.1244382145        0.9385022978       -0.0885591351
        1.7365937718        0.8487000869       -0.1692532103
        1.7365937718        0.8477613233       -0.1685649288
        2.1244382145        0.9368366354       -0.0890864897
        1.6631830813        0.8297967562       -0.1986138003
        1.1263650221        0.6139815304       -0.3920669474
        1.1263650221        0.6160331440       -0.3929457227
        1.6631830813        0.8262868563       -0.1960413941
        1.5863788940        0.8086044157       -0.2155726452
        1.0095138417        0.5250383335       -0.4497619366
        1.0095138417        0.5268401523       -0.4482441492
        1.5863788940        0.8089926895       -0.2135480790
        1.9402313851        0.9093382052       -0.1141297574
        1.5056619903        0.7872878016       -0.2540338255
        1.5056619903        0.7882773802       -0.2532311335
        1.9402313851        0.9088583064       -0.1138405667
        1.8748114202        0.8836742838       -0.1353125920
        1.8748114202        0.8829126313       -0.1350568366
        2.1823880713        0.9428889245       -0.0939804070
        1.8070245972        0.8705384888       -0.1500382976
        1.8070245972        0.8707158052       -0.1492025854
        2.1823880713        0.9425717036       -0.0935308934
        2.1244382145        0.9310956486       -0.0996283509
        2.1244382145        0.9314572772       -0.0995260273
