#epsqw diagonal term
#1:q+G [au], 2:Re(eps-1), 3:Im(eps-1)
        1.8748114202        0.8668008886       -0.0152365402
        1.8748114202        0.8667278407       -0.0152132132
        2.1823880713        0.9092067126       -0.0132828531
        1.8070245972        0.8599455024       -0.0196293661
        1.8070245972        0.8596461923       -0.0200135360
        2.1823880713        0.9091917369       -0.0134170624
        2.1244382145        0.9015483192       -0.0139916177
        2.1244382145        0.9015751159       -0.0141203240
        2.1244382145        0.9041061747       -0.0142215995
        1.7365937718        0.8389292820       -0.0166412822
        1.7365937718        0.8390588772       -0.0166417514
        2.1244382145        0.9041312104       -0.0140258146
        1.6631830813        0.8226640747       -0.0173253555
        1.1263650221        0.6365795315       -0.0354369335
        1.1263650221        0.6368037311       -0.0355099663
        1.6631830813        0.8226539865       -0.0172554452
        1.5863788940        0.8051229110       -0.0196056102
        1.0095138417        0.5859677491       -0.0462991395
        1.0095138417        0.5859516675       -0.0463788702
        1.5863788940        0.8049702136       -0.0195357546
        1.9402313851        0.8804301953       -0.0157678000
        1.5056619903        0.7755223453       -0.0226874543
        1.5056619903        0.7756548629       -0.0228789376
        1.9402313851        0.8804509987       -0.0159617068
        1.9402313851        0.8812181511       -0.0143836139
        1.5056619903        0.7836205883       -0.0230301224
        1.5056619903        0.7835810865       -0.0232498689
        1.9402313851        0.8811550637       -0.0141750035
        1.4203654679        0.7540652651       -0.0216897213
        0.7210813155        0.4350729295       -0.0791536834
        0.7210813155        0.4347252509       -0.0780640746
        1.4203654679        0.7539789757       -0.0217351139
        2.1823880713        0.9175615163       -0.0104182601
        1.3296082490        0.7262408313       -0.0283573512
        0.5199791313        0.3064266251       -0.1141969038
        0.5199791313        0.3046943937       -0.1125667315
        1.3296082490        0.7263358281       -0.0286127930
        2.1823880713        0.9176687857       -0.0104191493
        1.7365937718        0.8440503419       -0.0164078501
        1.2321842920        0.6747204722       -0.0328635495
        1.2321842920        0.6748474570       -0.0331821332
        1.7365937718        0.8438685004       -0.0164664925
        2.0648626494        0.9015880190       -0.0127198483
        2.0648626494        0.9013061461       -0.0126850184
        2.1244382145        0.9042393736       -0.0144052013
        1.7365937718        0.8389206493       -0.0166940866
        1.7365937718        0.8389471832       -0.0168642028
        2.1244382145        0.9042106637       -0.0140503765
        1.6631830813        0.8226195617       -0.0171242295
        1.1263650221        0.6366871268       -0.0354410224
        1.1263650221        0.6369359457       -0.0353514263
        1.6631830813        0.8227707404       -0.0171170935
        1.5863788940        0.8049897112       -0.0195906272
        1.0095138417        0.5858679219       -0.0465072539
        1.0095138417        0.5855040768       -0.0463694248
        1.5863788940        0.8051091109       -0.0195831044
        1.9402313851        0.8803791939       -0.0158479104
        1.5056619903        0.7758009605       -0.0228425311
        1.5056619903        0.7756725126       -0.0231789506
        1.9402313851        0.8803807371       -0.0160896180
        1.8748114202        0.8668679601       -0.0152594492
        1.8748114202        0.8667709270       -0.0150389913
        2.1823880713        0.9091917824       -0.0132739168
        1.8070245972        0.8599038961       -0.0196119114
        1.8070245972        0.8597337318       -0.0198201646
        2.1823880713        0.9093665145       -0.0131052241
        2.1244382145        0.9016552808       -0.0138985265
        2.1244382145        0.9015512645       -0.0139812855
