#epsqw diagonal term
#1:q+G [au], 2:Re(eps-1), 3:Im(eps-1)
        1.8748114202        0.8740930778       -0.0006712017
        1.8748114202        0.8741179225       -0.0006704392
        2.1823880713        0.9156045997       -0.0005134093
        1.8070245972        0.8647124427       -0.0006700570
        1.8070245972        0.8647054559       -0.0006706039
        2.1823880713        0.9155962716       -0.0005132886
        2.1244382145        0.9081344701       -0.0005598503
        2.1244382145        0.9081387483       -0.0005600163
        2.1244382145        0.9063764758       -0.0006511414
        1.7365937718        0.8471986925       -0.0008154874
        1.7365937718        0.8471219410       -0.0008186185
        2.1244382145        0.9063142245       -0.0006545475
        1.6631830813        0.8307397884       -0.0008838935
        1.1263650221        0.6418434670       -0.0014413014
        1.1263650221        0.6417907166       -0.0014435851
        1.6631830813        0.8307137732       -0.0008851219
        1.5863788940        0.8119428442       -0.0009252081
        1.0095138417        0.5844469009       -0.0016081393
        1.0095138417        0.5844412272       -0.0016075407
        1.5863788940        0.8119732397       -0.0009237588
        1.9402313851        0.8825574989       -0.0007448771
        1.5056619903        0.7882860927       -0.0010067446
        1.5056619903        0.7882827659       -0.0010061913
        1.9402313851        0.8825949410       -0.0007427951
        1.9402313851        0.8866326368       -0.0005750790
        1.5056619903        0.7908480045       -0.0009570429
        1.5056619903        0.7908316852       -0.0009575707
        1.9402313851        0.8866385152       -0.0005756831
        1.4203654679        0.7616034309       -0.0010437267
        0.7210813155        0.4315750156       -0.0021015924
        0.7210813155        0.4315236843       -0.0021018432
        1.4203654679        0.7615793639       -0.0010448960
        2.1823880713        0.9202613629       -0.0004274773
        1.3296082490        0.7351525448       -0.0011606478
        0.5199791313        0.3245164650       -0.0025023226
        0.5199791313        0.3245573425       -0.0025027199
        1.3296082490        0.7351556266       -0.0011609422
        2.1823880713        0.9202569034       -0.0004276883
        1.7365937718        0.8499556034       -0.0007117874
        1.2321842920        0.6908314180       -0.0012967318
        1.2321842920        0.6908453588       -0.0012962262
        1.7365937718        0.8499334750       -0.0007121216
        2.0648626494        0.9050628155       -0.0005272695
        2.0648626494        0.9050809542       -0.0005266926
        2.1244382145        0.9063495962       -0.0006525588
        1.7365937718        0.8471856403       -0.0008150132
        1.7365937718        0.8471805725       -0.0008156390
        2.1244382145        0.9063319752       -0.0006542398
        1.6631830813        0.8307063035       -0.0008857824
        1.1263650221        0.6417478983       -0.0014443562
        1.1263650221        0.6417902112       -0.0014442436
        1.6631830813        0.8306498390       -0.0008881653
        1.5863788940        0.8119869174       -0.0009235391
        1.0095138417        0.5844502651       -0.0016087071
        1.0095138417        0.5844657097       -0.0016072240
        1.5863788940        0.8119812415       -0.0009240299
        1.9402313851        0.8825886188       -0.0007434650
        1.5056619903        0.7882531003       -0.0010075865
        1.5056619903        0.7882990519       -0.0010049951
        1.9402313851        0.8826237835       -0.0007408057
        1.8748114202        0.8741126610       -0.0006707380
        1.8748114202        0.8741254222       -0.0006698855
        2.1823880713        0.9156037070       -0.0005125257
        1.8070245972        0.8647034441       -0.0006704076
        1.8070245972        0.8647067508       -0.0006698426
        2.1823880713        0.9155941384       -0.0005137206
        2.1244382145        0.9081463021       -0.0005601804
        2.1244382145        0.9081224831       -0.0005606623
