#epsqw diagonal term
#1:q+G [au], 2:Re(eps-1), 3:Im(eps-1)
        1.8748114202        0.8749463813       -0.0006156652
        1.8748114202        0.8749693686       -0.0006151751
        2.1823880713        0.9162928935       -0.0004631455
        1.8070245972        0.8655307853       -0.0006199488
        1.8070245972        0.8655253038       -0.0006202981
        2.1823880713        0.9162841230       -0.0004630618
        2.1244382145        0.9088937947       -0.0005039654
        2.1244382145        0.9088985433       -0.0005040711
        2.1244382145        0.9073841635       -0.0005560779
        1.7365937718        0.8483126285       -0.0007236828
        1.7365937718        0.8482446636       -0.0007257019
        2.1244382145        0.9073317140       -0.0005581730
        1.6631830813        0.8319570238       -0.0007851451
        1.1263650221        0.6437592860       -0.0013220075
        1.1263650221        0.6437132709       -0.0013237033
        1.6631830813        0.8319348520       -0.0007858900
        1.5863788940        0.8131824183       -0.0008271167
        1.0095138417        0.5866287718       -0.0014848631
        1.0095138417        0.5866209721       -0.0014846289
        1.5863788940        0.8132084899       -0.0008261929
        1.9402313851        0.8836823619       -0.0006416724
        1.5056619903        0.7896188963       -0.0009042000
        1.5056619903        0.7896133281       -0.0009041552
        1.9402313851        0.8837135255       -0.0006406169
        1.9402313851        0.8873186454       -0.0005346448
        1.5056619903        0.7920463307       -0.0008822718
        1.5056619903        0.7920316459       -0.0008826147
        1.9402313851        0.8873263412       -0.0005350119
        1.4203654679        0.7628861087       -0.0009680360
        0.7210813155        0.4348875486       -0.0019280113
        0.7210813155        0.4348366431       -0.0019283454
        1.4203654679        0.7628657187       -0.0009687431
        2.1823880713        0.9207734037       -0.0003959067
        1.3296082490        0.7366265725       -0.0010732733
        0.5199791313        0.3290494572       -0.0022602674
        0.5199791313        0.3290911507       -0.0022605741
        1.3296082490        0.7366308436       -0.0010734085
        2.1823880713        0.9207696874       -0.0003959961
        1.7365937718        0.8508042802       -0.0006618380
        1.2321842920        0.6924717518       -0.0012060548
        1.2321842920        0.6924841310       -0.0012057588
        1.7365937718        0.8507829545       -0.0006621482
        2.0648626494        0.9057377007       -0.0004840309
        2.0648626494        0.9057545430       -0.0004835383
        2.1244382145        0.9073612249       -0.0005569990
        1.7365937718        0.8482978077       -0.0007236840
        1.7365937718        0.8482949395       -0.0007238745
        2.1244382145        0.9073489173       -0.0005578339
        1.6631830813        0.8319287471       -0.0007862410
        1.1263650221        0.6436729757       -0.0013242130
        1.1263650221        0.6437155994       -0.0013239656
        1.6631830813        0.8318795221       -0.0007876736
        1.5863788940        0.8132217099       -0.0008258782
        1.0095138417        0.5866341907       -0.0014851410
        1.0095138417        0.5866450657       -0.0014841062
        1.5863788940        0.8132175320       -0.0008261673
        1.9402313851        0.8837094939       -0.0006408206
        1.5056619903        0.7895880607       -0.0009049704
        1.5056619903        0.7896261490       -0.0009034947
        1.9402313851        0.8837365567       -0.0006393560
        1.8748114202        0.8749648242       -0.0006153275
        1.8748114202        0.8749752720       -0.0006148557
        2.1823880713        0.9162893409       -0.0004626683
        1.8070245972        0.8655227585       -0.0006202084
        1.8070245972        0.8655242837       -0.0006198703
        2.1823880713        0.9162831611       -0.0004634074
        2.1244382145        0.9089067863       -0.0005041428
        2.1244382145        0.9088838181       -0.0005045962
