#epsqw diagonal term
#1:q+G [au], 2:Re(eps-1), 3:Im(eps-1)
        1.8748114202        0.8723561007       -0.0395623213
        1.8748114202        0.8725124641       -0.0394934378
        2.1823880713        0.9142049520       -0.0260397977
        1.8070245972        0.8609767667       -0.0337308189
        1.8070245972        0.8612124126       -0.0336934032
        2.1823880713        0.9143601307       -0.0259285216
        2.1244382145        0.9082722615       -0.0328698857
        2.1244382145        0.9082973728       -0.0327930626
        2.1244382145        0.9002866112       -0.0293274231
        1.7365937718        0.8439641915       -0.0396045671
        1.7365937718        0.8436054124       -0.0396370963
        2.1244382145        0.9003026140       -0.0294472519
        1.6631830813        0.8306746073       -0.0404670144
        1.1263650221        0.6188276083       -0.0486956631
        1.1263650221        0.6186729650       -0.0480940003
        1.6631830813        0.8307551983       -0.0408137854
        1.5863788940        0.8069126612       -0.0364166394
        1.0095138417        0.5572083856       -0.0501905396
        1.0095138417        0.5567291140       -0.0496070289
        1.5863788940        0.8065876499       -0.0363551086
        1.9402313851        0.8802449770       -0.0339545204
        1.5056619903        0.7845846910       -0.0421285331
        1.5056619903        0.7845415981       -0.0425253658
        1.9402313851        0.8802789519       -0.0337926410
        1.9402313851        0.8812855466       -0.0204206684
        1.5056619903        0.7900020239       -0.0354211469
        1.5056619903        0.7899607441       -0.0357023315
        1.9402313851        0.8813180390       -0.0204146281
        1.4203654679        0.7620638410       -0.0389832627
        0.7210813155        0.4014182464       -0.0860631640
        0.7210813155        0.4008903224       -0.0855757232
        1.4203654679        0.7618479129       -0.0391615329
        2.1823880713        0.9188323533       -0.0134729808
        1.3296082490        0.7319227259       -0.0514691547
        0.5199791313        0.3261363434       -0.1154170558
        0.5199791313        0.3244386858       -0.1125601710
        1.3296082490        0.7312824793       -0.0518801056
        2.1823880713        0.9189407484       -0.0135428258
        1.7365937718        0.8470423499       -0.0256967351
        1.2321842920        0.6865813454       -0.0486007979
        1.2321842920        0.6867942067       -0.0489067768
        1.7365937718        0.8465365767       -0.0255782836
        2.0648626494        0.9044108749       -0.0224091328
        2.0648626494        0.9039976105       -0.0221825617
        2.1244382145        0.9004081261       -0.0295178477
        1.7365937718        0.8434363811       -0.0395810677
        1.7365937718        0.8431636378       -0.0395671455
        2.1244382145        0.9002451106       -0.0294630687
        1.6631830813        0.8308522279       -0.0407540814
        1.1263650221        0.6189496606       -0.0483720301
        1.1263650221        0.6186869419       -0.0479262441
        1.6631830813        0.8307607085       -0.0412544513
        1.5863788940        0.8068716852       -0.0363097060
        1.0095138417        0.5571653089       -0.0500732115
        1.0095138417        0.5572506271       -0.0499020673
        1.5863788940        0.8066963659       -0.0362992536
        1.9402313851        0.8802462963       -0.0336442991
        1.5056619903        0.7845704900       -0.0422061901
        1.5056619903        0.7845356428       -0.0425782873
        1.9402313851        0.8801529713       -0.0335190019
        1.8748114202        0.8725335219       -0.0397067489
        1.8748114202        0.8724767323       -0.0397433443
        2.1823880713        0.9143316711       -0.0260081528
        1.8070245972        0.8610404611       -0.0335444991
        1.8070245972        0.8608644692       -0.0336006236
        2.1823880713        0.9143026485       -0.0258506397
        2.1244382145        0.9078480146       -0.0327578917
        2.1244382145        0.9080261771       -0.0326351084
