#epsqw diagonal term
#1:q+G [au], 2:Re(eps-1), 3:Im(eps-1)
        1.8748114202        0.8616626370       -0.0248260498
        1.8748114202        0.8614492844       -0.0246771406
        2.1823880713        0.9084474157       -0.0184856455
        1.8070245972        0.8590793283       -0.0204663841
        1.8070245972        0.8594543515       -0.0202199666
        2.1823880713        0.9084430370       -0.0184567406
        2.1244382145        0.8996812822       -0.0198263497
        2.1244382145        0.8998821747       -0.0198138829
        2.1244382145        0.8999934774       -0.0162017779
        1.7365937718        0.8362433363       -0.0238370343
        1.7365937718        0.8361913214       -0.0236990382
        2.1244382145        0.8999542176       -0.0161855102
        1.6631830813        0.8192542265       -0.0278198990
        1.1263650221        0.6270187146       -0.0295353995
        1.1263650221        0.6271920517       -0.0293321755
        1.6631830813        0.8192429127       -0.0275064290
        1.5863788940        0.8013743986       -0.0254493600
        1.0095138417        0.5718749360       -0.0302610140
        1.0095138417        0.5723226307       -0.0307404272
        1.5863788940        0.8015138054       -0.0257427186
        1.9402313851        0.8749669186       -0.0197088428
        1.5056619903        0.7775875284       -0.0292889394
        1.5056619903        0.7778929945       -0.0293516094
        1.9402313851        0.8754010849       -0.0196307762
        1.9402313851        0.8820203849       -0.0161332687
        1.5056619903        0.7871023941       -0.0243465915
        1.5056619903        0.7872630810       -0.0241328516
        1.9402313851        0.8821198287       -0.0161113814
        1.4203654679        0.7515881637       -0.0313590440
        0.7210813155        0.4147524925       -0.0571699685
        0.7210813155        0.4140346477       -0.0572081938
        1.4203654679        0.7516672289       -0.0315546731
        2.1823880713        0.9179709436       -0.0123135176
        1.3296082490        0.7239013737       -0.0338002927
        0.5199791313        0.3100905780       -0.1112758535
        0.5199791313        0.3115009442       -0.1146925307
        1.3296082490        0.7243947877       -0.0339863493
        2.1823880713        0.9177765366       -0.0120624755
        1.7365937718        0.8428213234       -0.0208063749
        1.2321842920        0.6820980833       -0.0391098644
        1.2321842920        0.6821283708       -0.0385825559
        1.7365937718        0.8433800244       -0.0209193454
        2.0648626494        0.9025611806       -0.0158694614
        2.0648626494        0.9025381922       -0.0158632269
        2.1244382145        0.9001617499       -0.0161871350
        1.7365937718        0.8362017567       -0.0238041447
        1.7365937718        0.8360859261       -0.0234099634
        2.1244382145        0.9000264864       -0.0160710982
        1.6631830813        0.8194144713       -0.0276020493
        1.1263650221        0.6272391582       -0.0294622357
        1.1263650221        0.6270312025       -0.0292119767
        1.6631830813        0.8190400512       -0.0276361302
        1.5863788940        0.8012958606       -0.0254714395
        1.0095138417        0.5721574354       -0.0301227589
        1.0095138417        0.5718581690       -0.0307520977
        1.5863788940        0.8015718150       -0.0257503057
        1.9402313851        0.8750008371       -0.0196158049
        1.5056619903        0.7774968147       -0.0292712150
        1.5056619903        0.7776326043       -0.0291317362
        1.9402313851        0.8753101398       -0.0196323656
        1.8748114202        0.8615705765       -0.0248608595
        1.8748114202        0.8617836121       -0.0248004498
        2.1823880713        0.9084176871       -0.0184432293
        1.8070245972        0.8591205189       -0.0203924889
        1.8070245972        0.8593908536       -0.0205111374
        2.1823880713        0.9083456289       -0.0184621854
        2.1244382145        0.8995783697       -0.0197312924
        2.1244382145        0.8996322797       -0.0197537710
