#epsqw diagonal term
#1:q+G [au], 2:Re(eps-1), 3:Im(eps-1)
        1.8748114202        0.8745245892       -0.0006413221
        1.8748114202        0.8745484266       -0.0006407354
        2.1823880713        0.9159550389       -0.0004857747
        1.8070245972        0.8651249081       -0.0006435471
        1.8070245972        0.8651187150       -0.0006439790
        2.1823880713        0.9159464849       -0.0004856643
        2.1244382145        0.9085212137       -0.0005290490
        2.1244382145        0.9085257405       -0.0005291743
        2.1244382145        0.9068987293       -0.0005969289
        1.7365937718        0.8477708948       -0.0007637824
        1.7365937718        0.8476988043       -0.0007662851
        2.1244382145        0.9068417083       -0.0005995906
        1.6631830813        0.8313642747       -0.0008285942
        1.1263650221        0.6428127321       -0.0013766984
        1.1263650221        0.6427634285       -0.0013786924
        1.6631830813        0.8313402961       -0.0008295626
        1.5863788940        0.8125780320       -0.0008704114
        1.0095138417        0.5855455210       -0.0015427526
        1.0095138417        0.5855386723       -0.0015423556
        1.5863788940        0.8126061414       -0.0008692450
        1.9402313851        0.8831392782       -0.0006862592
        1.5056619903        0.7889681206       -0.0009492362
        1.5056619903        0.7889634988       -0.0009489828
        1.9402313851        0.8831732778       -0.0006847752
        1.9402313851        0.8869777472       -0.0005539221
        1.5056619903        0.7914527491       -0.0009176924
        1.5056619903        0.7914372881       -0.0009181172
        1.9402313851        0.8869845910       -0.0005543939
        1.4203654679        0.7622493566       -0.0010039921
        0.7210813155        0.4332373182       -0.0020111772
        0.7210813155        0.4331861482       -0.0020114818
        1.4203654679        0.7622272402       -0.0010049021
        2.1823880713        0.9205194104       -0.0004109171
        1.3296082490        0.7358948515       -0.0011148353
        0.5199791313        0.3267924534       -0.0023762802
        0.5199791313        0.3268337643       -0.0023766217
        1.3296082490        0.7358985736       -0.0011150387
        2.1823880713        0.9205153577       -0.0004110581
        1.7365937718        0.8503826573       -0.0006856200
        1.2321842920        0.6916553256       -0.0012494833
        1.2321842920        0.6916684374       -0.0012490935
        1.7365937718        0.8503609165       -0.0006859475
        2.0648626494        0.9054033837       -0.0005045823
        2.0648626494        0.9054208708       -0.0005040478
        2.1244382145        0.9068739433       -0.0005980568
        1.7365937718        0.8477567795       -0.0007636054
        1.7365937718        0.8477529521       -0.0007639751
        2.1244382145        0.9068592188       -0.0005992545
        1.6631830813        0.8313336193       -0.0008300044
        1.1263650221        0.6427219212       -0.0013793048
        1.1263650221        0.6427644430       -0.0013791303
        1.6631830813        0.8312810193       -0.0008318663
        1.5863788940        0.8126196512       -0.0008689554
        1.0095138417        0.5855499854       -0.0015431556
        1.0095138417        0.5855630696       -0.0015419040
        1.5863788940        0.8126147820       -0.0008693256
        1.9402313851        0.8831682535       -0.0006851695
        1.5056619903        0.7889361761       -0.0009500621
        1.5056619903        0.7889779012       -0.0009481047
        1.9402313851        0.8831990419       -0.0006831984
        1.8748114202        0.8745435715       -0.0006409334
        1.8748114202        0.8745550680       -0.0006403177
        2.1823880713        0.9159527026       -0.0004851266
        1.8070245972        0.8651164081       -0.0006438499
        1.8070245972        0.8651187755       -0.0006434005
        2.1823880713        0.9159449403       -0.0004860595
        2.1244382145        0.9085336611       -0.0005292946
        2.1244382145        0.9085102560       -0.0005297607
