#epsqw diagonal term
#1:q+G [au], 2:Re(eps-1), 3:Im(eps-1)
        1.8748114202        0.8693483992       -0.0021205174
        1.8748114202        0.8693576784       -0.0020927690
        2.1823880713        0.9122057372       -0.0020522124
        1.8070245972        0.8597897423       -0.0017767220
        1.8070245972        0.8597578102       -0.0017781656
        2.1823880713        0.9121989658       -0.0020523022
        2.1244382145        0.9043305832       -0.0021925072
        2.1244382145        0.9043322771       -0.0021690697
        2.1244382145        0.9024314387       -0.0047125492
        1.7365937718        0.8422419770       -0.0045568829
        1.7365937718        0.8420867668       -0.0046789989
        2.1244382145        0.9022585122       -0.0048622464
        1.6631830813        0.8251385874       -0.0049647805
        1.1263650221        0.6311372492       -0.0053835842
        1.1263650221        0.6310008417       -0.0054016299
        1.6631830813        0.8250435329       -0.0050171376
        1.5863788940        0.8061339797       -0.0052077492
        1.0095138417        0.5713759836       -0.0050265208
        1.0095138417        0.5713560985       -0.0049536819
        1.5863788940        0.8061807544       -0.0051734854
        1.9402313851        0.8779206322       -0.0050615356
        1.5056619903        0.7822667170       -0.0047402440
        1.5056619903        0.7822556980       -0.0046546560
        1.9402313851        0.8779714955       -0.0049589187
        1.9402313851        0.8822665547       -0.0015312453
        1.5056619903        0.7826444771       -0.0029991899
        1.5056619903        0.7826120045       -0.0030191231
        1.9402313851        0.8822550572       -0.0015501790
        1.4203654679        0.7530960970       -0.0028270031
        0.7210813155        0.4108669857       -0.0058380436
        0.7210813155        0.4108400237       -0.0057861964
        1.4203654679        0.7530259214       -0.0028715105
        2.1823880713        0.9168095713       -0.0012386011
        1.3296082490        0.7252769435       -0.0034227540
        0.5199791313        0.2959580076       -0.0078906152
        0.5199791313        0.2959713953       -0.0079433422
        1.3296082490        0.7252508637       -0.0034578399
        2.1823880713        0.9168055757       -0.0012542770
        1.7365937718        0.8445051896       -0.0019542720
        1.2321842920        0.6800613501       -0.0029778680
        1.2321842920        0.6801010377       -0.0029674906
        1.7365937718        0.8444750921       -0.0019392127
        2.0648626494        0.9003941087       -0.0016163676
        2.0648626494        0.9004195793       -0.0016203863
        2.1244382145        0.9023962140       -0.0047193087
        1.7365937718        0.8421708503       -0.0044981611
        1.7365937718        0.8421747705       -0.0045678358
        2.1244382145        0.9023350384       -0.0048384713
        1.6631830813        0.8251149331       -0.0049738908
        1.1263650221        0.6309063383       -0.0053497975
        1.1263650221        0.6309821328       -0.0053979029
        1.6631830813        0.8250097290       -0.0050910142
        1.5863788940        0.8062259959       -0.0051037159
        1.0095138417        0.5713090710       -0.0049850977
        1.0095138417        0.5713796122       -0.0049655321
        1.5863788940        0.8062066645       -0.0051504198
        1.9402313851        0.8779326128       -0.0049732175
        1.5056619903        0.7821581099       -0.0046965179
        1.5056619903        0.7822776933       -0.0045751697
        1.9402313851        0.8780305992       -0.0048489701
        1.8748114202        0.8693639841       -0.0021013310
        1.8748114202        0.8693912973       -0.0020823048
        2.1823880713        0.9122008954       -0.0020142039
        1.8070245972        0.8597679467       -0.0017728331
        1.8070245972        0.8598075879       -0.0017553138
        2.1823880713        0.9121662582       -0.0020557204
        2.1244382145        0.9043297506       -0.0021847106
        2.1244382145        0.9042874973       -0.0021729368
