#epsqw diagonal term
#1:q+G [au], 2:Re(eps-1), 3:Im(eps-1)
        1.8748114202        0.8828619769       -0.0373818598
        1.8748114202        0.8825751218       -0.0375069387
        2.1823880713        0.9187627906       -0.0269516115
        1.8070245972        0.8712842331       -0.0323191882
        1.8070245972        0.8712455574       -0.0323300742
        2.1823880713        0.9186273795       -0.0268374664
        2.1244382145        0.9145720950       -0.0297909726
        2.1244382145        0.9147169277       -0.0297637665
        2.1244382145        0.9057476917       -0.0353617255
        1.7365937718        0.8524407103       -0.0388311205
        1.7365937718        0.8524791697       -0.0388803970
        2.1244382145        0.9055835467       -0.0352217405
        1.6631830813        0.8376518930       -0.0384545207
        1.1263650221        0.6262363683       -0.0573586012
        1.1263650221        0.6255032475       -0.0573054352
        1.6631830813        0.8378840313       -0.0380202845
        1.5863788940        0.8142882479       -0.0369626894
        1.0095138417        0.5635734509       -0.0563616437
        1.0095138417        0.5635509279       -0.0564883376
        1.5863788940        0.8147498438       -0.0370888585
        1.9402313851        0.8845909181       -0.0349341392
        1.5056619903        0.7915003289       -0.0417948934
        1.5056619903        0.7916378735       -0.0418253133
        1.9402313851        0.8846851284       -0.0352178178
        1.9402313851        0.8804613067       -0.0236855226
        1.5056619903        0.7981335437       -0.0325637892
        1.5056619903        0.7983962382       -0.0321617032
        1.9402313851        0.8804358407       -0.0237081372
        1.4203654679        0.7654248541       -0.0310901909
        0.7210813155        0.4244709050       -0.0928108270
        0.7210813155        0.4241961823       -0.0930035389
        1.4203654679        0.7654560723       -0.0306401387
        2.1823880713        0.9193704416       -0.0106142924
        1.3296082490        0.7482888003       -0.0410051642
        0.5199791313        0.3349087851       -0.0906111832
        0.5199791313        0.3341226833       -0.0920072225
        1.3296082490        0.7485652657       -0.0407948805
        2.1823880713        0.9193634655       -0.0107769338
        1.7365937718        0.8454723012       -0.0244780698
        1.2321842920        0.6913241488       -0.0468638653
        1.2321842920        0.6914882715       -0.0465249919
        1.7365937718        0.8454213662       -0.0249156507
        2.0648626494        0.9109551049       -0.0196964527
        2.0648626494        0.9108961570       -0.0203405966
        2.1244382145        0.9059780241       -0.0353057380
        1.7365937718        0.8525791771       -0.0392247001
        1.7365937718        0.8528753515       -0.0391542123
        2.1244382145        0.9057555912       -0.0354453020
        1.6631830813        0.8379881199       -0.0385281608
        1.1263650221        0.6258065240       -0.0572532557
        1.1263650221        0.6256149101       -0.0574577190
        1.6631830813        0.8378134866       -0.0380126632
        1.5863788940        0.8145835589       -0.0368997801
        1.0095138417        0.5635601826       -0.0562603197
        1.0095138417        0.5637466497       -0.0565265497
        1.5863788940        0.8146321026       -0.0368326676
        1.9402313851        0.8845680505       -0.0349277852
        1.5056619903        0.7911347321       -0.0419803014
        1.5056619903        0.7913868328       -0.0417065025
        1.9402313851        0.8844561116       -0.0351240992
        1.8748114202        0.8826015175       -0.0377665974
        1.8748114202        0.8825847539       -0.0377605905
        2.1823880713        0.9186042632       -0.0267762541
        1.8070245972        0.8712784872       -0.0323829349
        1.8070245972        0.8712676698       -0.0322943488
        2.1823880713        0.9186132456       -0.0268332647
        2.1244382145        0.9148587896       -0.0298538821
        2.1244382145        0.9147338978       -0.0298577847
