#epsqw diagonal term
#1:q+G [au], 2:Re(eps-1), 3:Im(eps-1)
        1.8748114202        1.0048494518       -0.0000157041
        1.8748114202        1.0048498947       -0.0000157038
        2.1823880713        1.0032225836       -0.0000098583
        1.8070245972        1.0052874149       -0.0000171289
        1.8070245972        1.0052875607       -0.0000171300
        2.1823880713        1.0032233742       -0.0000098608
        2.1244382145        1.0034836572       -0.0000108331
        2.1244382145        1.0034839794       -0.0000108333
        2.1244382145        1.0034803322       -0.0000108654
        1.7365937718        1.0057926035       -0.0000193824
        1.7365937718        1.0057923968       -0.0000193835
        2.1244382145        1.0034800390       -0.0000108647
        1.6631830813        1.0063545684       -0.0000217770
        1.1263650221        1.0118227355       -0.0000482096
        1.1263650221        1.0118238104       -0.0000482093
        1.6631830813        1.0063552578       -0.0000217790
        1.5863788940        1.0070058345       -0.0000241914
        1.0095138417        1.0132632457       -0.0000561728
        1.0095138417        1.0132634054       -0.0000561724
        1.5863788940        1.0070072218       -0.0000241926
        1.9402313851        1.0044434805       -0.0000143318
        1.5056619903        1.0077205685       -0.0000275191
        1.5056619903        1.0077213673       -0.0000275203
        1.9402313851        1.0044447012       -0.0000143342
        1.9402313851        1.0044613837       -0.0000139680
        1.5056619903        1.0077157873       -0.0000264645
        1.5056619903        1.0077148442       -0.0000264635
        1.9402313851        1.0044600462       -0.0000139638
        1.4203654679        1.0085517556       -0.0000304664
        0.7210813155        1.0165680470       -0.0000816639
        0.7210813155        1.0165687604       -0.0000816702
        1.4203654679        1.0085508874       -0.0000304666
        2.1823880713        1.0032310370       -0.0000097962
        1.3296082490        1.0095304792       -0.0000340300
        0.5199791313        1.0182004745       -0.0001012925
        0.5199791313        1.0182001217       -0.0001012794
        1.3296082490        1.0095307578       -0.0000340294
        2.1823880713        1.0032312732       -0.0000097972
        1.7365937718        1.0058219992       -0.0000190657
        1.2321842920        1.0106041494       -0.0000399809
        1.2321842920        1.0106048108       -0.0000399793
        1.7365937718        1.0058228545       -0.0000190685
        2.0648626494        1.0037704942       -0.0000116722
        2.0648626494        1.0037710640       -0.0000116738
        2.1244382145        1.0034812706       -0.0000108669
        1.7365937718        1.0057938970       -0.0000193859
        1.7365937718        1.0057930684       -0.0000193842
        2.1244382145        1.0034800904       -0.0000108643
        1.6631830813        1.0063562625       -0.0000217809
        1.1263650221        1.0118244345       -0.0000482136
        1.1263650221        1.0118229984       -0.0000482089
        1.6631830813        1.0063544865       -0.0000217786
        1.5863788940        1.0070065722       -0.0000241916
        1.0095138417        1.0132638245       -0.0000561702
        1.0095138417        1.0132625794       -0.0000561730
        1.5863788940        1.0070054701       -0.0000241898
        1.9402313851        1.0044436539       -0.0000143320
        1.5056619903        1.0077200495       -0.0000275191
        1.5056619903        1.0077198835       -0.0000275172
        1.9402313851        1.0044437064       -0.0000143323
        1.8748114202        1.0048503391       -0.0000157057
        1.8748114202        1.0048498091       -0.0000157038
        2.1823880713        1.0032232361       -0.0000098606
        1.8070245972        1.0052872729       -0.0000171290
        1.8070245972        1.0052867376       -0.0000171288
        2.1823880713        1.0032224456       -0.0000098580
        2.1244382145        1.0034831316       -0.0000108308
        2.1244382145        1.0034828493       -0.0000108305
