#epsqw diagonal term
#1:q+G [au], 2:Re(eps-1), 3:Im(eps-1)
        1.8748114202        1.0034703686       -0.0000109840
        1.8748114202        1.0034707812       -0.0000109838
        2.1823880713        1.0023007489       -0.0000068616
        1.8070245972        1.0037857322       -0.0000119892
        1.8070245972        1.0037860765       -0.0000119902
        2.1823880713        1.0023014825       -0.0000068636
        2.1244382145        1.0024883175       -0.0000075484
        2.1244382145        1.0024887471       -0.0000075488
        2.1244382145        1.0024865374       -0.0000075729
        1.7365937718        1.0041491628       -0.0000135825
        1.7365937718        1.0041490174       -0.0000135833
        2.1244382145        1.0024862744       -0.0000075724
        1.6631830813        1.0045542684       -0.0000152799
        1.1263650221        1.0085041046       -0.0000341402
        1.1263650221        1.0085054306       -0.0000341406
        1.6631830813        1.0045542881       -0.0000152816
        1.5863788940        1.0050238603       -0.0000169940
        1.0095138417        1.0095442786       -0.0000398325
        1.0095138417        1.0095462321       -0.0000398334
        1.5863788940        1.0050250826       -0.0000169953
        1.9402313851        1.0031781947       -0.0000100144
        1.5056619903        1.0055391032       -0.0000193613
        1.5056619903        1.0055402760       -0.0000193626
        1.9402313851        1.0031792506       -0.0000100159
        1.9402313851        1.0031909467       -0.0000097510
        1.5056619903        1.0055368647       -0.0000186107
        1.5056619903        1.0055364567       -0.0000186112
        1.9402313851        1.0031900740       -0.0000097483
        1.4203654679        1.0061409416       -0.0000214637
        0.7210813155        1.0119375228       -0.0000581131
        0.7210813155        1.0119389300       -0.0000581191
        1.4203654679        1.0061399950       -0.0000214640
        2.1823880713        1.0023080885       -0.0000068162
        1.3296082490        1.0068458016       -0.0000239798
        0.5199791313        1.0131253695       -0.0000722493
        0.5199791313        1.0131231488       -0.0000722381
        1.3296082490        1.0068463862       -0.0000239795
        2.1823880713        1.0023082618       -0.0000068170
        1.7365937718        1.0041694034       -0.0000133506
        1.2321842920        1.0076218607       -0.0000282397
        1.2321842920        1.0076224891       -0.0000282385
        1.7365937718        1.0041702866       -0.0000133526
        2.0648626494        1.0026954701       -0.0000081374
        2.0648626494        1.0026958337       -0.0000081385
        2.1244382145        1.0024869816       -0.0000075737
        1.7365937718        1.0041502966       -0.0000135848
        1.7365937718        1.0041496609       -0.0000135842
        2.1244382145        1.0024861356       -0.0000075720
        1.6631830813        1.0045551737       -0.0000152821
        1.1263650221        1.0085054358       -0.0000341431
        1.1263650221        1.0085051653       -0.0000341396
        1.6631830813        1.0045535822       -0.0000152812
        1.5863788940        1.0050247345       -0.0000169944
        1.0095138417        1.0095444038       -0.0000398311
        1.0095138417        1.0095445348       -0.0000398327
        1.5863788940        1.0050239397       -0.0000169936
        1.9402313851        1.0031785570       -0.0000100145
        1.5056619903        1.0055387533       -0.0000193616
        1.5056619903        1.0055389267       -0.0000193605
        1.9402313851        1.0031788151       -0.0000100150
        1.8748114202        1.0034713189       -0.0000109850
        1.8748114202        1.0034709484       -0.0000109837
        2.1823880713        1.0023013693       -0.0000068634
        1.8070245972        1.0037857784       -0.0000119897
        1.8070245972        1.0037855884       -0.0000119894
        2.1823880713        1.0023007548       -0.0000068616
        2.1244382145        1.0024879882       -0.0000075470
        2.1244382145        1.0024879034       -0.0000075469
