#epsqw diagonal term
#1:q+G [au], 2:Re(eps-1), 3:Im(eps-1)
        1.8748114202        1.0813700231       -0.0560554325
        1.8748114202        1.0812168252       -0.0560378924
        2.1823880713        1.0416244290       -0.0385053859
        1.8070245972        1.0926542891       -0.0600910489
        1.8070245972        1.0925917759       -0.0596694979
        2.1823880713        1.0418937019       -0.0377889710
        2.1244382145        1.0474934349       -0.0392439310
        2.1244382145        1.0477205601       -0.0388172784
        2.1244382145        1.0504769536       -0.0357353081
        1.7365937718        1.1070145230       -0.0693271517
        1.7365937718        1.1071768253       -0.0695572911
        2.1244382145        1.0504290753       -0.0360170375
        1.6631830813        1.1225986717       -0.0738593557
        1.1263650221        1.2644227538       -0.1060865745
        1.1263650221        1.2638218957       -0.1066306812
        1.6631830813        1.1224148505       -0.0741059837
        1.5863788940        1.1363032235       -0.0831074503
        1.0095138417        1.3057259331       -0.1247085086
        1.0095138417        1.3031449743       -0.1243518483
        1.5863788940        1.1348684837       -0.0823993906
        1.9402313851        1.0722161390       -0.0435384019
        1.5056619903        1.1575886096       -0.0844336723
        1.5056619903        1.1566231167       -0.0834691869
        1.9402313851        1.0720506982       -0.0425367566
        1.9402313851        1.0697599439       -0.0562606830
        1.5056619903        1.1600987359       -0.0849598192
        1.5056619903        1.1605623649       -0.0852386938
        1.9402313851        1.0697190946       -0.0572269894
        1.4203654679        1.1778078669       -0.0972957710
        0.7210813155        1.4006547917       -0.1562923201
        0.7210813155        1.4044610249       -0.1577212432
        1.4203654679        1.1786685378       -0.0977663861
        2.1823880713        1.0443550184       -0.0427501281
        1.3296082490        1.2145970565       -0.1085038683
        0.5199791313        1.4470324664       -0.1744352006
        0.5199791313        1.4429405525       -0.1725530166
        1.3296082490        1.2139091959       -0.1083202726
        2.1823880713        1.0444182931       -0.0424875633
        1.7365937718        1.1028809861       -0.0775688128
        1.2321842920        1.2412130421       -0.1152988497
        1.2321842920        1.2399016454       -0.1148636992
        1.7365937718        1.1024195016       -0.0764431621
        2.0648626494        1.0571330504       -0.0469411032
        2.0648626494        1.0572123852       -0.0465434079
        2.1244382145        1.0505819031       -0.0349477635
        1.7365937718        1.1066675810       -0.0680907879
        1.7365937718        1.1070818420       -0.0688827363
        2.1244382145        1.0504139202       -0.0358872117
        1.6631830813        1.1218914353       -0.0726743936
        1.1263650221        1.2618316281       -0.1050763044
        1.1263650221        1.2635354731       -0.1055614977
        1.6631830813        1.1229506706       -0.0738076351
        1.5863788940        1.1353460755       -0.0832211857
        1.0095138417        1.3045171749       -0.1253426694
        1.0095138417        1.3062698350       -0.1249392315
        1.5863788940        1.1359509984       -0.0831216979
        1.9402313851        1.0721824428       -0.0437015029
        1.5056619903        1.1580211024       -0.0851304846
        1.5056619903        1.1577885603       -0.0848514471
        1.9402313851        1.0721345913       -0.0434960134
        1.8748114202        1.0813231932       -0.0551739917
        1.8748114202        1.0812661286       -0.0557671949
        2.1823880713        1.0417623403       -0.0380662499
        1.8070245972        1.0925661150       -0.0601894144
        1.8070245972        1.0927661124       -0.0602301555
        2.1823880713        1.0416377886       -0.0385170162
        2.1244382145        1.0472908714       -0.0398014273
        2.1244382145        1.0472997266       -0.0398049656
