#epsqw diagonal term
#1:q+G [au], 2:Re(eps-1), 3:Im(eps-1)
        1.8748114202        0.8628501011       -0.0118216722
        1.8748114202        0.8632127050       -0.0116956389
        2.1823880713        0.9079068943       -0.0077412421
        1.8070245972        0.8530514160       -0.0122659944
        1.8070245972        0.8531799986       -0.0121424412
        2.1823880713        0.9078334853       -0.0076930204
        2.1244382145        0.8994563562       -0.0092833115
        2.1244382145        0.8994481015       -0.0092922631
        2.1244382145        0.9011290727       -0.0112109991
        1.7365937718        0.8390204762       -0.0111752734
        1.7365937718        0.8389873024       -0.0112236873
        2.1244382145        0.9011427031       -0.0112265776
        1.6631830813        0.8220600542       -0.0130277240
        1.1263650221        0.6205187321       -0.0266020711
        1.1263650221        0.6204952466       -0.0269515438
        1.6631830813        0.8221187377       -0.0129146599
        1.5863788940        0.8023184744       -0.0125471550
        1.0095138417        0.5543662242       -0.0344035576
        1.0095138417        0.5544667556       -0.0343206548
        1.5863788940        0.8021754233       -0.0124829093
        1.9402313851        0.8762971730       -0.0130021994
        1.5056619903        0.7765469031       -0.0139708486
        1.5056619903        0.7766343614       -0.0140944547
        1.9402313851        0.8760188292       -0.0131189764
        1.9402313851        0.8790448139       -0.0098482392
        1.5056619903        0.7837187399       -0.0193479130
        1.5056619903        0.7839239950       -0.0192550199
        1.9402313851        0.8791803610       -0.0098413709
        1.4203654679        0.7519427321       -0.0194645177
        0.7210813155        0.3781494429       -0.0546265437
        0.7210813155        0.3781851461       -0.0553990428
        1.4203654679        0.7519178762       -0.0195428771
        2.1823880713        0.9158788686       -0.0069915767
        1.3296082490        0.7225800531       -0.0211478256
        0.5199791313        0.2533028807       -0.0727582080
        0.5199791313        0.2533562186       -0.0725835200
        1.3296082490        0.7226505520       -0.0209791762
        2.1823880713        0.9158716025       -0.0070255453
        1.7365937718        0.8411068163       -0.0121683647
        1.2321842920        0.6743603526       -0.0257983696
        1.2321842920        0.6744031943       -0.0253644631
        1.7365937718        0.8411645611       -0.0121919423
        2.0648626494        0.9000135564       -0.0111618107
        2.0648626494        0.8999685410       -0.0111766877
        2.1244382145        0.9010203798       -0.0112253617
        1.7365937718        0.8388871251       -0.0111673768
        1.7365937718        0.8388951634       -0.0110189092
        2.1244382145        0.9012029165       -0.0111932192
        1.6631830813        0.8219784434       -0.0132072921
        1.1263650221        0.6208888961       -0.0271141384
        1.1263650221        0.6209896834       -0.0271469556
        1.6631830813        0.8221242165       -0.0131698710
        1.5863788940        0.8021806819       -0.0125678431
        1.0095138417        0.5549386001       -0.0343498231
        1.0095138417        0.5551328071       -0.0341206836
        1.5863788940        0.8020490673       -0.0124363583
        1.9402313851        0.8762294494       -0.0128684236
        1.5056619903        0.7766508548       -0.0140396113
        1.5056619903        0.7765572165       -0.0139379833
        1.9402313851        0.8760374322       -0.0129491391
        1.8748114202        0.8629237012       -0.0118506921
        1.8748114202        0.8630337564       -0.0117449227
        2.1823880713        0.9077612999       -0.0078051167
        1.8070245972        0.8530211357       -0.0124006499
        1.8070245972        0.8528450904       -0.0122547581
        2.1823880713        0.9077926303       -0.0078416971
        2.1244382145        0.8995534472       -0.0094206158
        2.1244382145        0.8994693234       -0.0093666842
