#epsqw diagonal term
#1:q+G [au], 2:Re(eps-1), 3:Im(eps-1)
        1.8748114202        1.0936715922       -0.0447942378
        1.8748114202        1.0936614042       -0.0448611149
        2.1823880713        1.0570239660       -0.0369883000
        1.8070245972        1.1022801745       -0.0429076151
        1.8070245972        1.1023732113       -0.0422884412
        2.1823880713        1.0574318390       -0.0355606624
        2.1244382145        1.0619843296       -0.0366333951
        2.1244382145        1.0620468029       -0.0355323520
        2.1244382145        1.0616893472       -0.0357948851
        1.7365937718        1.1168336529       -0.0521305972
        1.7365937718        1.1169188564       -0.0519358434
        2.1244382145        1.0613842809       -0.0357813786
        1.6631830813        1.1297231216       -0.0553916169
        1.1263650221        1.2353652608       -0.0524033016
        1.1263650221        1.2354879470       -0.0524531430
        1.6631830813        1.1300267423       -0.0551306244
        1.5863788940        1.1441781591       -0.0554654529
        1.0095138417        1.2689345802       -0.0561611298
        1.0095138417        1.2697868929       -0.0556218850
        1.5863788940        1.1449288673       -0.0540332215
        1.9402313851        1.0822476826       -0.0430399972
        1.5056619903        1.1580867242       -0.0558614102
        1.5056619903        1.1586287901       -0.0543255927
        1.9402313851        1.0828255410       -0.0407839354
        1.9402313851        1.0882410873       -0.0455277064
        1.5056619903        1.1566475295       -0.0499374806
        1.5056619903        1.1562496721       -0.0503105047
        1.9402313851        1.0872097969       -0.0467681720
        1.4203654679        1.1775546563       -0.0550009798
        0.7210813155        1.3401967055       -0.0498006185
        0.7210813155        1.3393226927       -0.0497444121
        1.4203654679        1.1768833809       -0.0555863552
        2.1823880713        1.0582233897       -0.0336772697
        1.3296082490        1.2009471085       -0.0525454941
        0.5199791313        1.3725249549       -0.0486750170
        0.5199791313        1.3733674106       -0.0487671066
        1.3296082490        1.2011619486       -0.0524339845
        2.1823880713        1.0583406234       -0.0334230147
        1.7365937718        1.1209430345       -0.0569070252
        1.2321842920        1.2216872907       -0.0540012600
        1.2321842920        1.2221434936       -0.0537856680
        1.7365937718        1.1221686214       -0.0555441852
        2.0648626494        1.0693600771       -0.0367843575
        2.0648626494        1.0696143932       -0.0364171337
        2.1244382145        1.0617868457       -0.0337814433
        1.7365937718        1.1175301899       -0.0500300380
        1.7365937718        1.1170617000       -0.0515875082
        2.1244382145        1.0612802276       -0.0358546681
        1.6631830813        1.1305122866       -0.0530523788
        1.1263650221        1.2362593646       -0.0514981609
        1.1263650221        1.2355309776       -0.0523487272
        1.6631830813        1.1296842353       -0.0549086823
        1.5863788940        1.1445800885       -0.0551593307
        1.0095138417        1.2693051552       -0.0562342424
        1.0095138417        1.2689076557       -0.0559763156
        1.5863788940        1.1441926457       -0.0556946144
        1.9402313851        1.0823037223       -0.0431881655
        1.5056619903        1.1578131568       -0.0559458241
        1.5056619903        1.1577232084       -0.0563864211
        1.9402313851        1.0825555265       -0.0432963703
        1.8748114202        1.0938959082       -0.0435512507
        1.8748114202        1.0936987615       -0.0446256141
        2.1823880713        1.0573664960       -0.0362515198
        1.8070245972        1.1022533209       -0.0428560507
        1.8070245972        1.1023154955       -0.0429775562
        2.1823880713        1.0570430905       -0.0370458574
        2.1244382145        1.0616504681       -0.0373020267
        2.1244382145        1.0616942745       -0.0372687322
