#epsqw diagonal term
#1:q+G [au], 2:Re(eps-1), 3:Im(eps-1)
        1.8748114202        0.8748776574       -0.0006196635
        1.8748114202        0.8749007770       -0.0006191604
        2.1823880713        0.9162381058       -0.0004666152
        1.8070245972        0.8654645171       -0.0006236641
        1.8070245972        0.8654589232       -0.0006240257
        2.1823880713        0.9162293691       -0.0004665271
        2.1244382145        0.9088333863       -0.0005078082
        2.1244382145        0.9088380995       -0.0005079165
        2.1244382145        0.9073064771       -0.0005621492
        1.7365937718        0.8482253353       -0.0007297104
        1.7365937718        0.8481567255       -0.0007318011
        2.1244382145        0.9072533160       -0.0005643278
        1.6631830813        0.8318614405       -0.0007917007
        1.1263650221        0.6436051011       -0.0013304753
        1.1263650221        0.6435585591       -0.0013322186
        1.6631830813        0.8318389872       -0.0007924793
        1.5863788940        0.8130848764       -0.0008336578
        1.0095138417        0.5864517578       -0.0014939512
        1.0095138417        0.5864440997       -0.0014936934
        1.5863788940        0.8131112664       -0.0008326975
        1.9402313851        0.8835953175       -0.0006483215
        1.5056619903        0.7895137209       -0.0009109988
        1.5056619903        0.7895082880       -0.0009109249
        1.9402313851        0.8836269119       -0.0006472047
        1.9402313851        0.8872629218       -0.0005376972
        1.5056619903        0.7919495532       -0.0008878495
        1.5056619903        0.7919347464       -0.0008882047
        1.9402313851        0.8872704843       -0.0005380799
        1.4203654679        0.7627821075       -0.0009737122
        0.7210813155        0.4346172877       -0.0019412207
        0.7210813155        0.4345663327       -0.0019415514
        1.4203654679        0.7627614485       -0.0009744494
        2.1823880713        0.9207319459       -0.0003982774
        1.3296082490        0.7365070696       -0.0010798388
        0.5199791313        0.3286799994       -0.0022786963
        0.5199791313        0.3287216327       -0.0022790077
        1.3296082490        0.7365112562       -0.0010799839
        2.1823880713        0.9207281790       -0.0003983743
        1.7365937718        0.8507353742       -0.0006655995
        1.2321842920        0.6923381460       -0.0012129492
        1.2321842920        0.6923506399       -0.0012126391
        1.7365937718        0.8507139795       -0.0006659131
        2.0648626494        0.9056831958       -0.0004872752
        2.0648626494        0.9057001437       -0.0004867758
        2.1244382145        0.9072832487       -0.0005631004
        1.7365937718        0.8482106110       -0.0007296881
        1.7365937718        0.8482076014       -0.0007299039
        2.1244382145        0.9072705729       -0.0005639880
        1.6631830813        0.8318327974       -0.0007928409
        1.1263650221        0.6435180697       -0.0013327436
        1.1263650221        0.6435606842       -0.0013325070
        1.6631830813        0.8317830495       -0.0007943373
        1.5863788940        0.8131245395       -0.0008323847
        1.0095138417        0.5864570280       -0.0014942477
        1.0095138417        0.5864682560       -0.0014931790
        1.5863788940        0.8131202553       -0.0008326854
        1.9402313851        0.8836227346       -0.0006474352
        1.5056619903        0.7894827014       -0.0009117797
        1.5056619903        0.7895213508       -0.0009102334
        1.9402313851        0.8836503709       -0.0006458970
        1.8748114202        0.8748961854       -0.0006193185
        1.8748114202        0.8749067945       -0.0006188266
        2.1823880713        0.9162347390       -0.0004661134
        1.8070245972        0.8654564139       -0.0006239305
        1.8070245972        0.8654580708       -0.0006235751
        2.1823880713        0.9162283132       -0.0004668810
        2.1244382145        0.9088462928       -0.0005079958
        2.1244382145        0.9088232510       -0.0005084515
