#epsqw diagonal term
#1:q+G [au], 2:Re(eps-1), 3:Im(eps-1)
        2.0648626494        1.0699521635       -0.0417514035
        1.9402313851        1.0866125037       -0.0466807393
        2.1823880713        1.0569786706       -0.0353290309
        1.8748114202        1.0959830108       -0.0473538189
        1.7365937718        1.1160394888       -0.0483856214
        2.0035163574        1.0793765132       -0.0453038718
        2.0648626494        1.0701295334       -0.0413907815
        1.9402313851        1.0870525812       -0.0452999964
        2.1823880713        1.0572243514       -0.0336521270
        2.0648626494        1.0699689377       -0.0425128691
        1.9402313851        1.0864331740       -0.0478225648
        2.1823880713        1.0568276034       -0.0359760282
        2.0035163574        1.0791386623       -0.0456363119
        1.4203654679        1.1784628790       -0.0623581558
        1.2321842920        1.2203417460       -0.0645274273
        1.5863788940        1.1438121361       -0.0616162185
        1.8070245972        1.1083910173       -0.0535480355
        1.1263650221        1.2529447860       -0.0672568639
        0.8772332814        1.3215055794       -0.0592309447
        1.3296082491        1.2067884100       -0.0646873378
        2.0648626494        1.0709870584       -0.0430637842
        2.0035163574        1.0789144303       -0.0454734625
        1.4203654679        1.1784738503       -0.0621563994
        1.2321842920        1.2214369364       -0.0632052468
        1.5863788940        1.1447543558       -0.0590756015
        2.0648626494        1.0699847650       -0.0422329612
        1.9402313851        1.0868751111       -0.0465100730
        2.1823880713        1.0572960756       -0.0341638208
        1.8748114202        1.0961294152       -0.0476324352
        1.7365937718        1.1151545449       -0.0503208622
        2.0035163574        1.0788424291       -0.0472554230
        1.8070245972        1.1092743142       -0.0522323651
        1.1263650221        1.2544206811       -0.0666635566
        0.8772332814        1.3211198117       -0.0593675478
        1.3296082491        1.2059008213       -0.0655389547
        2.0648626494        1.0707890862       -0.0436959547
        1.5863788940        1.1527677799       -0.0564862644
        0.7210813155        1.3577202803       -0.0579322889
        0.1442162631        1.4016717943       -0.0520612340
        1.0095138417        1.3001650539       -0.0694791865
        1.8748114202        1.1011260350       -0.0460879195
        1.8070245972        1.1083706408       -0.0532612292
        1.1263650221        1.2532459031       -0.0673647284
        0.8772332814        1.3214342115       -0.0593639890
        1.3296082491        1.2071495514       -0.0645495598
        2.0648626494        1.0714281393       -0.0428598513
        1.8748114202        1.0954750374       -0.0483860429
        1.7365937718        1.1152340631       -0.0501578425
        2.0035163574        1.0796639821       -0.0461883706
        2.0648626494        1.0704345397       -0.0405146703
        1.9402313851        1.0866837247       -0.0470233200
        2.1823880713        1.0567984458       -0.0359496326
        2.0035163574        1.0796001722       -0.0434448988
        1.4203654679        1.1795604895       -0.0600588379
        1.2321842920        1.2211257184       -0.0636275675
        1.5863788940        1.1435548691       -0.0614285954
        1.8070245972        1.1088193066       -0.0525375252
        1.1263650221        1.2540760814       -0.0667204728
        0.8772332814        1.3211959511       -0.0591702708
        1.3296082491        1.2057388654       -0.0655796023
        2.0648626494        1.0707356325       -0.0438618684
        2.0035163574        1.0790073364       -0.0455960619
        1.4203654679        1.1785499479       -0.0622397112
        1.2321842920        1.2202986397       -0.0645274167
        1.5863788940        1.1438343338       -0.0617619216
        2.0648626494        1.0698990476       -0.0423758689
        1.9402313851        1.0864506272       -0.0479042816
        2.1823880713        1.0570676954       -0.0359787546
        2.0648626494        1.0704372810       -0.0397939660
        1.9402313851        1.0869281495       -0.0457687108
        2.1823880713        1.0568854368       -0.0353314542
        1.8748114202        1.0962260023       -0.0465705170
        1.7365937718        1.1160252637       -0.0484801505
        2.0035163574        1.0789555299       -0.0463904977
        2.0648626494        1.0699997264       -0.0416410550
        1.9402313851        1.0866121401       -0.0466736890
        2.1823880713        1.0568562458       -0.0355597320
