#epsqw diagonal term
#1:q+G [au], 2:Re(eps-1), 3:Im(eps-1)
        2.0648626494        0.9189249289       -0.0222804948
        1.9402313851        0.8947126259       -0.0188938956
        2.1823880713        0.9322700897       -0.0221658580
        1.8748114202        0.8838051692       -0.0177290716
        1.7365937718        0.8519855756       -0.0137839761
        2.0035163574        0.9014902897       -0.0194313569
        2.0648626494        0.9186781697       -0.0220973834
        1.9402313851        0.8946962387       -0.0187766949
        2.1823880713        0.9323744292       -0.0221519411
        2.0648626494        0.9187649186       -0.0221660633
        1.9402313851        0.8948312146       -0.0189927594
        2.1823880713        0.9324857211       -0.0221942873
        2.0035163574        0.9092978152       -0.0225785119
        1.4203654679        0.7707834784       -0.0298756180
        1.2321842920        0.6720104662       -0.0450579821
        1.5863788940        0.8309506377       -0.0261270970
        1.8070245972        0.8692475979       -0.0218375476
        1.1263650221        0.6198469823       -0.0521695847
        0.8772332814        0.4919930179       -0.1001093235
        1.3296082491        0.7314704120       -0.0404822343
        2.0648626494        0.9111731170       -0.0168280530
        2.0035163574        0.9095175119       -0.0225112619
        1.4203654679        0.7705890094       -0.0294310493
        1.2321842920        0.6714706036       -0.0447088432
        1.5863788940        0.8309595666       -0.0259515979
        2.0648626494        0.9187029990       -0.0220585707
        1.9402313851        0.8947464813       -0.0186951582
        2.1823880713        0.9323718465       -0.0221274801
        1.8748114202        0.8837727958       -0.0176414411
        1.7365937718        0.8521214472       -0.0140777681
        2.0035163574        0.9016106787       -0.0194534916
        1.8070245972        0.8690856155       -0.0218424514
        1.1263650221        0.6197931457       -0.0521603501
        0.8772332814        0.4915240882       -0.1001742584
        1.3296082491        0.7315686258       -0.0408834145
        2.0648626494        0.9112078654       -0.0169642401
        1.5863788940        0.8128783052       -0.0212311256
        0.7210813155        0.4073879938       -0.1116421938
        0.1442162631        0.1031703186       -0.1668432126
        1.0095138417        0.6019102504       -0.0850489947
        1.8748114202        0.8729299414       -0.0145230816
        1.8070245972        0.8692705993       -0.0218486413
        1.1263650221        0.6199245755       -0.0523423493
        0.8772332814        0.4917050837       -0.1004789985
        1.3296082491        0.7314986261       -0.0407561940
        2.0648626494        0.9111753616       -0.0168757131
        1.8748114202        0.8839179067       -0.0177173346
        1.7365937718        0.8520631489       -0.0138689512
        2.0035163574        0.9015644269       -0.0193584174
        2.0648626494        0.9188904813       -0.0222196246
        1.9402313851        0.8947263933       -0.0186897140
        2.1823880713        0.9323765645       -0.0221050941
        2.0035163574        0.9093661814       -0.0226480445
        1.4203654679        0.7705997181       -0.0306558677
        1.2321842920        0.6715456607       -0.0446667538
        1.5863788940        0.8307049213       -0.0261902269
        1.8070245972        0.8690596017       -0.0218178247
        1.1263650221        0.6197055835       -0.0519640173
        0.8772332814        0.4918522493       -0.0997252212
        1.3296082491        0.7314707417       -0.0406674154
        2.0648626494        0.9111823255       -0.0169608056
        2.0035163574        0.9092824120       -0.0225689355
        1.4203654679        0.7708027687       -0.0299692199
        1.2321842920        0.6720127952       -0.0450367220
        1.5863788940        0.8309571326       -0.0260836348
        2.0648626494        0.9189710097       -0.0222843403
        1.9402313851        0.8947597347       -0.0187994140
        2.1823880713        0.9322642858       -0.0220598284
        2.0648626494        0.9188598787       -0.0222160371
        1.9402313851        0.8946938204       -0.0187739062
        2.1823880713        0.9323808481       -0.0222365121
        1.8748114202        0.8836779051       -0.0176082620
        1.7365937718        0.8520632275       -0.0139853785
        2.0035163574        0.9014960861       -0.0195437938
        2.0648626494        0.9187528720       -0.0221764735
        1.9402313851        0.8948144807       -0.0190937908
        2.1823880713        0.9325038434       -0.0222567583
