#epsqw diagonal term
#1:q+G [au], 2:Re(eps-1), 3:Im(eps-1)
        2.0648626494        0.8967275959       -0.0556564581
        1.9402313851        0.8705099138       -0.0814721667
        2.1823880713        0.9179270381       -0.0521523043
        1.8748114202        0.8497737524       -0.0869145723
        1.7365937718        0.7963111548       -0.1116277361
        2.0035163574        0.8842262689       -0.0867125045
        2.0648626494        0.8968563818       -0.0559971616
        1.9402313851        0.8702017880       -0.0812178016
        2.1823880713        0.9176222663       -0.0522878946
        2.0648626494        0.8969025670       -0.0557017964
        1.9402313851        0.8703736167       -0.0807515830
        2.1823880713        0.9176112755       -0.0521108306
        2.0035163574        0.8900949688       -0.0660401431
        1.4203654679        0.6976105107       -0.1585896723
        1.2321842920        0.5920190980       -0.1970710088
        1.5863788940        0.7610391952       -0.1224310049
        1.8070245972        0.8343952535       -0.1018956395
        1.1263650221        0.5478777380       -0.2307868075
        0.8772332814        0.4520934366       -0.2208998697
        1.3296082491        0.6319293924       -0.1699129838
        2.0648626494        0.8943057513       -0.0698110953
        2.0035163574        0.8901048537       -0.0660453255
        1.4203654679        0.6977458875       -0.1584425945
        1.2321842920        0.5934320187       -0.1971009265
        1.5863788940        0.7619707809       -0.1224281335
        2.0648626494        0.8966599556       -0.0559214576
        1.9402313851        0.8703346426       -0.0810614331
        2.1823880713        0.9176336511       -0.0522539655
        1.8748114202        0.8491783057       -0.0870425435
        1.7365937718        0.7960749936       -0.1119326079
        2.0035163574        0.8839074002       -0.0868940331
        1.8070245972        0.8340318751       -0.1017797219
        1.1263650221        0.5496166720       -0.2296764360
        0.8772332814        0.4520661570       -0.2196007179
        1.3296082491        0.6323511812       -0.1689950121
        2.0648626494        0.8942769746       -0.0692334555
        1.5863788940        0.7739930907       -0.0990538644
        0.7210813155        0.4044768106       -0.2366816045
        0.1442162631        0.3603809501       -0.3406711321
        1.0095138417        0.4932753967       -0.1585107634
        1.8748114202        0.8529779299       -0.0773237356
        1.8070245972        0.8342428583       -0.1017816587
        1.1263650221        0.5483270338       -0.2296273734
        0.8772332814        0.4523040859       -0.2213228106
        1.3296082491        0.6325956019       -0.1699885935
        2.0648626494        0.8938654073       -0.0695580159
        1.8748114202        0.8496091728       -0.0870578546
        1.7365937718        0.7963058026       -0.1121806040
        2.0035163574        0.8841096601       -0.0868478614
        2.0648626494        0.8969786455       -0.0558826923
        1.9402313851        0.8699079210       -0.0811902281
        2.1823880713        0.9176257131       -0.0520895307
        2.0035163574        0.8901352231       -0.0666745546
        1.4203654679        0.6984410016       -0.1588682772
        1.2321842920        0.5941518586       -0.1977493342
        1.5863788940        0.7610114472       -0.1233886333
        1.8070245972        0.8339334215       -0.1016140379
        1.1263650221        0.5479448952       -0.2300227573
        0.8772332814        0.4523112970       -0.2204532542
        1.3296082491        0.6322560969       -0.1695579534
        2.0648626494        0.8945662867       -0.0694633246
        2.0035163574        0.8901158268       -0.0660811011
        1.4203654679        0.6977873276       -0.1582648280
        1.2321842920        0.5919267434       -0.1972474758
        1.5863788940        0.7609483551       -0.1225246563
        2.0648626494        0.8966882282       -0.0557213749
        1.9402313851        0.8704988234       -0.0812407758
        2.1823880713        0.9177135909       -0.0521654365
        2.0648626494        0.8969117917       -0.0557996216
        1.9402313851        0.8699311505       -0.0814784279
        2.1823880713        0.9178107660       -0.0521415662
        1.8748114202        0.8494347428       -0.0866122031
        1.7365937718        0.7959799022       -0.1112390348
        2.0035163574        0.8838371080       -0.0868733771
        2.0648626494        0.8968841725       -0.0557627777
        1.9402313851        0.8703851153       -0.0809988928
        2.1823880713        0.9176067993       -0.0519819512
