#epsqw diagonal term
#1:q+G [au], 2:Re(eps-1), 3:Im(eps-1)
        2.0648626494        0.9003445230       -0.0006409200
        1.9402313851        0.8866746226       -0.0006144700
        2.1823880713        0.9140048563       -0.0005888690
        1.8748114202        0.8772204397       -0.0006322657
        1.7365937718        0.8566178600       -0.0005961581
        2.0035163574        0.8958578743       -0.0005571959
        2.0648626494        0.9004405743       -0.0006351334
        1.9402313851        0.8866702752       -0.0006141550
        2.1823880713        0.9139751232       -0.0005907618
        2.0648626494        0.9004514478       -0.0006369984
        1.9402313851        0.8866735949       -0.0006161683
        2.1823880713        0.9139256906       -0.0005940083
        2.0035163574        0.8925111751       -0.0006781160
        1.4203654679        0.7609249889       -0.0010872146
        1.2321842920        0.6917166631       -0.0012267113
        1.5863788940        0.8124125932       -0.0009255038
        1.8070245972        0.8642039753       -0.0006878010
        1.1263650221        0.6460909492       -0.0013647793
        0.8772332814        0.5379195351       -0.0016635270
        1.3296082491        0.7344051821       -0.0010756729
        2.0648626494        0.9041610451       -0.0005551509
        2.0035163574        0.8924197864       -0.0006814077
        1.4203654679        0.7609284425       -0.0010853655
        1.2321842920        0.6917751687       -0.0012246956
        1.5863788940        0.8123997070       -0.0009264716
        2.0648626494        0.9004454933       -0.0006366111
        1.9402313851        0.8866934084       -0.0006145114
        2.1823880713        0.9139840265       -0.0005908788
        1.8748114202        0.8772448752       -0.0006326031
        1.7365937718        0.8566466277       -0.0005968116
        2.0035163574        0.8958835491       -0.0005588195
        1.8070245972        0.8642236257       -0.0006863720
        1.1263650221        0.6461687229       -0.0013639438
        0.8772332814        0.5379538360       -0.0016642787
        1.3296082491        0.7343903609       -0.0010770167
        2.0648626494        0.9041513393       -0.0005561515
        1.5863788940        0.8258631462       -0.0006997948
        0.7210813155        0.4545674851       -0.0019306818
        0.1442162631        0.1825380854       -0.0027611951
        1.0095138417        0.6089785675       -0.0014276120
        1.8748114202        0.8831712763       -0.0005104392
        1.8070245972        0.8642071325       -0.0006885043
        1.1263650221        0.6461046579       -0.0013669166
        0.8772332814        0.5379545461       -0.0016638831
        1.3296082491        0.7344223648       -0.0010768926
        2.0648626494        0.9041513364       -0.0005563704
        1.8748114202        0.8772351107       -0.0006341269
        1.7365937718        0.8566563072       -0.0005963610
        2.0035163574        0.8958737688       -0.0005585121
        2.0648626494        0.9004070210       -0.0006386011
        1.9402313851        0.8866958824       -0.0006142401
        2.1823880713        0.9140150414       -0.0005897665
        2.0035163574        0.8925044144       -0.0006767697
        1.4203654679        0.7608878575       -0.0010886189
        1.2321842920        0.6917803281       -0.0012244847
        1.5863788940        0.8124004611       -0.0009251290
        1.8070245972        0.8642206673       -0.0006856772
        1.1263650221        0.6461631503       -0.0013616759
        0.8772332814        0.5379189303       -0.0016640356
        1.3296082491        0.7343773117       -0.0010757633
        2.0648626494        0.9041630760       -0.0005548726
        2.0035163574        0.8925123748       -0.0006779577
        1.4203654679        0.7609279079       -0.0010869153
        1.2321842920        0.6917222797       -0.0012266769
        1.5863788940        0.8124115836       -0.0009257438
        2.0648626494        0.9003526066       -0.0006417420
        1.9402313851        0.8866997689       -0.0006149214
        2.1823880713        0.9140108906       -0.0005898038
        2.0648626494        0.9004001339       -0.0006379398
        1.9402313851        0.8866752852       -0.0006137510
        2.1823880713        0.9140092425       -0.0005887580
        1.8748114202        0.8772351724       -0.0006307272
        1.7365937718        0.8566104136       -0.0005966484
        2.0035163574        0.8958684158       -0.0005575027
        2.0648626494        0.9004464977       -0.0006357014
        1.9402313851        0.8866509565       -0.0006158201
        2.1823880713        0.9139170964       -0.0005937336
