#epsqw diagonal term
#1:q+G [au], 2:Re(eps-1), 3:Im(eps-1)
        2.0648626494        1.0014043789       -0.0000042182
        1.9402313851        1.0016548592       -0.0000049959
        2.1823880713        1.0011957485       -0.0000035258
        1.8748114202        1.0018044948       -0.0000054982
        1.7365937718        1.0021575844       -0.0000065274
        2.0035163574        1.0015212338       -0.0000045193
        2.0648626494        1.0014033462       -0.0000042182
        1.9402313851        1.0016558717       -0.0000049977
        2.1823880713        1.0011970430       -0.0000035269
        2.0648626494        1.0014037308       -0.0000042184
        1.9402313851        1.0016540162       -0.0000049951
        2.1823880713        1.0011950966       -0.0000035246
        2.0035163574        1.0015245098       -0.0000046252
        1.4203654679        1.0032063116       -0.0000113710
        1.2321842920        1.0039915295       -0.0000149244
        1.5863788940        1.0026132157       -0.0000087971
        1.8070245972        1.0019764959       -0.0000060953
        1.1263650221        1.0044763193       -0.0000174363
        0.8772332814        1.0056321164       -0.0000236032
        1.3296082491        1.0035803653       -0.0000128341
        2.0648626494        1.0014012217       -0.0000041407
        2.0035163574        1.0015239223       -0.0000046246
        1.4203654679        1.0032056239       -0.0000113710
        1.2321842920        1.0039947465       -0.0000149281
        1.5863788940        1.0026145588       -0.0000087999
        2.0648626494        1.0014038175       -0.0000042173
        1.9402313851        1.0016544949       -0.0000049960
        2.1823880713        1.0011960699       -0.0000035258
        1.8748114202        1.0018051746       -0.0000055003
        1.7365937718        1.0021574502       -0.0000065269
        2.0035163574        1.0015212075       -0.0000045167
        1.8070245972        1.0019738088       -0.0000060963
        1.1263650221        1.0044710224       -0.0000174368
        0.8772332814        1.0056319771       -0.0000235991
        1.3296082491        1.0035823879       -0.0000128286
        2.0648626494        1.0014019404       -0.0000041396
        1.5863788940        1.0026194429       -0.0000081322
        0.7210813155        1.0063160499       -0.0000288225
        0.1442162631        1.0073714762       -0.0000491338
        1.0095138417        1.0050442939       -0.0000194187
        1.8748114202        1.0018041917       -0.0000053161
        1.8070245972        1.0019742141       -0.0000060941
        1.1263650221        1.0044712948       -0.0000174336
        0.8772332814        1.0056331066       -0.0000236007
        1.3296082491        1.0035832213       -0.0000128337
        2.0648626494        1.0014012627       -0.0000041409
        1.8748114202        1.0018038805       -0.0000054969
        1.7365937718        1.0021573990       -0.0000065257
        2.0035163574        1.0015222744       -0.0000045184
        2.0648626494        1.0014039081       -0.0000042193
        1.9402313851        1.0016549639       -0.0000049967
        2.1823880713        1.0011962426       -0.0000035250
        2.0035163574        1.0015235971       -0.0000046272
        1.4203654679        1.0032071640       -0.0000113776
        1.2321842920        1.0039957965       -0.0000149259
        1.5863788940        1.0026144394       -0.0000087965
        1.8070245972        1.0019739781       -0.0000060966
        1.1263650221        1.0044638938       -0.0000174362
        0.8772332814        1.0056314780       -0.0000236005
        1.3296082491        1.0035863367       -0.0000128315
        2.0648626494        1.0014030160       -0.0000041398
        2.0035163574        1.0015236748       -0.0000046249
        1.4203654679        1.0032012681       -0.0000113699
        1.2321842920        1.0039932355       -0.0000149246
        1.5863788940        1.0026170363       -0.0000087985
        2.0648626494        1.0014031204       -0.0000042170
        1.9402313851        1.0016544452       -0.0000049945
        2.1823880713        1.0011962124       -0.0000035255
        2.0648626494        1.0014052345       -0.0000042202
        1.9402313851        1.0016555103       -0.0000049981
        2.1823880713        1.0011954524       -0.0000035256
        1.8748114202        1.0018039983       -0.0000055009
        1.7365937718        1.0021572488       -0.0000065285
        2.0035163574        1.0015215364       -0.0000045178
        2.0648626494        1.0014033662       -0.0000042190
        1.9402313851        1.0016550879       -0.0000049966
        2.1823880713        1.0011960276       -0.0000035255
