#epsqw diagonal term
#1:q+G [au], 2:Re(eps-1), 3:Im(eps-1)
        2.0648626494        1.0318330166       -0.0309068057
        1.9402313851        1.0457594071       -0.0334660774
        2.1823880713        1.0213561093       -0.0278044932
        1.8748114202        1.0545722717       -0.0344448093
        1.7365937718        1.0741635729       -0.0370100692
        2.0035163574        1.0377805888       -0.0327215252
        2.0648626494        1.0318969536       -0.0313618784
        1.9402313851        1.0458015814       -0.0335489294
        2.1823880713        1.0209904923       -0.0273604529
        2.0648626494        1.0317696654       -0.0314758462
        1.9402313851        1.0455779544       -0.0337223369
        2.1823880713        1.0213545013       -0.0275490807
        2.0035163574        1.0351861889       -0.0338086230
        1.4203654679        1.1028571332       -0.0425886955
        1.2321842920        1.1343294836       -0.0357210776
        1.5863788940        1.0762700556       -0.0440139708
        1.8070245972        1.0585599809       -0.0358740467
        1.1263650221        1.1566715504       -0.0346565556
        0.8772332814        1.2090875692       -0.0263888266
        1.3296082491        1.1211612087       -0.0366239949
        2.0648626494        1.0346369909       -0.0323255661
        2.0035163574        1.0351705825       -0.0333851453
        1.4203654679        1.1028515573       -0.0425594204
        1.2321842920        1.1343978200       -0.0354847846
        1.5863788940        1.0759812104       -0.0432620221
        2.0648626494        1.0318029364       -0.0314625886
        1.9402313851        1.0456423089       -0.0339633210
        2.1823880713        1.0209986044       -0.0274804180
        1.8748114202        1.0543518884       -0.0349553784
        1.7365937718        1.0736657774       -0.0376232738
        2.0035163574        1.0375569695       -0.0325991344
        1.8070245972        1.0586069452       -0.0356823182
        1.1263650221        1.1565727669       -0.0349647575
        0.8772332814        1.2085202178       -0.0271103212
        1.3296082491        1.1209136242       -0.0366455219
        2.0648626494        1.0346428198       -0.0318839753
        1.5863788940        1.0955650084       -0.0391854201
        0.7210813155        1.2310481045       -0.0214026133
        0.1442162631        1.2621692073       -0.0100191108
        1.0095138417        1.1895130624       -0.0340890330
        1.8748114202        1.0612447785       -0.0351878274
        1.8070245972        1.0585163690       -0.0354689585
        1.1263650221        1.1564295422       -0.0349331796
        0.8772332814        1.2086001998       -0.0271977027
        1.3296082491        1.1210824606       -0.0366476599
        2.0648626494        1.0346943018       -0.0321536778
        1.8748114202        1.0542693281       -0.0346320497
        1.7365937718        1.0737293769       -0.0377411285
        2.0035163574        1.0376482552       -0.0327902346
        2.0648626494        1.0315316830       -0.0311905972
        1.9402313851        1.0457081830       -0.0340574005
        2.1823880713        1.0212903419       -0.0276995392
        2.0035163574        1.0348323597       -0.0332588471
        1.4203654679        1.1026362884       -0.0419509575
        1.2321842920        1.1344090848       -0.0356292888
        1.5863788940        1.0762201749       -0.0437427502
        1.8070245972        1.0585847182       -0.0359323608
        1.1263650221        1.1567310268       -0.0345237942
        0.8772332814        1.2090548189       -0.0263909366
        1.3296082491        1.1210333008       -0.0367363777
        2.0648626494        1.0346401318       -0.0321756072
        2.0035163574        1.0351699379       -0.0338148766
        1.4203654679        1.1028560088       -0.0426439909
        1.2321842920        1.1343459661       -0.0357359908
        1.5863788940        1.0762675482       -0.0439411568
        2.0648626494        1.0317803555       -0.0311281114
        1.9402313851        1.0455898608       -0.0338523668
        2.1823880713        1.0213194779       -0.0277623358
        2.0648626494        1.0315661276       -0.0309039029
        1.9402313851        1.0458808394       -0.0337076773
        2.1823880713        1.0213321958       -0.0277029081
        1.8748114202        1.0545604201       -0.0345930703
        1.7365937718        1.0741349066       -0.0369710202
        2.0035163574        1.0377395428       -0.0326249108
        2.0648626494        1.0318230261       -0.0313258586
        1.9402313851        1.0457665606       -0.0333424396
        2.1823880713        1.0213391462       -0.0273928469
