#epsqw diagonal term
#1:q+G [au], 2:Re(eps-1), 3:Im(eps-1)
        2.0648626494        0.8954052434       -0.0144836545
        1.9402313851        0.8828329532       -0.0164066089
        2.1823880713        0.9104768825       -0.0156950196
        1.8748114202        0.8748535812       -0.0169068096
        1.7365937718        0.8468076848       -0.0170708620
        2.0035163574        0.8925219670       -0.0145940129
        2.0648626494        0.8954052115       -0.0145739730
        1.9402313851        0.8828502886       -0.0164703751
        2.1823880713        0.9104671860       -0.0159225117
        2.0648626494        0.8953913396       -0.0145475347
        1.9402313851        0.8830664037       -0.0164807544
        2.1823880713        0.9105530754       -0.0157469782
        2.0035163574        0.8896714910       -0.0156152192
        1.4203654679        0.7522728012       -0.0234484619
        1.2321842920        0.6779933850       -0.0378689115
        1.5863788940        0.8049283185       -0.0220199002
        1.8070245972        0.8614734311       -0.0160098918
        1.1263650221        0.6265616235       -0.0406240114
        0.8772332814        0.5037426538       -0.0571968781
        1.3296082491        0.7206229053       -0.0238665520
        2.0648626494        0.9029809048       -0.0144546536
        2.0035163574        0.8896234295       -0.0156025784
        1.4203654679        0.7520689345       -0.0239942560
        1.2321842920        0.6779057730       -0.0381922366
        1.5863788940        0.8051061543       -0.0220839297
        2.0648626494        0.8954174250       -0.0145700793
        1.9402313851        0.8828452670       -0.0164973939
        2.1823880713        0.9105093747       -0.0159062279
        1.8748114202        0.8752641301       -0.0168109196
        1.7365937718        0.8469803930       -0.0170470180
        2.0035163574        0.8927155891       -0.0147734539
        1.8070245972        0.8612545022       -0.0160260138
        1.1263650221        0.6267576874       -0.0403911880
        0.8772332814        0.5039473311       -0.0560213512
        1.3296082491        0.7205498208       -0.0243516410
        2.0648626494        0.9030050524       -0.0144143031
        1.5863788940        0.8110630036       -0.0171548250
        0.7210813155        0.4127409333       -0.0885677620
        0.1442162631        0.0830149360       -0.1695602620
        1.0095138417        0.5744173509       -0.0250468623
        1.8748114202        0.8757998410       -0.0146787810
        1.8070245972        0.8615173783       -0.0160437391
        1.1263650221        0.6266406239       -0.0406754964
        0.8772332814        0.5038612483       -0.0572066385
        1.3296082491        0.7206906611       -0.0239315568
        2.0648626494        0.9030326559       -0.0144905503
        1.8748114202        0.8749009439       -0.0168994026
        1.7365937718        0.8467984382       -0.0170610820
        2.0035163574        0.8925345810       -0.0146328700
        2.0648626494        0.8955002452       -0.0147316654
        1.9402313851        0.8829451582       -0.0164024061
        2.1823880713        0.9108075824       -0.0157188048
        2.0035163574        0.8896550110       -0.0156676535
        1.4203654679        0.7524628214       -0.0234502153
        1.2321842920        0.6781458636       -0.0374345409
        1.5863788940        0.8050007238       -0.0217339685
        1.8070245972        0.8612023763       -0.0159873781
        1.1263650221        0.6266736636       -0.0404081217
        0.8772332814        0.5038512973       -0.0559920112
        1.3296082491        0.7204369319       -0.0241962217
        2.0648626494        0.9029669626       -0.0143897621
        2.0035163574        0.8896393787       -0.0156059127
        1.4203654679        0.7522716390       -0.0235476909
        1.2321842920        0.6779727855       -0.0378644385
        1.5863788940        0.8049252459       -0.0219803442
        2.0648626494        0.8954469319       -0.0145190229
        1.9402313851        0.8828586346       -0.0163797866
        2.1823880713        0.9105013217       -0.0156591715
        2.0648626494        0.8955086896       -0.0147228734
        1.9402313851        0.8829471908       -0.0163772721
        2.1823880713        0.9107660124       -0.0157409979
        1.8748114202        0.8752197917       -0.0168129975
        1.7365937718        0.8469834766       -0.0170290394
        2.0035163574        0.8926946770       -0.0147256981
        2.0648626494        0.8954008111       -0.0145541956
        1.9402313851        0.8830165299       -0.0164987289
        2.1823880713        0.9104939396       -0.0157793466
