#epsqw diagonal term
#1:q+G [au], 2:Re(eps-1), 3:Im(eps-1)
        2.0648626494        0.9297257948       -0.0876888175
        1.9402313851        0.9167651991       -0.1062702536
        2.1823880713        0.9434506323       -0.0710314288
        1.8748114202        0.9050431908       -0.1178099719
        1.7365937718        0.9008286364       -0.1460653232
        2.0035163574        0.9289396824       -0.0953595724
        2.0648626494        0.9298697212       -0.0888673152
        1.9402313851        0.9175985716       -0.1064077920
        2.1823880713        0.9434806041       -0.0711895852
        2.0648626494        0.9302973354       -0.0884501250
        1.9402313851        0.9173625383       -0.1059226465
        2.1823880713        0.9435366912       -0.0705093118
        2.0035163574        0.9208533354       -0.0970744037
        1.4203654679        0.8173512744       -0.2439087385
        1.2321842920        0.8038771568       -0.3857753927
        1.5863788940        0.8551580088       -0.1824349183
        1.8070245972        0.8984173989       -0.1355669096
        1.1263650221        0.7811144483       -0.4540338356
        0.8772332814        0.6966374449       -0.6744783331
        1.3296082491        0.8402429703       -0.3220832787
        2.0648626494        0.9337154446       -0.0827351934
        2.0035163574        0.9202815295       -0.0963533563
        1.4203654679        0.8176207404       -0.2426745318
        1.2321842920        0.8048183007       -0.3847788915
        1.5863788940        0.8550732585       -0.1823942292
        2.0648626494        0.9301767905       -0.0887614452
        1.9402313851        0.9174654191       -0.1061762718
        2.1823880713        0.9436395326       -0.0713364066
        1.8748114202        0.9050802807       -0.1172840428
        1.7365937718        0.9004620263       -0.1448964582
        2.0035163574        0.9285487987       -0.0960938715
        1.8070245972        0.8979173493       -0.1372515834
        1.1263650221        0.7862519769       -0.4538610700
        0.8772332814        0.6997228489       -0.6768498643
        1.3296082491        0.8393287879       -0.3245407922
        2.0648626494        0.9340343459       -0.0836997289
        1.5863788940        0.8461577150       -0.1818071394
        0.7210813155        0.5723672014       -0.8020256423
        0.1442162631        0.4906528824       -1.4171814236
        1.0095138417        0.6811338802       -0.5798483502
        1.8748114202        0.9153142740       -0.0910072977
        1.8070245972        0.8978991355       -0.1363336137
        1.1263650221        0.7843838730       -0.4528113955
        0.8772332814        0.6990624723       -0.6746359783
        1.3296082491        0.8411646610       -0.3246848420
        2.0648626494        0.9338682264       -0.0836847573
        1.8748114202        0.9045434394       -0.1173043552
        1.7365937718        0.9020037536       -0.1458775244
        2.0035163574        0.9291482368       -0.0964640679
        2.0648626494        0.9305155246       -0.0883448099
        1.9402313851        0.9171913868       -0.1060708376
        2.1823880713        0.9436125345       -0.0712210587
        2.0035163574        0.9210170873       -0.0964018560
        1.4203654679        0.8182359523       -0.2433226143
        1.2321842920        0.8051394846       -0.3850785997
        1.5863788940        0.8546887768       -0.1821363255
        1.8070245972        0.8986038735       -0.1365230733
        1.1263650221        0.7868261441       -0.4556551697
        0.8772332814        0.6964977171       -0.6759630734
        1.3296082491        0.8372365373       -0.3225987774
        2.0648626494        0.9336478559       -0.0831314285
        2.0035163574        0.9205574373       -0.0971729184
        1.4203654679        0.8174366909       -0.2442019060
        1.2321842920        0.8031972249       -0.3862359635
        1.5863788940        0.8555045356       -0.1823075726
        2.0648626494        0.9302386200       -0.0873496874
        1.9402313851        0.9166340567       -0.1060191650
        2.1823880713        0.9433533205       -0.0714401485
        2.0648626494        0.9302518937       -0.0884122607
        1.9402313851        0.9173383836       -0.1066494272
        2.1823880713        0.9435353314       -0.0710326505
        1.8748114202        0.9056248321       -0.1174661154
        1.7365937718        0.8995875708       -0.1449155585
        2.0035163574        0.9283182971       -0.0953762020
        2.0648626494        0.9301283771       -0.0882907027
        1.9402313851        0.9175579071       -0.1062793616
        2.1823880713        0.9432578185       -0.0704414455
