#epsqw diagonal term
#1:q+G [au], 2:Re(eps-1), 3:Im(eps-1)
        2.0648626494        0.9122477862       -0.0255344178
        1.9402313851        0.8905438683       -0.0271601190
        2.1823880713        0.9272749214       -0.0229377888
        1.8748114202        0.8777219483       -0.0285092314
        1.7365937718        0.8481076752       -0.0241008299
        2.0035163574        0.9000904752       -0.0267261989
        2.0648626494        0.9120704151       -0.0256894028
        1.9402313851        0.8904847774       -0.0273950742
        2.1823880713        0.9273400877       -0.0231964805
        2.0648626494        0.9119832396       -0.0257421477
        1.9402313851        0.8902143943       -0.0272331580
        2.1823880713        0.9271017453       -0.0231253805
        2.0035163574        0.9032545878       -0.0266298825
        1.4203654679        0.7497338413       -0.0349401837
        1.2321842920        0.6671280096       -0.0538209538
        1.5863788940        0.8141653716       -0.0275660101
        1.8070245972        0.8640885630       -0.0299609173
        1.1263650221        0.6061131158       -0.0651016892
        0.8772332814        0.5081794150       -0.1092580467
        1.3296082491        0.7160630099       -0.0437061350
        2.0648626494        0.9090910289       -0.0243283749
        2.0035163574        0.9031730939       -0.0266851519
        1.4203654679        0.7498356573       -0.0350179493
        1.2321842920        0.6667778070       -0.0542828112
        1.5863788940        0.8140033866       -0.0274296889
        2.0648626494        0.9119583703       -0.0257129319
        1.9402313851        0.8903815589       -0.0274396785
        2.1823880713        0.9271940120       -0.0232879228
        1.8748114202        0.8780133694       -0.0287846536
        1.7365937718        0.8481541319       -0.0240709341
        2.0035163574        0.8999846497       -0.0265602120
        1.8070245972        0.8642901889       -0.0302379801
        1.1263650221        0.6067866348       -0.0662771714
        0.8772332814        0.5101998702       -0.1095057153
        1.3296082491        0.7162886468       -0.0432635349
        2.0648626494        0.9092887536       -0.0240734312
        1.5863788940        0.8057022565       -0.0409200772
        0.7210813155        0.4144792200       -0.1219663832
        0.1442162631        0.0125510475       -0.2913268506
        1.0095138417        0.6078921461       -0.0864674207
        1.8748114202        0.8713036282       -0.0353296451
        1.8070245972        0.8640339949       -0.0300842713
        1.1263650221        0.6064783130       -0.0652349671
        0.8772332814        0.5097332821       -0.1091409637
        1.3296082491        0.7164240291       -0.0438557717
        2.0648626494        0.9092014824       -0.0243453348
        1.8748114202        0.8777249234       -0.0285118422
        1.7365937718        0.8480281949       -0.0242374575
        2.0035163574        0.9000298342       -0.0268148622
        2.0648626494        0.9119702228       -0.0257746703
        1.9402313851        0.8904176537       -0.0276073574
        2.1823880713        0.9273214628       -0.0232510022
        2.0035163574        0.9033934784       -0.0267269964
        1.4203654679        0.7500394930       -0.0347412432
        1.2321842920        0.6670673262       -0.0548857248
        1.5863788940        0.8143173582       -0.0274573563
        1.8070245972        0.8643526257       -0.0300925371
        1.1263650221        0.6063108523       -0.0661905612
        0.8772332814        0.5087620800       -0.1097198714
        1.3296082491        0.7160013299       -0.0430295008
        2.0648626494        0.9092091706       -0.0240324057
        2.0035163574        0.9032145871       -0.0265866847
        1.4203654679        0.7497084829       -0.0348942860
        1.2321842920        0.6670991530       -0.0539507452
        1.5863788940        0.8142647637       -0.0275554465
        2.0648626494        0.9120493212       -0.0256450442
        1.9402313851        0.8903725183       -0.0272413842
        2.1823880713        0.9272259235       -0.0229347723
        2.0648626494        0.9121210744       -0.0257819260
        1.9402313851        0.8905766077       -0.0275795692
        2.1823880713        0.9273854542       -0.0232236703
        1.8748114202        0.8779181357       -0.0286834958
        1.7365937718        0.8482349737       -0.0238778746
        2.0035163574        0.9000970313       -0.0264282561
        2.0648626494        0.9120481280       -0.0257366768
        1.9402313851        0.8903738681       -0.0272453980
        2.1823880713        0.9272853973       -0.0230121192
