#epsqw diagonal term
#1:q+G [au], 2:Re(eps-1), 3:Im(eps-1)
        2.0648626494        0.9009993920       -0.0005797925
        1.9402313851        0.8872276593       -0.0005698421
        2.1823880713        0.9146244252       -0.0005312313
        1.8748114202        0.8777678630       -0.0005889088
        1.7365937718        0.8570171992       -0.0005745622
        2.0035163574        0.8963309146       -0.0005229220
        2.0648626494        0.9010826048       -0.0005761824
        1.9402313851        0.8872227046       -0.0005696034
        2.1823880713        0.9145989793       -0.0005324031
        2.0648626494        0.9010982684       -0.0005768106
        1.9402313851        0.8872306038       -0.0005708569
        2.1823880713        0.9145564724       -0.0005345253
        2.0035163574        0.8932127907       -0.0006122145
        1.4203654679        0.7619023602       -0.0010088875
        1.2321842920        0.6927375451       -0.0011599401
        1.5863788940        0.8132682516       -0.0008541904
        1.8070245972        0.8648021710       -0.0006410117
        1.1263650221        0.6472333117       -0.0012956192
        0.8772332814        0.5393364111       -0.0015966606
        1.3296082491        0.7352731262       -0.0010195494
        2.0648626494        0.9046749650       -0.0005141713
        2.0035163574        0.8931277821       -0.0006147988
        1.4203654679        0.7619008157       -0.0010081300
        1.2321842920        0.6927915711       -0.0011585346
        1.5863788940        0.8132569474       -0.0008550281
        2.0648626494        0.9010912102       -0.0005767341
        1.9402313851        0.8872468600       -0.0005697403
        2.1823880713        0.9146081464       -0.0005324407
        1.8748114202        0.8777933206       -0.0005886954
        1.7365937718        0.8570475488       -0.0005749312
        2.0035163574        0.8963604708       -0.0005235335
        1.8070245972        0.8648186002       -0.0006400922
        1.1263650221        0.6473098636       -0.0012943038
        0.8772332814        0.5393726594       -0.0015969875
        1.3296082491        0.7352612288       -0.0010203565
        2.0648626494        0.9046672678       -0.0005146140
        1.5863788940        0.8263257293       -0.0006773288
        0.7210813155        0.4563843561       -0.0018447662
        0.1442162631        0.1864503273       -0.0025581184
        1.0095138417        0.6100713631       -0.0013798137
        1.8748114202        0.8835138593       -0.0004930322
        1.8070245972        0.8648070642       -0.0006413971
        1.1263650221        0.6472521387       -0.0012962979
        0.8772332814        0.5393721034       -0.0015968765
        1.3296082491        0.7352933498       -0.0010200357
        2.0648626494        0.9046681814       -0.0005146405
        1.8748114202        0.8777870154       -0.0005895621
        1.7365937718        0.8570562899       -0.0005746130
        2.0035163574        0.8963500172       -0.0005233838
        2.0648626494        0.9010571877       -0.0005781125
        1.9402313851        0.8872486781       -0.0005695774
        2.1823880713        0.9146369088       -0.0005315890
        2.0035163574        0.8932021628       -0.0006118096
        1.4203654679        0.7618680628       -0.0010100521
        1.2321842920        0.6927963903       -0.0011582949
        1.5863788940        0.8132547381       -0.0008541140
        1.8070245972        0.8648139232       -0.0006397219
        1.1263650221        0.6472987887       -0.0012935485
        0.8772332814        0.5393373211       -0.0015968553
        1.3296082491        0.7352451235       -0.0010198458
        2.0648626494        0.9046759577       -0.0005141058
        2.0035163574        0.8932136302       -0.0006121471
        1.4203654679        0.7619045674       -0.0010087641
        1.2321842920        0.6927431062       -0.0011599136
        1.5863788940        0.8132678386       -0.0008542964
        2.0648626494        0.9010094963       -0.0005800971
        1.9402313851        0.8872540907       -0.0005700032
        2.1823880713        0.9146328224       -0.0005316107
        2.0648626494        0.9010487131       -0.0005778812
        1.9402313851        0.8872267187       -0.0005693999
        2.1823880713        0.9146285392       -0.0005312124
        1.8748114202        0.8777791229       -0.0005880345
        1.7365937718        0.8570107949       -0.0005749027
        2.0035163574        0.8963421249       -0.0005230684
        2.0648626494        0.9010900804       -0.0005763301
        1.9402313851        0.8872069481       -0.0005707459
        2.1823880713        0.9145471821       -0.0005344426
