#epsqw diagonal term
#1:q+G [au], 2:Re(eps-1), 3:Im(eps-1)
        2.0648626494        1.0291063162       -0.0061246830
        1.9402313851        1.0344305821       -0.0056357196
        2.1823880713        1.0242992876       -0.0061650523
        1.8748114202        1.0376735292       -0.0052929616
        1.7365937718        1.0451431399       -0.0045138488
        2.0035163574        1.0314667288       -0.0055355421
        2.0648626494        1.0290158811       -0.0059904053
        1.9402313851        1.0341538479       -0.0052707453
        2.1823880713        1.0238677387       -0.0056629461
        2.0648626494        1.0290341796       -0.0060686342
        1.9402313851        1.0344396427       -0.0056439367
        2.1823880713        1.0242864791       -0.0062611404
        2.0035163574        1.0311857464       -0.0061359461
        1.4203654679        1.0611735829       -0.0052218756
        1.2321842920        1.0733131634       -0.0047162791
        1.5863788940        1.0515536846       -0.0058670372
        1.8070245972        1.0402866729       -0.0054756403
        1.1263650221        1.0808244019       -0.0044612350
        0.8772332814        1.0982012645       -0.0038725435
        1.3296082491        1.0671760352       -0.0047919757
        2.0648626494        1.0294457470       -0.0050730871
        2.0035163574        1.0312600471       -0.0062334251
        1.4203654679        1.0611553151       -0.0051945833
        1.2321842920        1.0731619964       -0.0044995006
        1.5863788940        1.0511747019       -0.0053785735
        2.0648626494        1.0290048756       -0.0060183426
        1.9402313851        1.0341491692       -0.0052588615
        2.1823880713        1.0237765607       -0.0056527205
        1.8748114202        1.0373853635       -0.0050425659
        1.7365937718        1.0451671028       -0.0045854677
        2.0035163574        1.0316376372       -0.0059267077
        1.8070245972        1.0399633861       -0.0052058029
        1.1263650221        1.0806954362       -0.0043093586
        0.8772332814        1.0981521209       -0.0039575228
        1.3296082491        1.0672918358       -0.0050228241
        2.0648626494        1.0296133392       -0.0054286394
        1.5863788940        1.0534866283       -0.0044507192
        0.7210813155        1.1063330404       -0.0037067187
        0.1442162631        1.1168626390       -0.0030507372
        1.0095138417        1.0909285791       -0.0044124251
        1.8748114202        1.0387816097       -0.0041794051
        1.8070245972        1.0402056399       -0.0055142668
        1.1263650221        1.0808043954       -0.0044640936
        0.8772332814        1.0981307222       -0.0039197423
        1.3296082491        1.0671230166       -0.0048039677
        2.0648626494        1.0293636896       -0.0051072501
        1.8748114202        1.0376014449       -0.0053179839
        1.7365937718        1.0451172654       -0.0045172935
        2.0035163574        1.0313546006       -0.0055712538
        2.0648626494        1.0285156264       -0.0055066917
        1.9402313851        1.0342633765       -0.0053859748
        2.1823880713        1.0243790677       -0.0062803402
        2.0035163574        1.0306857813       -0.0055907846
        1.4203654679        1.0608433082       -0.0048117701
        1.2321842920        1.0732213636       -0.0045784133
        1.5863788940        1.0516300146       -0.0059237254
        1.8070245972        1.0400479673       -0.0051701162
        1.1263650221        1.0807214525       -0.0043072400
        0.8772332814        1.0982232979       -0.0039086970
        1.3296082491        1.0673263160       -0.0050115559
        2.0648626494        1.0297049886       -0.0053883319
        2.0035163574        1.0311118655       -0.0060984119
        1.4203654679        1.0611359616       -0.0052023310
        1.2321842920        1.0733191168       -0.0047205194
        1.5863788940        1.0516084395       -0.0058966917
        2.0648626494        1.0289823126       -0.0060799288
        1.9402313851        1.0344514476       -0.0056403323
        2.1823880713        1.0243493856       -0.0062492693
        2.0648626494        1.0285714155       -0.0055191663
        1.9402313851        1.0342574667       -0.0053889245
        2.1823880713        1.0244115992       -0.0062370030
        1.8748114202        1.0374528758       -0.0050206807
        1.7365937718        1.0451929275       -0.0045818638
        2.0035163574        1.0317556392       -0.0058852302
        2.0648626494        1.0289783922       -0.0060091001
        1.9402313851        1.0344606785       -0.0056640070
        2.1823880713        1.0244600422       -0.0063129282
