#epsqw diagonal term
#1:q+G [au], 2:Re(eps-1), 3:Im(eps-1)
        2.0648626494        0.9232221907       -0.0218159161
        1.9402313851        0.9001717218       -0.0203634422
        2.1823880713        0.9336557271       -0.0174183579
        1.8748114202        0.8885899771       -0.0237841596
        1.7365937718        0.8503826744       -0.0174380996
        2.0035163574        0.9048529688       -0.0167900923
        2.0648626494        0.9230758297       -0.0217327685
        1.9402313851        0.9001226464       -0.0206324181
        2.1823880713        0.9338531776       -0.0176250856
        2.0648626494        0.9230775008       -0.0216498275
        1.9402313851        0.9000535950       -0.0203166530
        2.1823880713        0.9337366257       -0.0174772530
        2.0035163574        0.9127715570       -0.0230565474
        1.4203654679        0.8004785651       -0.1691351628
        1.2321842920        0.7476045590       -0.1917498000
        1.5863788940        0.8444351827       -0.1141414474
        1.8070245972        0.8759772110       -0.0270598970
        1.1263650221        0.7323512283       -0.2540096671
        0.8772332814        0.7526246184       -0.2061308717
        1.3296082491        0.7738310596       -0.1272927143
        2.0648626494        0.9160445814       -0.0164706425
        2.0035163574        0.9128375289       -0.0231929230
        1.4203654679        0.8014317033       -0.1693471495
        1.2321842920        0.7459534482       -0.1923725132
        1.5863788940        0.8446488670       -0.1146214219
        2.0648626494        0.9231778497       -0.0217405731
        1.9402313851        0.9001570551       -0.0204873447
        2.1823880713        0.9338158757       -0.0175732711
        1.8748114202        0.8885287808       -0.0238002590
        1.7365937718        0.8506243188       -0.0174725538
        2.0035163574        0.9049788050       -0.0167580524
        1.8070245972        0.8756731471       -0.0269248411
        1.1263650221        0.7303932556       -0.2538468959
        0.8772332814        0.7544837786       -0.2075165336
        1.3296082491        0.7740898818       -0.1274341999
        2.0648626494        0.9159878418       -0.0164847221
        1.5863788940        0.8438733232       -0.0372701437
        0.7210813155        0.7163694471       -0.2578149190
        0.1442162631        0.7366913503       -0.7683799159
        1.0095138417        0.7246216827       -0.1432893048
        1.8748114202        0.8925309401       -0.0197689490
        1.8070245972        0.8757135153       -0.0270533492
        1.1263650221        0.7320337727       -0.2542688896
        0.8772332814        0.7529500347       -0.2079460924
        1.3296082491        0.7727654024       -0.1273439319
        2.0648626494        0.9159870970       -0.0165919507
        1.8748114202        0.8885858130       -0.0237179569
        1.7365937718        0.8505191014       -0.0174395709
        2.0035163574        0.9049269411       -0.0167661930
        2.0648626494        0.9230745796       -0.0218553686
        1.9402313851        0.9001292399       -0.0203593318
        2.1823880713        0.9337851047       -0.0174748886
        2.0035163574        0.9128540434       -0.0231735412
        1.4203654679        0.7998784997       -0.1691946584
        1.2321842920        0.7480844885       -0.1925011308
        1.5863788940        0.8449817748       -0.1149626236
        1.8070245972        0.8758383791       -0.0269043476
        1.1263650221        0.7312448901       -0.2540507643
        0.8772332814        0.7542787846       -0.2059626472
        1.3296082491        0.7745441245       -0.1276538112
        2.0648626494        0.9160800477       -0.0163146909
        2.0035163574        0.9127755357       -0.0229955854
        1.4203654679        0.8001694898       -0.1687134018
        1.2321842920        0.7477205740       -0.1917480859
        1.5863788940        0.8447791832       -0.1142682864
        2.0648626494        0.9231772943       -0.0216797315
        1.9402313851        0.9001542877       -0.0202325821
        2.1823880713        0.9337240261       -0.0174362726
        2.0648626494        0.9231077862       -0.0219409500
        1.9402313851        0.9001439546       -0.0204857889
        2.1823880713        0.9337307419       -0.0174792848
        1.8748114202        0.8884476605       -0.0238303801
        1.7365937718        0.8505255665       -0.0173579946
        2.0035163574        0.9049340675       -0.0167449098
        2.0648626494        0.9229918614       -0.0216351349
        1.9402313851        0.9000176114       -0.0204227340
        2.1823880713        0.9337937184       -0.0175659621
