#epsqw diagonal term
#1:q+G [au], 2:Re(eps-1), 3:Im(eps-1)
        2.0648626494        1.0019436742       -0.0000059103
        1.9402313851        1.0022902110       -0.0000069951
        2.1823880713        1.0016562439       -0.0000049436
        1.8748114202        1.0024965906       -0.0000076959
        1.7365937718        1.0029849671       -0.0000091320
        2.0035163574        1.0021055714       -0.0000063311
        2.0648626494        1.0019438974       -0.0000059111
        1.9402313851        1.0022916421       -0.0000069977
        2.1823880713        1.0016568208       -0.0000049443
        2.0648626494        1.0019430687       -0.0000059089
        1.9402313851        1.0022898477       -0.0000069932
        2.1823880713        1.0016560088       -0.0000049422
        2.0035163574        1.0021073260       -0.0000064772
        1.4203654679        1.0044275067       -0.0000158545
        1.2321842920        1.0055124755       -0.0000207771
        1.5863788940        1.0036133397       -0.0000122847
        1.8070245972        1.0027303967       -0.0000085262
        1.1263650221        1.0061737113       -0.0000242613
        0.8772332814        1.0077904820       -0.0000328124
        1.3296082491        1.0049489303       -0.0000178818
        2.0648626494        1.0019396864       -0.0000058028
        2.0035163574        1.0021070935       -0.0000064773
        1.4203654679        1.0044275890       -0.0000158551
        1.2321842920        1.0055174141       -0.0000207792
        1.5863788940        1.0036138613       -0.0000122854
        2.0648626494        1.0019436664       -0.0000059097
        1.9402313851        1.0022908000       -0.0000069956
        2.1823880713        1.0016562020       -0.0000049430
        1.8748114202        1.0024959483       -0.0000076947
        1.7365937718        1.0029841829       -0.0000091297
        2.0035163574        1.0021050544       -0.0000063281
        1.8070245972        1.0027291644       -0.0000085260
        1.1263650221        1.0061707692       -0.0000242532
        0.8772332814        1.0077880683       -0.0000328039
        1.3296082491        1.0049491393       -0.0000178814
        2.0648626494        1.0019398059       -0.0000058027
        1.5863788940        1.0036180527       -0.0000113717
        0.7210813155        1.0086776946       -0.0000400033
        0.1442162631        1.0101931066       -0.0000680071
        1.0095138417        1.0069550425       -0.0000270187
        1.8748114202        1.0024939684       -0.0000074470
        1.8070245972        1.0027294206       -0.0000085251
        1.1263650221        1.0061707863       -0.0000242566
        0.8772332814        1.0077880401       -0.0000328034
        1.3296082491        1.0049481297       -0.0000178796
        2.0648626494        1.0019397908       -0.0000058031
        1.8748114202        1.0024956633       -0.0000076934
        1.7365937718        1.0029837896       -0.0000091286
        2.0035163574        1.0021050106       -0.0000063289
        2.0648626494        1.0019437542       -0.0000059105
        1.9402313851        1.0022912562       -0.0000069957
        2.1823880713        1.0016563806       -0.0000049426
        2.0035163574        1.0021071575       -0.0000064785
        1.4203654679        1.0044282266       -0.0000158582
        1.2321842920        1.0055174792       -0.0000207798
        1.5863788940        1.0036145900       -0.0000122847
        1.8070245972        1.0027293643       -0.0000085267
        1.1263650221        1.0061700771       -0.0000242550
        0.8772332814        1.0077897003       -0.0000328105
        1.3296082491        1.0049514883       -0.0000178847
        2.0648626494        1.0019401033       -0.0000058026
        2.0035163574        1.0021070430       -0.0000064771
        1.4203654679        1.0044255036       -0.0000158531
        1.2321842920        1.0055132027       -0.0000207770
        1.5863788940        1.0036144986       -0.0000122855
        2.0648626494        1.0019427089       -0.0000059084
        1.9402313851        1.0022894066       -0.0000069929
        2.1823880713        1.0016561885       -0.0000049426
        2.0648626494        1.0019444591       -0.0000059118
        1.9402313851        1.0022918670       -0.0000069977
        2.1823880713        1.0016565172       -0.0000049436
        1.8748114202        1.0024961249       -0.0000076964
        1.7365937718        1.0029852161       -0.0000091330
        2.0035163574        1.0021059542       -0.0000063305
        2.0648626494        1.0019430860       -0.0000059100
        1.9402313851        1.0022907476       -0.0000069953
        2.1823880713        1.0016566110       -0.0000049436
