#epsqw diagonal term
#1:q+G [au], 2:Re(eps-1), 3:Im(eps-1)
        2.0648626494        0.9129206834       -0.0240340019
        1.9402313851        0.8888478253       -0.0235027789
        2.1823880713        0.9277617328       -0.0229593398
        1.8748114202        0.8765327134       -0.0229680079
        1.7365937718        0.8482021329       -0.0190327926
        2.0035163574        0.8981137655       -0.0242038491
        2.0648626494        0.9127236897       -0.0241246863
        1.9402313851        0.8885375977       -0.0234804058
        2.1823880713        0.9274640667       -0.0228890691
        2.0648626494        0.9131437143       -0.0240945933
        1.9402313851        0.8888677527       -0.0231101610
        2.1823880713        0.9278100554       -0.0229354782
        2.0035163574        0.9036998507       -0.0249827706
        1.4203654679        0.7591973165       -0.0288172504
        1.2321842920        0.6701030112       -0.0486902823
        1.5863788940        0.8205663917       -0.0232957374
        1.8070245972        0.8652921087       -0.0264270502
        1.1263650221        0.6156647205       -0.0575708599
        0.8772332814        0.5080727688       -0.1138442208
        1.3296082491        0.7253331174       -0.0386161692
        2.0648626494        0.9079966527       -0.0208747134
        2.0035163574        0.9037607328       -0.0250001128
        1.4203654679        0.7589756974       -0.0290070936
        1.2321842920        0.6693191100       -0.0488428492
        1.5863788940        0.8203541700       -0.0233433227
        2.0648626494        0.9127096764       -0.0240890098
        1.9402313851        0.8884738669       -0.0234072377
        2.1823880713        0.9274331514       -0.0228709081
        1.8748114202        0.8763315662       -0.0227417113
        1.7365937718        0.8485840039       -0.0188925134
        2.0035163574        0.8983741441       -0.0239265456
        1.8070245972        0.8652919589       -0.0266058122
        1.1263650221        0.6148524423       -0.0579519738
        0.8772332814        0.5083480184       -0.1155738238
        1.3296082491        0.7264925843       -0.0387729495
        2.0648626494        0.9083584871       -0.0209242634
        1.5863788940        0.8104754015       -0.0282091549
        0.7210813155        0.4209689914       -0.1292627982
        0.1442162631        0.0585879028       -0.2164163434
        1.0095138417        0.6089204619       -0.0899995020
        1.8748114202        0.8688534221       -0.0219199694
        1.8070245972        0.8653358173       -0.0264630493
        1.1263650221        0.6157256405       -0.0577139862
        0.8772332814        0.5085753711       -0.1147200287
        1.3296082491        0.7255805451       -0.0387988246
        2.0648626494        0.9079979923       -0.0208697593
        1.8748114202        0.8765579488       -0.0228500198
        1.7365937718        0.8482478623       -0.0190241113
        2.0035163574        0.8980461251       -0.0240481510
        2.0648626494        0.9127514555       -0.0239951288
        1.9402313851        0.8884857009       -0.0232870803
        2.1823880713        0.9277699688       -0.0229498363
        2.0035163574        0.9035591405       -0.0249411462
        1.4203654679        0.7592370261       -0.0287371016
        1.2321842920        0.6688461633       -0.0486086040
        1.5863788940        0.8209030543       -0.0235080767
        1.8070245972        0.8652280516       -0.0265573824
        1.1263650221        0.6146426215       -0.0578125282
        0.8772332814        0.5078538615       -0.1146975894
        1.3296082491        0.7263401295       -0.0386033444
        2.0648626494        0.9082941053       -0.0209925267
        2.0035163574        0.9037079529       -0.0250029858
        1.4203654679        0.7592245834       -0.0288165083
        1.2321842920        0.6700146906       -0.0487275872
        1.5863788940        0.8205506864       -0.0233020473
        2.0648626494        0.9129229504       -0.0239890669
        1.9402313851        0.8887293754       -0.0234346558
        2.1823880713        0.9277040294       -0.0229476026
        2.0648626494        0.9127219835       -0.0240531701
        1.9402313851        0.8885557719       -0.0233499292
        2.1823880713        0.9277974339       -0.0229553323
        1.8748114202        0.8763767346       -0.0228308952
        1.7365937718        0.8485011296       -0.0188734256
        2.0035163574        0.8984347097       -0.0240714333
        2.0648626494        0.9131094174       -0.0241225403
        1.9402313851        0.8889177188       -0.0231744563
        2.1823880713        0.9278469328       -0.0229894402
