#epsqw diagonal term
#1:q+G [au], 2:Re(eps-1), 3:Im(eps-1)
        2.0648626494        1.0027012641       -0.0000083578
        1.9402313851        1.0031819831       -0.0000098833
        2.1823880713        1.0023041335       -0.0000069989
        1.8748114202        1.0034660548       -0.0000108654
        1.7365937718        1.0041415384       -0.0000128814
        2.0035163574        1.0029271891       -0.0000089534
        2.0648626494        1.0027017026       -0.0000083585
        1.9402313851        1.0031829133       -0.0000098854
        2.1823880713        1.0023044841       -0.0000069994
        2.0648626494        1.0027008419       -0.0000083558
        1.9402313851        1.0031807893       -0.0000098800
        2.1823880713        1.0023031595       -0.0000069969
        2.0035163574        1.0029288106       -0.0000091557
        1.4203654679        1.0061329299       -0.0000222603
        1.2321842920        1.0076326689       -0.0000291150
        1.5863788940        1.0050118198       -0.0000172875
        1.8070245972        1.0037893370       -0.0000120284
        1.1263650221        1.0085391382       -0.0000339656
        0.8772332814        1.0107651612       -0.0000458622
        1.3296082491        1.0068567764       -0.0000250971
        2.0648626494        1.0026974415       -0.0000082100
        2.0035163574        1.0029282881       -0.0000091558
        1.4203654679        1.0061325215       -0.0000222605
        1.2321842920        1.0076331285       -0.0000291131
        1.5863788940        1.0050118923       -0.0000172862
        2.0648626494        1.0027010352       -0.0000083567
        1.9402313851        1.0031818014       -0.0000098825
        2.1823880713        1.0023038597       -0.0000069980
        1.8748114202        1.0034656396       -0.0000108634
        1.7365937718        1.0041395869       -0.0000128761
        2.0035163574        1.0029252290       -0.0000089479
        1.8070245972        1.0037899232       -0.0000120288
        1.1263650221        1.0085398468       -0.0000339592
        0.8772332814        1.0107629902       -0.0000458531
        1.3296082491        1.0068549077       -0.0000250934
        2.0648626494        1.0026971644       -0.0000082085
        1.5863788940        1.0050208373       -0.0000160292
        0.7210813155        1.0120010150       -0.0000558450
        0.1442162631        1.0140079179       -0.0000943800
        1.0095138417        1.0096312821       -0.0000378429
        1.8748114202        1.0034651217       -0.0000105270
        1.8070245972        1.0037893778       -0.0000120277
        1.1263650221        1.0085386953       -0.0000339615
        0.8772332814        1.0107642408       -0.0000458530
        1.3296082491        1.0068552872       -0.0000250917
        2.0648626494        1.0026975962       -0.0000082101
        1.8748114202        1.0034651908       -0.0000108624
        1.7365937718        1.0041399325       -0.0000128764
        2.0035163574        1.0029260520       -0.0000089499
        2.0648626494        1.0027012367       -0.0000083574
        1.9402313851        1.0031814334       -0.0000098820
        2.1823880713        1.0023032306       -0.0000069967
        2.0035163574        1.0029290899       -0.0000091562
        1.4203654679        1.0061330420       -0.0000222600
        1.2321842920        1.0076329927       -0.0000291133
        1.5863788940        1.0050111075       -0.0000172863
        1.8070245972        1.0037902836       -0.0000120302
        1.1263650221        1.0085401811       -0.0000339634
        0.8772332814        1.0107632015       -0.0000458604
        1.3296082491        1.0068553024       -0.0000250961
        2.0648626494        1.0026966779       -0.0000082077
        2.0035163574        1.0029289007       -0.0000091560
        1.4203654679        1.0061326779       -0.0000222607
        1.2321842920        1.0076325958       -0.0000291139
        1.5863788940        1.0050117683       -0.0000172867
        2.0648626494        1.0027005492       -0.0000083560
        1.9402313851        1.0031806994       -0.0000098799
        2.1823880713        1.0023034214       -0.0000069970
        2.0648626494        1.0027019574       -0.0000083589
        1.9402313851        1.0031824027       -0.0000098846
        2.1823880713        1.0023037370       -0.0000069983
        1.8748114202        1.0034665693       -0.0000108664
        1.7365937718        1.0041409137       -0.0000128804
        2.0035163574        1.0029260279       -0.0000089504
        2.0648626494        1.0027015806       -0.0000083576
        1.9402313851        1.0031818175       -0.0000098827
        2.1823880713        1.0023036722       -0.0000069982
