#epsqw diagonal term
#1:q+G [au], 2:Re(eps-1), 3:Im(eps-1)
        2.0648626494        0.9006881777       -0.0006066448
        1.9402313851        0.8869626376       -0.0005899127
        2.1823880713        0.9143297866       -0.0005566585
        1.8748114202        0.8775053906       -0.0006083075
        1.7365937718        0.8568227941       -0.0005847723
        2.0035163574        0.8961030237       -0.0005385315
        2.0648626494        0.9007771784       -0.0006021323
        1.9402313851        0.8869579683       -0.0005896407
        2.1823880713        0.9143024072       -0.0005581263
        2.0648626494        0.9007908459       -0.0006032250
        1.9402313851        0.8869637937       -0.0005912125
        2.1823880713        0.9142567563       -0.0005607228
        2.0035163574        0.8928793633       -0.0006412824
        1.4203654679        0.7614345729       -0.0010436798
        1.2321842920        0.6922445798       -0.0011904065
        1.5863788940        0.8128592818       -0.0008858742
        1.8070245972        0.8645150990       -0.0006621155
        1.1263650221        0.6466801170       -0.0013274533
        0.8772332814        0.5386448707       -0.0016285510
        1.3296082491        0.7348537688       -0.0010451567
        2.0648626494        0.9044283310       -0.0005327195
        2.0035163574        0.8927913376       -0.0006441929
        1.4203654679        0.7614351896       -0.0010424875
        1.2321842920        0.6923006781       -0.0011887401
        1.5863788940        0.8128472120       -0.0008867671
        2.0648626494        0.9007842377       -0.0006030323
        1.9402313851        0.8869816793       -0.0005898663
        2.1823880713        0.9143114706       -0.0005581892
        1.8748114202        0.8775305340       -0.0006082665
        1.7365937718        0.8568524377       -0.0005852539
        2.0035163574        0.8961309681       -0.0005395151
        1.8070245972        0.8645329974       -0.0006609823
        1.1263650221        0.6467574816       -0.0013262524
        0.8772332814        0.5386802770       -0.0016290450
        1.3296082491        0.7348405810       -0.0010461671
        2.0648626494        0.9044198171       -0.0005333599
        1.5863788940        0.8260999192       -0.0006880509
        0.7210813155        0.4554974693       -0.0018858656
        0.1442162631        0.1845450361       -0.0026544806
        1.0095138417        0.6095370976       -0.0014026832
        1.8748114202        0.8833467452       -0.0005013456
        1.8070245972        0.8645192195       -0.0006626334
        1.1263650221        0.6466968690       -0.0013286574
        0.8772332814        0.5386802688       -0.0016288175
        1.3296082491        0.7348727070       -0.0010459218
        2.0648626494        0.9044203272       -0.0005334682
        1.8748114202        0.8775226963       -0.0006093994
        1.7365937718        0.8568616115       -0.0005848799
        2.0035163574        0.8961208006       -0.0005393052
        2.0648626494        0.9007481572       -0.0006046790
        1.9402313851        0.8869837927       -0.0005896556
        2.1823880713        0.9143412915       -0.0005572216
        2.0035163574        0.8928703780       -0.0006404988
        1.4203654679        0.7613989080       -0.0010449637
        1.2321842920        0.6923056805       -0.0011885012
        1.5863788940        0.8128463714       -0.0008856710
        1.8070245972        0.8645290815       -0.0006604777
        1.1263650221        0.6467486598       -0.0013249484
        0.8772332814        0.5386451162       -0.0016288750
        1.3296082491        0.7348257648       -0.0010453752
        2.0648626494        0.9044297824       -0.0005325637
        2.0035163574        0.8928803535       -0.0006411821
        1.4203654679        0.7614370790       -0.0010434913
        1.2321842920        0.6922501672       -0.0011903759
        1.5863788940        0.8128586127       -0.0008860320
        2.0648626494        0.9006974391       -0.0006071423
        1.9402313851        0.8869885159       -0.0005901893
        2.1823880713        0.9143371782       -0.0005572498
        2.0648626494        0.9007403347       -0.0006042932
        1.9402313851        0.8869624180       -0.0005893543
        2.1823880713        0.9143340056       -0.0005566043
        1.8748114202        0.8775181870       -0.0006071649
        1.7365937718        0.8568159100       -0.0005851760
        2.0035163574        0.8961139514       -0.0005387389
        2.0648626494        0.9007840142       -0.0006024391
        1.9402313851        0.8869405730       -0.0005910071
        2.1823880713        0.9142477501       -0.0005605693
