#epsqw diagonal term
#1:q+G [au], 2:Re(eps-1), 3:Im(eps-1)
        2.0648626494        1.0076758833       -0.0000266488
        1.9402313851        1.0089981682       -0.0000312456
        2.1823880713        1.0065754504       -0.0000225175
        1.8748114202        1.0097738518       -0.0000341584
        1.7365937718        1.0116137842       -0.0000401550
        2.0035163574        1.0083027989       -0.0000285007
        2.0648626494        1.0076768348       -0.0000266505
        1.9402313851        1.0090001039       -0.0000312523
        2.1823880713        1.0065770794       -0.0000225220
        2.0648626494        1.0076745529       -0.0000266430
        1.9402313851        1.0089945709       -0.0000312355
        2.1823880713        1.0065730471       -0.0000225107
        2.0035163574        1.0083060464       -0.0000290703
        1.4203654679        1.0170307331       -0.0000673214
        1.2321842920        1.0210624703       -0.0000867554
        1.5863788940        1.0140087552       -0.0000530732
        1.8070245972        1.0106598574       -0.0000376102
        1.1263650221        1.0235171576       -0.0001006110
        0.8772332814        1.0294987999       -0.0001343074
        1.3296082491        1.0189944433       -0.0000755432
        2.0648626494        1.0076647161       -0.0000262221
        2.0035163574        1.0083053579       -0.0000290698
        1.4203654679        1.0170310718       -0.0000673218
        1.2321842920        1.0210642228       -0.0000867530
        1.5863788940        1.0140122603       -0.0000530806
        2.0648626494        1.0076747524       -0.0000266443
        1.9402313851        1.0089968117       -0.0000312426
        2.1823880713        1.0065754887       -0.0000225171
        1.8748114202        1.0097724794       -0.0000341548
        1.7365937718        1.0116081210       -0.0000401380
        2.0035163574        1.0082979519       -0.0000284841
        1.8070245972        1.0106619389       -0.0000376150
        1.1263650221        1.0235164772       -0.0001005995
        0.8772332814        1.0294903868       -0.0001342805
        1.3296082491        1.0189895852       -0.0000755332
        2.0648626494        1.0076638919       -0.0000262182
        1.5863788940        1.0140356810       -0.0000496614
        0.7210813155        1.0327709463       -0.0001618484
        0.1442162631        1.0379557926       -0.0002656471
        1.0095138417        1.0264932880       -0.0001121637
        1.8748114202        1.0097733237       -0.0000332805
        1.8070245972        1.0106596845       -0.0000376081
        1.1263650221        1.0235140888       -0.0001005994
        0.8772332814        1.0294917193       -0.0001342803
        1.3296082491        1.0189908843       -0.0000755313
        2.0648626494        1.0076654686       -0.0000262236
        1.8748114202        1.0097705820       -0.0000341484
        1.7365937718        1.0116084740       -0.0000401394
        2.0035163574        1.0082997910       -0.0000284913
        2.0648626494        1.0076765479       -0.0000266500
        1.9402313851        1.0089963322       -0.0000312413
        2.1823880713        1.0065733584       -0.0000225108
        2.0035163574        1.0083081928       -0.0000290766
        1.4203654679        1.0170347448       -0.0000673320
        1.2321842920        1.0210634859       -0.0000867531
        1.5863788940        1.0140080392       -0.0000530725
        1.8070245972        1.0106622605       -0.0000376175
        1.1263650221        1.0235194266       -0.0001006098
        0.8772332814        1.0294967881       -0.0001343048
        1.3296082491        1.0189919745       -0.0000755418
        2.0648626494        1.0076628548       -0.0000262159
        2.0035163574        1.0083061480       -0.0000290705
        1.4203654679        1.0170308576       -0.0000673218
        1.2321842920        1.0210618620       -0.0000867533
        1.5863788940        1.0140083307       -0.0000530721
        2.0648626494        1.0076738170       -0.0000266426
        1.9402313851        1.0089945931       -0.0000312350
        2.1823880713        1.0065736717       -0.0000225120
        2.0648626494        1.0076783509       -0.0000266553
        1.9402313851        1.0089994117       -0.0000312504
        2.1823880713        1.0065750359       -0.0000225160
        1.8748114202        1.0097753351       -0.0000341635
        1.7365937718        1.0116129198       -0.0000401523
        2.0035163574        1.0083006910       -0.0000284928
        2.0648626494        1.0076765293       -0.0000266489
        1.9402313851        1.0089976843       -0.0000312448
        2.1823880713        1.0065745733       -0.0000225156
