#epsqw diagonal term
#1:q+G [au], 2:Re(eps-1), 3:Im(eps-1)
        2.0648626494        0.9008875027       -0.0005890591
        1.9402313851        0.8871319582       -0.0005768502
        2.1823880713        0.9145184634       -0.0005400251
        1.8748114202        0.8776730390       -0.0005956714
        1.7365937718        0.8569463964       -0.0005782213
        2.0035163574        0.8962483810       -0.0005284124
        2.0648626494        0.9009727347       -0.0005851481
        1.9402313851        0.8871271060       -0.0005765999
        2.1823880713        0.9144923432       -0.0005412953
        2.0648626494        0.9009877317       -0.0005859232
        1.9402313851        0.8871342797       -0.0005779602
        2.1823880713        0.9144487348       -0.0005435770
        2.0035163574        0.8930929299       -0.0006222634
        1.4203654679        0.7617335193       -0.0010209671
        1.2321842920        0.6925587770       -0.0011706618
        1.5863788940        0.8131207593       -0.0008651896
        1.8070245972        0.8646984255       -0.0006483936
        1.1263650221        0.6470323902       -0.0013068758
        0.8772332814        0.5390841821       -0.0016081393
        1.3296082491        0.7351209953       -0.0010285650
        2.0648626494        0.9045858367       -0.0005206719
        2.0035163574        0.8930068419       -0.0006249624
        1.4203654679        0.7617327109       -0.0010200680
        1.2321842920        0.6926135356       -0.0011691674
        1.5863788940        0.8131091768       -0.0008660468
        2.0648626494        0.9009808216       -0.0005858102
        1.9402313851        0.8871511097       -0.0005767659
        2.1823880713        0.9145014765       -0.0005413403
        1.8748114202        0.8776984123       -0.0005955070
        1.7365937718        0.8569765006       -0.0005786271
        2.0035163574        0.8962773989       -0.0005291405
        1.8070245972        0.8647153705       -0.0006474021
        1.1263650221        0.6471092727       -0.0013055852
        0.8772332814        0.5391201440       -0.0016085205
        1.3296082491        0.7351086519       -0.0010294371
        2.0648626494        0.9045778700       -0.0005211752
        1.5863788940        0.8262433596       -0.0006811901
        0.7210813155        0.4560608642       -0.0018595811
        0.1442162631        0.1857562793       -0.0025927132
        1.0095138417        0.6098762995       -0.0013880622
        1.8748114202        0.8834529270       -0.0004960263
        1.8070245972        0.8647030515       -0.0006488231
        1.1263650221        0.6470505345       -0.0013077173
        0.8772332814        0.5391197737       -0.0016083709
        1.3296082491        0.7351407857       -0.0010291402
        2.0648626494        0.9045786448       -0.0005212292
        1.8748114202        0.8776915775       -0.0005964613
        1.7365937718        0.8569853944       -0.0005782901
        2.0035163574        0.8962670420       -0.0005289717
        2.0648626494        0.9009460726       -0.0005872804
        1.9402313851        0.8871530306       -0.0005765869
        2.1823880713        0.9145306159       -0.0005404485
        2.0035163574        0.8930828543       -0.0006217350
        1.4203654679        0.7616987283       -0.0010221750
        1.2321842920        0.6926184251       -0.0011689265
        1.5863788940        0.8131074523       -0.0008650707
        1.8070245972        0.8647109563       -0.0006469873
        1.1263650221        0.6470989437       -0.0013046592
        0.8772332814        0.5390848648       -0.0016083770
        1.3296082491        0.7350929799       -0.0010288371
        2.0648626494        0.9045869871       -0.0005205761
        2.0035163574        0.8930938200       -0.0006221857
        1.4203654679        0.7617358273       -0.0010208232
        1.2321842920        0.6925643473       -0.0011706337
        1.5863788940        0.8131202590       -0.0008653123
        2.0648626494        0.9008973255       -0.0005894245
        1.9402313851        0.8871582018       -0.0005770489
        2.1823880713        0.9145265202       -0.0005404723
        2.0648626494        0.9009378145       -0.0005870012
        1.9402313851        0.8871312693       -0.0005763691
        2.1823880713        0.9145226105       -0.0005399952
        1.8748114202        0.8776848298       -0.0005947089
        1.7365937718        0.8569398227       -0.0005785831
        2.0035163574        0.8962594958       -0.0005285783
        2.0648626494        0.9009799984       -0.0005853461
        1.9402313851        0.8871107709       -0.0005778185
        2.1823880713        0.9144395380       -0.0005434723
