#epsqw diagonal term
#1:q+G [au], 2:Re(eps-1), 3:Im(eps-1)
        2.0648626494        0.8880345271       -0.0215361413
        1.9402313851        0.8771789045       -0.0164848070
        2.1823880713        0.9043516638       -0.0178356717
        1.8748114202        0.8677286416       -0.0174801534
        1.7365937718        0.8526476532       -0.0122621587
        2.0035163574        0.8859754419       -0.0156693129
        2.0648626494        0.8878253176       -0.0215058318
        1.9402313851        0.8770077047       -0.0165779449
        2.1823880713        0.9043937293       -0.0180280253
        2.0648626494        0.8879761180       -0.0213661259
        1.9402313851        0.8772540661       -0.0162876898
        2.1823880713        0.9044956908       -0.0178815518
        2.0035163574        0.8814827859       -0.0205888261
        1.4203654679        0.7424895688       -0.0290107213
        1.2321842920        0.6764995744       -0.0246307227
        1.5863788940        0.7970507421       -0.0239852024
        1.8070245972        0.8543023858       -0.0161059500
        1.1263650221        0.6269271746       -0.0306160367
        0.8772332814        0.5028594303       -0.0350608627
        1.3296082491        0.7177780137       -0.0254897813
        2.0648626494        0.8963093991       -0.0164045316
        2.0035163574        0.8817130978       -0.0206206450
        1.4203654679        0.7426239684       -0.0285894296
        1.2321842920        0.6769976807       -0.0248997530
        1.5863788940        0.7973523531       -0.0241952916
        2.0648626494        0.8878920013       -0.0214312468
        1.9402313851        0.8770415935       -0.0164837753
        2.1823880713        0.9043694858       -0.0179930679
        1.8748114202        0.8675604111       -0.0174431831
        1.7365937718        0.8527476953       -0.0122516982
        2.0035163574        0.8860741575       -0.0155105362
        1.8070245972        0.8542021895       -0.0162011006
        1.1263650221        0.6269915326       -0.0307168900
        0.8772332814        0.5024255921       -0.0352098516
        1.3296082491        0.7173023833       -0.0254056917
        2.0648626494        0.8963108724       -0.0164107695
        1.5863788940        0.8201338797       -0.0151510435
        0.7210813155        0.4110194997       -0.0515733064
        0.1442162631        0.1690092242       -0.1708118987
        1.0095138417        0.5710126555       -0.0374744930
        1.8748114202        0.8786021001       -0.0105705031
        1.8070245972        0.8542405239       -0.0161669971
        1.1263650221        0.6266504963       -0.0305692427
        0.8772332814        0.5026892023       -0.0351818506
        1.3296082491        0.7175823135       -0.0252559904
        2.0648626494        0.8962620753       -0.0163495404
        1.8748114202        0.8677166260       -0.0174347039
        1.7365937718        0.8526613921       -0.0122692542
        2.0035163574        0.8859490925       -0.0156140110
        2.0648626494        0.8879609094       -0.0215080113
        1.9402313851        0.8771803643       -0.0165847017
        2.1823880713        0.9045002113       -0.0178135137
        2.0035163574        0.8817076686       -0.0205983849
        1.4203654679        0.7430664192       -0.0290394363
        1.2321842920        0.6767247061       -0.0250746822
        1.5863788940        0.7975136041       -0.0239475797
        1.8070245972        0.8543062865       -0.0161898014
        1.1263650221        0.6271882952       -0.0307661049
        0.8772332814        0.5026214383       -0.0351237642
        1.3296082491        0.7176036612       -0.0256473397
        2.0648626494        0.8963165951       -0.0164252767
        2.0035163574        0.8815309209       -0.0206439266
        1.4203654679        0.7424232379       -0.0287816672
        1.2321842920        0.6765326035       -0.0247565111
        1.5863788940        0.7971191579       -0.0241059187
        2.0648626494        0.8881381239       -0.0214829975
        1.9402313851        0.8772174332       -0.0164326608
        2.1823880713        0.9043631225       -0.0178065630
        2.0648626494        0.8880094255       -0.0215679325
        1.9402313851        0.8771282425       -0.0166753831
        2.1823880713        0.9044492930       -0.0178233365
        1.8748114202        0.8675944370       -0.0174759575
        1.7365937718        0.8527276450       -0.0122395082
        2.0035163574        0.8860795248       -0.0155863173
        2.0648626494        0.8879908640       -0.0213925784
        1.9402313851        0.8771653982       -0.0163557625
        2.1823880713        0.9044225559       -0.0178852061
