#epsqw diagonal term
#1:q+G [au], 2:Re(eps-1), 3:Im(eps-1)
        2.0648626494        0.9214979531       -0.0362704418
        1.9402313851        0.8971636603       -0.0288251291
        2.1823880713        0.9330101997       -0.0342719137
        1.8748114202        0.8871984006       -0.0294878583
        1.7365937718        0.8573255323       -0.0161909875
        2.0035163574        0.9024269446       -0.0258801632
        2.0648626494        0.9216109826       -0.0357327837
        1.9402313851        0.8974282969       -0.0284028399
        2.1823880713        0.9331206508       -0.0341899406
        2.0648626494        0.9213400576       -0.0357756085
        1.9402313851        0.8971211882       -0.0288892305
        2.1823880713        0.9331504929       -0.0342815489
        2.0035163574        0.9126516806       -0.0362185491
        1.4203654679        0.7802142961       -0.0438098963
        1.2321842920        0.6815901804       -0.0375297907
        1.5863788940        0.8360833718       -0.0439991325
        1.8070245972        0.8722087136       -0.0304382688
        1.1263650221        0.6254870652       -0.0403483788
        0.8772332814        0.5059528102       -0.0749455424
        1.3296082491        0.7301153763       -0.0419940534
        2.0648626494        0.9159726847       -0.0230556925
        2.0035163574        0.9126937574       -0.0367298361
        1.4203654679        0.7803570916       -0.0438163735
        1.2321842920        0.6813001203       -0.0372211399
        1.5863788940        0.8362919005       -0.0439816118
        2.0648626494        0.9215432454       -0.0358152992
        1.9402313851        0.8975221343       -0.0284117735
        2.1823880713        0.9332534514       -0.0341594790
        1.8748114202        0.8871196406       -0.0288414734
        1.7365937718        0.8572757312       -0.0162193183
        2.0035163574        0.9026003140       -0.0262377961
        1.8070245972        0.8720197550       -0.0300759477
        1.1263650221        0.6246892619       -0.0401240416
        0.8772332814        0.5060915606       -0.0737069557
        1.3296082491        0.7300008435       -0.0424946871
        2.0648626494        0.9159018231       -0.0236145218
        1.5863788940        0.8200424385       -0.0199001447
        0.7210813155        0.4218480465       -0.0848339820
        0.1442162631        0.1254011245       -0.1675247338
        1.0095138417        0.6011106682       -0.0825993531
        1.8748114202        0.8801984509       -0.0124137916
        1.8070245972        0.8720638807       -0.0305608915
        1.1263650221        0.6254019041       -0.0405843152
        0.8772332814        0.5064261607       -0.0748434667
        1.3296082491        0.7298242768       -0.0420217743
        2.0648626494        0.9159933351       -0.0230868223
        1.8748114202        0.8871346916       -0.0294871190
        1.7365937718        0.8573094469       -0.0161612739
        2.0035163574        0.9025273699       -0.0259396501
        2.0648626494        0.9216098020       -0.0356360280
        1.9402313851        0.8974538092       -0.0285714642
        2.1823880713        0.9332043926       -0.0344123783
        2.0035163574        0.9128291298       -0.0360520386
        1.4203654679        0.7798872479       -0.0432495997
        1.2321842920        0.6815682841       -0.0368635699
        1.5863788940        0.8364176845       -0.0445275043
        1.8070245972        0.8722676465       -0.0300580248
        1.1263650221        0.6249643739       -0.0398220662
        0.8772332814        0.5058460433       -0.0739712513
        1.3296082491        0.7304479749       -0.0423511233
        2.0648626494        0.9158076739       -0.0234833055
        2.0035163574        0.9127151092       -0.0361756505
        1.4203654679        0.7801424393       -0.0437768063
        1.2321842920        0.6815890064       -0.0375248291
        1.5863788940        0.8361078011       -0.0440516336
        2.0648626494        0.9214763247       -0.0362165882
        1.9402313851        0.8972563082       -0.0288831090
        2.1823880713        0.9331267300       -0.0343328741
        2.0648626494        0.9215874400       -0.0355864550
        1.9402313851        0.8972976416       -0.0285983344
        2.1823880713        0.9331475700       -0.0343634476
        1.8748114202        0.8872463631       -0.0288073450
        1.7365937718        0.8572847705       -0.0162577787
        2.0035163574        0.9025617744       -0.0261898975
        2.0648626494        0.9214102052       -0.0356800578
        1.9402313851        0.8970423454       -0.0288982240
        2.1823880713        0.9330563600       -0.0343211714
