#epsqw diagonal term
#1:q+G [au], 2:Re(eps-1), 3:Im(eps-1)
        2.0648626494        0.9005395407       -0.0006207867
        1.9402313851        0.8868374225       -0.0006001899
        2.1823880713        0.9141891826       -0.0005699817
        1.8748114202        0.8773814880       -0.0006182935
        1.7365937718        0.8567328404       -0.0005896828
        2.0035163574        0.8959961085       -0.0005463951
        2.0648626494        0.9006315022       -0.0006157636
        1.9402313851        0.8868328917       -0.0005999005
        2.1823880713        0.9141608156       -0.0005716186
        2.0648626494        0.9006440449       -0.0006171500
        1.9402313851        0.8868376619       -0.0006016501
        2.1823880713        0.9141135696       -0.0005744781
        2.0035163574        0.8927200980       -0.0006565205
        1.4203654679        0.7612132358       -0.0010617539
        1.2321842920        0.6920140222       -0.0012057267
        1.5863788940        0.8126654142       -0.0009023324
        1.8070245972        0.8643797219       -0.0006728802
        1.1263650221        0.6464223655       -0.0013432835
        0.8772332814        0.5383260032       -0.0016437210
        1.3296082491        0.7346577976       -0.0010580278
        2.0648626494        0.9043120221       -0.0005421386
        2.0035163574        0.8926306195       -0.0006595938
        1.4203654679        0.7612150183       -0.0010603036
        1.2321842920        0.6920711461       -0.0012039184
        1.5863788940        0.8126529890       -0.0009032546
        2.0648626494        0.9006376976       -0.0006168832
        1.9402313851        0.8868563647       -0.0006001779
        2.1823880713        0.9141698170       -0.0005717004
        1.8748114202        0.8774063804       -0.0006183846
        1.7365937718        0.8567621190       -0.0005902313
        2.0035163574        0.8960231418       -0.0005476190
        1.8070245972        0.8643983603       -0.0006716282
        1.1263650221        0.6464999833       -0.0013422005
        0.8772332814        0.5383609553       -0.0016443151
        1.3296082491        0.7346439332       -0.0010591651
        2.0648626494        0.9043030356       -0.0005429120
        1.5863788940        0.8259958204       -0.0006931460
        0.7210813155        0.4550885870       -0.0019053423
        0.1442162631        0.1836638772       -0.0027006168
        1.0095138417        0.6092913251       -0.0014135135
        1.8748114202        0.8832696283       -0.0005052937
        1.8070245972        0.8643834404       -0.0006734730
        1.1263650221        0.6464379113       -0.0013448346
        0.8772332814        0.5383612427       -0.0016440207
        1.3296082491        0.7346760234       -0.0010589668
        2.0648626494        0.9043033325       -0.0005430656
        1.8748114202        0.8773977414       -0.0006196723
        1.7365937718        0.8567715072       -0.0005898264
        2.0035163574        0.8960131318       -0.0005473717
        2.0648626494        0.9006005977       -0.0006186726
        1.9402313851        0.8868586302       -0.0005999416
        2.1823880713        0.9142001514       -0.0005706724
        2.0035163574        0.8927120195       -0.0006555140
        1.4203654679        0.7611769309       -0.0010630923
        1.2321842920        0.6920762251       -0.0012036866
        1.5863788940        0.8126528271       -0.0009020590
        1.8070245972        0.8643948433       -0.0006710471
        1.1263650221        0.6464924564       -0.0013405371
        0.8772332814        0.5383258962       -0.0016441187
        1.3296082491        0.7346298320       -0.0010581971
        2.0648626494        0.9043137143       -0.0005419330
        2.0035163574        0.8927211724       -0.0006563987
        1.4203654679        0.7612159091       -0.0010615238
        1.2321842920        0.6920196222       -0.0012056943
        1.5863788940        0.8126646055       -0.0009025219
        2.0648626494        0.9005483286       -0.0006214070
        1.9402313851        0.8868630008       -0.0006005352
        2.1823880713        0.9141960222       -0.0005707044
        2.0648626494        0.9005931478       -0.0006181846
        1.9402313851        0.8868375736       -0.0005995666
        2.1823880713        0.9141934675       -0.0005699054
        1.8748114202        0.8773950896       -0.0006169944
        1.7365937718        0.8567257179       -0.0005901215
        2.0035163574        0.8960068792       -0.0005466405
        2.0648626494        0.9006379719       -0.0006161705
        1.9402313851        0.8868146791       -0.0006013885
        2.1823880713        0.9141047275       -0.0005742790
