#epsqw diagonal term
#1:q+G [au], 2:Re(eps-1), 3:Im(eps-1)
        2.0648626494        1.0088256671       -0.0738472105
        1.9402313851        1.0233719106       -0.0964635882
        2.1823880713        0.9941941449       -0.0580289013
        1.8748114202        1.0312753145       -0.1044927320
        1.7365937718        1.0359994291       -0.1027484641
        2.0035163574        1.0127659803       -0.0796845683
        2.0648626494        1.0089182940       -0.0732903639
        1.9402313851        1.0242904199       -0.0964443996
        2.1823880713        0.9946489903       -0.0582272094
        2.0648626494        1.0085924968       -0.0732154600
        1.9402313851        1.0242766864       -0.0948748367
        2.1823880713        0.9932544279       -0.0580903465
        2.0035163574        1.0143252343       -0.0795069483
        1.4203654679        1.1309529701       -0.1544169785
        1.2321842920        1.2013347884       -0.2518412743
        1.5863788940        1.0868084994       -0.1206957272
        1.8070245972        1.0472219825       -0.1201837152
        1.1263650221        1.2690878320       -0.2994104758
        0.8772332814        1.4596647791       -0.4424238476
        1.3296082491        1.1619827345       -0.2303339782
        2.0648626494        1.0087980915       -0.0799562673
        2.0035163574        1.0137498524       -0.0796671639
        1.4203654679        1.1308703293       -0.1537627261
        1.2321842920        1.2020945818       -0.2547486215
        1.5863788940        1.0893648651       -0.1199877790
        2.0648626494        1.0082839961       -0.0729525484
        1.9402313851        1.0238313323       -0.0959959204
        2.1823880713        0.9942827233       -0.0579408750
        1.8748114202        1.0321087093       -0.1025703684
        1.7365937718        1.0354416022       -0.1016490626
        2.0035163574        1.0120443414       -0.0785015744
        1.8070245972        1.0464140258       -0.1197026583
        1.1263650221        1.2698299055       -0.2994598653
        0.8772332814        1.4550820848       -0.4372848130
        1.3296082491        1.1608485601       -0.2294405434
        2.0648626494        1.0086100618       -0.0797474168
        1.5863788940        1.0651468559       -0.1338028714
        0.7210813155        1.5627850204       -0.5568305226
        0.1442162631        1.7757866170       -0.4210546144
        1.0095138417        1.3070548776       -0.3540304556
        1.8748114202        1.0035690363       -0.0886023680
        1.8070245972        1.0465820732       -0.1199098484
        1.1263650221        1.2697720808       -0.2993366706
        0.8772332814        1.4567430857       -0.4387923312
        1.3296082491        1.1614935335       -0.2291289916
        2.0648626494        1.0089759294       -0.0796529790
        1.8748114202        1.0311178860       -0.1033114982
        1.7365937718        1.0351811978       -0.1022130969
        2.0035163574        1.0121256020       -0.0790186627
        2.0648626494        1.0089040157       -0.0732088102
        1.9402313851        1.0245022670       -0.0949886401
        2.1823880713        0.9940292423       -0.0577944863
        2.0035163574        1.0144989198       -0.0800911721
        1.4203654679        1.1339133383       -0.1532483001
        1.2321842920        1.1989561487       -0.2508732391
        1.5863788940        1.0868049156       -0.1200909186
        1.8070245972        1.0471186712       -0.1203619606
        1.1263650221        1.2692865384       -0.2994937747
        0.8772332814        1.4585045112       -0.4415674766
        1.3296082491        1.1613002789       -0.2303434749
        2.0648626494        1.0087298188       -0.0798994454
        2.0035163574        1.0138967148       -0.0796054609
        1.4203654679        1.1305754451       -0.1539796035
        1.2321842920        1.2018551037       -0.2517261063
        1.5863788940        1.0872275301       -0.1205933139
        2.0648626494        1.0080972609       -0.0734894286
        1.9402313851        1.0232901975       -0.0957779702
        2.1823880713        0.9940087108       -0.0576760431
        2.0648626494        1.0096229559       -0.0737877558
        1.9402313851        1.0244905578       -0.0955728007
        2.1823880713        0.9946191422       -0.0579675964
        1.8748114202        1.0321168519       -0.1038211467
        1.7365937718        1.0363049256       -0.1021607507
        2.0035163574        1.0130361831       -0.0790521186
        2.0648626494        1.0091062641       -0.0736519282
        1.9402313851        1.0245955525       -0.0955628019
        2.1823880713        0.9940935939       -0.0584441514
