#epsqw diagonal term
#1:q+G [au], 2:Re(eps-1), 3:Im(eps-1)
        2.0648626494        0.8933832521       -0.0063129146
        1.9402313851        0.8790006375       -0.0050766292
        2.1823880713        0.9068809052       -0.0063260356
        1.8748114202        0.8677620586       -0.0057770114
        1.7365937718        0.8481949742       -0.0033012876
        2.0035163574        0.8874987532       -0.0053678844
        2.0648626494        0.8933927697       -0.0061199990
        1.9402313851        0.8789671068       -0.0050352214
        2.1823880713        0.9069293431       -0.0063759457
        2.0648626494        0.8933634952       -0.0060684484
        1.9402313851        0.8789758175       -0.0051198970
        2.1823880713        0.9069613446       -0.0065154143
        2.0035163574        0.8866986296       -0.0074975637
        1.4203654679        0.7487368013       -0.0093315679
        1.2321842920        0.6752832607       -0.0083861340
        1.5863788940        0.8016413254       -0.0084941735
        1.8070245972        0.8560620391       -0.0067157419
        1.1263650221        0.6259320873       -0.0106672213
        0.8772332814        0.5090152585       -0.0089378553
        1.3296082491        0.7205715540       -0.0084118019
        2.0648626494        0.8960139314       -0.0062201057
        2.0035163574        0.8866836568       -0.0076694378
        1.4203654679        0.7487606350       -0.0092463381
        1.2321842920        0.6753783236       -0.0082285698
        1.5863788940        0.8016614476       -0.0086517895
        2.0648626494        0.8934013803       -0.0061229436
        1.9402313851        0.8789815703       -0.0050395989
        2.1823880713        0.9069138796       -0.0063805181
        1.8748114202        0.8677262588       -0.0057058004
        1.7365937718        0.8482002809       -0.0033124003
        2.0035163574        0.8875447501       -0.0053580977
        1.8070245972        0.8558989060       -0.0066171030
        1.1263650221        0.6258773884       -0.0106473288
        0.8772332814        0.5089499223       -0.0092720368
        1.3296082491        0.7204059181       -0.0084088656
        2.0648626494        0.8958657064       -0.0061249832
        1.5863788940        0.8170885575       -0.0026154048
        0.7210813155        0.4162447638       -0.0094755585
        0.1442162631        0.1012277499       -0.0268680682
        1.0095138417        0.5894462471       -0.0048765458
        1.8748114202        0.8758711540       -0.0023302111
        1.8070245972        0.8560605415       -0.0067134470
        1.1263650221        0.6259366516       -0.0106578137
        0.8772332814        0.5090099907       -0.0089325776
        1.3296082491        0.7205710534       -0.0084330528
        2.0648626494        0.8959991016       -0.0062119664
        1.8748114202        0.8677769597       -0.0057787142
        1.7365937718        0.8482616454       -0.0033160045
        2.0035163574        0.8875077930       -0.0053852876
        2.0648626494        0.8932990022       -0.0062323282
        1.9402313851        0.8789509378       -0.0051098511
        2.1823880713        0.9068949403       -0.0063807244
        2.0035163574        0.8865168056       -0.0075128247
        1.4203654679        0.7485175282       -0.0096702178
        1.2321842920        0.6753304065       -0.0083843658
        1.5863788940        0.8014542671       -0.0085249925
        1.8070245972        0.8558892133       -0.0066284279
        1.1263650221        0.6259124584       -0.0106501905
        0.8772332814        0.5089506032       -0.0092953420
        1.3296082491        0.7203968998       -0.0083886400
        2.0648626494        0.8958795026       -0.0061262146
        2.0035163574        0.8866959842       -0.0074888668
        1.4203654679        0.7487117098       -0.0092974971
        1.2321842920        0.6752664692       -0.0083819824
        1.5863788940        0.8016865942       -0.0085114319
        2.0648626494        0.8933484786       -0.0063030466
        1.9402313851        0.8790255108       -0.0050791210
        2.1823880713        0.9069391233       -0.0063443064
        2.0648626494        0.8933048556       -0.0062206435
        1.9402313851        0.8789506933       -0.0051161622
        2.1823880713        0.9068840788       -0.0063858076
        1.8748114202        0.8677215685       -0.0057022419
        1.7365937718        0.8481561593       -0.0033176026
        2.0035163574        0.8875346400       -0.0053421624
        2.0648626494        0.8933248409       -0.0060459597
        1.9402313851        0.8789768124       -0.0051262338
        2.1823880713        0.9070157292       -0.0065349281
