#epsqw diagonal term
#1:q+G [au], 2:Re(eps-1), 3:Im(eps-1)
        2.0648626494        1.0537817782       -0.0437518497
        1.9402313851        1.0680620540       -0.0553684614
        2.1823880713        1.0428970255       -0.0353700073
        1.8748114202        1.0781371748       -0.0599875155
        1.7365937718        1.1038165364       -0.0692003557
        2.0035163574        1.0579517966       -0.0528988903
        2.0648626494        1.0538105411       -0.0434991315
        1.9402313851        1.0684289229       -0.0544640246
        2.1823880713        1.0432332378       -0.0345958247
        2.0648626494        1.0541199641       -0.0435686112
        1.9402313851        1.0685915815       -0.0554065999
        2.1823880713        1.0430529366       -0.0355602312
        2.0035163574        1.0629158617       -0.0494913178
        1.4203654679        1.1780344461       -0.0937174243
        1.2321842920        1.2259936155       -0.1126244922
        1.5863788940        1.1349539370       -0.0775634865
        1.8070245972        1.0876323674       -0.0686525469
        1.1263650221        1.2640342010       -0.1349016232
        0.8772332814        1.3689047736       -0.1585901221
        1.3296082491        1.1984908259       -0.1155793520
        2.0648626494        1.0513159436       -0.0480474101
        2.0035163574        1.0629242973       -0.0496738390
        1.4203654679        1.1778212840       -0.0935918090
        1.2321842920        1.2244105751       -0.1110131723
        1.5863788940        1.1341548675       -0.0757330825
        2.0648626494        1.0541909916       -0.0434787133
        1.9402313851        1.0689072903       -0.0544811759
        2.1823880713        1.0434436322       -0.0345554767
        1.8748114202        1.0789921171       -0.0594517489
        1.7365937718        1.1047084589       -0.0694476627
        2.0035163574        1.0582861428       -0.0535899973
        1.8070245972        1.0879546057       -0.0679126205
        1.1263650221        1.2624761871       -0.1341423580
        0.8772332814        1.3711815674       -0.1594012370
        1.3296082491        1.2010350219       -0.1163408385
        2.0648626494        1.0512250320       -0.0486023303
        1.5863788940        1.1443287671       -0.0974664388
        0.7210813155        1.4012649265       -0.1791145496
        0.1442162631        1.4608094824       -0.2017062799
        1.0095138417        1.3160306037       -0.1709772237
        1.8748114202        1.0851768791       -0.0700969244
        1.8070245972        1.0879021729       -0.0687525730
        1.1263650221        1.2647478691       -0.1354546323
        0.8772332814        1.3700827678       -0.1588633883
        1.3296082491        1.1995529007       -0.1151008590
        2.0648626494        1.0516003730       -0.0479332988
        1.8748114202        1.0788432344       -0.0601105532
        1.7365937718        1.1046993022       -0.0692562864
        2.0035163574        1.0586519751       -0.0527356962
        2.0648626494        1.0543820878       -0.0427448514
        1.9402313851        1.0689094199       -0.0546849963
        2.1823880713        1.0431387188       -0.0353378630
        2.0035163574        1.0631103328       -0.0485774993
        1.4203654679        1.1765568415       -0.0921011767
        1.2321842920        1.2248158184       -0.1113440462
        1.5863788940        1.1351590034       -0.0770900845
        1.8070245972        1.0874095188       -0.0681865300
        1.1263650221        1.2611818562       -0.1344719896
        0.8772332814        1.3701458229       -0.1588074538
        1.3296082491        1.2005511903       -0.1160469829
        2.0648626494        1.0510990277       -0.0485138660
        2.0035163574        1.0628596855       -0.0496207694
        1.4203654679        1.1778863262       -0.0941816392
        1.2321842920        1.2260266264       -0.1124408280
        1.5863788940        1.1350737880       -0.0771779738
        2.0648626494        1.0540443149       -0.0438459674
        1.9402313851        1.0685750546       -0.0553541827
        2.1823880713        1.0432051700       -0.0352451340
        2.0648626494        1.0540972248       -0.0427450576
        1.9402313851        1.0683797823       -0.0546830019
        2.1823880713        1.0428881674       -0.0353788515
        1.8748114202        1.0781014256       -0.0595956626
        1.7365937718        1.1038303172       -0.0693100061
        2.0035163574        1.0578330988       -0.0534628581
        2.0648626494        1.0537233384       -0.0436741338
        1.9402313851        1.0681039607       -0.0553606954
        2.1823880713        1.0429004662       -0.0355108707
