#epsqw diagonal term
#1:q+G [au], 2:Re(eps-1), 3:Im(eps-1)
        2.0648626494        0.8974048149       -0.0026965059
        1.9402313851        0.8840170223       -0.0018027021
        2.1823880713        0.9111114865       -0.0023947636
        1.8748114202        0.8749389626       -0.0018505223
        1.7365937718        0.8549022751       -0.0007929762
        2.0035163574        0.8937446539       -0.0012468179
        2.0648626494        0.8975467067       -0.0025121082
        1.9402313851        0.8840094829       -0.0018239061
        2.1823880713        0.9110551126       -0.0024487143
        2.0648626494        0.8975958758       -0.0026258467
        1.9402313851        0.8839730131       -0.0018510630
        2.1823880713        0.9109588633       -0.0025110452
        2.0035163574        0.8892182754       -0.0026977146
        1.4203654679        0.7566007356       -0.0033317599
        1.2321842920        0.6871108286       -0.0027184544
        1.5863788940        0.8084926335       -0.0030350281
        1.8070245972        0.8614220564       -0.0017477565
        1.1263650221        0.6410685290       -0.0026142607
        0.8772332814        0.5318605592       -0.0021206236
        1.3296082491        0.7305721910       -0.0021612913
        2.0648626494        0.9017751761       -0.0014130586
        2.0035163574        0.8890383192       -0.0027193002
        1.4203654679        0.7566014159       -0.0032085048
        1.2321842920        0.6871797611       -0.0027194149
        1.5863788940        0.8084832822       -0.0030028429
        2.0648626494        0.8975583724       -0.0025677043
        1.9402313851        0.8840142092       -0.0018401672
        2.1823880713        0.9110732533       -0.0024412618
        1.8748114202        0.8750408397       -0.0018559434
        1.7365937718        0.8549360190       -0.0008061007
        2.0035163574        0.8938201134       -0.0012978073
        1.8070245972        0.8614554906       -0.0017336541
        1.1263650221        0.6412578037       -0.0026200184
        0.8772332814        0.5319024089       -0.0021393984
        1.3296082491        0.7305740764       -0.0021889809
        2.0648626494        0.9018023154       -0.0014436049
        1.5863788940        0.8238902311       -0.0008615250
        0.7210813155        0.4468034127       -0.0024519921
        0.1442162631        0.1655858346       -0.0045713431
        1.0095138417        0.6043862589       -0.0018146923
        1.8748114202        0.8816918432       -0.0006293937
        1.8070245972        0.8614095479       -0.0017795462
        1.1263650221        0.6411660200       -0.0026806016
        0.8772332814        0.5319053781       -0.0021262490
        1.3296082491        0.7306087818       -0.0022093845
        2.0648626494        0.9017926357       -0.0014579755
        1.8748114202        0.8750238609       -0.0019008046
        1.7365937718        0.8549480061       -0.0007984420
        2.0035163574        0.8938078069       -0.0012854719
        2.0648626494        0.8974901407       -0.0026759484
        1.9402313851        0.8840284302       -0.0018074427
        2.1823880713        0.9111079378       -0.0024212967
        2.0035163574        0.8892152846       -0.0025984707
        1.4203654679        0.7565268990       -0.0033801363
        1.2321842920        0.6872158421       -0.0026825089
        1.5863788940        0.8084823291       -0.0030167852
        1.8070245972        0.8614675024       -0.0017028974
        1.1263650221        0.6411694979       -0.0025545214
        0.8772332814        0.5318568076       -0.0021343499
        1.3296082491        0.7305402927       -0.0021423135
        2.0648626494        0.9017870435       -0.0013992884
        2.0035163574        0.8892158166       -0.0026948062
        1.4203654679        0.7565995710       -0.0033280237
        1.2321842920        0.6871175448       -0.0027199542
        1.5863788940        0.8084906362       -0.0030426066
        2.0648626494        0.8974260934       -0.0027288141
        1.9402313851        0.8840232995       -0.0018245919
        2.1823880713        0.9111177759       -0.0024211996
        2.0648626494        0.8974593312       -0.0026670254
        1.9402313851        0.8840285331       -0.0017811782
        2.1823880713        0.9111101194       -0.0023768191
        1.8748114202        0.8749605983       -0.0018057820
        1.7365937718        0.8548918910       -0.0008008924
        2.0035163574        0.8937583660       -0.0012589188
        2.0648626494        0.8975748357       -0.0025858505
        1.9402313851        0.8839689147       -0.0018310589
        2.1823880713        0.9109503393       -0.0024960672
