#epsqw diagonal term
#1:q+G [au], 2:Re(eps-1), 3:Im(eps-1)
        2.0648626494        0.9068755349       -0.0178360587
        1.9402313851        0.8827097129       -0.0178190758
        2.1823880713        0.9208367433       -0.0153244399
        1.8748114202        0.8703059653       -0.0203189052
        1.7365937718        0.8309755030       -0.0209882684
        2.0035163574        0.8901593280       -0.0173407970
        2.0648626494        0.9068536685       -0.0179012129
        1.9402313851        0.8828139998       -0.0177465226
        2.1823880713        0.9207893769       -0.0152603728
        2.0648626494        0.9068361161       -0.0179610221
        1.9402313851        0.8828113024       -0.0178702488
        2.1823880713        0.9207969584       -0.0152971276
        2.0035163574        0.8950303961       -0.0178926299
        1.4203654679        0.7544021109       -0.0717812182
        1.2321842920        0.6905336065       -0.0940447350
        1.5863788940        0.8078152789       -0.0404557661
        1.8070245972        0.8567752672       -0.0230522447
        1.1263650221        0.6529890085       -0.1225317929
        0.8772332814        0.5898025801       -0.1410761948
        1.3296082491        0.7228943210       -0.0703159954
        2.0648626494        0.9029357623       -0.0156733475
        2.0035163574        0.8949559947       -0.0177747232
        1.4203654679        0.7539538602       -0.0720898824
        1.2321842920        0.6910991003       -0.0935773690
        1.5863788940        0.8080796988       -0.0405297467
        2.0648626494        0.9068822071       -0.0179153571
        1.9402313851        0.8829115323       -0.0178716101
        2.1823880713        0.9207972928       -0.0152338073
        1.8748114202        0.8701670785       -0.0207063775
        1.7365937718        0.8308807382       -0.0206134885
        2.0035163574        0.8900638158       -0.0173292977
        1.8070245972        0.8566721040       -0.0230682238
        1.1263650221        0.6541282567       -0.1207464236
        0.8772332814        0.5896036069       -0.1360721288
        1.3296082491        0.7219764556       -0.0711985118
        2.0648626494        0.9028683232       -0.0157723463
        1.5863788940        0.8139646486       -0.0343764285
        0.7210813155        0.5135323553       -0.1759944889
        0.1442162631        0.4939948060       -0.5474859684
        1.0095138417        0.6187505399       -0.1221824682
        1.8748114202        0.8735811811       -0.0163827290
        1.8070245972        0.8566983156       -0.0226973722
        1.1263650221        0.6526979332       -0.1218880116
        0.8772332814        0.5900783685       -0.1373315691
        1.3296082491        0.7229647327       -0.0711305162
        2.0648626494        0.9029976148       -0.0157531590
        1.8748114202        0.8704097173       -0.0204151580
        1.7365937718        0.8310286022       -0.0209745711
        2.0035163574        0.8901630404       -0.0173680130
        2.0648626494        0.9067106215       -0.0179891345
        1.9402313851        0.8827757150       -0.0179537826
        2.1823880713        0.9208212899       -0.0152812334
        2.0035163574        0.8948688544       -0.0179303972
        1.4203654679        0.7541328749       -0.0718180288
        1.2321842920        0.6912505008       -0.0928047547
        1.5863788940        0.8085593384       -0.0398935734
        1.8070245972        0.8567881837       -0.0233370446
        1.1263650221        0.6544916768       -0.1211658547
        0.8772332814        0.5890404470       -0.1401308880
        1.3296082491        0.7219625259       -0.0705187027
        2.0648626494        0.9027783191       -0.0156506870
        2.0035163574        0.8950101275       -0.0178853365
        1.4203654679        0.7543758773       -0.0717352295
        1.2321842920        0.6905898755       -0.0941495552
        1.5863788940        0.8077535867       -0.0404689738
        2.0648626494        0.9069195190       -0.0178791126
        1.9402313851        0.8828156617       -0.0179614549
        2.1823880713        0.9208295015       -0.0152949818
        2.0648626494        0.9066814990       -0.0179682674
        1.9402313851        0.8826837603       -0.0178325195
        2.1823880713        0.9208673266       -0.0153107998
        1.8748114202        0.8701269672       -0.0206384243
        1.7365937718        0.8307891158       -0.0205924284
        2.0035163574        0.8900098912       -0.0173760853
        2.0648626494        0.9068180300       -0.0179605313
        1.9402313851        0.8827129469       -0.0177571656
        2.1823880713        0.9208077939       -0.0153294919
