#epsqw diagonal term
#1:q+G [au], 2:Re(eps-1), 3:Im(eps-1)
        2.0648626494        0.8975121670       -0.0040774732
        1.9402313851        0.8836867276       -0.0032527952
        2.1823880713        0.9111428017       -0.0037701828
        1.8748114202        0.8739980320       -0.0021243296
        1.7365937718        0.8534927209       -0.0009978462
        2.0035163574        0.8925454705       -0.0017878511
        2.0648626494        0.8975194452       -0.0040054635
        1.9402313851        0.8837330230       -0.0032226347
        2.1823880713        0.9111569206       -0.0038083806
        2.0648626494        0.8976531063       -0.0039937816
        1.9402313851        0.8837930350       -0.0033572813
        2.1823880713        0.9111824711       -0.0039381881
        2.0035163574        0.8885624675       -0.0044942459
        1.4203654679        0.7553425454       -0.0050418820
        1.2321842920        0.6851250033       -0.0040125307
        1.5863788940        0.8079221503       -0.0044343851
        1.8070245972        0.8600027581       -0.0029350457
        1.1263650221        0.6378929159       -0.0035961570
        0.8772332814        0.5268647229       -0.0028002309
        1.3296082491        0.7283126167       -0.0032760000
        2.0648626494        0.9004708541       -0.0023389617
        2.0035163574        0.8884438310       -0.0046539531
        1.4203654679        0.7552862762       -0.0050486506
        1.2321842920        0.6852488037       -0.0039139194
        1.5863788940        0.8078244489       -0.0044569327
        2.0648626494        0.8976800631       -0.0040271029
        1.9402313851        0.8838295554       -0.0032598758
        2.1823880713        0.9111549745       -0.0038198694
        1.8748114202        0.8740477101       -0.0020456401
        1.7365937718        0.8535241906       -0.0009967247
        2.0035163574        0.8926438608       -0.0017692361
        1.8070245972        0.8600689738       -0.0028878596
        1.1263650221        0.6380460854       -0.0034711636
        0.8772332814        0.5268985157       -0.0027980071
        1.3296082491        0.7283649143       -0.0032483546
        2.0648626494        0.9005383805       -0.0023045158
        1.5863788940        0.8223075869       -0.0010529707
        0.7210813155        0.4402982565       -0.0030700874
        0.1442162631        0.1517378825       -0.0060364150
        1.0095138417        0.6008766360       -0.0021806270
        1.8748114202        0.8804829596       -0.0007592314
        1.8070245972        0.8600907663       -0.0029625723
        1.1263650221        0.6380169500       -0.0035585239
        0.8772332814        0.5269077721       -0.0027917384
        1.3296082491        0.7284315287       -0.0032733891
        2.0648626494        0.9005564110       -0.0023358601
        1.8748114202        0.8740795216       -0.0020894600
        1.7365937718        0.8535327569       -0.0009939873
        2.0035163574        0.8926223429       -0.0017633226
        2.0648626494        0.8976090027       -0.0039650176
        1.9402313851        0.8838180483       -0.0032438017
        2.1823880713        0.9112768090       -0.0038190542
        2.0035163574        0.8884629280       -0.0044254053
        1.4203654679        0.7553254217       -0.0049568215
        1.2321842920        0.6852406873       -0.0039179884
        1.5863788940        0.8079295257       -0.0043944465
        1.8070245972        0.8599804436       -0.0028581422
        1.1263650221        0.6379335492       -0.0035066887
        0.8772332814        0.5268533890       -0.0028055676
        1.3296082491        0.7282484782       -0.0032498874
        2.0648626494        0.9004560008       -0.0023060667
        2.0035163574        0.8885591260       -0.0045073825
        1.4203654679        0.7553401828       -0.0050506364
        1.2321842920        0.6851333650       -0.0040050892
        1.5863788940        0.8079197305       -0.0044302707
        2.0648626494        0.8976101502       -0.0040933795
        1.9402313851        0.8837996710       -0.0032883173
        2.1823880713        0.9112073089       -0.0037887297
        2.0648626494        0.8975866956       -0.0039550261
        1.9402313851        0.8836913489       -0.0032064577
        2.1823880713        0.9111335243       -0.0037986869
        1.8748114202        0.8739702228       -0.0020803301
        1.7365937718        0.8534841728       -0.0010008772
        2.0035163574        0.8925679099       -0.0017933788
        2.0648626494        0.8975631996       -0.0039828841
        1.9402313851        0.8836765554       -0.0033195852
        2.1823880713        0.9111011444       -0.0039182249
