#epsqw diagonal term
#1:q+G [au], 2:Re(eps-1), 3:Im(eps-1)
        2.0648626494        0.8979689684       -0.0254344600
        1.9402313851        0.8698974967       -0.0249771283
        2.1823880713        0.9129056334       -0.0229060250
        1.8748114202        0.8564000341       -0.0288489934
        1.7365937718        0.8097908062       -0.0330365804
        2.0035163574        0.8785612129       -0.0261305425
        2.0648626494        0.8980643370       -0.0252612999
        1.9402313851        0.8697297453       -0.0250845708
        2.1823880713        0.9130783592       -0.0232074599
        2.0648626494        0.8981661498       -0.0253193143
        1.9402313851        0.8697140486       -0.0251483004
        2.1823880713        0.9133236162       -0.0229605143
        2.0035163574        0.8834768405       -0.0296362817
        1.4203654679        0.7485501895       -0.0736224479
        1.2321842920        0.6666201640       -0.0931043551
        1.5863788940        0.7949702627       -0.0518056464
        1.8070245972        0.8389014702       -0.0318713567
        1.1263650221        0.6294988350       -0.1168486766
        0.8772332814        0.5618573694       -0.1327147695
        1.3296082491        0.7012021354       -0.0762183938
        2.0648626494        0.8926451620       -0.0217989269
        2.0035163574        0.8834381487       -0.0295220797
        1.4203654679        0.7492287230       -0.0739300972
        1.2321842920        0.6667590709       -0.0935173590
        1.5863788940        0.7952204094       -0.0519627656
        2.0648626494        0.8981866182       -0.0253765413
        1.9402313851        0.8697898329       -0.0250238221
        2.1823880713        0.9131195872       -0.0230515393
        1.8748114202        0.8563254030       -0.0287794817
        1.7365937718        0.8097929366       -0.0331047555
        2.0035163574        0.8787442334       -0.0260753722
        1.8070245972        0.8387996982       -0.0317658930
        1.1263650221        0.6282862690       -0.1170334832
        0.8772332814        0.5618624675       -0.1341942673
        1.3296082491        0.7013865858       -0.0755993985
        2.0648626494        0.8925094217       -0.0215483035
        1.5863788940        0.7988013854       -0.0395159977
        0.7210813155        0.5032845315       -0.1669341785
        0.1442162631        0.4867976191       -0.3828908963
        1.0095138417        0.6087697249       -0.1012176265
        1.8748114202        0.8605619612       -0.0290876362
        1.8070245972        0.8388169858       -0.0319520962
        1.1263650221        0.6292383986       -0.1173759078
        0.8772332814        0.5624613214       -0.1337588865
        1.3296082491        0.7014245303       -0.0763124179
        2.0648626494        0.8925395223       -0.0216596553
        1.8748114202        0.8564876847       -0.0289439490
        1.7365937718        0.8098866711       -0.0328997360
        2.0035163574        0.8785951479       -0.0260925601
        2.0648626494        0.8983184617       -0.0253811967
        1.9402313851        0.8698561717       -0.0249922345
        2.1823880713        0.9133062430       -0.0228771739
        2.0035163574        0.8836678284       -0.0294342884
        1.4203654679        0.7483834882       -0.0727744088
        1.2321842920        0.6672051179       -0.0934286059
        1.5863788940        0.7951249778       -0.0517619640
        1.8070245972        0.8389107322       -0.0317136431
        1.1263650221        0.6284718415       -0.1166394103
        0.8772332814        0.5614018847       -0.1333487492
        1.3296082491        0.7010584921       -0.0757936050
        2.0648626494        0.8926320172       -0.0216409473
        2.0035163574        0.8834765795       -0.0296423262
        1.4203654679        0.7484207880       -0.0733999284
        1.2321842920        0.6664730976       -0.0929642738
        1.5863788940        0.7951665627       -0.0519029705
        2.0648626494        0.8979867328       -0.0254175053
        1.9402313851        0.8698878304       -0.0249736683
        2.1823880713        0.9129284638       -0.0229859307
        2.0648626494        0.8983310273       -0.0254120771
        1.9402313851        0.8698047550       -0.0250274408
        2.1823880713        0.9132440128       -0.0227436074
        1.8748114202        0.8562569809       -0.0287191707
        1.7365937718        0.8096940112       -0.0331749033
        2.0035163574        0.8787170430       -0.0260419794
        2.0648626494        0.8981015721       -0.0252571978
        1.9402313851        0.8696605667       -0.0252075185
        2.1823880713        0.9132904747       -0.0229757420
