#epsqw diagonal term
#1:q+G [au], 2:Re(eps-1), 3:Im(eps-1)
        2.0648626494        0.8954876849       -0.0047070240
        1.9402313851        0.8812232490       -0.0036361135
        2.1823880713        0.9089258503       -0.0047203229
        1.8748114202        0.8706342048       -0.0031302043
        1.7365937718        0.8505673975       -0.0016436370
        2.0035163574        0.8897325159       -0.0030869328
        2.0648626494        0.8955181149       -0.0045025482
        1.9402313851        0.8811676394       -0.0035737653
        2.1823880713        0.9088948519       -0.0047732866
        2.0648626494        0.8955012981       -0.0044097408
        1.9402313851        0.8811618772       -0.0035962696
        2.1823880713        0.9088434846       -0.0048854385
        2.0035163574        0.8879678844       -0.0070459251
        1.4203654679        0.7520974599       -0.0069571286
        1.2321842920        0.6795618895       -0.0058277306
        1.5863788940        0.8044698948       -0.0063065819
        1.8070245972        0.8581422645       -0.0052352596
        1.1263650221        0.6312447828       -0.0062882467
        0.8772332814        0.5172338943       -0.0047616702
        1.3296082491        0.7241128532       -0.0052852917
        2.0648626494        0.8981712475       -0.0042664598
        2.0035163574        0.8878089100       -0.0071264742
        1.4203654679        0.7520425378       -0.0069257450
        1.2321842920        0.6796193224       -0.0057247646
        1.5863788940        0.8043572005       -0.0063578077
        2.0648626494        0.8954930160       -0.0044610146
        1.9402313851        0.8811669855       -0.0035479241
        2.1823880713        0.9088868089       -0.0047588389
        1.8748114202        0.8706103881       -0.0031000182
        1.7365937718        0.8505891320       -0.0016581349
        2.0035163574        0.8897510613       -0.0030658612
        1.8070245972        0.8582376852       -0.0051453652
        1.1263650221        0.6313021352       -0.0061689192
        0.8772332814        0.5171623494       -0.0048272572
        1.3296082491        0.7240567668       -0.0052240349
        2.0648626494        0.8982130632       -0.0041968623
        1.5863788940        0.8193291192       -0.0017595479
        0.7210813155        0.4276577069       -0.0052250182
        0.1442162631        0.1231163629       -0.0131148267
        1.0095138417        0.5944633009       -0.0034200720
        1.8748114202        0.8779763848       -0.0012421395
        1.8070245972        0.8581455204       -0.0052246610
        1.1263650221        0.6312577808       -0.0062475473
        0.8772332814        0.5172524716       -0.0047403412
        1.3296082491        0.7241076435       -0.0052720256
        2.0648626494        0.8981556603       -0.0042359556
        1.8748114202        0.8706373729       -0.0031131145
        1.7365937718        0.8506055752       -0.0016604273
        2.0035163574        0.8897257596       -0.0030773464
        2.0648626494        0.8954274693       -0.0045571605
        1.9402313851        0.8811673449       -0.0036081725
        2.1823880713        0.9088801236       -0.0046772036
        2.0035163574        0.8878199399       -0.0071248629
        1.4203654679        0.7518398468       -0.0070621527
        1.2321842920        0.6796211812       -0.0058172287
        1.5863788940        0.8043403029       -0.0062427806
        1.8070245972        0.8582264484       -0.0051564739
        1.1263650221        0.6313111841       -0.0062080229
        0.8772332814        0.5171346473       -0.0048531997
        1.3296082491        0.7240640282       -0.0052380253
        2.0648626494        0.8982326013       -0.0042202641
        2.0035163574        0.8879858398       -0.0070356953
        1.4203654679        0.7521161914       -0.0069339709
        1.2321842920        0.6795611336       -0.0058174030
        1.5863788940        0.8044710292       -0.0063308982
        2.0648626494        0.8954724312       -0.0046557148
        1.9402313851        0.8812272358       -0.0036110036
        2.1823880713        0.9089183828       -0.0047345100
        2.0648626494        0.8954397230       -0.0045811255
        1.9402313851        0.8811713856       -0.0036486720
        2.1823880713        0.9088970999       -0.0047065208
        1.8748114202        0.8706141456       -0.0031195212
        1.7365937718        0.8505482691       -0.0016552639
        2.0035163574        0.8897569228       -0.0030765128
        2.0648626494        0.8955184169       -0.0044152022
        1.9402313851        0.8811658435       -0.0036392589
        2.1823880713        0.9088585023       -0.0049383027
