#epsqw diagonal term
#1:q+G [au], 2:Re(eps-1), 3:Im(eps-1)
        2.0648626494        0.8972448247       -0.0035681748
        1.9402313851        0.8834841698       -0.0025957208
        2.1823880713        0.9109016495       -0.0033616876
        1.8748114202        0.8746574484       -0.0020997058
        1.7365937718        0.8542928920       -0.0008703581
        2.0035163574        0.8932364515       -0.0015686252
        2.0648626494        0.8972704598       -0.0034060564
        1.9402313851        0.8835195585       -0.0026122677
        2.1823880713        0.9108954424       -0.0034204436
        2.0648626494        0.8974050767       -0.0034741963
        1.9402313851        0.8834766488       -0.0027003162
        2.1823880713        0.9108069166       -0.0035381827
        2.0035163574        0.8888587214       -0.0036991977
        1.4203654679        0.7559471051       -0.0042998708
        1.2321842920        0.6860525606       -0.0035225789
        1.5863788940        0.8081110394       -0.0041307198
        1.8070245972        0.8607675314       -0.0023541116
        1.1263650221        0.6397158420       -0.0031820599
        0.8772332814        0.5296659955       -0.0023718779
        1.3296082491        0.7295522319       -0.0027429662
        2.0648626494        0.9011855928       -0.0019027244
        2.0035163574        0.8886801177       -0.0037746242
        1.4203654679        0.7558466161       -0.0042214925
        1.2321842920        0.6861839292       -0.0035146392
        1.5863788940        0.8080581806       -0.0040818700
        2.0648626494        0.8973258406       -0.0034936237
        1.9402313851        0.8835449824       -0.0026672566
        2.1823880713        0.9109003106       -0.0034117961
        1.8748114202        0.8747435851       -0.0020455126
        1.7365937718        0.8543296159       -0.0008769974
        2.0035163574        0.8933241006       -0.0015881880
        1.8070245972        0.8608083468       -0.0023363037
        1.1263650221        0.6399015282       -0.0031158428
        0.8772332814        0.5297100102       -0.0023812855
        1.3296082491        0.7295703150       -0.0027670189
        2.0648626494        0.9012274196       -0.0019190497
        1.5863788940        0.8232033680       -0.0009516177
        0.7210813155        0.4440060510       -0.0027103797
        0.1442162631        0.1597987925       -0.0052654644
        1.0095138417        0.6028733609       -0.0019952138
        1.8748114202        0.8811730000       -0.0006957624
        1.8070245972        0.8607778403       -0.0024142124
        1.1263650221        0.6398279075       -0.0032009945
        0.8772332814        0.5297119577       -0.0023702638
        1.3296082491        0.7296105813       -0.0027910461
        2.0648626494        0.9012211297       -0.0019425868
        1.8748114202        0.8747478574       -0.0021042980
        1.7365937718        0.8543381854       -0.0008699361
        2.0035163574        0.8933054485       -0.0015788404
        2.0648626494        0.8973831417       -0.0035180526
        1.9402313851        0.8835149374       -0.0026412924
        2.1823880713        0.9109168259       -0.0034248074
        2.0035163574        0.8887991469       -0.0035885198
        1.4203654679        0.7559626038       -0.0043184449
        1.2321842920        0.6861402517       -0.0034760695
        1.5863788940        0.8081082293       -0.0041009209
        1.8070245972        0.8607998601       -0.0022753745
        1.1263650221        0.6398026090       -0.0030959998
        0.8772332814        0.5296638054       -0.0023836227
        1.3296082491        0.7295170930       -0.0027185653
        2.0648626494        0.9011959560       -0.0018785755
        2.0035163574        0.8888477415       -0.0036949688
        1.4203654679        0.7559384255       -0.0042914159
        1.2321842920        0.6860644450       -0.0035215549
        1.5863788940        0.8081234683       -0.0041396423
        2.0648626494        0.8972807485       -0.0036077354
        1.9402313851        0.8835175555       -0.0026595733
        2.1823880713        0.9109328941       -0.0034101694
        2.0648626494        0.8973601996       -0.0035158414
        1.9402313851        0.8834832893       -0.0025691557
        2.1823880713        0.9108741246       -0.0033423116
        1.8748114202        0.8746579322       -0.0020406407
        1.7365937718        0.8542857134       -0.0008778520
        2.0035163574        0.8932557795       -0.0015777420
        2.0648626494        0.8973537615       -0.0034204376
        1.9402313851        0.8834486846       -0.0026372418
        2.1823880713        0.9107914476       -0.0035067888
