#epsqw diagonal term
#1:q+G [au], 2:Re(eps-1), 3:Im(eps-1)
        2.0648626494        0.9000866102       -0.0006709309
        1.9402313851        0.8864621849       -0.0006349929
        2.1823880713        0.9137614131       -0.0006168569
        1.8748114202        0.8770102359       -0.0006526313
        1.7365937718        0.8564714289       -0.0006047846
        2.0035163574        0.8956788780       -0.0005725188
        2.0648626494        0.9001884512       -0.0006639414
        1.9402313851        0.8864580843       -0.0006346354
        2.1823880713        0.9137297408       -0.0006191622
        2.0648626494        0.9001967237       -0.0006666541
        1.9402313851        0.8864593653       -0.0006370623
        2.1823880713        0.9136772473       -0.0006230046
        2.0035163574        0.8922350495       -0.0007100703
        1.4203654679        0.7605477223       -0.0011246470
        1.2321842920        0.6913329648       -0.0012562878
        1.5863788940        0.8120811209       -0.0009595136
        1.8070245972        0.8639751166       -0.0007092045
        1.1263650221        0.6456651559       -0.0013947380
        0.8772332814        0.5374039064       -0.0016894924
        1.3296082491        0.7340794140       -0.0011006313
        2.0648626494        0.9039644908       -0.0005737406
        2.0035163574        0.8921411464       -0.0007136554
        1.4203654679        0.7605536575       -0.0011221446
        1.2321842920        0.6913933643       -0.0012539495
        1.5863788940        0.8120676261       -0.0009605693
        2.0648626494        0.9001913926       -0.0006660561
        1.9402313851        0.8864807187       -0.0006351187
        2.1823880713        0.9137384770       -0.0006193535
        1.8748114202        0.8770337859       -0.0006534823
        1.7365937718        0.8564994556       -0.0006056169
        2.0035163574        0.8957024161       -0.0005748734
        1.8070245972        0.8639961815       -0.0007074934
        1.1263650221        0.6457427574       -0.0013944696
        0.8772332814        0.5374372342       -0.0016905123
        1.3296082491        0.7340631796       -0.0011023441
        2.0648626494        0.9039536252       -0.0005751687
        1.5863788940        0.8256948709       -0.0007085100
        0.7210813155        0.4539066994       -0.0019637113
        0.1442162631        0.1811055435       -0.0028413256
        1.0095138417        0.6085826823       -0.0014460317
        1.8748114202        0.8830464388       -0.0005171626
        1.8070245972        0.8639774736       -0.0007100752
        1.1263650221        0.6456759074       -0.0013979684
        0.8772332814        0.5374385694       -0.0016899549
        1.3296082491        0.7340949956       -0.0011023432
        2.0648626494        0.9039531922       -0.0005754848
        1.8748114202        0.8770223935       -0.0006553885
        1.7365937718        0.8565095389       -0.0006050949
        2.0035163574        0.8956929856       -0.0005744613
        2.0648626494        0.9001510503       -0.0006683298
        1.9402313851        0.8864834805       -0.0006348047
        2.1823880713        0.9137704028       -0.0006181218
        2.0035163574        0.8922302656       -0.0007081853
        1.4203654679        0.7605095359       -0.0011261192
        1.2321842920        0.6913985876       -0.0012538016
        1.5863788940        0.8120696455       -0.0009589911
        1.8070245972        0.8639940257       -0.0007066240
        1.1263650221        0.6457403052       -0.0013910803
        0.8772332814        0.5374025740       -0.0016901779
        1.3296082491        0.7340517462       -0.0011005876
        2.0648626494        0.9039670062       -0.0005733530
        2.0035163574        0.8922364466       -0.0007098440
        1.4203654679        0.7605510244       -0.0011242210
        1.2321842920        0.6913386023       -0.0012562519
        1.5863788940        0.8120798078       -0.0009598412
        2.0648626494        0.9000935954       -0.0006721152
        1.9402313851        0.8864866878       -0.0006356187
        2.1823880713        0.9137662185       -0.0006181648
        2.0648626494        0.9001450617       -0.0006673421
        1.9402313851        0.8864635692       -0.0006341280
        2.1823880713        0.9137659643       -0.0006166906
        1.8748114202        0.8770266084       -0.0006507040
        1.7365937718        0.8564635330       -0.0006053553
        2.0035163574        0.8956890675       -0.0005729334
        2.0648626494        0.9001935187       -0.0006647874
        1.9402313851        0.8864372414       -0.0006365726
        2.1823880713        0.9136690466       -0.0006225941
