#epsqw diagonal term
#1:q+G [au], 2:Re(eps-1), 3:Im(eps-1)
        2.0648626494        0.9010807950       -0.0005732956
        1.9402313851        0.8872975620       -0.0005648779
        2.1823880713        0.9147015329       -0.0005250542
        1.8748114202        0.8778371613       -0.0005841225
        1.7365937718        0.8570693271       -0.0005719089
        2.0035163574        0.8963913641       -0.0005190056
        2.0648626494        0.9011625794       -0.0005698897
        1.9402313851        0.8872925333       -0.0005646474
        2.1823880713        0.9146765651       -0.0005261595
        2.0648626494        0.9011786955       -0.0005704229
        1.9402313851        0.8873009464       -0.0005658280
        2.1823880713        0.9146348390       -0.0005281726
        2.0035163574        0.8932999740       -0.0006051597
        1.4203654679        0.7620256454       -0.0010003710
        1.2321842920        0.6928686433       -0.0011522904
        1.5863788940        0.8133758638       -0.0008464373
        1.8070245972        0.8648780047       -0.0006357740
        1.1263650221        0.6473808701       -0.0012875525
        0.8772332814        0.5395223650       -0.0015883052
        1.3296082491        0.7353847313       -0.0010131128
        2.0648626494        0.9047401085       -0.0005095505
        2.0035163574        0.8932157475       -0.0006076625
        1.4203654679        0.7620235927       -0.0009997074
        1.2321842920        0.6929221455       -0.0011509462
        1.5863788940        0.8133647659       -0.0008472608
        2.0648626494        0.9011715383       -0.0005703699
        1.9402313851        0.8873167937       -0.0005647649
        2.1823880713        0.9146857545       -0.0005261926
        1.8748114202        0.8778626637       -0.0005838807
        1.7365937718        0.8570998505       -0.0005722533
        2.0035163574        0.8964212871       -0.0005195423
        1.8070245972        0.8648940660       -0.0006349037
        1.1263650221        0.6474571571       -0.0012862280
        0.8772332814        0.5395588123       -0.0015885961
        1.3296082491        0.7353731487       -0.0010138775
        2.0648626494        0.9047325927       -0.0005099552
        1.5863788940        0.8263864630       -0.0006745166
        0.7210813155        0.4566228529       -0.0018339690
        0.1442162631        0.1869613816       -0.0025329956
        1.0095138417        0.6102153185       -0.0013737969
        1.8748114202        0.8835587636       -0.0004908519
        1.8070245972        0.8648830849       -0.0006361295
        1.1263650221        0.6474001540       -0.0012881280
        0.8772332814        0.5395581285       -0.0015885111
        1.3296082491        0.7354052518       -0.0010135414
        2.0648626494        0.9047336020       -0.0005099629
        1.8748114202        0.8778567293       -0.0005846887
        1.7365937718        0.8571084818       -0.0005719481
        2.0035163574        0.8964107664       -0.0005194052
        2.0648626494        0.9011380362       -0.0005716846
        1.9402313851        0.8873185407       -0.0005646130
        2.1823880713        0.9147142445       -0.0005253691
        2.0035163574        0.8932889705       -0.0006048367
        1.4203654679        0.7619917090       -0.0010015041
        1.2321842920        0.6929269123       -0.0011507083
        1.5863788940        0.8133622071       -0.0008463897
        1.8070245972        0.8648892052       -0.0006345634
        1.1263650221        0.6474455783       -0.0012855815
        0.8772332814        0.5395234330       -0.0015884709
        1.3296082491        0.7353567476       -0.0010134249
        2.0648626494        0.9047409920       -0.0005095056
        2.0035163574        0.8933007790       -0.0006050989
        1.4203654679        0.7620277827       -0.0010002608
        1.2321842920        0.6928741981       -0.0011522649
        1.5863788940        0.8133755116       -0.0008465323
        2.0648626494        0.9010910900       -0.0005735611
        1.9402313851        0.8873241226       -0.0005650141
        2.1823880713        0.9147101639       -0.0005253895
        2.0648626494        0.9011294157       -0.0005714839
        1.9402313851        0.8872964449       -0.0005644621
        2.1823880713        0.9147056261       -0.0005250424
        1.8748114202        0.8778480490       -0.0005833073
        1.7365937718        0.8570630441       -0.0005722347
        2.0035163574        0.8964026408       -0.0005191395
        2.0648626494        0.9011701975       -0.0005700049
        1.9402313851        0.8872771899       -0.0005657373
        2.1823880713        0.9146254860       -0.0005281040
