#epsqw diagonal term
#1:q+G [au], 2:Re(eps-1), 3:Im(eps-1)
        2.0648626494        0.8967430438       -0.0039910777
        1.9402313851        0.8828752866       -0.0029700688
        2.1823880713        0.9102223330       -0.0037716676
        1.8748114202        0.8726379808       -0.0023218849
        1.7365937718        0.8523468055       -0.0011547990
        2.0035163574        0.8913658804       -0.0021608714
        2.0648626494        0.8968646449       -0.0039082479
        1.9402313851        0.8828939621       -0.0028907912
        2.1823880713        0.9102007653       -0.0037567863
        2.0648626494        0.8969754341       -0.0037964398
        1.9402313851        0.8829896749       -0.0028807471
        2.1823880713        0.9102082788       -0.0037841842
        2.0035163574        0.8878066517       -0.0055727603
        1.4203654679        0.7539038602       -0.0056625215
        1.2321842920        0.6827731355       -0.0042512115
        1.5863788940        0.8062409282       -0.0047592689
        1.8070245972        0.8588369565       -0.0038862811
        1.1263650221        0.6349018599       -0.0044178283
        0.8772332814        0.5229703522       -0.0033321660
        1.3296082491        0.7264806505       -0.0040059277
        2.0648626494        0.8993106030       -0.0030498481
        2.0035163574        0.8877555976       -0.0056626933
        1.4203654679        0.7538708484       -0.0056569711
        1.2321842920        0.6828338450       -0.0041504000
        1.5863788940        0.8061751341       -0.0047712411
        2.0648626494        0.8969266832       -0.0037900940
        1.9402313851        0.8829614929       -0.0028232731
        2.1823880713        0.9102282245       -0.0037391540
        1.8748114202        0.8726274455       -0.0022450134
        1.7365937718        0.8523643861       -0.0011570051
        2.0035163574        0.8914146581       -0.0021167963
        1.8070245972        0.8588490146       -0.0038252802
        1.1263650221        0.6349666556       -0.0042972664
        0.8772332814        0.5229683953       -0.0033339993
        1.3296082491        0.7264517299       -0.0039423408
        2.0648626494        0.8993132146       -0.0029951919
        1.5863788940        0.8210395162       -0.0012371025
        0.7210813155        0.4351306098       -0.0037172835
        0.1442162631        0.1399551317       -0.0078005216
        1.0095138417        0.5981239298       -0.0025127150
        1.8748114202        0.8794742849       -0.0008736016
        1.8070245972        0.8588668643       -0.0038458170
        1.1263650221        0.6349494113       -0.0043398033
        0.8772332814        0.5230108596       -0.0033183778
        1.3296082491        0.7265121604       -0.0039409216
        2.0648626494        0.8993323450       -0.0029903568
        1.8748114202        0.8726649478       -0.0022708971
        1.7365937718        0.8523775680       -0.0011564612
        2.0035163574        0.8913883084       -0.0021127570
        2.0648626494        0.8967904193       -0.0038270671
        1.9402313851        0.8828871935       -0.0028424175
        2.1823880713        0.9102817516       -0.0036607229
        2.0035163574        0.8876371316       -0.0054913416
        1.4203654679        0.7536869211       -0.0055700097
        1.2321842920        0.6827584391       -0.0041621850
        1.5863788940        0.8061979719       -0.0046503483
        1.8070245972        0.8588148292       -0.0038626353
        1.1263650221        0.6349324367       -0.0043746377
        0.8772332814        0.5229221778       -0.0033476571
        1.3296082491        0.7264209540       -0.0040083907
        2.0648626494        0.8992956273       -0.0030529590
        2.0035163574        0.8878187127       -0.0055837822
        1.4203654679        0.7539174604       -0.0056687903
        1.2321842920        0.6827758365       -0.0042444317
        1.5863788940        0.8062329871       -0.0047692721
        2.0648626494        0.8967962510       -0.0039069925
        1.9402313851        0.8829446674       -0.0028977944
        2.1823880713        0.9102547956       -0.0037310954
        2.0648626494        0.8967514729       -0.0038596741
        1.9402313851        0.8828148256       -0.0029301302
        2.1823880713        0.9102342036       -0.0037628496
        1.8748114202        0.8726037769       -0.0022970489
        1.7365937718        0.8523300188       -0.0011580839
        2.0035163574        0.8913926762       -0.0021645605
        2.0648626494        0.8969325162       -0.0038641612
        1.9402313851        0.8829138188       -0.0029646832
        2.1823880713        0.9101589517       -0.0038618863
