#epsqw diagonal term
#1:q+G [au], 2:Re(eps-1), 3:Im(eps-1)
        2.0648626494        1.0237356567       -0.0024328213
        1.9402313851        1.0271311174       -0.0022090371
        2.1823880713        1.0207122764       -0.0025657879
        1.8748114202        1.0290533222       -0.0019805903
        1.7365937718        1.0335335935       -0.0014182578
        2.0035163574        1.0253738071       -0.0023584470
        2.0648626494        1.0237030784       -0.0024032744
        1.9402313851        1.0270865844       -0.0021749814
        2.1823880713        1.0206977882       -0.0024848932
        2.0648626494        1.0236777973       -0.0024686629
        1.9402313851        1.0270872358       -0.0022337373
        2.1823880713        1.0206904877       -0.0026531569
        2.0035163574        1.0254569579       -0.0023901433
        1.4203654679        1.0476630041       -0.0015709630
        1.2321842920        1.0572793475       -0.0016918169
        1.5863788940        1.0404151441       -0.0018009437
        1.8070245972        1.0314265367       -0.0020467781
        1.1263650221        1.0632572945       -0.0017199644
        0.8772332814        1.0775803361       -0.0016322522
        1.3296082491        1.0524303997       -0.0017609445
        2.0648626494        1.0234021169       -0.0022718934
        2.0035163574        1.0254614115       -0.0023903410
        1.4203654679        1.0476624299       -0.0015702767
        1.2321842920        1.0572796271       -0.0016872361
        1.5863788940        1.0403961557       -0.0017754088
        2.0648626494        1.0236616998       -0.0024552610
        1.9402313851        1.0270564764       -0.0021977164
        2.1823880713        1.0206730444       -0.0025560438
        1.8748114202        1.0289934201       -0.0020339396
        1.7365937718        1.0335152284       -0.0014475850
        2.0035163574        1.0253901942       -0.0025012423
        1.8070245972        1.0314058701       -0.0020966882
        1.1263650221        1.0632720911       -0.0017062666
        0.8772332814        1.0775114383       -0.0017217061
        1.3296082491        1.0524547195       -0.0017738719
        2.0648626494        1.0234503965       -0.0023696448
        1.5863788940        1.0398584211       -0.0012342434
        0.7210813155        1.0850344125       -0.0020778071
        0.1442162631        1.0959222962       -0.0030691778
        1.0095138417        1.0707709668       -0.0015205091
        1.8748114202        1.0286415061       -0.0015042508
        1.8070245972        1.0314446573       -0.0021076454
        1.1263650221        1.0632644876       -0.0017096488
        0.8772332814        1.0775233439       -0.0017140147
        1.3296082491        1.0524371063       -0.0017784508
        2.0648626494        1.0234148732       -0.0023428632
        1.8748114202        1.0290202676       -0.0020473614
        1.7365937718        1.0335108206       -0.0014452896
        2.0035163574        1.0253489092       -0.0024751387
        2.0648626494        1.0236555535       -0.0023939748
        1.9402313851        1.0270566040       -0.0022115758
        2.1823880713        1.0206833330       -0.0026405818
        2.0035163574        1.0254335006       -0.0023152964
        1.4203654679        1.0476515155       -0.0015583611
        1.2321842920        1.0572817854       -0.0016910703
        1.5863788940        1.0404156802       -0.0018013368
        1.8070245972        1.0313953655       -0.0020265435
        1.1263650221        1.0632690223       -0.0017097732
        0.8772332814        1.0775675960       -0.0016424008
        1.3296082491        1.0524341551       -0.0017629463
        2.0648626494        1.0234371460       -0.0023100887
        2.0035163574        1.0254488897       -0.0023801682
        1.4203654679        1.0476631774       -0.0015696752
        1.2321842920        1.0572775688       -0.0016918049
        1.5863788940        1.0404160878       -0.0018046396
        2.0648626494        1.0236765818       -0.0024703913
        1.9402313851        1.0270878547       -0.0022335127
        2.1823880713        1.0206873983       -0.0026498178
        2.0648626494        1.0236806517       -0.0023441730
        1.9402313851        1.0270918378       -0.0021871316
        2.1823880713        1.0207197956       -0.0025706502
        1.8748114202        1.0290165014       -0.0019580421
        1.7365937718        1.0335398483       -0.0014218958
        2.0035163574        1.0254230340       -0.0023997591
        2.0648626494        1.0237109127       -0.0024080882
        1.9402313851        1.0271348788       -0.0022143455
        2.1823880713        1.0207483452       -0.0026002223
