#epsqw diagonal term
#1:q+G [au], 2:Re(eps-1), 3:Im(eps-1)
        2.1871479201        1.0206493008       -0.0027256421
        2.1871479201        1.0206358510       -0.0027148021
        2.1293276070        1.0220369462       -0.0026007244
        1.7425717371        1.0337858441       -0.0018393779
        1.7425717371        1.0337748587       -0.0018308616
        2.1293276070        1.0219887070       -0.0025637915
        2.0698927729        1.0235938791       -0.0025617713
        1.6694239403        1.0363817689       -0.0015987477
        1.6694239403        1.0363601104       -0.0015887904
        2.0698927729        1.0235444832       -0.0024981392
        2.0087001082        1.0252594039       -0.0024513175
        2.0087001082        1.0252510098       -0.0024095426
        2.0698927729        1.0236162668       -0.0025833920
        1.6694239403        1.0366418624       -0.0018548720
        1.6694239403        1.0366436392       -0.0018537713
        2.0698927729        1.0236331324       -0.0025847625
        1.5929206904        1.0397201038       -0.0017422410
        1.0197629759        1.0686327248       -0.0015379958
        1.0197629759        1.0686354718       -0.0015349233
        1.5929206904        1.0397156474       -0.0017405386
        1.5125529278        1.0432320012       -0.0016904587
        0.8890087517        1.0759780223       -0.0017186365
        0.8890087517        1.0760048765       -0.0016841689
        1.5125529278        1.0432143261       -0.0016803854
        1.8803500184        1.0292343973       -0.0022620715
        1.4276681663        1.0471309351       -0.0016154887
        1.4276681663        1.0471257070       -0.0016035264
        1.8803500184        1.0292031157       -0.0022040124
        2.1871479201        1.0201314733       -0.0023197584
        2.1871479201        1.0201309259       -0.0022796705
        1.9455837577        1.0271289372       -0.0025024000
        1.5125529278        1.0429680944       -0.0014404956
        1.5125529278        1.0429802695       -0.0014433487
        1.9455837577        1.0271828266       -0.0025323375
        1.4276681663        1.0470310069       -0.0015336250
        0.7353615397        1.0835510282       -0.0019891928
        0.7353615397        1.0834928182       -0.0020418915
        1.4276681663        1.0470480601       -0.0015330035
        2.1871479201        1.0197586251       -0.0019074856
        1.3374066048        1.0514679827       -0.0012808103
        0.5396078461        1.0906627524       -0.0024298683
        0.5396078461        1.0907118917       -0.0024116760
        1.3374066048        1.0514647433       -0.0012817042
        2.1871479201        1.0197561674       -0.0019034483
        1.7425717371        1.0341307898       -0.0022337586
        1.2405952039        1.0565195314       -0.0014008986
        1.2405952039        1.0565179940       -0.0014034183
        1.7425717371        1.0340858709       -0.0022309665
        2.0698927729        1.0228501817       -0.0019219174
        2.0698927729        1.0228400817       -0.0019108390
        2.1871479201        1.0205292192       -0.0024996541
        1.8127703179        1.0314047424       -0.0021175679
        1.8127703179        1.0314095197       -0.0021503011
        2.1871479201        1.0205428848       -0.0026001606
        1.7425717371        1.0338597794       -0.0019469655
        1.2405952039        1.0563447843       -0.0014652965
        1.2405952039        1.0563482636       -0.0014712362
        1.7425717371        1.0338858105       -0.0019869917
        1.6694239403        1.0367966480       -0.0019840805
        1.1355599912        1.0620212583       -0.0014584669
        1.1355599912        1.0620107977       -0.0014616756
        1.6694239403        1.0368204335       -0.0019905350
        2.0087001082        1.0251010510       -0.0023218044
        1.5929206904        1.0397848050       -0.0018228736
        1.5929206904        1.0397867477       -0.0018243876
        2.0087001082        1.0251080547       -0.0023309203
        2.0087001082        1.0246763484       -0.0019482385
        2.0087001082        1.0246973048       -0.0019778401
        1.9455837577        1.0263921620       -0.0017421351
        1.9455837577        1.0264128519       -0.0017567713
