#epsqw diagonal term
#1:q+G [au], 2:Re(eps-1), 3:Im(eps-1)
        2.1871479201        0.9279329106       -0.0244404540
        2.1871479201        0.9278237435       -0.0245151377
        2.1293276070        0.9226992380       -0.0256754975
        1.7425717371        0.8535152021       -0.0303642280
        1.7425717371        0.8531954771       -0.0305314981
        2.1293276070        0.9227384717       -0.0260963943
        2.0698927729        0.9122338204       -0.0256335247
        1.6694239403        0.8337138272       -0.0316405193
        1.6694239403        0.8338366340       -0.0316235995
        2.0698927729        0.9120885672       -0.0256248703
        2.0087001082        0.9035738413       -0.0275693161
        2.0087001082        0.9035988464       -0.0275843387
        2.0698927729        0.9183987378       -0.0245611878
        1.6694239403        0.8370957629       -0.0321330324
        1.6694239403        0.8372901180       -0.0322378103
        2.0698927729        0.9183752805       -0.0241782641
        1.5929206904        0.8147238664       -0.0297194040
        1.0197629759        0.5384895249       -0.1036217776
        1.0197629759        0.5379494394       -0.1040933503
        1.5929206904        0.8146466652       -0.0295936454
        1.5125529278        0.7857190218       -0.0375145105
        0.8890087517        0.4395896517       -0.1430271007
        0.8890087517        0.4407773756       -0.1419680226
        1.5125529278        0.7858593062       -0.0373015281
        1.8803500184        0.8850581788       -0.0264250782
        1.4276681663        0.7530453001       -0.0400829338
        1.4276681663        0.7530774171       -0.0400219236
        1.8803500184        0.8851402013       -0.0265453725
        2.1871479201        0.9297674319       -0.0252645068
        2.1871479201        0.9299694245       -0.0249308519
        1.9455837577        0.8921013623       -0.0254130499
        1.5125529278        0.7810416155       -0.0375622523
        1.5125529278        0.7811420552       -0.0374700199
        1.9455837577        0.8922948171       -0.0252910114
        1.4276681663        0.7486754643       -0.0438751354
        0.7353615397        0.3107461311       -0.1684924625
        0.7353615397        0.3104543647       -0.1688020992
        1.4276681663        0.7485290186       -0.0440809330
        2.1871479201        0.9283312676       -0.0268017906
        1.3374066048        0.7184314296       -0.0482088325
        0.5396078461        0.1524425348       -0.2687486030
        0.5396078461        0.1536720714       -0.2688102158
        1.3374066048        0.7177688316       -0.0484802068
        2.1871479201        0.9283430502       -0.0268754242
        1.7425717371        0.8504977343       -0.0284376599
        1.2405952039        0.6629398741       -0.0603618987
        1.2405952039        0.6626206152       -0.0601860181
        1.7425717371        0.8504058431       -0.0284083311
        2.0698927729        0.9148829123       -0.0260576607
        2.0698927729        0.9148013513       -0.0258119044
        2.1871479201        0.9307890462       -0.0221202109
        1.8127703179        0.8679260777       -0.0298442917
        1.8127703179        0.8680294306       -0.0299818161
        2.1871479201        0.9308838807       -0.0219273815
        1.7425717371        0.8536004818       -0.0288086505
        1.2405952039        0.6618722841       -0.0651075091
        1.2405952039        0.6613854606       -0.0649280161
        1.7425717371        0.8533969830       -0.0287299642
        1.6694239403        0.8343494655       -0.0304071728
        1.1355599912        0.6019081874       -0.0843666957
        1.1355599912        0.6023355598       -0.0839911437
        1.6694239403        0.8347973521       -0.0304582171
        2.0087001082        0.9058964692       -0.0219763547
        1.5929206904        0.8117460650       -0.0313527761
        1.5929206904        0.8119969070       -0.0314705047
        2.0087001082        0.9059788080       -0.0220632018
        2.0087001082        0.9045282800       -0.0278277350
        2.0087001082        0.9043683102       -0.0280214838
        1.9455837577        0.8948257345       -0.0269258867
        1.9455837577        0.8949329447       -0.0269495470
