#epsqw diagonal term
#1:q+G [au], 2:Re(eps-1), 3:Im(eps-1)
        2.1871479201        0.9161194928       -0.0004657294
        2.1871479201        0.9161225264       -0.0004657199
        2.1293276070        0.9089255330       -0.0005052504
        1.7425717371        0.8518164947       -0.0006660106
        1.7425717371        0.8518534355       -0.0006652514
        2.1293276070        0.9089365772       -0.0005044573
        2.0698927729        0.9035089154       -0.0004992015
        1.6694239403        0.8370534512       -0.0007056140
        1.6694239403        0.8370402078       -0.0007059434
        2.0698927729        0.9034947786       -0.0004992544
        2.0087001082        0.8947451024       -0.0005424532
        2.0087001082        0.8947493880       -0.0005426212
        2.0698927729        0.9018152829       -0.0005469956
        1.6694239403        0.8349442749       -0.0007374062
        1.6694239403        0.8348860605       -0.0007389973
        2.0698927729        0.9017850280       -0.0005485112
        1.5929206904        0.8154719561       -0.0008058998
        1.0197629759        0.5976669985       -0.0013952819
        1.0197629759        0.5976266512       -0.0013966505
        1.5929206904        0.8154678657       -0.0008062453
        1.5125529278        0.7928209447       -0.0008707444
        0.8890087517        0.5283191208       -0.0016057629
        0.8890087517        0.5282939464       -0.0016059895
        1.5125529278        0.7928432572       -0.0008700844
        1.8803500184        0.8751978577       -0.0006395426
        1.4276681663        0.7650051187       -0.0009530868
        1.4276681663        0.7649789468       -0.0009534264
        1.8803500184        0.8752081816       -0.0006393226
        2.1871479201        0.9155127180       -0.0004935441
        2.1871479201        0.9155100371       -0.0004937669
        1.9455837577        0.8876656700       -0.0005376150
        1.5125529278        0.7949403051       -0.0008590415
        1.5125529278        0.7949453027       -0.0008589593
        1.9455837577        0.8876864530       -0.0005374888
        1.4276681663        0.7663786056       -0.0009470592
        0.7353615397        0.4441122470       -0.0018559656
        0.7353615397        0.4441108823       -0.0018552515
        1.4276681663        0.7663800115       -0.0009470100
        2.1871479201        0.9205841762       -0.0004025288
        1.3374066048        0.7371206320       -0.0010665218
        0.5396078461        0.3396346531       -0.0021571357
        0.5396078461        0.3396819507       -0.0021559997
        1.3374066048        0.7371275204       -0.0010664461
        2.1871479201        0.9205845135       -0.0004025546
        1.7425717371        0.8517705436       -0.0006593661
        1.2405952039        0.6954419640       -0.0011782787
        1.2405952039        0.6954565063       -0.0011779790
        1.7425717371        0.8517527007       -0.0006594040
        2.0698927729        0.9060693578       -0.0004814356
        2.0698927729        0.9060794048       -0.0004810369
        2.1871479201        0.9145440357       -0.0005161801
        1.8127703179        0.8636913972       -0.0006545540
        1.8127703179        0.8636877236       -0.0006544990
        2.1871479201        0.9145371557       -0.0005165738
        1.7425717371        0.8496581741       -0.0007108599
        1.2405952039        0.6927947006       -0.0011713217
        1.2405952039        0.6928258281       -0.0011712054
        1.7425717371        0.8496297119       -0.0007115093
        1.6694239403        0.8343399651       -0.0007413648
        1.1355599912        0.6470940056       -0.0013118380
        1.1355599912        0.6470940862       -0.0013113058
        1.6694239403        0.8343502561       -0.0007415237
        2.0087001082        0.8932532118       -0.0005942491
        1.5929206904        0.8144753918       -0.0008101810
        1.5929206904        0.8145000586       -0.0008094136
        2.0087001082        0.8932744919       -0.0005934281
        2.0087001082        0.8942918464       -0.0005586276
        2.0087001082        0.8942944691       -0.0005583464
        1.9455837577        0.8877055269       -0.0005578112
        1.9455837577        0.8877098678       -0.0005574951
