#epsqw diagonal term
#1:q+G [au], 2:Re(eps-1), 3:Im(eps-1)
        2.1871479201        0.9155064060       -0.0005062789
        2.1871479201        0.9155091094       -0.0005063493
        2.1293276070        0.9082453227       -0.0005511808
        1.7425717371        0.8510429929       -0.0007101195
        1.7425717371        0.8510822527       -0.0007091651
        2.1293276070        0.9082592488       -0.0005500953
        2.0698927729        0.9028820958       -0.0005395243
        1.6694239403        0.8362412116       -0.0007518527
        1.6694239403        0.8362271440       -0.0007522459
        2.0698927729        0.9028677107       -0.0005396140
        2.0087001082        0.8940545701       -0.0005869445
        2.0087001082        0.8940581498       -0.0005871668
        2.0698927729        0.9010152788       -0.0006100733
        1.6694239403        0.8340039817       -0.0008039491
        1.6694239403        0.8339394033       -0.0008063426
        2.0698927729        0.9009781204       -0.0006125328
        1.5929206904        0.8144427746       -0.0008766606
        1.0197629759        0.5958735713       -0.0014941318
        1.0197629759        0.5958269445       -0.0014962276
        1.5929206904        0.8144362000       -0.0008774388
        1.5125529278        0.7917206676       -0.0009469358
        0.8890087517        0.5261118835       -0.0017242578
        0.8890087517        0.5260857346       -0.0017245229
        1.5125529278        0.7917459631       -0.0009458751
        1.8803500184        0.8742826618       -0.0007118691
        1.4276681663        0.7638277466       -0.0010299530
        1.4276681663        0.7638021675       -0.0010299378
        1.8803500184        0.8742952798       -0.0007110692
        2.1871479201        0.9147986310       -0.0005469239
        2.1871479201        0.9147949099       -0.0005472264
        1.9455837577        0.8870305719       -0.0005757014
        1.5125529278        0.7939082923       -0.0009212658
        1.5125529278        0.7939134247       -0.0009211808
        1.9455837577        0.8870517096       -0.0005755627
        1.4276681663        0.7652517121       -0.0010129423
        0.7353615397        0.4413230544       -0.0019978968
        0.7353615397        0.4413269521       -0.0019965115
        1.4276681663        0.7652529187       -0.0010129566
        2.1871479201        0.9201098186       -0.0004310868
        1.3374066048        0.7358149530       -0.0011414201
        0.5396078461        0.3359203188       -0.0023422231
        0.5396078461        0.3359755036       -0.0023401428
        1.3374066048        0.7358217271       -0.0011413844
        2.1871479201        0.9201097520       -0.0004311858
        1.7425717371        0.8510000517       -0.0007046247
        1.2405952039        0.6940279878       -0.0012534481
        1.2405952039        0.6940448473       -0.0012527674
        1.7425717371        0.8509830676       -0.0007044568
        2.0698927729        0.9054675316       -0.0005190353
        2.0698927729        0.9054787699       -0.0005185192
        2.1871479201        0.9137372275       -0.0005828711
        1.8127703179        0.8628406913       -0.0007135825
        1.8127703179        0.8628365240       -0.0007137210
        2.1871479201        0.9137278557       -0.0005837165
        1.7425717371        0.8487142891       -0.0007780753
        1.2405952039        0.6913766927       -0.0012498934
        1.2405952039        0.6914069589       -0.0012500421
        1.7425717371        0.8486828619       -0.0007791596
        1.6694239403        0.8334075696       -0.0008036047
        1.1355599912        0.6454861858       -0.0013955851
        1.1355599912        0.6454876717       -0.0013949468
        1.6694239403        0.8334164534       -0.0008039788
        2.0087001082        0.8923657723       -0.0006641947
        1.5929206904        0.8134652849       -0.0008759844
        1.5929206904        0.8134932272       -0.0008747928
        2.0087001082        0.8923907882       -0.0006628811
        2.0087001082        0.8935619250       -0.0006061168
        2.0087001082        0.8935662098       -0.0006055995
        1.9455837577        0.8870136292       -0.0006004944
        1.9455837577        0.8870197893       -0.0005999172
