#epsqw diagonal term
#1:q+G [au], 2:Re(eps-1), 3:Im(eps-1)
        2.1871479201        0.9146985722       -0.0005965374
        2.1871479201        0.9147003611       -0.0005970596
        2.1293276070        0.9073462228       -0.0006507101
        1.7425717371        0.8500661925       -0.0007877724
        1.7425717371        0.8501085074       -0.0007866786
        2.1293276070        0.9073641076       -0.0006494292
        2.0698927729        0.9020614471       -0.0006278494
        1.6694239403        0.8352196218       -0.0008280798
        1.6694239403        0.8352044554       -0.0008285625
        2.0698927729        0.9020465155       -0.0006280790
        2.0087001082        0.8931509715       -0.0006837673
        2.0087001082        0.8931537283       -0.0006839010
        2.0698927729        0.8998894276       -0.0007908074
        1.6694239403        0.8327155392       -0.0009895805
        1.6694239403        0.8326402693       -0.0009943808
        2.0698927729        0.8998402891       -0.0007959864
        1.5929206904        0.8130499312       -0.0010629561
        1.0197629759        0.5935798609       -0.0016940251
        1.0197629759        0.5935234268       -0.0016978705
        1.5929206904        0.8130381503       -0.0010655821
        1.5125529278        0.7902232346       -0.0011510260
        0.8890087517        0.5233222736       -0.0019338761
        0.8890087517        0.5232953105       -0.0019336184
        1.5125529278        0.7902537484       -0.0011487276
        1.8803500184        0.8729865110       -0.0009267252
        1.4276681663        0.7622464312       -0.0012375718
        1.4276681663        0.7622246015       -0.0012350174
        1.8803500184        0.8730061444       -0.0009223933
        2.1871479201        0.9138194935       -0.0006857201
        2.1871479201        0.9138148412       -0.0006856189
        1.9455837577        0.8862208622       -0.0006435078
        1.5125529278        0.7925918154       -0.0010265185
        1.5125529278        0.7925970119       -0.0010264996
        1.9455837577        0.8862422910       -0.0006434327
        1.4276681663        0.7638181098       -0.0011277816
        0.7353615397        0.4378548791       -0.0022155351
        0.7353615397        0.4378673401       -0.0022129707
        1.4276681663        0.7638186901       -0.0011280074
        2.1871479201        0.9195089990       -0.0004776507
        1.3374066048        0.7341698490       -0.0012606362
        0.5396078461        0.3313322351       -0.0026142649
        0.5396078461        0.3313998463       -0.0026102605
        1.3374066048        0.7341762422       -0.0012606315
        2.1871479201        0.9195081253       -0.0004779528
        1.7425717371        0.8500237749       -0.0007800721
        1.2405952039        0.6922675679       -0.0013714594
        1.2405952039        0.6922888691       -0.0013695627
        1.7425717371        0.8500090319       -0.0007790337
        2.0698927729        0.9046999456       -0.0005816349
        2.0698927729        0.9047129976       -0.0005807622
        2.1871479201        0.9125846067       -0.0007739650
        1.8127703179        0.8616946928       -0.0008587396
        1.8127703179        0.8616884110       -0.0008600405
        2.1871479201        0.9125698796       -0.0007765641
        1.7425717371        0.8474312721       -0.0009468252
        1.2405952039        0.6895759845       -0.0013989227
        1.2405952039        0.6896034615       -0.0014004907
        1.7425717371        0.8473942857       -0.0009495025
        1.6694239403        0.8321674019       -0.0009462808
        1.1355599912        0.6434804852       -0.0015345495
        1.1355599912        0.6434838191       -0.0015336432
        1.6694239403        0.8321736555       -0.0009473230
        2.0087001082        0.8911240137       -0.0008508875
        1.5929206904        0.8121271195       -0.0010305925
        1.5929206904        0.8121605903       -0.0010281207
        2.0087001082        0.8911553150       -0.0008482958
        2.0087001082        0.8926113568       -0.0007022657
        2.0087001082        0.8926184012       -0.0007013580
        1.9455837577        0.8861296662       -0.0006769214
        1.9455837577        0.8861387506       -0.0006759488
