#epsqw diagonal term
#1:q+G [au], 2:Re(eps-1), 3:Im(eps-1)
        2.1871479201        0.9071193396       -0.0148140864
        2.1871479201        0.9071844569       -0.0148742399
        2.1293276070        0.9002922076       -0.0151090911
        1.7425717371        0.8391764113       -0.0170823545
        1.7425717371        0.8392469245       -0.0169841853
        2.1293276070        0.9004027401       -0.0150646947
        2.0698927729        0.8965982576       -0.0155239014
        1.6694239403        0.8309556930       -0.0193379640
        1.6694239403        0.8310241990       -0.0196700668
        2.0698927729        0.8967329333       -0.0156884179
        2.0087001082        0.8860814300       -0.0167684004
        2.0087001082        0.8861211043       -0.0169421132
        2.0698927729        0.8957582500       -0.0144551545
        1.6694239403        0.8218553109       -0.0201580106
        1.6694239403        0.8217460149       -0.0202883629
        2.0698927729        0.8956048115       -0.0144055655
        1.5929206904        0.8001319953       -0.0234254563
        1.0197629759        0.5770704044       -0.0318310800
        1.0197629759        0.5769746832       -0.0317095847
        1.5929206904        0.8002128789       -0.0235118408
        1.5125529278        0.7813619736       -0.0216978385
        0.8890087517        0.5165025245       -0.0396556875
        0.8890087517        0.5161367515       -0.0398626211
        1.5125529278        0.7813572338       -0.0219889350
        1.8803500184        0.8669302755       -0.0163854464
        1.4276681663        0.7518766145       -0.0302448800
        1.4276681663        0.7515395796       -0.0304962975
        1.8803500184        0.8669237640       -0.0167129778
        2.1871479201        0.9082671372       -0.0158358349
        2.1871479201        0.9080850503       -0.0158875774
        1.9455837577        0.8825116916       -0.0154405718
        1.5125529278        0.7896440400       -0.0247268397
        1.5125529278        0.7894335557       -0.0248361675
        1.9455837577        0.8823836005       -0.0155725081
        1.4276681663        0.7543390420       -0.0247675587
        0.7353615397        0.4302970316       -0.0598210089
        0.7353615397        0.4300204270       -0.0594059076
        1.4276681663        0.7542293445       -0.0245348572
        2.1871479201        0.9167077112       -0.0113187107
        1.3374066048        0.7277121455       -0.0295988140
        0.5396078461        0.3044464198       -0.1066006312
        0.5396078461        0.3038142242       -0.1060851443
        1.3374066048        0.7275188791       -0.0295754762
        2.1871479201        0.9167416238       -0.0113564395
        1.7425717371        0.8446373923       -0.0183069674
        1.2405952039        0.6852234906       -0.0415383756
        1.2405952039        0.6853681827       -0.0418618875
        1.7425717371        0.8445551671       -0.0185162394
        2.0698927729        0.9012252036       -0.0150886543
        2.0698927729        0.9012100561       -0.0150239518
        2.1871479201        0.9109903093       -0.0145253147
        1.8127703179        0.8547552321       -0.0178475301
        1.8127703179        0.8548630763       -0.0178034025
        2.1871479201        0.9108695293       -0.0143722996
        1.7425717371        0.8391492094       -0.0188394397
        1.2405952039        0.6877859994       -0.0321402043
        1.2405952039        0.6880474741       -0.0320132288
        1.7425717371        0.8390925134       -0.0184977897
        1.6694239403        0.8266613996       -0.0197510585
        1.1355599912        0.6474042326       -0.0376953468
        1.1355599912        0.6469870853       -0.0375591618
        1.6694239403        0.8266528982       -0.0197936607
        2.0087001082        0.8886782632       -0.0160842257
        1.5929206904        0.8041955901       -0.0237586251
        1.5929206904        0.8044921175       -0.0238944992
        2.0087001082        0.8886926956       -0.0162145015
        2.0087001082        0.8839481838       -0.0175248478
        2.0087001082        0.8838173110       -0.0176276095
        1.9455837577        0.8821136549       -0.0183636084
        1.9455837577        0.8819331218       -0.0183705971
