#epsqw diagonal term
#1:q+G [au], 2:Re(eps-1), 3:Im(eps-1)
        2.1871479201        0.9013012628       -0.1065739683
        2.1871479201        0.9009454462       -0.1062988674
        2.1293276070        0.8870952351       -0.1068797795
        1.7425717371        0.7916272927       -0.1640436037
        1.7425717371        0.7918386210       -0.1626589832
        2.1293276070        0.8866164345       -0.1068020031
        2.0698927729        0.8838840508       -0.1156131724
        1.6694239403        0.7678360469       -0.1843900298
        1.6694239403        0.7671956008       -0.1842847471
        2.0698927729        0.8839527982       -0.1158576256
        2.0087001082        0.8716272213       -0.1185411815
        2.0087001082        0.8709635396       -0.1192003000
        2.0698927729        0.8761729754       -0.1109689425
        1.6694239403        0.7804032805       -0.1716617959
        1.6694239403        0.7799820686       -0.1712270628
        2.0698927729        0.8774361882       -0.1112140033
        1.5929206904        0.7601026220       -0.1798306523
        1.0197629759        0.5335830864       -0.3006177093
        1.0197629759        0.5332565418       -0.3027247352
        1.5929206904        0.7599701713       -0.1802937846
        1.5125529278        0.7253844759       -0.2110441258
        0.8890087517        0.4792996355       -0.3615682470
        0.8890087517        0.4789235873       -0.3603042308
        1.5125529278        0.7259068210       -0.2111189465
        1.8803500184        0.8409500148       -0.1374617345
        1.4276681663        0.6885538997       -0.2247092725
        1.4276681663        0.6893785743       -0.2247006840
        1.8803500184        0.8401609261       -0.1367899099
        2.1871479201        0.9055595754       -0.0986449979
        2.1871479201        0.9052543226       -0.0982073439
        1.9455837577        0.8608631360       -0.1290018543
        1.5125529278        0.7064777079       -0.2193234919
        1.5125529278        0.7054847492       -0.2196009393
        1.9455837577        0.8610248430       -0.1293981855
        1.4276681663        0.6746076339       -0.2355204642
        0.7353615397        0.4400030427       -0.4101461472
        0.7353615397        0.4385776809       -0.4108684088
        1.4276681663        0.6735361291       -0.2346559753
        2.1871479201        0.9074487003       -0.0957127140
        1.3374066048        0.6429647436       -0.2441142665
        0.5396078461        0.4149567007       -0.4726453652
        0.5396078461        0.4149882628       -0.4731006412
        1.3374066048        0.6424478504       -0.2428104890
        2.1871479201        0.9075090023       -0.0959455596
        1.7425717371        0.8025665095       -0.1556945180
        1.2405952039        0.5886295477       -0.2799438535
        1.2405952039        0.5880881107       -0.2820743909
        1.7425717371        0.8023635113       -0.1549326573
        2.0698927729        0.8869158574       -0.1133002410
        2.0698927729        0.8864570094       -0.1131207299
        2.1871479201        0.9064060241       -0.1008653243
        1.8127703179        0.8270080820       -0.1448712113
        1.8127703179        0.8272857814       -0.1446894907
        2.1871479201        0.9072010562       -0.1009229509
        1.7425717371        0.8056367316       -0.1555019118
        1.2405952039        0.5981778113       -0.2704462534
        1.2405952039        0.5977559183       -0.2687707976
        1.7425717371        0.8064448921       -0.1555326459
        1.6694239403        0.7881616996       -0.1703040328
        1.1355599912        0.5430204403       -0.3081016397
        1.1355599912        0.5413996603       -0.3085470335
        1.6694239403        0.7876889911       -0.1703360534
        2.0087001082        0.8793744900       -0.1274385155
        1.5929206904        0.7575992886       -0.1828658823
        1.5929206904        0.7584565397       -0.1823777161
        2.0087001082        0.8793576509       -0.1267425463
        2.0087001082        0.8697163605       -0.1204847990
        2.0087001082        0.8699720510       -0.1207479425
        1.9455837577        0.8623584098       -0.1321138261
        1.9455837577        0.8612506745       -0.1328883841
