#epsqw diagonal term
#1:q+G [au], 2:Re(eps-1), 3:Im(eps-1)
        2.1871479201        1.0179388325       -0.0268141272
        2.1871479201        1.0179364893       -0.0268668873
        2.1293276070        1.0219991942       -0.0288816419
        1.7425717371        1.0646512467       -0.0369952163
        1.7425717371        1.0647291394       -0.0374353590
        2.1293276070        1.0220856361       -0.0292006778
        2.0698927729        1.0277502674       -0.0299758979
        1.6694239403        1.0776692908       -0.0377727575
        1.6694239403        1.0775711838       -0.0376457691
        2.0698927729        1.0277466913       -0.0298285390
        2.0087001082        1.0328487037       -0.0318785299
        2.0087001082        1.0326451256       -0.0314759061
        2.0698927729        1.0255691416       -0.0315981191
        1.6694239403        1.0709281957       -0.0386086019
        1.6694239403        1.0708062450       -0.0382644076
        2.0698927729        1.0255455140       -0.0314673035
        1.5929206904        1.0789978637       -0.0392485718
        1.0197629759        1.1644370214       -0.0339770236
        1.0197629759        1.1643961697       -0.0339580577
        1.5929206904        1.0789942012       -0.0392109097
        1.5125529278        1.0916717351       -0.0389672486
        0.8890087517        1.1916669740       -0.0287426148
        0.8890087517        1.1917713618       -0.0284436674
        1.5125529278        1.0917681854       -0.0389678985
        1.8803500184        1.0413475949       -0.0358656205
        1.4276681663        1.1027576831       -0.0388779287
        1.4276681663        1.1026495005       -0.0385791199
        1.8803500184        1.0411300667       -0.0355503690
        2.1871479201        1.0260339077       -0.0270536096
        2.1871479201        1.0259253500       -0.0269621468
        1.9455837577        1.0394154359       -0.0320600100
        1.5125529278        1.0990961479       -0.0380320684
        1.5125529278        1.0989778995       -0.0378257152
        1.9455837577        1.0393272847       -0.0321998685
        1.4276681663        1.1066410420       -0.0378466662
        0.7353615397        1.2192292853       -0.0225286414
        0.7353615397        1.2191174773       -0.0225572933
        1.4276681663        1.1064792712       -0.0376499088
        2.1871479201        1.0311663918       -0.0278930304
        1.3374066048        1.1259223593       -0.0356863420
        0.5396078461        1.2416340718       -0.0175446889
        0.5396078461        1.2416849863       -0.0176661931
        1.3374066048        1.1260831340       -0.0358974352
        2.1871479201        1.0312286282       -0.0280088050
        1.7425717371        1.0605916607       -0.0366634491
        1.2405952039        1.1383673112       -0.0343375526
        1.2405952039        1.1386518044       -0.0346125528
        1.7425717371        1.0607996042       -0.0367105013
        2.0698927729        1.0392257163       -0.0300458655
        2.0698927729        1.0392956467       -0.0303258520
        2.1871479201        1.0177185204       -0.0271885875
        1.8127703179        1.0530924282       -0.0359100668
        1.8127703179        1.0532691328       -0.0363156400
        2.1871479201        1.0181544993       -0.0274851469
        1.7425717371        1.0580931387       -0.0372960433
        1.2405952039        1.1322680808       -0.0350110389
        1.2405952039        1.1323621853       -0.0354762293
        1.7425717371        1.0582294506       -0.0375835020
        1.6694239403        1.0695818980       -0.0384649685
        1.1355599912        1.1541534945       -0.0318528403
        1.1355599912        1.1540784972       -0.0317721535
        1.6694239403        1.0694829271       -0.0384275543
        2.0087001082        1.0313786155       -0.0324885402
        1.5929206904        1.0789116679       -0.0390331031
        1.5929206904        1.0789450177       -0.0390841293
        2.0087001082        1.0313444370       -0.0323995786
        2.0087001082        1.0407792875       -0.0306739687
        2.0087001082        1.0409134572       -0.0309443897
        1.9455837577        1.0496653675       -0.0323898374
        1.9455837577        1.0496590412       -0.0321079565
