#epsqw diagonal term
#1:q+G [au], 2:Re(eps-1), 3:Im(eps-1)
        2.1871479201        0.9290931138       -0.0149655780
        2.1871479201        0.9292604673       -0.0149065687
        2.1293276070        0.9218323460       -0.0174908794
        1.7425717371        0.8413788861       -0.0379848293
        1.7425717371        0.8423027682       -0.0379541749
        2.1293276070        0.9218735078       -0.0175537197
        2.0698927729        0.9132675229       -0.0168463478
        1.6694239403        0.8237686942       -0.0383366248
        1.6694239403        0.8238852527       -0.0393175803
        2.0698927729        0.9136531203       -0.0167908208
        2.0087001082        0.9040801109       -0.0190613972
        2.0087001082        0.9043351023       -0.0190936660
        2.0698927729        0.9143928582       -0.0203610004
        1.6694239403        0.8191532675       -0.0520049753
        1.6694239403        0.8189919258       -0.0516546893
        2.0698927729        0.9144043839       -0.0204483846
        1.5929206904        0.7834581578       -0.0745072584
        1.0197629759        0.4832594913       -0.3274068739
        1.0197629759        0.4824603041       -0.3230171293
        1.5929206904        0.7831206779       -0.0738095698
        1.5125529278        0.7683450172       -0.0801641372
        0.8890087517        0.4658475396       -0.3985458710
        0.8890087517        0.4599972737       -0.3962370273
        1.5125529278        0.7680581518       -0.0798379612
        1.8803500184        0.8777766552       -0.0323663873
        1.4276681663        0.7158664106       -0.1176126684
        1.4276681663        0.7153590343       -0.1173969447
        1.8803500184        0.8776889167       -0.0327068351
        2.1871479201        0.9297806320       -0.0162828065
        2.1871479201        0.9297525169       -0.0162297237
        1.9455837577        0.8932664197       -0.0199529383
        1.5125529278        0.7755013425       -0.0624410637
        1.5125529278        0.7743527345       -0.0622336911
        1.9455837577        0.8929073267       -0.0199516065
        1.4276681663        0.7413423965       -0.0907428371
        0.7353615397        0.4293630447       -0.4696833263
        0.7353615397        0.4284327857       -0.4676434321
        1.4276681663        0.7399553587       -0.0899994726
        2.1871479201        0.9304731783       -0.0142593323
        1.3374066048        0.7151287388       -0.1046231592
        0.5396078461        0.4211445356       -0.5935096978
        0.5396078461        0.4198415414       -0.5902629892
        1.3374066048        0.7157974733       -0.1036444831
        2.1871479201        0.9305193222       -0.0141973882
        1.7425717371        0.8502418178       -0.0306764669
        1.2405952039        0.6567340954       -0.1555611033
        1.2405952039        0.6576078205       -0.1563889166
        1.7425717371        0.8499547819       -0.0310758802
        2.0698927729        0.9152772550       -0.0156999239
        2.0698927729        0.9154171970       -0.0155814125
        2.1871479201        0.9290636818       -0.0172810795
        1.8127703179        0.8648231430       -0.0327018167
        1.8127703179        0.8645279627       -0.0328318863
        2.1871479201        0.9288048743       -0.0171854246
        1.7425717371        0.8404546054       -0.0480024080
        1.2405952039        0.6144031373       -0.1984774748
        1.2405952039        0.6166533115       -0.1995717940
        1.7425717371        0.8406225611       -0.0483668201
        1.6694239403        0.8270704931       -0.0463970535
        1.1355599912        0.5785489159       -0.2444620486
        1.1355599912        0.5786533260       -0.2441180920
        1.6694239403        0.8276193534       -0.0462304476
        2.0087001082        0.9014289359       -0.0241520666
        1.5929206904        0.7881250936       -0.0737646386
        1.5929206904        0.7882570910       -0.0733045933
        2.0087001082        0.9016950163       -0.0242220743
        2.0087001082        0.9045625669       -0.0225268118
        2.0087001082        0.9049452389       -0.0227104931
        1.9455837577        0.8948801415       -0.0198450601
        1.9455837577        0.8949216587       -0.0202341221
