#epsqw diagonal term
#1:q+G [au], 2:Re(eps-1), 3:Im(eps-1)
        2.1871479201        1.0516952837       -0.0307926449
        2.1871479201        1.0518037133       -0.0307718449
        2.1293276070        1.0540601944       -0.0316351178
        1.7425717371        1.0940731195       -0.0615142930
        1.7425717371        1.0939142252       -0.0614774842
        2.1293276070        1.0542245177       -0.0315700297
        2.0698927729        1.0603416033       -0.0353006831
        1.6694239403        1.1036408586       -0.0702002711
        1.6694239403        1.1035771285       -0.0702771576
        2.0698927729        1.0603584712       -0.0354093431
        2.0087001082        1.0641430949       -0.0380964889
        2.0087001082        1.0641081367       -0.0382731444
        2.0698927729        1.0550943055       -0.0282860481
        1.6694239403        1.0944716880       -0.0491497744
        1.6694239403        1.0951987894       -0.0491182299
        2.0698927729        1.0556252169       -0.0282691283
        1.5929206904        1.0964639314       -0.0396591879
        1.0197629759        1.1501616356       -0.0286339812
        1.0197629759        1.1504413146       -0.0285735099
        1.5929206904        1.0969980705       -0.0395483239
        1.5125529278        1.1096395230       -0.0463156316
        0.8890087517        1.1657708011       -0.0282434943
        0.8890087517        1.1656864446       -0.0282966646
        1.5125529278        1.1091615174       -0.0464369354
        1.8803500184        1.0674093102       -0.0305507647
        1.4276681663        1.1106518104       -0.0422246003
        1.4276681663        1.1103978804       -0.0424317198
        1.8803500184        1.0670058367       -0.0308312919
        2.1871479201        1.0669337087       -0.0587309303
        2.1871479201        1.0667943127       -0.0588337360
        1.9455837577        1.0685153562       -0.0356096457
        1.5125529278        1.1165990528       -0.0658683114
        1.5125529278        1.1172466361       -0.0658100424
        1.9455837577        1.0690641894       -0.0355129446
        1.4276681663        1.1217910487       -0.0534773841
        0.7353615397        1.1793330237       -0.0208120502
        0.7353615397        1.1798202679       -0.0207415125
        1.4276681663        1.1227318397       -0.0533486743
        2.1871479201        1.0837683607       -0.0736980896
        1.3374066048        1.1357331984       -0.0597958914
        0.5396078461        1.1928918829       -0.0157716643
        0.5396078461        1.1925023930       -0.0158044315
        1.3374066048        1.1352292841       -0.0598354709
        2.1871479201        1.0836084332       -0.0737239492
        1.7425717371        1.0857053711       -0.0390517476
        1.2405952039        1.1380784099       -0.0534773819
        1.2405952039        1.1370938307       -0.0534870659
        1.7425717371        1.0848150122       -0.0390630456
        2.0698927729        1.0831724980       -0.0768894281
        2.0698927729        1.0827351091       -0.0769288098
        2.1871479201        1.0453388237       -0.0228056999
        1.8127703179        1.0784385912       -0.0400541365
        1.8127703179        1.0785690584       -0.0398388082
        2.1871479201        1.0454801655       -0.0225800632
        1.7425717371        1.0805691847       -0.0346621586
        1.2405952039        1.1284337532       -0.0371097132
        1.2405952039        1.1284782947       -0.0369436404
        1.7425717371        1.0808955949       -0.0343926280
        1.6694239403        1.0918198012       -0.0395398168
        1.1355599912        1.1429342931       -0.0399069259
        1.1355599912        1.1431228150       -0.0399704011
        1.6694239403        1.0916574954       -0.0396541211
        2.0087001082        1.0556629748       -0.0244283139
        1.5929206904        1.0943329673       -0.0354031459
        1.5929206904        1.0938390495       -0.0354559001
        2.0087001082        1.0551845860       -0.0244807148
        2.0087001082        1.0781358161       -0.0614279235
        2.0087001082        1.0781538269       -0.0613095004
        1.9455837577        1.0871196308       -0.0699489006
        1.9455837577        1.0873206660       -0.0699458231
