#epsqw diagonal term
#1:q+G [au], 2:Re(eps-1), 3:Im(eps-1)
        2.1871479201        0.9973979505       -0.0504317197
        2.1871479201        0.9972865502       -0.0505880724
        2.1293276070        1.0027217087       -0.0574042500
        1.7425717371        1.0547848337       -0.1148998289
        1.7425717371        1.0562461647       -0.1155137731
        2.1293276070        1.0026105801       -0.0571559065
        2.0698927729        1.0061615746       -0.0639085425
        1.6694239403        1.0626557468       -0.1232561903
        1.6694239403        1.0608456257       -0.1239942492
        2.0698927729        1.0070186084       -0.0638246236
        2.0087001082        1.0155992919       -0.0710364824
        2.0087001082        1.0162637822       -0.0708600656
        2.0698927729        1.0045799647       -0.0668309173
        1.6694239403        1.0691945311       -0.1349980692
        1.6694239403        1.0680186887       -0.1341619104
        2.0698927729        1.0046139538       -0.0674415527
        1.5929206904        1.0840205412       -0.1480966864
        1.0197629759        1.4506075535       -0.4501962778
        1.0197629759        1.4509324893       -0.4497708538
        1.5929206904        1.0824159527       -0.1479900866
        1.5125529278        1.1118856303       -0.1722931249
        0.8890087517        1.5281305216       -0.4963826393
        0.8890087517        1.5270264939       -0.4998809542
        1.5125529278        1.1116246858       -0.1740608665
        1.8803500184        1.0294248773       -0.0995868736
        1.4276681663        1.1326221526       -0.1784048226
        1.4276681663        1.1338546869       -0.1784613818
        1.8803500184        1.0289924643       -0.0988702690
        2.1871479201        1.0019303347       -0.0581796776
        2.1871479201        1.0019251116       -0.0583106329
        1.9455837577        1.0171069600       -0.0796199903
        1.5125529278        1.0887754404       -0.1648828029
        1.5125529278        1.0887027646       -0.1640913659
        1.9455837577        1.0156893953       -0.0797047487
        1.4276681663        1.1305046549       -0.2033015313
        0.7353615397        1.6387694197       -0.6068382304
        0.7353615397        1.6354644876       -0.6019816516
        1.4276681663        1.1289278013       -0.2023873585
        2.1871479201        0.9908315660       -0.0569428213
        1.3374066048        1.1071792608       -0.2226697401
        0.5396078461        1.7676739166       -0.6264177853
        0.5396078461        1.7660302651       -0.6313007708
        1.3374066048        1.1069939124       -0.2247893453
        2.1871479201        0.9906563027       -0.0565726375
        1.7425717371        1.0617862646       -0.1204322351
        1.2405952039        1.1853987288       -0.2630257169
        1.2405952039        1.1868069066       -0.2656099470
        1.7425717371        1.0613587476       -0.1195580287
        2.0698927729        1.0025835256       -0.0729834671
        2.0698927729        1.0022872001       -0.0725968391
        2.1871479201        0.9891933391       -0.0557656966
        1.8127703179        1.0397175406       -0.1035988975
        1.8127703179        1.0389248496       -0.1032055748
        2.1871479201        0.9886145133       -0.0563655317
        1.7425717371        1.0515791433       -0.1208239225
        1.2405952039        1.2031783470       -0.2390353964
        1.2405952039        1.2044085061       -0.2375693133
        1.7425717371        1.0496812688       -0.1213217567
        1.6694239403        1.0739260464       -0.1349812841
        1.1355599912        1.2352597432       -0.2921218214
        1.1355599912        1.2312451039       -0.2904900239
        1.6694239403        1.0743519676       -0.1351929986
        2.0087001082        1.0002394897       -0.0805397164
        1.5929206904        1.0849108802       -0.1453484377
        1.5929206904        1.0858135666       -0.1461532911
        2.0087001082        1.0003671758       -0.0802273803
        2.0087001082        1.0168902630       -0.0765603491
        2.0087001082        1.0165806430       -0.0770867725
        1.9455837577        1.0199341601       -0.0839994439
        1.9455837577        1.0194723683       -0.0834747010
