#epsqw diagonal term
#1:q+G [au], 2:Re(eps-1), 3:Im(eps-1)
        2.1871479201        0.9366008973       -0.0252642069
        2.1871479201        0.9365210061       -0.0251676573
        2.1293276070        0.9294975832       -0.0244783291
        1.7425717371        0.8584248794       -0.0279030106
        1.7425717371        0.8584243798       -0.0279038220
        2.1293276070        0.9297522023       -0.0242099145
        2.0698927729        0.9228078733       -0.0268812990
        1.6694239403        0.8368321092       -0.0323742757
        1.6694239403        0.8365989532       -0.0325516903
        2.0698927729        0.9230400110       -0.0269581953
        2.0087001082        0.9140982344       -0.0284628592
        2.0087001082        0.9142081612       -0.0283634974
        2.0698927729        0.9197767241       -0.0255272739
        1.6694239403        0.8349458418       -0.0338700663
        1.6694239403        0.8351566522       -0.0337988846
        2.0698927729        0.9200792864       -0.0256074886
        1.5929206904        0.8038053316       -0.0367157278
        1.0197629759        0.5333392372       -0.1537609290
        1.0197629759        0.5345835870       -0.1550471432
        1.5929206904        0.8039809956       -0.0363424423
        1.5125529278        0.7779033398       -0.0454533772
        0.8890087517        0.4452617036       -0.2275301559
        0.8890087517        0.4459942408       -0.2281217114
        1.5125529278        0.7782356715       -0.0452993155
        1.8803500184        0.8861844229       -0.0295076716
        1.4276681663        0.7356695644       -0.0545298653
        1.4276681663        0.7364566902       -0.0547124783
        1.8803500184        0.8858050610       -0.0297874273
        2.1871479201        0.9367552186       -0.0220276155
        2.1871479201        0.9366300404       -0.0219483850
        1.9455837577        0.9037021899       -0.0306112064
        1.5125529278        0.7844063903       -0.0503103898
        1.5125529278        0.7847848529       -0.0498711306
        1.9455837577        0.9037132686       -0.0302794789
        1.4276681663        0.7451028927       -0.0600023556
        0.7353615397        0.3620773274       -0.3316451768
        0.7353615397        0.3625538110       -0.3354834164
        1.4276681663        0.7448105008       -0.0593880025
        2.1871479201        0.9351415042       -0.0223650946
        1.3374066048        0.7156136350       -0.0745262053
        0.5396078461        0.2627917154       -0.4431116395
        0.5396078461        0.2578427961       -0.4416048010
        1.3374066048        0.7158934002       -0.0749503945
        2.1871479201        0.9350272005       -0.0221650193
        1.7425717371        0.8598962503       -0.0405031113
        1.2405952039        0.6592909484       -0.0924186827
        1.2405952039        0.6585917493       -0.0922094316
        1.7425717371        0.8596763296       -0.0404588264
        2.0698927729        0.9217508165       -0.0237915167
        2.0698927729        0.9219372479       -0.0238128799
        2.1871479201        0.9330455964       -0.0239125112
        1.8127703179        0.8742873498       -0.0344343349
        1.8127703179        0.8740720592       -0.0342704274
        2.1871479201        0.9331924257       -0.0238427442
        1.7425717371        0.8532769347       -0.0357150218
        1.2405952039        0.6368927590       -0.0845266213
        1.2405952039        0.6371563625       -0.0841963154
        1.7425717371        0.8536387898       -0.0355109008
        1.6694239403        0.8353724660       -0.0424772353
        1.1355599912        0.5867792468       -0.1069437389
        1.1355599912        0.5882742242       -0.1080041029
        1.6694239403        0.8354651621       -0.0427547856
        2.0087001082        0.9080038551       -0.0272410150
        1.5929206904        0.8033106209       -0.0444083301
        1.5929206904        0.8032304136       -0.0451631007
        2.0087001082        0.9077498479       -0.0270131058
        2.0087001082        0.9131496793       -0.0246825728
        2.0087001082        0.9133818817       -0.0245420939
        1.9455837577        0.9017530004       -0.0273858586
        1.9455837577        0.9015903588       -0.0275164018
