#epsqw diagonal term
#1:q+G [au], 2:Re(eps-1), 3:Im(eps-1)
        2.1871479201        0.9272541116       -0.0339593618
        2.1871479201        0.9272041941       -0.0341126549
        2.1293276070        0.9196431377       -0.0359965380
        1.7425717371        0.8720120831       -0.0414405964
        1.7425717371        0.8719040545       -0.0416963287
        2.1293276070        0.9194112415       -0.0361924715
        2.0698927729        0.9080871882       -0.0346292270
        1.6694239403        0.8543814085       -0.0384013397
        1.6694239403        0.8546189662       -0.0382821337
        2.0698927729        0.9080897775       -0.0348725870
        2.0087001082        0.9036495024       -0.0352043006
        2.0087001082        0.9037410865       -0.0352439315
        2.0698927729        0.9139210323       -0.0351152772
        1.6694239403        0.8503576526       -0.0345177174
        1.6694239403        0.8503810773       -0.0352775281
        2.0698927729        0.9139554794       -0.0349453466
        1.5929206904        0.8283382430       -0.0371682583
        1.0197629759        0.5921388947       -0.0797848809
        1.0197629759        0.5920067028       -0.0795110105
        1.5929206904        0.8285545976       -0.0376466563
        1.5125529278        0.7985839543       -0.0356117620
        0.8890087517        0.5092608121       -0.0740557904
        0.8890087517        0.5088362839       -0.0749013109
        1.5125529278        0.7986936068       -0.0358890749
        1.8803500184        0.8853082000       -0.0363076668
        1.4276681663        0.7720777428       -0.0396436639
        1.4276681663        0.7721228433       -0.0400320258
        1.8803500184        0.8855541473       -0.0363477017
        2.1871479201        0.9288027438       -0.0239859748
        2.1871479201        0.9289276245       -0.0237358544
        1.9455837577        0.8905809429       -0.0328190155
        1.5125529278        0.8077132022       -0.0297563401
        1.5125529278        0.8079383267       -0.0306071592
        1.9455837577        0.8907740676       -0.0323354464
        1.4276681663        0.7708290880       -0.0340800845
        0.7353615397        0.4278261216       -0.0773118231
        0.7353615397        0.4277571030       -0.0763340892
        1.4276681663        0.7713311436       -0.0344310409
        2.1871479201        0.9163541915       -0.0148419350
        1.3374066048        0.7468586197       -0.0336328868
        0.5396078461        0.3136065395       -0.0906350218
        0.5396078461        0.3145875673       -0.0901354377
        1.3374066048        0.7467680476       -0.0334274401
        2.1871479201        0.9162856509       -0.0148852370
        1.7425717371        0.8516597344       -0.0353120699
        1.2405952039        0.6999421439       -0.0465213864
        1.2405952039        0.6997501330       -0.0468461185
        1.7425717371        0.8519834898       -0.0354890793
        2.0698927729        0.9101276422       -0.0181830398
        2.0698927729        0.9101387190       -0.0179547036
        2.1871479201        0.9255181029       -0.0383614214
        1.8127703179        0.8757620051       -0.0339858088
        1.8127703179        0.8756349669       -0.0339930282
        2.1871479201        0.9256049091       -0.0382198261
        1.7425717371        0.8610550046       -0.0348939195
        1.2405952039        0.6970983200       -0.0478664845
        1.2405952039        0.6968877174       -0.0471383272
        1.7425717371        0.8608527670       -0.0350884824
        1.6694239403        0.8397248983       -0.0338327737
        1.1355599912        0.6476186535       -0.0549913741
        1.1355599912        0.6473123457       -0.0545716973
        1.6694239403        0.8394909787       -0.0335450490
        2.0087001082        0.9041703349       -0.0393507530
        1.5929206904        0.8234510452       -0.0376455164
        1.5929206904        0.8234071343       -0.0374178115
        2.0087001082        0.9042550788       -0.0392937138
        2.0087001082        0.9135402442       -0.0360275874
        2.0087001082        0.9132481537       -0.0359707489
        1.9455837577        0.9009552669       -0.0289663900
        1.9455837577        0.9008843696       -0.0287129235
