#epsqw diagonal term
#1:q+G [au], 2:Re(eps-1), 3:Im(eps-1)
        2.1871479201        1.0016443212       -0.0000048292
        2.1871479201        1.0016442690       -0.0000048292
        2.1293276070        1.0017778241       -0.0000053029
        1.7425717371        1.0029680311       -0.0000095085
        1.7425717371        1.0029682879       -0.0000095079
        2.1293276070        1.0017782144       -0.0000053036
        2.0698927729        1.0019272320       -0.0000057282
        1.6694239403        1.0032557851       -0.0000104570
        1.6694239403        1.0032566065       -0.0000104577
        2.0698927729        1.0019278453       -0.0000057293
        2.0087001082        1.0020910891       -0.0000063420
        2.0087001082        1.0020916543       -0.0000063426
        2.0698927729        1.0019254537       -0.0000058131
        1.6694239403        1.0032584070       -0.0000106720
        1.6694239403        1.0032583337       -0.0000106725
        2.0698927729        1.0019253411       -0.0000058125
        1.5929206904        1.0035858480       -0.0000120753
        1.0197629759        1.0068357955       -0.0000285133
        1.0197629759        1.0068352323       -0.0000285128
        1.5929206904        1.0035863354       -0.0000120758
        1.5125529278        1.0039644721       -0.0000135031
        0.8890087517        1.0076654738       -0.0000338239
        0.8890087517        1.0076667154       -0.0000338226
        1.5125529278        1.0039656266       -0.0000135033
        1.8803500184        1.0024761055       -0.0000077680
        1.4276681663        1.0043880485       -0.0000155015
        1.4276681663        1.0043893937       -0.0000155038
        1.8803500184        1.0024769887       -0.0000077696
        2.1871479201        1.0016480369       -0.0000048970
        2.1871479201        1.0016483548       -0.0000048977
        1.9455837577        1.0022803176       -0.0000068655
        1.5125529278        1.0039626126       -0.0000131560
        1.5125529278        1.0039619613       -0.0000131548
        1.9455837577        1.0022795514       -0.0000068632
        1.4276681663        1.0043927632       -0.0000151684
        0.7353615397        1.0085619836       -0.0000410862
        0.7353615397        1.0085643328       -0.0000410901
        1.4276681663        1.0043926645       -0.0000151672
        2.1871479201        1.0016485794       -0.0000047903
        1.3374066048        1.0048920877       -0.0000169509
        0.5396078461        1.0094263760       -0.0000511025
        0.5396078461        1.0094246931       -0.0000510948
        1.3374066048        1.0048923120       -0.0000169508
        2.1871479201        1.0016488205       -0.0000047906
        1.7425717371        1.0029786632       -0.0000094036
        1.2405952039        1.0054511705       -0.0000199634
        1.2405952039        1.0054513528       -0.0000199620
        1.7425717371        1.0029793212       -0.0000094056
        2.0698927729        1.0019275538       -0.0000057263
        2.0698927729        1.0019276983       -0.0000057271
        2.1871479201        1.0016439965       -0.0000048656
        1.8127703179        1.0027094829       -0.0000085655
        1.8127703179        1.0027088028       -0.0000085642
        2.1871479201        1.0016432419       -0.0000048644
        1.7425717371        1.0029656801       -0.0000095912
        1.2405952039        1.0054390574       -0.0000205414
        1.2405952039        1.0054368267       -0.0000205387
        1.7425717371        1.0029647360       -0.0000095899
        1.6694239403        1.0032653614       -0.0000106191
        1.1355599912        1.0060872130       -0.0000236268
        1.1355599912        1.0060862063       -0.0000236279
        1.6694239403        1.0032647238       -0.0000106176
        2.0087001082        1.0020893944       -0.0000063793
        1.5929206904        1.0035881227       -0.0000120289
        1.5929206904        1.0035877251       -0.0000120285
        2.0087001082        1.0020894217       -0.0000063796
        2.0087001082        1.0020942566       -0.0000063700
        2.0087001082        1.0020938576       -0.0000063689
        1.9455837577        1.0022733299       -0.0000069158
        1.9455837577        1.0022733229       -0.0000069155
