#epsqw diagonal term
#1:q+G [au], 2:Re(eps-1), 3:Im(eps-1)
        2.1871479201        0.9160502888       -0.0004698715
        2.1871479201        0.9160532946       -0.0004698679
        2.1293276070        0.9088488729       -0.0005099400
        1.7425717371        0.8517282149       -0.0006706903
        1.7425717371        0.8517654125       -0.0006699104
        2.1293276070        0.9088602296       -0.0005091165
        2.0698927729        0.9034380146       -0.0005033385
        1.6694239403        0.8369607288       -0.0007105504
        1.6694239403        0.8369473934       -0.0007108867
        2.0698927729        0.9034238544       -0.0005033941
        2.0087001082        0.8946670014       -0.0005470216
        2.0087001082        0.8946712073       -0.0005471960
        2.0698927729        0.9017265527       -0.0005531038
        1.6694239403        0.8348390594       -0.0007439184
        1.6694239403        0.8347801841       -0.0007455822
        2.0698927729        0.9016955920       -0.0005547042
        1.5929206904        0.8153564578       -0.0008129059
        1.0197629759        0.5974627646       -0.0014054956
        1.0197629759        0.5974217531       -0.0014069338
        1.5929206904        0.8153521296       -0.0008132870
        1.5125529278        0.7926976458       -0.0008782413
        0.8890087517        0.5280672602       -0.0016182091
        0.8890087517        0.5280419728       -0.0016184420
        1.5125529278        0.7927202643       -0.0008775456
        1.8803500184        0.8750964424       -0.0006464968
        1.4276681663        0.7648725766       -0.0009606964
        1.4276681663        0.7648464183       -0.0009610145
        1.8803500184        0.8751069531       -0.0006462373
        2.1871479201        0.9154329821       -0.0004988335
        2.1871479201        0.9154301833       -0.0004990675
        1.9455837577        0.8875934142       -0.0005416276
        1.5125529278        0.7948230578       -0.0008655980
        1.5125529278        0.7948280718       -0.0008655147
        1.9455837577        0.8876142392       -0.0005414990
        1.4276681663        0.7662503731       -0.0009539964
        0.7353615397        0.4437927438       -0.0018711785
        0.7353615397        0.4437919176       -0.0018704017
        1.4276681663        0.7662517646       -0.0009539520
        2.1871479201        0.9205301736       -0.0004055673
        1.3374066048        0.7369717615       -0.0010745022
        0.5396078461        0.3392084092       -0.0021771591
        0.5396078461        0.3392565285       -0.0021759324
        1.3374066048        0.7369786440       -0.0010744293
        2.1871479201        0.9205304724       -0.0004055994
        1.7425717371        0.8516827816       -0.0006641623
        1.2405952039        0.6952800671       -0.0011863567
        1.2405952039        0.6952948348       -0.0011860238
        1.7425717371        0.8516650115       -0.0006641845
        2.0698927729        0.9060010071       -0.0004854201
        2.0698927729        0.9060111833       -0.0004850104
        2.1871479201        0.9144549831       -0.0005225935
        1.8127703179        0.8635959036       -0.0006604518
        1.8127703179        0.8635922018       -0.0006604092
        2.1871479201        0.9144478670       -0.0005230239
        1.7425717371        0.8495524839       -0.0007175319
        1.2405952039        0.6926329761       -0.0011795519
        1.2405952039        0.6926640390       -0.0011794549
        1.7425717371        0.8495237240       -0.0007182185
        1.6694239403        0.8342349773       -0.0007476479
        1.1355599912        0.6469098502       -0.0013207886
        1.1355599912        0.6469100889       -0.0013202450
        1.6694239403        0.8342451287       -0.0007478255
        2.0087001082        0.8931547336       -0.0006010798
        1.5929206904        0.8143614540       -0.0008168293
        1.5929206904        0.8143864592       -0.0008160233
        2.0087001082        0.8931763986       -0.0006002136
        2.0087001082        0.8942092636       -0.0005635464
        2.0087001082        0.8942120553       -0.0005632431
        1.9455837577        0.8876268932       -0.0005623170
        1.9455837577        0.8876314197       -0.0005619756
