#epsqw diagonal term
#1:q+G [au], 2:Re(eps-1), 3:Im(eps-1)
        2.1871479201        1.0022873856       -0.0000068386
        2.1871479201        1.0022872847       -0.0000068385
        2.1293276070        1.0024719047       -0.0000075025
        1.7425717371        1.0041200436       -0.0000134048
        1.7425717371        1.0041202600       -0.0000134041
        2.1293276070        1.0024724782       -0.0000075041
        2.0698927729        1.0026791982       -0.0000081027
        1.6694239403        1.0045184314       -0.0000147326
        1.6694239403        1.0045187738       -0.0000147338
        2.0698927729        1.0026799993       -0.0000081047
        2.0087001082        1.0029059632       -0.0000089651
        2.0087001082        1.0029062349       -0.0000089652
        2.0698927729        1.0026765783       -0.0000082214
        1.6694239403        1.0045204262       -0.0000150330
        1.6694239403        1.0045197714       -0.0000150331
        2.0698927729        1.0026760529       -0.0000082198
        1.5929206904        1.0049733267       -0.0000169925
        1.0197629759        1.0094566863       -0.0000398629
        1.0197629759        1.0094554277       -0.0000398621
        1.5929206904        1.0049728523       -0.0000169927
        1.5125529278        1.0054974827       -0.0000189852
        0.8890087517        1.0106048956       -0.0000472276
        0.8890087517        1.0106055615       -0.0000472271
        1.5125529278        1.0054984448       -0.0000189850
        1.8803500184        1.0034391155       -0.0000109657
        1.4276681663        1.0060802991       -0.0000217700
        1.4276681663        1.0060815396       -0.0000217708
        1.8803500184        1.0034400930       -0.0000109672
        2.1871479201        1.0022919473       -0.0000069316
        2.1871479201        1.0022923355       -0.0000069321
        1.9455837577        1.0031673390       -0.0000097022
        1.5125529278        1.0054918548       -0.0000185030
        1.5125529278        1.0054907686       -0.0000185025
        1.9455837577        1.0031663920       -0.0000096995
        1.4276681663        1.0060882712       -0.0000213107
        0.7353615397        1.0118330188       -0.0000573078
        0.7353615397        1.0118297337       -0.0000573109
        1.4276681663        1.0060869850       -0.0000213107
        2.1871479201        1.0022931824       -0.0000067865
        1.3374066048        1.0067788084       -0.0000238072
        0.5396078461        1.0130172084       -0.0000711609
        0.5396078461        1.0130240370       -0.0000711634
        1.3374066048        1.0067794777       -0.0000238070
        2.1871479201        1.0022933521       -0.0000067871
        1.7425717371        1.0041338640       -0.0000132624
        1.2405952039        1.0075445066       -0.0000279874
        1.2405952039        1.0075458819       -0.0000279865
        1.7425717371        1.0041348196       -0.0000132645
        2.0698927729        1.0026783208       -0.0000081006
        2.0698927729        1.0026788051       -0.0000081017
        2.1871479201        1.0022862772       -0.0000068871
        1.8127703179        1.0037615630       -0.0000120827
        1.8127703179        1.0037616163       -0.0000120830
        2.1871479201        1.0022855707       -0.0000068858
        1.7425717371        1.0041154894       -0.0000135178
        1.2405952039        1.0075290946       -0.0000287800
        1.2405952039        1.0075294188       -0.0000287789
        1.7425717371        1.0041149486       -0.0000135168
        1.6694239403        1.0045311550       -0.0000149599
        1.1355599912        1.0084274513       -0.0000330734
        1.1355599912        1.0084288007       -0.0000330762
        1.6694239403        1.0045305363       -0.0000149588
        2.0087001082        1.0029028021       -0.0000090139
        1.5929206904        1.0049762169       -0.0000169285
        1.5929206904        1.0049768731       -0.0000169287
        2.0087001082        1.0029030226       -0.0000090143
        2.0087001082        1.0029095782       -0.0000089997
        2.0087001082        1.0029095093       -0.0000089989
        1.9455837577        1.0031586019       -0.0000097684
        1.9455837577        1.0031584812       -0.0000097679
