#epsqw diagonal term
#1:q+G [au], 2:Re(eps-1), 3:Im(eps-1)
        2.1871479201        1.0032034099       -0.0000098251
        2.1871479201        1.0032034113       -0.0000098251
        2.1293276070        1.0034605649       -0.0000107676
        1.7425717371        1.0057515809       -0.0000191319
        1.7425717371        1.0057518134       -0.0000191306
        2.1293276070        1.0034612317       -0.0000107697
        2.0698927729        1.0037495169       -0.0000116255
        1.6694239403        1.0063039083       -0.0000210064
        1.6694239403        1.0063045062       -0.0000210083
        2.0698927729        1.0037503747       -0.0000116284
        2.0087001082        1.0040649849       -0.0000128476
        2.0087001082        1.0040652219       -0.0000128479
        2.0698927729        1.0037455788       -0.0000117906
        1.6694239403        1.0063074529       -0.0000214290
        1.6694239403        1.0063068111       -0.0000214301
        2.0698927729        1.0037451059       -0.0000117890
        1.5929206904        1.0069355289       -0.0000241878
        1.0197629759        1.0131390773       -0.0000562137
        1.0197629759        1.0131386838       -0.0000562136
        1.5929206904        1.0069358895       -0.0000241885
        1.5125529278        1.0076626071       -0.0000269926
        0.8890087517        1.0147265943       -0.0000664968
        0.8890087517        1.0147276758       -0.0000664994
        1.5125529278        1.0076637161       -0.0000269926
        1.8803500184        1.0048068212       -0.0000156829
        1.4276681663        1.0084705514       -0.0000309010
        1.4276681663        1.0084712536       -0.0000309036
        1.8803500184        1.0048082200       -0.0000156854
        2.1871479201        1.0032093110       -0.0000099531
        2.1871479201        1.0032096157       -0.0000099541
        1.9455837577        1.0044288112       -0.0000138989
        1.5125529278        1.0076548297       -0.0000263181
        1.5125529278        1.0076539955       -0.0000263170
        1.9455837577        1.0044275089       -0.0000138947
        1.4276681663        1.0084800014       -0.0000302574
        0.7353615397        1.0164236897       -0.0000805404
        0.7353615397        1.0164218337       -0.0000805413
        1.4276681663        1.0084790340       -0.0000302572
        2.1871479201        1.0032105837       -0.0000097531
        1.3374066048        1.0094371415       -0.0000337759
        0.5396078461        1.0180610425       -0.0000997827
        0.5396078461        1.0180644105       -0.0000997837
        1.3374066048        1.0094373121       -0.0000337754
        2.1871479201        1.0032107240       -0.0000097534
        1.7425717371        1.0057723610       -0.0000189380
        1.2405952039        1.0104990580       -0.0000396223
        1.2405952039        1.0104992731       -0.0000396203
        1.7425717371        1.0057735512       -0.0000189413
        2.0698927729        1.0037473698       -0.0000116209
        2.0698927729        1.0037478514       -0.0000116225
        2.1871479201        1.0032016276       -0.0000098919
        1.8127703179        1.0052546239       -0.0000172656
        1.8127703179        1.0052542902       -0.0000172652
        2.1871479201        1.0032005935       -0.0000098895
        1.7425717371        1.0057459939       -0.0000192904
        1.2405952039        1.0104743188       -0.0000407188
        1.2405952039        1.0104730588       -0.0000407147
        1.7425717371        1.0057447606       -0.0000192883
        1.6694239403        1.0063230987       -0.0000213314
        1.1355599912        1.0117158505       -0.0000467253
        1.1355599912        1.0117168570       -0.0000467301
        1.6694239403        1.0063224658       -0.0000213298
        2.0087001082        1.0040593021       -0.0000129101
        1.5929206904        1.0069401224       -0.0000240979
        1.5929206904        1.0069402418       -0.0000240979
        2.0087001082        1.0040595340       -0.0000129105
        2.0087001082        1.0040680816       -0.0000128881
        2.0087001082        1.0040677443       -0.0000128865
        1.9455837577        1.0044141854       -0.0000139817
        1.9455837577        1.0044139635       -0.0000139810
