#epsqw diagonal term
#1:q+G [au], 2:Re(eps-1), 3:Im(eps-1)
        2.1871479201        0.9068881898       -0.0211679054
        2.1871479201        0.9067431853       -0.0211775670
        2.1293276070        0.8995094821       -0.0233944154
        1.7425717371        0.8371872870       -0.0324362862
        1.7425717371        0.8370470205       -0.0327079166
        2.1293276070        0.8994123647       -0.0236276529
        2.0698927729        0.8964941242       -0.0202601738
        1.6694239403        0.8252444318       -0.0273863362
        1.6694239403        0.8253972316       -0.0272003640
        2.0698927729        0.8963589440       -0.0204000817
        2.0087001082        0.8844226365       -0.0245158835
        2.0087001082        0.8844487998       -0.0244827892
        2.0698927729        0.8922672290       -0.0218176253
        1.6694239403        0.8223240544       -0.0320452144
        1.6694239403        0.8220932639       -0.0319282728
        2.0698927729        0.8922865759       -0.0217793873
        1.5929206904        0.8051635227       -0.0366049773
        1.0197629759        0.5637597253       -0.0407585227
        1.0197629759        0.5636605672       -0.0410132913
        1.5929206904        0.8049307497       -0.0364122554
        1.5125529278        0.7821029171       -0.0318782536
        0.8890087517        0.4944980773       -0.0438437938
        0.8890087517        0.4948119777       -0.0437892153
        1.5125529278        0.7824144596       -0.0315859518
        1.8803500184        0.8657745279       -0.0268479247
        1.4276681663        0.7534860259       -0.0346355973
        1.4276681663        0.7534473518       -0.0347101744
        1.8803500184        0.8660340263       -0.0264378355
        2.1871479201        0.9072520184       -0.0257787391
        2.1871479201        0.9074452873       -0.0258179940
        1.9455837577        0.8824620011       -0.0175963129
        1.5125529278        0.7858124609       -0.0282846913
        1.5125529278        0.7856174798       -0.0279889977
        1.9455837577        0.8825972823       -0.0174728806
        1.4276681663        0.7581836932       -0.0331767326
        0.7353615397        0.4110366734       -0.0656057799
        0.7353615397        0.4110114674       -0.0655408592
        1.4276681663        0.7582719514       -0.0331447277
        2.1871479201        0.9189304842       -0.0130189626
        1.3374066048        0.7257311648       -0.0375472957
        0.5396078461        0.3197741525       -0.1134525865
        0.5396078461        0.3224447383       -0.1132527149
        1.3374066048        0.7255975788       -0.0372446394
        2.1871479201        0.9188109463       -0.0131038672
        1.7425717371        0.8455630398       -0.0222882172
        1.2405952039        0.6845125024       -0.0371763149
        1.2405952039        0.6842380945       -0.0374474588
        1.7425717371        0.8458620532       -0.0216302210
        2.0698927729        0.9018030510       -0.0188417698
        2.0698927729        0.9016956761       -0.0185897659
        2.1871479201        0.9058074360       -0.0182073505
        1.8127703179        0.8517948009       -0.0270771142
        1.8127703179        0.8517026491       -0.0270233955
        2.1871479201        0.9057397620       -0.0181519702
        1.7425717371        0.8386646210       -0.0306229164
        1.2405952039        0.6765021246       -0.0352402716
        1.2405952039        0.6762449464       -0.0349000120
        1.7425717371        0.8384418411       -0.0306779228
        1.6694239403        0.8253734892       -0.0269051673
        1.1355599912        0.6281653334       -0.0375189194
        1.1355599912        0.6283830755       -0.0372677817
        1.6694239403        0.8251006248       -0.0270527193
        2.0087001082        0.8835352236       -0.0225358503
        1.5929206904        0.8030373004       -0.0317196645
        1.5929206904        0.8029579863       -0.0316668986
        2.0087001082        0.8835059402       -0.0223793584
        2.0087001082        0.8869953819       -0.0297544680
        2.0087001082        0.8866059965       -0.0296771069
        1.9455837577        0.8820595693       -0.0238694146
        1.9455837577        0.8819345492       -0.0239351614
