#epsqw diagonal term
#1:q+G [au], 2:Re(eps-1), 3:Im(eps-1)
        2.1871479201        0.9156624264       -0.0004949950
        2.1871479201        0.9156652347       -0.0004950376
        2.1293276070        0.9084186424       -0.0005384062
        1.7425717371        0.8512378149       -0.0006982642
        1.7425717371        0.8512764773       -0.0006973614
        2.1293276070        0.9084318137       -0.0005373989
        2.0698927729        0.9030413154       -0.0005283433
        1.6694239403        0.8364457032       -0.0007395093
        1.6694239403        0.8364318460       -0.0007398854
        2.0698927729        0.9030270022       -0.0005284203
        2.0087001082        0.8942299800       -0.0005746182
        2.0087001082        0.8942337382       -0.0005748279
        2.0698927729        0.9012221881       -0.0005917118
        1.6694239403        0.8342453230       -0.0007847280
        1.6694239403        0.8341824809       -0.0007868778
        2.0698927729        0.9011869358       -0.0005938834
        1.5929206904        0.8147061891       -0.0008564243
        1.0197629759        0.5963263742       -0.0014669309
        1.0197629759        0.5962814342       -0.0014688150
        1.5929206904        0.8147003344       -0.0008570617
        1.5125529278        0.7920026537       -0.0009250409
        0.8890087517        0.5266679614       -0.0016921719
        0.8890087517        0.5266420514       -0.0016924337
        1.5125529278        0.7920271266       -0.0009241034
        1.8803500184        0.8745195991       -0.0006906842
        1.4276681663        0.7641283062       -0.0010079466
        1.4276681663        0.7641024595       -0.0010080667
        1.8803500184        0.8745314741       -0.0006900946
        2.1871479201        0.9149821676       -0.0005316753
        2.1871479201        0.9149787056       -0.0005319644
        1.9455837577        0.8871909792       -0.0005654079
        1.5125529278        0.7941692180       -0.0009044807
        1.5125529278        0.7941743194       -0.0009043946
        1.9455837577        0.8872120319       -0.0005652700
        1.4276681663        0.7655362618       -0.0009951450
        0.7353615397        0.4420231191       -0.0019601892
        0.7353615397        0.4420255726       -0.0019590004
        1.4276681663        0.7655375363       -0.0009951378
        2.1871479201        0.9202295247       -0.0004234461
        1.3374066048        0.7361439943       -0.0011214175
        0.5396078461        0.3368510156       -0.0022934511
        0.5396078461        0.3369040628       -0.0022916432
        1.3374066048        0.7361508123       -0.0011213684
        2.1871479201        0.9202295755       -0.0004235224
        1.7425717371        0.8511944248       -0.0006924691
        1.2405952039        0.6943830179       -0.0012335102
        1.2405952039        0.6943992159       -0.0012329480
        1.7425717371        0.8511771705       -0.0006923705
        2.0698927729        0.9056197205       -0.0005089404
        2.0698927729        0.9056306439       -0.0005084592
        2.1871479201        0.9139467673       -0.0005633651
        1.8127703179        0.8630583162       -0.0006968440
        1.8127703179        0.8630543352       -0.0006969107
        2.1871479201        0.9139381248       -0.0005640630
        1.7425717371        0.8489562916       -0.0007589146
        1.2405952039        0.6917341517       -0.0012285264
        1.2405952039        0.6917647088       -0.0012285827
        1.7425717371        0.8489256968       -0.0007598613
        1.6694239403        0.8336453910       -0.0007861218
        1.1355599912        0.6458898393       -0.0013732387
        1.1355599912        0.6458909680       -0.0013726290
        1.6694239403        0.8336546722       -0.0007864289
        2.0087001082        0.8925951204       -0.0006439963
        1.5929206904        0.8137225590       -0.0008574966
        1.5929206904        0.8137496048       -0.0008564334
        2.0087001082        0.8926191111       -0.0006428305
        2.0087001082        0.8937472366       -0.0005930723
        2.0087001082        0.8937510628       -0.0005926241
        1.9455837577        0.8871885297       -0.0005889769
        1.9455837577        0.8871941895       -0.0005884740
