#epsqw diagonal term
#1:q+G [au], 2:Re(eps-1), 3:Im(eps-1)
        2.1871479201        0.9159517969       -0.0004759260
        2.1871479201        0.9159547597       -0.0004759318
        2.1293276070        0.9087397138       -0.0005167979
        1.7425717371        0.8516029536       -0.0006774673
        1.7425717371        0.8516405193       -0.0006766572
        2.1293276070        0.9087515216       -0.0005159297
        2.0698927729        0.9033371675       -0.0005093782
        1.6694239403        0.8368291626       -0.0007176908
        1.6694239403        0.8368156944       -0.0007180368
        2.0698927729        0.9033229712       -0.0005094381
        2.0087001082        0.8945559087       -0.0005536900
        2.0087001082        0.8945600010       -0.0005538736
        2.0698927729        0.9015996631       -0.0005621536
        1.6694239403        0.8346889837       -0.0007535371
        1.6694239403        0.8346291438       -0.0007553110
        2.0698927729        0.9015676683       -0.0005638826
        1.5929206904        0.8151918390       -0.0008232251
        1.0197629759        0.5971728401       -0.0014203877
        1.0197629759        0.5971308647       -0.0014219298
        1.5929206904        0.8151871544       -0.0008236614
        1.5125529278        0.7925218394       -0.0008893025
        0.8890087517        0.5277098845       -0.0016362904
        0.8890087517        0.5276844373       -0.0016365321
        1.5125529278        0.7925449045       -0.0008885524
        1.8803500184        0.8749513867       -0.0006568165
        1.4276681663        0.7646838457       -0.0009719005
        1.4276681663        0.7646577261       -0.0009721820
        1.8803500184        0.8749621885       -0.0006564925
        2.1871479201        0.9153191600       -0.0005066241
        2.1871479201        0.9153161921       -0.0005068736
        1.9455837577        0.8874907946       -0.0005474506
        1.5125529278        0.7946564577       -0.0008751187
        1.5125529278        0.7946614953       -0.0008750343
        1.9455837577        0.8875116795       -0.0005473190
        1.4276681663        0.7660682598       -0.0009640689
        0.7353615397        0.4433398568       -0.0018931692
        0.7353615397        0.4433398215       -0.0018922977
        1.4276681663        0.7660696282       -0.0009640322
        2.1871479201        0.9204534845       -0.0004099675
        1.3374066048        0.7367604432       -0.0010860570
        0.5396078461        0.3386045211       -0.0022060304
        0.5396078461        0.3386538399       -0.0022046682
        1.3374066048        0.7367673143       -0.0010859890
        2.1871479201        0.9204537255       -0.0004100094
        1.7425717371        0.8515581767       -0.0006711145
        1.2405952039        0.6950505474       -0.0011980231
        1.2405952039        0.6950656521       -0.0011976394
        1.7425717371        0.8515405187       -0.0006711117
        2.0698927729        0.9059038716       -0.0004911967
        2.0698927729        0.9059142332       -0.0004907704
        2.1871479201        0.9143274520       -0.0005321153
        1.8127703179        0.8634597925       -0.0006691215
        1.8127703179        0.8634560415       -0.0006690995
        2.1871479201        0.9143199836       -0.0005326031
        1.7425717371        0.8494017329       -0.0007273568
        1.2405952039        0.6924034759       -0.0011915088
        1.2405952039        0.6924344364       -0.0011914430
        1.7425717371        0.8493725367       -0.0007281006
        1.6694239403        0.8340854562       -0.0007568623
        1.1355599912        0.6466488190       -0.0013337289
        1.1355599912        0.6466492853       -0.0013331690
        1.6694239403        0.8340954019       -0.0007570686
        2.0087001082        0.8930139070       -0.0006111827
        1.5929206904        0.8141992759       -0.0008265739
        1.5929206904        0.8142247766       -0.0008257095
        2.0087001082        0.8930361354       -0.0006102484
        2.0087001082        0.8940917947       -0.0005707131
        2.0087001082        0.8940948350       -0.0005703765
        1.9455837577        0.8875151748       -0.0005688522
        1.9455837577        0.8875199744       -0.0005684730
