#epsqw diagonal term
#1:q+G [au], 2:Re(eps-1), 3:Im(eps-1)
        2.1871479201        0.9092592948       -0.0041085571
        2.1871479201        0.9092768062       -0.0041335751
        2.1293276070        0.9014389130       -0.0047924772
        1.7425717371        0.8422089025       -0.0043872587
        1.7425717371        0.8422773333       -0.0043615150
        2.1293276070        0.9014599823       -0.0047041780
        2.0698927729        0.8962185308       -0.0039612664
        1.6694239403        0.8264709600       -0.0051406445
        1.6694239403        0.8264505724       -0.0051183363
        2.0698927729        0.8962120238       -0.0039670166
        2.0087001082        0.8867220625       -0.0044569026
        2.0087001082        0.8867360440       -0.0044793789
        2.0698927729        0.8947081365       -0.0061798827
        1.6694239403        0.8263643174       -0.0060687410
        1.6694239403        0.8263231518       -0.0062147056
        2.0698927729        0.8947223462       -0.0063113561
        1.5929206904        0.8053220273       -0.0068208704
        1.0197629759        0.5791790490       -0.0116439883
        1.0197629759        0.5790366639       -0.0119591247
        1.5929206904        0.8053170588       -0.0069341074
        1.5125529278        0.7824957824       -0.0075417778
        0.8890087517        0.5039421380       -0.0155079466
        0.8890087517        0.5040891197       -0.0155084188
        1.5125529278        0.7826314883       -0.0073915121
        1.8803500184        0.8667447069       -0.0068477961
        1.4276681663        0.7527720580       -0.0071327862
        1.4276681663        0.7527832940       -0.0071172783
        1.8803500184        0.8667882614       -0.0067919502
        2.1871479201        0.9081781021       -0.0054592727
        2.1871479201        0.9082304373       -0.0055629015
        1.9455837577        0.8796898172       -0.0041125245
        1.5125529278        0.7822403643       -0.0080593789
        1.5125529278        0.7821730607       -0.0080171282
        1.9455837577        0.8796666831       -0.0040895489
        1.4276681663        0.7525599685       -0.0083105056
        0.7353615397        0.4108975474       -0.0165335434
        0.7353615397        0.4106708374       -0.0163767393
        1.4276681663        0.7525030649       -0.0083530473
        2.1871479201        0.9142388572       -0.0033584598
        1.3374066048        0.7203181056       -0.0096074745
        0.5396078461        0.2935632761       -0.0194636535
        0.5396078461        0.2936344440       -0.0188876255
        1.3374066048        0.7203835774       -0.0095709661
        2.1871479201        0.9142566227       -0.0033810805
        1.7425717371        0.8420288991       -0.0053177333
        1.2405952039        0.6763036581       -0.0086872315
        1.2405952039        0.6762596394       -0.0085328207
        1.7425717371        0.8419293005       -0.0053139544
        2.0698927729        0.8979905004       -0.0045836774
        2.0698927729        0.8980164346       -0.0045682987
        2.1871479201        0.9077674180       -0.0064723105
        1.8127703179        0.8549723171       -0.0058079742
        1.8127703179        0.8549449638       -0.0058047235
        2.1871479201        0.9077611939       -0.0065827841
        1.7425717371        0.8400560378       -0.0066885572
        1.2405952039        0.6755272412       -0.0075038643
        1.2405952039        0.6755164554       -0.0075633527
        1.7425717371        0.8400009032       -0.0067865644
        1.6694239403        0.8244445058       -0.0063321293
        1.1355599912        0.6264648450       -0.0077974518
        1.1355599912        0.6264877251       -0.0078514125
        1.6694239403        0.8245312798       -0.0063447786
        2.0087001082        0.8850539841       -0.0072354195
        1.5929206904        0.8032522395       -0.0064562099
        1.5929206904        0.8032816762       -0.0064170408
        2.0087001082        0.8850186707       -0.0071452167
        2.0087001082        0.8854352159       -0.0047747536
        2.0087001082        0.8853176508       -0.0047592224
        1.9455837577        0.8784412967       -0.0047259597
        1.9455837577        0.8783829727       -0.0045949536
