#epsqw diagonal term
#1:q+G [au], 2:Re(eps-1), 3:Im(eps-1)
        2.1871479201        0.9158785981       -0.0004805572
        2.1871479201        0.9158815260       -0.0004805709
        2.1293276070        0.9086585460       -0.0005220455
        1.7425717371        0.8515101663       -0.0006825978
        1.7425717371        0.8515480076       -0.0006817648
        2.1293276070        0.9086706936       -0.0005211432
        2.0698927729        0.9032622658       -0.0005139923
        1.6694239403        0.8367317066       -0.0007230880
        1.6694239403        0.8367181407       -0.0007234415
        2.0698927729        0.9032480420       -0.0005140558
        2.0087001082        0.8944733947       -0.0005587834
        2.0087001082        0.8944774028       -0.0005589738
        2.0698927729        0.9015048664       -0.0005691790
        1.6694239403        0.8345771675       -0.0007609809
        1.6694239403        0.8345165937       -0.0007628420
        2.0698927729        0.9014720797       -0.0005710103
        1.5929206904        0.8150692909       -0.0008311859
        1.0197629759        0.5969579492       -0.0014317460
        1.0197629759        0.5969152437       -0.0014333691
        1.5929206904        0.8150643293       -0.0008316671
        1.5125529278        0.7923909073       -0.0008978511
        0.8890087517        0.5274451426       -0.0016500224
        0.8890087517        0.5274195778       -0.0016502702
        1.5125529278        0.7924143160       -0.0008970579
        1.8803500184        0.8748429935       -0.0006648426
        1.4276681663        0.7645434874       -0.0009805423
        1.4276681663        0.7645174145       -0.0009807914
        1.8803500184        0.8748540352       -0.0006644632
        2.1871479201        0.9152342925       -0.0005126336
        2.1871479201        0.9152311997       -0.0005128942
        1.9455837577        0.8874147036       -0.0005518683
        1.5125529278        0.7945328662       -0.0008823444
        1.5125529278        0.7945379194       -0.0008822592
        1.9455837577        0.8874356311       -0.0005517347
        1.4276681663        0.7659332305       -0.0009717134
        0.7353615397        0.4430047419       -0.0019097771
        0.7353615397        0.4430053125       -0.0019088309
        1.4276681663        0.7659345786       -0.0009716831
        2.1871479201        0.9203966272       -0.0004132974
        1.3374066048        0.7366038474       -0.0010947986
        0.5396078461        0.3381579136       -0.0022277755
        0.5396078461        0.3382081468       -0.0022263075
        1.3374066048        0.7366107077       -0.0010947347
        2.1871479201        0.9203968233       -0.0004133472
        1.7425717371        0.8514658128       -0.0006763813
        1.2405952039        0.6948806869       -0.0012068258
        1.2405952039        0.6948960526       -0.0012064013
        1.7425717371        0.8514482460       -0.0006763576
        2.0698927729        0.9058318019       -0.0004955732
        2.0698927729        0.9058423032       -0.0004951341
        2.1871479201        0.9142320368       -0.0005395230
        1.8127703179        0.8633584705       -0.0006757943
        1.8127703179        0.8633546724       -0.0006757904
        2.1871479201        0.9142242901       -0.0005400575
        1.7425717371        0.8492894298       -0.0007349328
        1.2405952039        0.6922334463       -0.0012005928
        1.2405952039        0.6922643181       -0.0012005531
        1.7425717371        0.8492598952       -0.0007357227
        1.6694239403        0.8339742509       -0.0007639351
        1.1355599912        0.6464556684       -0.0013435060
        1.1355599912        0.6464563019       -0.0013429337
        1.6694239403        0.8339840367       -0.0007641645
        2.0087001082        0.8929087084       -0.0006190095
        1.5929206904        0.8140787252       -0.0008340504
        1.5929206904        0.8141046034       -0.0008331398
        2.0087001082        0.8929313666       -0.0006180213
        2.0087001082        0.8940045492       -0.0005761749
        2.0087001082        0.8940077803       -0.0005758120
        1.9455837577        0.8874323091       -0.0005738071
        1.9455837577        0.8874373179       -0.0005733985
