#epsqw diagonal term
#1:q+G [au], 2:Re(eps-1), 3:Im(eps-1)
        2.1871479201        0.9500191250       -0.0729788584
        2.1871479201        0.9496263588       -0.0723323718
        2.1293276070        0.9423528874       -0.0813694214
        1.7425717371        0.8835673297       -0.1788232659
        1.7425717371        0.8843145637       -0.1795316938
        2.1293276070        0.9423301537       -0.0808836372
        2.0698927729        0.9386636748       -0.0890691005
        1.6694239403        0.8988227802       -0.2089629140
        1.6694239403        0.8979030980       -0.2078102110
        2.0698927729        0.9398404433       -0.0894827187
        2.0087001082        0.9271637088       -0.0989865738
        2.0087001082        0.9290218800       -0.0990564688
        2.0698927729        0.9321823799       -0.0871034636
        1.6694239403        0.8668389017       -0.1963075870
        1.6694239403        0.8655107990       -0.1957092360
        2.0698927729        0.9318485300       -0.0876332804
        1.5929206904        0.8592262645       -0.2235455032
        1.0197629759        0.5383912512       -0.4811418914
        1.0197629759        0.5341930516       -0.4823044549
        1.5929206904        0.8576639258       -0.2219527269
        1.5125529278        0.8270733228       -0.2569893190
        0.8890087517        0.4709886353       -0.6061819290
        0.8890087517        0.4660275915       -0.5988485539
        1.5125529278        0.8260765203       -0.2576727321
        1.8803500184        0.9110998768       -0.1220158392
        1.4276681663        0.8243275362       -0.3077878761
        1.4276681663        0.8221583301       -0.3104056485
        1.8803500184        0.9118105839       -0.1218290213
        2.1871479201        0.9436824403       -0.0707426903
        2.1871479201        0.9437081995       -0.0701197773
        1.9455837577        0.9215616078       -0.1087002282
        1.5125529278        0.8695929318       -0.2740266904
        1.5125529278        0.8700676430       -0.2764148429
        1.9455837577        0.9202295191       -0.1095865492
        1.4276681663        0.8066688995       -0.3076302671
        0.7353615397        0.3702169806       -0.6747995226
        0.7353615397        0.3716860307       -0.6801198153
        1.4276681663        0.8059053363       -0.3064690226
        2.1871479201        0.9522283532       -0.0636657854
        1.3374066048        0.8120729276       -0.3447554467
        0.5396078461        0.1644625578       -0.7133039560
        0.5396078461        0.1637004446       -0.7116103061
        1.3374066048        0.8109967971       -0.3456757323
        2.1871479201        0.9518873442       -0.0634446751
        1.7425717371        0.8694782224       -0.1655717266
        1.2405952039        0.7429806937       -0.4209143501
        1.2405952039        0.7395223073       -0.4225624713
        1.7425717371        0.8706313344       -0.1658891034
        2.0698927729        0.9417364085       -0.0813149793
        2.0698927729        0.9421374282       -0.0805657066
        2.1871479201        0.9416135267       -0.0639274300
        1.8127703179        0.9003202322       -0.1400833591
        1.8127703179        0.8987369959       -0.1399185142
        2.1871479201        0.9411697355       -0.0639294082
        1.7425717371        0.8887853972       -0.1596388767
        1.2405952039        0.7887662203       -0.4448812641
        1.2405952039        0.7911162243       -0.4453599054
        1.7425717371        0.8878856221       -0.1598346728
        1.6694239403        0.8595409924       -0.1857790549
        1.1355599912        0.7031604234       -0.5237187627
        1.1355599912        0.7077606806       -0.5268615327
        1.6694239403        0.8592010654       -0.1858497851
        2.0087001082        0.9160785790       -0.0822983087
        1.5929206904        0.8560140755       -0.2177327010
        1.5929206904        0.8563275948       -0.2186220222
        2.0087001082        0.9163758299       -0.0822718799
        2.0087001082        0.9219464835       -0.1023545554
        2.0087001082        0.9229483196       -0.1025542775
        1.9455837577        0.9280742429       -0.1113544907
        1.9455837577        0.9272839003       -0.1114278946
