#epsqw diagonal term
#1:q+G [au], 2:Re(eps-1), 3:Im(eps-1)
        2.1871479201        0.9275306355       -0.0263562612
        2.1871479201        0.9273989143       -0.0262036926
        2.1293276070        0.9205590448       -0.0284435806
        1.7425717371        0.8541298568       -0.0283816534
        1.7425717371        0.8541320030       -0.0282045200
        2.1293276070        0.9207292077       -0.0282247437
        2.0698927729        0.9106414417       -0.0276463336
        1.6694239403        0.8323797173       -0.0274015948
        1.6694239403        0.8325588841       -0.0274650577
        2.0698927729        0.9107613628       -0.0276798395
        2.0087001082        0.9037921030       -0.0280156732
        2.0087001082        0.9037892333       -0.0280652739
        2.0698927729        0.9165278189       -0.0323190081
        1.6694239403        0.8365368752       -0.0323467463
        1.6694239403        0.8368408590       -0.0320218744
        2.0698927729        0.9166668358       -0.0321381792
        1.5929206904        0.8193644982       -0.0332515789
        1.0197629759        0.5479739283       -0.0833270005
        1.0197629759        0.5485566753       -0.0828897295
        1.5929206904        0.8199493553       -0.0332958693
        1.5125529278        0.7891666922       -0.0383295608
        0.8890087517        0.4504009289       -0.1088182155
        0.8890087517        0.4496077800       -0.1092018494
        1.5125529278        0.7889717854       -0.0384896432
        1.8803500184        0.8872697200       -0.0302214831
        1.4276681663        0.7566368492       -0.0424210744
        1.4276681663        0.7566617685       -0.0426566096
        1.8803500184        0.8872103768       -0.0302931383
        2.1871479201        0.9272185709       -0.0278075666
        2.1871479201        0.9271805529       -0.0279073176
        1.9455837577        0.8932716153       -0.0311637453
        1.5125529278        0.7834466798       -0.0357646371
        1.5125529278        0.7834844104       -0.0358997331
        1.9455837577        0.8931824358       -0.0314550913
        1.4276681663        0.7516946219       -0.0404021120
        0.7353615397        0.3400559030       -0.1275259267
        0.7353615397        0.3398651230       -0.1272433629
        1.4276681663        0.7519702061       -0.0402458210
        2.1871479201        0.9228145683       -0.0287480667
        1.3374066048        0.7237065548       -0.0482255095
        0.5396078461        0.2057586127       -0.1847779187
        0.5396078461        0.2029597832       -0.1848077184
        1.3374066048        0.7233691594       -0.0483173423
        2.1871479201        0.9228284063       -0.0288035810
        1.7425717371        0.8566529271       -0.0311479221
        1.2405952039        0.6706480896       -0.0566357732
        1.2405952039        0.6698320456       -0.0564924179
        1.7425717371        0.8565885598       -0.0309870470
        2.0698927729        0.9123881520       -0.0292151226
        2.0698927729        0.9123322537       -0.0293719091
        2.1871479201        0.9318062260       -0.0268169786
        1.8127703179        0.8704803665       -0.0300875627
        1.8127703179        0.8706615973       -0.0301884637
        2.1871479201        0.9316158403       -0.0271380103
        1.7425717371        0.8565256233       -0.0309267079
        1.2405952039        0.6640667112       -0.0602602965
        1.2405952039        0.6643312967       -0.0598717324
        1.7425717371        0.8564402643       -0.0310191723
        1.6694239403        0.8386968802       -0.0334495854
        1.1355599912        0.6063561094       -0.0710901220
        1.1355599912        0.6069503055       -0.0709382059
        1.6694239403        0.8385431926       -0.0337302058
        2.0087001082        0.9102106833       -0.0253249046
        1.5929206904        0.8171325514       -0.0328179945
        1.5929206904        0.8170888785       -0.0326993229
        2.0087001082        0.9101509924       -0.0254296618
        2.0087001082        0.9027851956       -0.0274582621
        2.0087001082        0.9026671884       -0.0273648908
        1.9455837577        0.8937610881       -0.0276179580
        1.9455837577        0.8934455960       -0.0274752969
