#epsqw diagonal term
#1:q+G [au], 2:Re(eps-1), 3:Im(eps-1)
        2.1871479201        0.9160816456       -0.0004679837
        2.1871479201        0.9160846641       -0.0004679774
        2.1293276070        0.9088836119       -0.0005078025
        1.7425717371        0.8517681887       -0.0006685617
        1.7425717371        0.8518052692       -0.0006677912
        2.1293276070        0.9088948264       -0.0005069928
        2.0698927729        0.9034701358       -0.0005014535
        1.6694239403        0.8370027144       -0.0007083056
        1.6694239403        0.8369894205       -0.0007086388
        2.0698927729        0.9034559861       -0.0005015079
        2.0087001082        0.8947023849       -0.0005449401
        2.0087001082        0.8947066272       -0.0005451116
        2.0698927729        0.9017667991       -0.0005503118
        1.6694239403        0.8348867557       -0.0007409438
        1.6694239403        0.8348281812       -0.0007425742
        2.0698927729        0.9017361603       -0.0005518732
        1.5929206904        0.8154088075       -0.0008097076
        1.0197629759        0.5975552514       -0.0014008431
        1.0197629759        0.5975145415       -0.0014022494
        1.5929206904        0.8154045878       -0.0008100723
        1.5125529278        0.7927535360       -0.0008748177
        0.8890087517        0.5281813043       -0.0016125439
        0.8890087517        0.5281560678       -0.0016127740
        1.5125529278        0.7927760148       -0.0008741383
        1.8803500184        0.8751424448       -0.0006433171
        1.4276681663        0.7649326386       -0.0009572230
        1.4276681663        0.7649064717       -0.0009575512
        1.8803500184        0.8751528682       -0.0006430760
        2.1871479201        0.9154691349       -0.0004964188
        2.1871479201        0.9154663893       -0.0004966478
        1.9455837577        0.8876261392       -0.0005398016
        1.5125529278        0.7948761652       -0.0008626139
        1.5125529278        0.7948811721       -0.0008625311
        1.9455837577        0.8876469451       -0.0005396741
        1.4276681663        0.7663084496       -0.0009508392
        0.7353615397        0.4439373844       -0.0018642614
        0.7353615397        0.4439363128       -0.0018635134
        1.4276681663        0.7663098476       -0.0009507925
        2.1871479201        0.9205546316       -0.0004041852
        1.3374066048        0.7370391780       -0.0010708723
        0.5396078461        0.3394013506       -0.0021680598
        0.5396078461        0.3394490954       -0.0021668746
        1.3374066048        0.7370460627       -0.0010707981
        2.1871479201        0.9205549478       -0.0004042144
        1.7425717371        0.8517225270       -0.0006619803
        1.2405952039        0.6953533613       -0.0011826845
        1.2405952039        0.6953680258       -0.0011823669
        1.7425717371        0.8517047226       -0.0006620098
        2.0698927729        0.9060319679       -0.0004836072
        2.0698927729        0.9060420852       -0.0004832026
        2.1871479201        0.9144953884       -0.0005196606
        1.8127703179        0.8636391863       -0.0006577606
        1.8127703179        0.8636354982       -0.0006577121
        2.1871479201        0.9144883807       -0.0005200741
        1.7425717371        0.8496003957       -0.0007144862
        1.2405952039        0.6927062073       -0.0011758058
        1.2405952039        0.6927373005       -0.0011756998
        1.7425717371        0.8495717719       -0.0007151557
        1.6694239403        0.8342825548       -0.0007447823
        1.1355599912        0.6469932170       -0.0013167188
        1.1355599912        0.6469933846       -0.0013161804
        1.6694239403        0.8342927697       -0.0007449513
        2.0087001082        0.8931994013       -0.0005979587
        1.5929206904        0.8144130803       -0.0008137975
        1.5929206904        0.8144379313       -0.0008130092
        2.0087001082        0.8932208907       -0.0005971132
        2.0087001082        0.8942466782       -0.0005613062
        2.0087001082        0.8942493925       -0.0005610130
        1.9455837577        0.8876625089       -0.0005602668
        1.9455837577        0.8876669511       -0.0005599370
