#epsqw diagonal term
#1:q+G [au], 2:Re(eps-1), 3:Im(eps-1)
        2.1871479201        0.9153055184       -0.0005222703
        2.1871479201        0.9153080599       -0.0005223892
        2.1293276070        0.9080219799       -0.0005692303
        1.7425717371        0.8507946897       -0.0007262327
        1.7425717371        0.8508347209       -0.0007252127
        2.1293276070        0.9080368918       -0.0005680447
        2.0698927729        0.9026774261       -0.0005553163
        1.6694239403        0.8359808063       -0.0007684582
        1.6694239403        0.8359664684       -0.0007688747
        2.0698927729        0.9026629371       -0.0005554277
        2.0087001082        0.8938290986       -0.0006043328
        2.0087001082        0.8938324540       -0.0006045669
        2.0698927729        0.9007445730       -0.0006374299
        1.6694239403        0.8336903238       -0.0008324022
        1.6694239403        0.8336233735       -0.0008351680
        2.0698927729        0.9007047875       -0.0006403279
        1.5929206904        0.8141014541       -0.0009062714
        1.0197629759        0.5952947580       -0.0015320769
        1.0197629759        0.5952458665       -0.0015344812
        1.5929206904        0.8140938395       -0.0009072806
        1.5125529278        0.7913548083       -0.0009791132
        0.8890087517        0.5254029876       -0.0017680514
        0.8890087517        0.5253765537       -0.0017683035
        1.5125529278        0.7913812392       -0.0009778620
        1.8803500184        0.8739722492       -0.0007436728
        1.4276681663        0.7634390503       -0.0010622706
        1.4276681663        0.7634139827       -0.0010620012
        1.8803500184        0.8739860475       -0.0007424928
        2.1871479201        0.9145600180       -0.0005691894
        2.1871479201        0.9145559836       -0.0005694921
        1.9455837577        0.8868256579       -0.0005897511
        1.5125529278        0.7935748493       -0.0009440279
        1.5125529278        0.7935800160       -0.0009439478
        1.9455837577        0.8868468955       -0.0005896156
        1.4276681663        0.7648883630       -0.0010371657
        0.7353615397        0.4404340386       -0.0020481774
        0.7353615397        0.4404399018       -0.0020465130
        1.4276681663        0.7648894607       -0.0010372148
        2.1871479201        0.9199571086       -0.0004413683
        1.3374066048        0.7353957188       -0.0011682468
        0.5396078461        0.3347403110       -0.0024067201
        0.5396078461        0.3347983787       -0.0024042518
        1.3374066048        0.7354024235       -0.0011682306
        2.1871479201        0.9199568747       -0.0004415022
        1.7425717371        0.8507520938       -0.0007210571
        1.2405952039        0.6935769933       -0.0012800520
        1.2405952039        0.6935947902       -0.0012791877
        1.7425717371        0.8507355233       -0.0007207737
        2.0698927729        0.9052730509       -0.0005326695
        2.0698927729        0.9052847087       -0.0005321005
        2.1871479201        0.9134620970       -0.0006120116
        1.8127703179        0.8625590014       -0.0007377932
        1.8127703179        0.8625545116       -0.0007380620
        2.1871479201        0.9134516657       -0.0006130973
        1.7425717371        0.8484003859       -0.0008059302
        1.2405952039        0.6909205524       -0.0012793348
        1.2405952039        0.6909503493       -0.0012796442
        1.7425717371        0.8483677889       -0.0008072337
        1.6694239403        0.8331006884       -0.0008285841
        1.1355599912        0.6449732598       -0.0014256696
        1.1355599912        0.6449752040       -0.0014249911
        1.6694239403        0.8331090121       -0.0008290620
        2.0087001082        0.8920661348       -0.0006939387
        1.5929206904        0.8131336333       -0.0009024701
        1.5929206904        0.8131628013       -0.0009010830
        2.0087001082        0.8920925516       -0.0006924041
        2.0087001082        0.8933239836       -0.0006243001
        2.0087001082        0.8933288947       -0.0006236849
        1.9455837577        0.8867900674       -0.0006162019
        1.9455837577        0.8867969062       -0.0006155219
