#epsqw diagonal term
#1:q+G [au], 2:Re(eps-1), 3:Im(eps-1)
        2.1871479201        0.9031059072       -0.0288227291
        2.1871479201        0.9031698415       -0.0286844932
        2.1293276070        0.8945316288       -0.0310492452
        1.7425717371        0.8125108466       -0.0414094876
        1.7425717371        0.8122898610       -0.0417018581
        2.1293276070        0.8944030244       -0.0310714656
        2.0698927729        0.8809594439       -0.0344667954
        1.6694239403        0.7861110811       -0.0512058835
        1.6694239403        0.7858313431       -0.0511078270
        2.0698927729        0.8812434075       -0.0343161695
        2.0087001082        0.8725952199       -0.0365068200
        2.0087001082        0.8728113625       -0.0363508045
        2.0698927729        0.8853358655       -0.0327184604
        1.6694239403        0.7895937044       -0.0525614077
        1.6694239403        0.7894550050       -0.0532298706
        2.0698927729        0.8848568307       -0.0330067880
        1.5929206904        0.7683647370       -0.0608879810
        1.0197629759        0.5498992388       -0.1512126737
        1.0197629759        0.5493295332       -0.1513375611
        1.5929206904        0.7683290401       -0.0611497705
        1.5125529278        0.7309575051       -0.0731260365
        0.8890087517        0.4958001711       -0.1946721376
        0.8890087517        0.4948873980       -0.1943286269
        1.5125529278        0.7300418026       -0.0732389885
        1.8803500184        0.8487113725       -0.0413539015
        1.4276681663        0.7042602848       -0.0844147875
        1.4276681663        0.7033331246       -0.0847655606
        1.8803500184        0.8486829089       -0.0415487286
        2.1871479201        0.9080220818       -0.0245587977
        2.1871479201        0.9081936406       -0.0246760900
        1.9455837577        0.8559537784       -0.0394567986
        1.5125529278        0.7306927174       -0.0708994541
        1.5125529278        0.7307521947       -0.0709825545
        1.9455837577        0.8559762411       -0.0397469051
        1.4276681663        0.6984084221       -0.0847148335
        0.7353615397        0.4437994267       -0.2611071735
        0.7353615397        0.4431387138       -0.2634279322
        1.4276681663        0.6981905407       -0.0841247146
        2.1871479201        0.9004418766       -0.0296581022
        1.3374066048        0.6757620290       -0.0872204330
        0.5396078461        0.4345484533       -0.3438794717
        0.5396078461        0.4345864615       -0.3407012495
        1.3374066048        0.6755813589       -0.0869422765
        2.1871479201        0.9006573753       -0.0298028743
        1.7425717371        0.8059743987       -0.0492074714
        1.2405952039        0.6262980827       -0.1121612381
        1.2405952039        0.6268569940       -0.1129040669
        1.7425717371        0.8061390426       -0.0491152031
        2.0698927729        0.8832330416       -0.0299640727
        2.0698927729        0.8836356976       -0.0299436329
        2.1871479201        0.9063221071       -0.0313518610
        1.8127703179        0.8303302052       -0.0463544792
        1.8127703179        0.8298860554       -0.0465975205
        2.1871479201        0.9060661603       -0.0312650546
        1.7425717371        0.8134960632       -0.0506547656
        1.2405952039        0.6265842362       -0.1165943061
        1.2405952039        0.6258680053       -0.1156907281
        1.7425717371        0.8135712901       -0.0502879458
        1.6694239403        0.7861073019       -0.0571141027
        1.1355599912        0.5829606011       -0.1407116783
        1.1355599912        0.5823278993       -0.1411517779
        1.6694239403        0.7865048112       -0.0571452273
        2.0087001082        0.8770988942       -0.0378657168
        1.5929206904        0.7632832160       -0.0657707674
        1.5929206904        0.7632775023       -0.0657896421
        2.0087001082        0.8777107091       -0.0374140609
        2.0087001082        0.8779819119       -0.0292881145
        2.0087001082        0.8783426789       -0.0293369157
        1.9455837577        0.8607020733       -0.0318744741
        1.9455837577        0.8604648217       -0.0318395638
