#epsqw diagonal term
#1:q+G [au], 2:Re(eps-1), 3:Im(eps-1)
        2.1871479201        1.0240275546       -0.0063422774
        2.1871479201        1.0239402735       -0.0062846920
        2.1293276070        1.0260893564       -0.0062401122
        1.7425717371        1.0439527723       -0.0053352365
        1.7425717371        1.0438665595       -0.0052449366
        2.1293276070        1.0258939183       -0.0060479513
        2.0698927729        1.0284441155       -0.0060701065
        1.6694239403        1.0480121820       -0.0049075949
        1.6694239403        1.0478329638       -0.0046866454
        2.0698927729        1.0280234138       -0.0056046380
        2.0087001082        1.0307576233       -0.0059731638
        2.0087001082        1.0304195287       -0.0056294430
        2.0698927729        1.0281052069       -0.0063333715
        1.6694239403        1.0472488478       -0.0054332261
        1.6694239403        1.0472395588       -0.0054584708
        2.0698927729        1.0280843577       -0.0063804484
        1.5929206904        1.0509633314       -0.0052649374
        1.0197629759        1.0872074378       -0.0038000775
        1.0197629759        1.0871910777       -0.0037803564
        1.5929206904        1.0509095970       -0.0052150398
        1.5125529278        1.0559391704       -0.0051367901
        0.8890087517        1.0959338453       -0.0036078183
        0.8890087517        1.0958695950       -0.0035105123
        1.5125529278        1.0556759867       -0.0048004020
        1.8803500184        1.0361730726       -0.0062048419
        1.4276681663        1.0606648366       -0.0049010378
        1.4276681663        1.0604495571       -0.0046501944
        1.8803500184        1.0355816218       -0.0055770155
        2.1871479201        1.0251386700       -0.0049084410
        2.1871479201        1.0248549502       -0.0046169572
        1.9455837577        1.0329294400       -0.0055717514
        1.5125529278        1.0563979499       -0.0045435846
        1.5125529278        1.0565477113       -0.0047290027
        1.9455837577        1.0333077849       -0.0059971245
        1.4276681663        1.0609759866       -0.0045408080
        0.7353615397        1.1042739630       -0.0031775049
        0.7353615397        1.1043074044       -0.0032605980
        1.4276681663        1.0611649234       -0.0047789130
        2.1871479201        1.0262344173       -0.0037654966
        1.3374066048        1.0672531071       -0.0043404997
        0.5396078461        1.1121306982       -0.0031189708
        0.5396078461        1.1121297835       -0.0030740281
        1.3374066048        1.0672165010       -0.0042948468
        2.1871479201        1.0261953821       -0.0037084372
        1.7425717371        1.0430180070       -0.0056917297
        1.2405952039        1.0730843576       -0.0043200576
        1.2405952039        1.0730059468       -0.0042147088
        1.7425717371        1.0428102350       -0.0054347147
        2.0698927729        1.0301871264       -0.0042941398
        2.0698927729        1.0300812690       -0.0041551207
        2.1871479201        1.0230320436       -0.0057583608
        1.8127703179        1.0391606989       -0.0053542743
        1.8127703179        1.0394877884       -0.0056949097
        2.1871479201        1.0237231584       -0.0064429484
        1.7425717371        1.0423473263       -0.0051694432
        1.2405952039        1.0720870501       -0.0040844203
        1.2405952039        1.0722257003       -0.0042678292
        1.7425717371        1.0428019805       -0.0056901229
        1.6694239403        1.0467769920       -0.0053057900
        1.1355599912        1.0793347650       -0.0039793607
        1.1355599912        1.0793891672       -0.0040542965
        1.6694239403        1.0469358747       -0.0054963270
        2.0087001082        1.0301125669       -0.0061286723
        1.5929206904        1.0507643069       -0.0053284223
        1.5929206904        1.0508050385       -0.0053419731
        2.0087001082        1.0302072901       -0.0061691149
        2.0087001082        1.0314529561       -0.0045193919
        2.0087001082        1.0316894539       -0.0047737224
        1.9455837577        1.0346919233       -0.0044003345
        1.9455837577        1.0348038732       -0.0045257578
