#epsqw diagonal term
#1:q+G [au], 2:Re(eps-1), 3:Im(eps-1)
        2.1871479201        0.9080630054       -0.0058768817
        2.1871479201        0.9081165259       -0.0058683330
        2.1293276070        0.9000773930       -0.0067849662
        1.7425717371        0.8399083236       -0.0066616863
        1.7425717371        0.8399412636       -0.0066122146
        2.1293276070        0.9000492174       -0.0067098410
        2.0698927729        0.8947014271       -0.0057881946
        1.6694239403        0.8241652210       -0.0079178469
        1.6694239403        0.8240976645       -0.0078796231
        2.0698927729        0.8947353664       -0.0057900249
        2.0087001082        0.8851987144       -0.0065224347
        2.0087001082        0.8852261703       -0.0064876166
        2.0698927729        0.8935091882       -0.0081433015
        1.6694239403        0.8245656605       -0.0077769893
        1.6694239403        0.8246147728       -0.0078658555
        2.0698927729        0.8935988916       -0.0083054538
        1.5929206904        0.8036634003       -0.0092345197
        1.0197629759        0.5765043878       -0.0150081357
        1.0197629759        0.5765582019       -0.0153245655
        1.5929206904        0.8038059698       -0.0093686039
        1.5125529278        0.7805501015       -0.0098934114
        0.8890087517        0.5006249316       -0.0201637711
        0.8890087517        0.5006402249       -0.0200154288
        1.5125529278        0.7805201661       -0.0097105154
        1.8803500184        0.8654662783       -0.0094195475
        1.4276681663        0.7505251661       -0.0100571125
        1.4276681663        0.7504620949       -0.0099416973
        1.8803500184        0.8654384457       -0.0093085965
        2.1871479201        0.9070573722       -0.0075794065
        2.1871479201        0.9071754156       -0.0075984661
        1.9455837577        0.8778516358       -0.0062459693
        1.5125529278        0.7800791456       -0.0120424995
        1.5125529278        0.7800376887       -0.0120874824
        1.9455837577        0.8778720581       -0.0062940406
        1.4276681663        0.7501789663       -0.0123941533
        0.7353615397        0.4037524475       -0.0230548074
        0.7353615397        0.4035656161       -0.0230233663
        1.4276681663        0.7502646450       -0.0124773100
        2.1871479201        0.9129193961       -0.0054287699
        1.3374066048        0.7173328350       -0.0143994661
        0.5396078461        0.2833454880       -0.0278734663
        0.5396078461        0.2830136190       -0.0273572431
        1.3374066048        0.7173730018       -0.0144217096
        2.1871479201        0.9129331633       -0.0054721929
        1.7425717371        0.8401264243       -0.0079690745
        1.2405952039        0.6725880047       -0.0145528224
        1.2405952039        0.6724174102       -0.0144062911
        1.7425717371        0.8400153119       -0.0080658998
        2.0698927729        0.8964873681       -0.0074088973
        2.0698927729        0.8964842023       -0.0073624856
        2.1871479201        0.9065657707       -0.0084297092
        1.8127703179        0.8531331662       -0.0080467838
        1.8127703179        0.8531680091       -0.0080718589
        2.1871479201        0.9066763697       -0.0085442936
        1.7425717371        0.8381098494       -0.0094506340
        1.2405952039        0.6708675696       -0.0117698980
        1.2405952039        0.6709482057       -0.0118911288
        1.7425717371        0.8381627184       -0.0095908977
        1.6694239403        0.8223048709       -0.0089390531
        1.1355599912        0.6205059506       -0.0123212330
        1.1355599912        0.6206073194       -0.0124107596
        1.6694239403        0.8223357288       -0.0089294205
        2.0087001082        0.8838464714       -0.0096414308
        1.5929206904        0.8010159146       -0.0095247136
        1.5929206904        0.8010652792       -0.0094115981
        2.0087001082        0.8838142535       -0.0095760994
        2.0087001082        0.8835644173       -0.0074140290
        2.0087001082        0.8835072347       -0.0074603223
        1.9455837577        0.8766718666       -0.0075312679
        1.9455837577        0.8766036842       -0.0073735966
