#epsqw diagonal term
#1:q+G [au], 2:Re(eps-1), 3:Im(eps-1)
        2.1871479201        1.0293072614       -0.0897261220
        2.1871479201        1.0279558826       -0.0899946978
        2.1293276070        1.0321786956       -0.1039247734
        1.7425717371        1.0606251731       -0.1923307817
        1.7425717371        1.0589028844       -0.1913997842
        2.1293276070        1.0321752022       -0.1038186668
        2.0698927729        1.0337369959       -0.1055383971
        1.6694239403        1.0717367132       -0.2183196405
        1.6694239403        1.0726480052       -0.2149139171
        2.0698927729        1.0351217903       -0.1053602281
        2.0087001082        1.0399477018       -0.1176450667
        2.0087001082        1.0398976407       -0.1169306686
        2.0698927729        1.0310740416       -0.1183326147
        1.6694239403        1.0661951583       -0.2115919771
        1.6694239403        1.0619595208       -0.2131116671
        2.0698927729        1.0281355448       -0.1180926149
        1.5929206904        1.0665427485       -0.2423026557
        1.0197629759        1.3415731072       -0.5088784459
        1.0197629759        1.3328465552       -0.5094428436
        1.5929206904        1.0619186469       -0.2448924633
        1.5125529278        1.0850977745       -0.2600085153
        0.8890087517        1.3735675410       -0.5309404610
        0.8890087517        1.3772855143       -0.5228562001
        1.5125529278        1.0863764097       -0.2586660687
        1.8803500184        1.0360342756       -0.1523190868
        1.4276681663        1.1008831032       -0.3176693237
        1.4276681663        1.0996189109       -0.3101849070
        1.8803500184        1.0378020228       -0.1515039799
        2.1871479201        1.0404590360       -0.0935696715
        2.1871479201        1.0406436395       -0.0934476002
        1.9455837577        1.0382460889       -0.1277909209
        1.5125529278        1.0933174745       -0.2689743059
        1.5125529278        1.0927585471       -0.2721228967
        1.9455837577        1.0360054570       -0.1281037021
        1.4276681663        1.0987458301       -0.2843447609
        0.7353615397        1.4378850261       -0.5485541515
        0.7353615397        1.4354898194       -0.5502886340
        1.4276681663        1.0994893381       -0.2861587678
        2.1871479201        1.0379667115       -0.1041026585
        1.3374066048        1.1398804161       -0.3512866529
        0.5396078461        1.4495702121       -0.5158928005
        0.5396078461        1.4520630011       -0.5152586812
        1.3374066048        1.1419534686       -0.3509533797
        2.1871479201        1.0374039250       -0.1040289081
        1.7425717371        1.0433722701       -0.1726946666
        1.2405952039        1.1491093842       -0.3876015769
        1.2405952039        1.1548258275       -0.3863455995
        1.7425717371        1.0474875294       -0.1730553113
        2.0698927729        1.0537507314       -0.1141703745
        2.0698927729        1.0534987898       -0.1138303039
        2.1871479201        1.0329356659       -0.1152586973
        1.8127703179        1.0460615266       -0.1513873258
        1.8127703179        1.0464604048       -0.1527308631
        2.1871479201        1.0320025037       -0.1161016281
        1.7425717371        1.0467901000       -0.1720301465
        1.2405952039        1.1662345350       -0.4109299204
        1.2405952039        1.1658470214       -0.4190120461
        1.7425717371        1.0452913236       -0.1733645772
        1.6694239403        1.0544036521       -0.1901260728
        1.1355599912        1.2020351974       -0.4553028128
        1.1355599912        1.2052565868       -0.4549827085
        1.6694239403        1.0521225646       -0.1893215788
        2.0087001082        1.0349159897       -0.1588232817
        1.5929206904        1.0569293898       -0.2169604044
        1.5929206904        1.0605410207       -0.2161261925
        2.0087001082        1.0390090981       -0.1583165048
        2.0087001082        1.0518068701       -0.1211797444
        2.0087001082        1.0509309524       -0.1226632770
        1.9455837577        1.0621814377       -0.1390044250
        1.9455837577        1.0630184362       -0.1398632080
