#epsqw diagonal term
#1:q+G [au], 2:Re(eps-1), 3:Im(eps-1)
        2.1871479201        0.9137559872       -0.0008633805
        2.1871479201        0.9137579315       -0.0008660248
        2.1293276070        0.9062718200       -0.0009437314
        1.7425717371        0.8488848873       -0.0009714550
        1.7425717371        0.8489331319       -0.0009704548
        2.1293276070        0.9062984348       -0.0009424123
        2.0698927729        0.9011119518       -0.0008927770
        1.6694239403        0.8339693609       -0.0009865277
        1.6694239403        0.8339527081       -0.0009883157
        2.0698927729        0.9010960773       -0.0008944788
        2.0087001082        0.8920977082       -0.0009675636
        2.0087001082        0.8920984489       -0.0009667693
        2.0698927729        0.8986705911       -0.0013989292
        1.6694239403        0.8313177196       -0.0016132335
        1.6694239403        0.8312293602       -0.0016280024
        2.0698927729        0.8986040241       -0.0014146958
        1.5929206904        0.8115116325       -0.0016627275
        1.0197629759        0.5908324270       -0.0022213881
        1.0197629759        0.5907632741       -0.0022316323
        1.5929206904        0.8114957719       -0.0016734988
        1.5125529278        0.7885764414       -0.0018272356
        0.8890087517        0.5198917327       -0.0024060834
        0.8890087517        0.5198600187       -0.0024009730
        1.5125529278        0.7886138490       -0.0018168056
        1.8803500184        0.8716208911       -0.0016969066
        1.4276681663        0.7605416831       -0.0019262026
        1.4276681663        0.7605189316       -0.0019031238
        1.8803500184        0.8716429450       -0.0016644902
        2.1871479201        0.9127284687       -0.0011374557
        2.1871479201        0.9127200179       -0.0011308070
        1.9455837577        0.8852271734       -0.0008150611
        1.5125529278        0.7909353866       -0.0012500464
        1.5125529278        0.7909400503       -0.0012519818
        1.9455837577        0.8852485089       -0.0008172953
        1.4276681663        0.7620478320       -0.0013892099
        0.7353615397        0.4335353339       -0.0026118509
        0.7353615397        0.4335659463       -0.0026085073
        1.4276681663        0.7620468010       -0.0013916836
        2.1871479201        0.9187586456       -0.0005730053
        1.3374066048        0.7321123068       -0.0014877527
        0.5396078461        0.3256551037       -0.0030699381
        0.5396078461        0.3257417493       -0.0030616402
        1.3374066048        0.7321165036       -0.0014881965
        2.1871479201        0.9187564214       -0.0005745664
        1.7425717371        0.8488028632       -0.0009521640
        1.2405952039        0.6901160235       -0.0015912457
        1.2405952039        0.6901425104       -0.0015850765
        1.7425717371        0.8487909285       -0.0009467442
        2.0698927729        0.9037389444       -0.0007139776
        2.0698927729        0.9037536903       -0.0007119096
        2.1871479201        0.9113060083       -0.0014659128
        1.8127703179        0.8603767669       -0.0013319958
        1.8127703179        0.8603675423       -0.0013428550
        2.1871479201        0.9112835932       -0.0014803444
        1.7425717371        0.8459587120       -0.0015207256
        1.2405952039        0.6874196198       -0.0017979517
        1.2405952039        0.6874451998       -0.0018085394
        1.7425717371        0.8459154441       -0.0015313638
        1.6694239403        0.8307065235       -0.0013983939
        1.1355599912        0.6410510196       -0.0018437992
        1.1355599912        0.6410551960       -0.0018420218
        1.6694239403        0.8307089735       -0.0014022694
        2.0087001082        0.8897040591       -0.0014955638
        1.5929206904        0.8105854501       -0.0015204674
        1.5929206904        0.8106248330       -0.0015136999
        2.0087001082        0.8897442991       -0.0014883318
        2.0087001082        0.8914763825       -0.0009711595
        2.0087001082        0.8914892666       -0.0009687149
        1.9455837577        0.8850574710       -0.0008603739
        1.9455837577        0.8850724069       -0.0008590216
