#epsqw diagonal term
#1:q+G [au], 2:Re(eps-1), 3:Im(eps-1)
        2.1871479201        0.9157840034       -0.0004867254
        2.1871479201        0.9157868818       -0.0004867507
        2.1293276070        0.9085536021       -0.0005290358
        1.7425717371        0.8513906678       -0.0006893542
        1.7425717371        0.8514288663       -0.0006884910
        2.1293276070        0.9085661937       -0.0005280882
        2.0698927729        0.9031655323       -0.0005201296
        1.6694239403        0.8366062053       -0.0007301824
        1.6694239403        0.8365925114       -0.0007305456
        2.0698927729        0.9031512708       -0.0005201985
        2.0087001082        0.8943668274       -0.0005655568
        2.0087001082        0.8943707259       -0.0005657559
        2.0698927729        0.9013816938       -0.0005786838
        1.6694239403        0.8344322769       -0.0007710208
        1.6694239403        0.8343707291       -0.0007730021
        2.0698927729        0.9013478518       -0.0005806565
        1.5929206904        0.8149106360       -0.0008418866
        1.0197629759        0.5966810049       -0.0014468230
        1.0197629759        0.5966373346       -0.0014485562
        1.5929206904        0.8149052971       -0.0008424315
        1.5125529278        0.7922213210       -0.0009093630
        0.8890087517        0.5271041632       -0.0016681613
        0.8890087517        0.5270784459       -0.0016684162
        1.5125529278        0.7922451856       -0.0009085099
        1.8803500184        0.8747021143       -0.0006757236
        1.4276681663        0.7643619500       -0.0009921585
        1.4276681663        0.7643359570       -0.0009923580
        1.8803500184        0.8747134956       -0.0006752619
        2.1871479201        0.9151242522       -0.0005207094
        2.1871479201        0.9151209968       -0.0005209834
        1.9455837577        0.8873166119       -0.0005576984
        1.5125529278        0.7943734721       -0.0008918800
        1.5125529278        0.7943785473       -0.0008917941
        1.9455837577        0.8873375951       -0.0005575625
        1.4276681663        0.7657591697       -0.0009818036
        0.7353615397        0.4425736509       -0.0019315819
        0.7353615397        0.4425750281       -0.0019305337
        1.4276681663        0.7657604882       -0.0009817827
        2.1871479201        0.9203233461       -0.0004176790
        1.3374066048        0.7364021114       -0.0011062961
        0.5396078461        0.3375837222       -0.0022562449
        0.5396078461        0.3376351659       -0.0022546333
        1.3374066048        0.7364089556       -0.0011062382
        2.1871479201        0.9203234809       -0.0004177397
        1.7425717371        0.8513467873       -0.0006833198
        1.2405952039        0.6946621518       -0.0012183736
        1.2405952039        0.6946778698       -0.0012178922
        1.7425717371        0.8513293493       -0.0006832660
        2.0698927729        0.9057388476       -0.0005013389
        2.0698927729        0.9057495316       -0.0005008821
        2.1871479201        0.9141078733       -0.0005495653
        1.8127703179        0.8632273045       -0.0006847399
        1.8127703179        0.8632234359       -0.0006847635
        2.1871479201        0.9140997500       -0.0005501663
        1.7425717371        0.8491439353       -0.0007451091
        1.2405952039        0.6920144185       -0.0012126016
        1.2405952039        0.6920451639       -0.0012126002
        1.7425717371        0.8491139492       -0.0007459635
        1.6694239403        0.8338304303       -0.0007733885
        1.1355599912        0.6462071914       -0.0013563532
        1.1355599912        0.6462080427       -0.0013557647
        1.6694239403        0.8338400024       -0.0007736500
        2.0087001082        0.8927720414       -0.0006295728
        1.5929206904        0.8139229028       -0.0008440406
        1.5929206904        0.8139492826       -0.0008430664
        2.0087001082        0.8927952716       -0.0006285104
        2.0087001082        0.8938918827       -0.0005834194
        2.0087001082        0.8938953684       -0.0005830207
        1.9455837577        0.8873254485       -0.0005803422
        1.9455837577        0.8873307362       -0.0005798936
