#epsqw diagonal term
#1:q+G [au], 2:Re(eps-1), 3:Im(eps-1)
        2.1871479201        0.9142691747       -0.0007053710
        2.1871479201        0.9142705489       -0.0007069205
        2.1293276070        0.9068618489       -0.0007678305
        1.7425717371        0.8495443524       -0.0008605333
        1.7425717371        0.8495887842       -0.0008597664
        2.1293276070        0.9068827799       -0.0007671116
        2.0698927729        0.9016259563       -0.0007355182
        1.6694239403        0.8346720546       -0.0008918258
        1.6694239403        0.8346560572       -0.0008924799
        2.0698927729        0.9016104939       -0.0007361129
        2.0087001082        0.8926712750       -0.0007989996
        2.0087001082        0.8926733593       -0.0007987617
        2.0698927729        0.8993032994       -0.0010494224
        1.6694239403        0.8320477780       -0.0012520227
        1.6694239403        0.8319660129       -0.0012607270
        2.0698927729        0.8992464726       -0.0010586575
        1.5929206904        0.8123244802       -0.0013189733
        1.0197629759        0.5923586579       -0.0019097201
        1.0197629759        0.5922963054       -0.0019159412
        1.5929206904        0.8123099999       -0.0013251828
        1.5125529278        0.7894404036       -0.0014376120
        0.8890087517        0.5218227715       -0.0021238308
        0.8890087517        0.5217949717       -0.0021217625
        1.5125529278        0.7894747037       -0.0014332024
        1.8803500184        0.8723121789       -0.0012471404
        1.4276681663        0.7614321055       -0.0015283591
        1.4276681663        0.7614131363       -0.0015196594
        1.8803500184        0.8723370657       -0.0012345651
        2.1871479201        0.9133047395       -0.0008735660
        2.1871479201        0.9132996922       -0.0008718815
        1.9455837577        0.8857828469       -0.0007085348
        1.5125529278        0.7918746789       -0.0011142831
        1.5125529278        0.7918796502       -0.0011144200
        1.9455837577        0.8858040841       -0.0007087140
        1.4276681663        0.7630436725       -0.0012313132
        0.7353615397        0.4359877796       -0.0023685660
        0.7353615397        0.4360063788       -0.0023656078
        1.4276681663        0.7630434566       -0.0012319119
        2.1871479201        0.9191834126       -0.0005151090
        1.3374066048        0.7332795784       -0.0013508585
        0.5396078461        0.3288747312       -0.0027917624
        0.5396078461        0.3289501555       -0.0027859607
        1.3374066048        0.7332852758       -0.0013507184
        2.1871479201        0.9191818639       -0.0005157228
        1.7425717371        0.8494928595       -0.0008441175
        1.2405952039        0.6913282847       -0.0014610554
        1.2405952039        0.6913522971       -0.0014571897
        1.7425717371        0.8494797199       -0.0008414270
        2.0698927729        0.9042825714       -0.0006334997
        2.0698927729        0.9042965873       -0.0006320124
        2.1871479201        0.9119676480       -0.0010519520
        1.8127703179        0.8610838577       -0.0010489885
        1.8127703179        0.8610756822       -0.0010527704
        2.1871479201        0.9119489279       -0.0010578046
        1.7425717371        0.8467432987       -0.0011748631
        1.2405952039        0.6886142625       -0.0015543307
        1.2405952039        0.6886399187       -0.0015589153
        1.7425717371        0.8467029202       -0.0011803940
        1.6694239403        0.8314996495       -0.0011253012
        1.1355599912        0.6424106273       -0.0016550268
        1.1355599912        0.6424147405       -0.0016535943
        1.6694239403        0.8315041390       -0.0011273711
        2.0087001082        0.8904557698       -0.0011094866
        1.5929206904        0.8114163645       -0.0012274726
        1.5929206904        0.8114529885       -0.0012228813
        2.0087001082        0.8904911911       -0.0011050406
        2.0087001082        0.8921009083       -0.0008093077
        2.0087001082        0.8921102501       -0.0008082169
        1.9455837577        0.8856547868       -0.0007503255
        1.9455837577        0.8856659890       -0.0007492962
