#epsqw diagonal term
#1:q+G [au], 2:Re(eps-1), 3:Im(eps-1)
        2.1871479201        0.9808138878       -0.0954721137
        2.1871479201        0.9810382849       -0.0955913727
        2.1293276070        0.9745418943       -0.1080298821
        1.7425717371        0.9703434131       -0.2531695409
        1.7425717371        0.9690733523       -0.2516896090
        2.1293276070        0.9749097085       -0.1080966260
        2.0698927729        0.9787024307       -0.1185172056
        1.6694239403        0.9653755938       -0.2840307880
        1.6694239403        0.9647653416       -0.2839115728
        2.0698927729        0.9788741707       -0.1183226714
        2.0087001082        0.9699743320       -0.1377322332
        2.0087001082        0.9699464471       -0.1376347824
        2.0698927729        0.9658905523       -0.1220695648
        1.6694239403        0.9671551763       -0.2702459321
        1.6694239403        0.9669884632       -0.2708468710
        2.0698927729        0.9649298644       -0.1213428700
        1.5929206904        0.9674387854       -0.3004920044
        1.0197629759        0.7346138602       -0.9330033946
        1.0197629759        0.7319137399       -0.9318486930
        1.5929206904        0.9673915368       -0.3010963495
        1.5125529278        0.9756208842       -0.3604410217
        0.8890087517        0.7227493692       -1.0016500946
        0.8890087517        0.7181886244       -1.0166404989
        1.5125529278        0.9776623903       -0.3635784746
        1.8803500184        0.9467610618       -0.1734690991
        1.4276681663        0.9760235767       -0.4144176887
        1.4276681663        0.9764176861       -0.4142069258
        1.8803500184        0.9473278309       -0.1736028120
        2.1871479201        0.9833687013       -0.1134684087
        2.1871479201        0.9836296906       -0.1140491418
        1.9455837577        0.9794371152       -0.1541507411
        1.5125529278        0.9644021032       -0.3610582012
        1.5125529278        0.9616156275       -0.3586415681
        1.9455837577        0.9781442454       -0.1538874591
        1.4276681663        0.9924364311       -0.4183885246
        0.7353615397        0.7300247892       -1.0929867491
        0.7353615397        0.7313984820       -1.0879314905
        1.4276681663        0.9880509863       -0.4193833692
        2.1871479201        0.9630436218       -0.1041100823
        1.3374066048        0.9378217441       -0.4781359657
        0.5396078461        0.7729174729       -1.2750751914
        0.5396078461        0.7745024404       -1.2765190949
        1.3374066048        0.9388487615       -0.4782742706
        2.1871479201        0.9627198562       -0.1044017430
        1.7425717371        0.9779342270       -0.2417353671
        1.2405952039        0.9686541897       -0.5789716904
        1.2405952039        0.9635565070       -0.5768781828
        1.7425717371        0.9796729887       -0.2446363932
        2.0698927729        0.9571841209       -0.1357950662
        2.0698927729        0.9561283664       -0.1366488531
        2.1871479201        0.9715999718       -0.0965229011
        1.8127703179        0.9687998378       -0.1959710866
        1.8127703179        0.9694918178       -0.1963280334
        2.1871479201        0.9711645411       -0.0963412346
        1.7425717371        0.9458326992       -0.2264534330
        1.2405952039        0.9480984940       -0.5867763766
        1.2405952039        0.9481181699       -0.5842021313
        1.7425717371        0.9475091548       -0.2254085018
        1.6694239403        0.9749070485       -0.2718907533
        1.1355599912        0.9373694271       -0.6887005461
        1.1355599912        0.9419251456       -0.6919960365
        1.6694239403        0.9732592058       -0.2696387811
        2.0087001082        0.9461284872       -0.1401936906
        1.5929206904        0.9605160289       -0.3021002103
        1.5929206904        0.9603745137       -0.3011403146
        2.0087001082        0.9449625970       -0.1406889717
        2.0087001082        0.9731250918       -0.1617556832
        2.0087001082        0.9718733610       -0.1602068779
        1.9455837577        0.9569809163       -0.1758085480
        1.9455837577        0.9563842946       -0.1760049149
