#epsqw diagonal term
#1:q+G [au], 2:Re(eps-1), 3:Im(eps-1)
        2.1871479201        1.1600807362       -0.1019967324
        2.1871479201        1.1605019585       -0.1019180929
        2.1293276070        1.1707972602       -0.1081996661
        1.7425717371        1.3061524755       -0.2187075514
        1.7425717371        1.3093223643       -0.2201939102
        2.1293276070        1.1706446479       -0.1088025098
        2.0698927729        1.2075310645       -0.1301658880
        1.6694239403        1.3389034691       -0.2189113997
        1.6694239403        1.3371049043       -0.2188725406
        2.0698927729        1.2073099700       -0.1328198810
        2.0087001082        1.2225370770       -0.1435918020
        2.0087001082        1.2228905374       -0.1452303020
        2.0698927729        1.1959730599       -0.1288163083
        1.6694239403        1.3766870712       -0.2870828873
        1.6694239403        1.3764093146       -0.2863955585
        2.0698927729        1.1979193867       -0.1289690381
        1.5929206904        1.4383509800       -0.3396946907
        1.0197629759        1.7436845236       -0.3238696556
        1.0197629759        1.7438921975       -0.3241583237
        1.5929206904        1.4410535543       -0.3407367852
        1.5125529278        1.4624725336       -0.3174117842
        0.8890087517        1.9408880655       -0.3941522178
        0.8890087517        1.9417481884       -0.4059953186
        1.5125529278        1.4608049891       -0.3192937337
        1.8803500184        1.2867079713       -0.1881713140
        1.4276681663        1.5505398848       -0.3411005539
        1.4276681663        1.5484545862       -0.3439636425
        1.8803500184        1.2859346788       -0.1919076068
        2.1871479201        1.1501302347       -0.1030621164
        2.1871479201        1.1501589884       -0.1038751604
        1.9455837577        1.2741501762       -0.1913506303
        1.5125529278        1.4637511707       -0.3239506902
        1.5125529278        1.4639471278       -0.3216154727
        1.9455837577        1.2766412959       -0.1904092239
        1.4276681663        1.5168668091       -0.3552007812
        0.7353615397        2.1283550792       -0.5973573926
        0.7353615397        2.1349817948       -0.5865143594
        1.4276681663        1.5165654875       -0.3518506757
        2.1871479201        1.1351478610       -0.1029819441
        1.3374066048        1.5902346380       -0.3908492587
        0.5396078461        2.2392076125       -0.6684698527
        0.5396078461        2.2324644860       -0.6713593273
        1.3374066048        1.5916650023       -0.3920813103
        2.1871479201        1.1347655867       -0.1028546749
        1.7425717371        1.3708243516       -0.2770022170
        1.2405952039        1.6891515205       -0.3893411529
        1.2405952039        1.6879016944       -0.3910908538
        1.7425717371        1.3673491384       -0.2785346988
        2.0698927729        1.1706039912       -0.1335126588
        2.0698927729        1.1709524701       -0.1339931975
        2.1871479201        1.1725440163       -0.0985097261
        1.8127703179        1.3150841634       -0.2339874120
        1.8127703179        1.3163530252       -0.2313490394
        2.1871479201        1.1725165429       -0.0978346933
        1.7425717371        1.3469752626       -0.2577903555
        1.2405952039        1.6563493885       -0.3163807947
        1.2405952039        1.6563678015       -0.3124375058
        1.7425717371        1.3499715847       -0.2542316851
        1.6694239403        1.3940918357       -0.2941533968
        1.1355599912        1.7286374647       -0.3091301032
        1.1355599912        1.7292793321       -0.3072934008
        1.6694239403        1.3940690679       -0.2912462318
        2.0087001082        1.2210669895       -0.1167992843
        1.5929206904        1.4456533665       -0.3108610706
        1.5929206904        1.4435546283       -0.3097429499
        2.0087001082        1.2200308554       -0.1161173402
        2.0087001082        1.1908137949       -0.1315738621
        2.0087001082        1.1912367337       -0.1309572502
        1.9455837577        1.2041442000       -0.1428740733
        1.9455837577        1.2029304790       -0.1412615601
