#epsqw diagonal term
#1:q+G [au], 2:Re(eps-1), 3:Im(eps-1)
        2.1871479201        1.0065288226       -0.0000220385
        2.1871479201        1.0065289105       -0.0000220385
        2.1293276070        1.0070383002       -0.0000240327
        1.7425717371        1.0115654128       -0.0000416651
        1.7425717371        1.0115658347       -0.0000416629
        2.1293276070        1.0070395544       -0.0000240372
        2.0698927729        1.0076139157       -0.0000258973
        1.6694239403        1.0126453522       -0.0000455532
        1.6694239403        1.0126468563       -0.0000455575
        2.0698927729        1.0076161364       -0.0000259048
        2.0087001082        1.0082401379       -0.0000284794
        2.0087001082        1.0082410373       -0.0000284813
        2.0698927729        1.0076066891       -0.0000262291
        1.6694239403        1.0126573181       -0.0000464382
        1.6694239403        1.0126567953       -0.0000464405
        2.0698927729        1.0076057140       -0.0000262254
        1.5929206904        1.0138850087       -0.0000521086
        1.0197629759        1.0259346993       -0.0001168346
        1.0197629759        1.0259353389       -0.0001168358
        1.5929206904        1.0138855268       -0.0000521099
        1.5125529278        1.0153065332       -0.0000578806
        0.8890087517        1.0290127186       -0.0001374242
        0.8890087517        1.0290164197       -0.0001374315
        1.5125529278        1.0153088642       -0.0000578828
        1.8803500184        1.0097064774       -0.0000344523
        1.4276681663        1.0168825903       -0.0000658513
        1.4276681663        1.0168848161       -0.0000658591
        1.8803500184        1.0097092967       -0.0000344597
        2.1871479201        1.0065310763       -0.0000222503
        2.1871479201        1.0065319604       -0.0000222533
        1.9455837577        1.0089591484       -0.0000307374
        1.5125529278        1.0152876358       -0.0000565052
        1.5125529278        1.0152860324       -0.0000565021
        1.9455837577        1.0089567119       -0.0000307282
        1.4276681663        1.0168992700       -0.0000645416
        0.7353615397        1.0322862795       -0.0001653201
        0.7353615397        1.0322829592       -0.0001653207
        1.4276681663        1.0168972839       -0.0000645399
        2.1871479201        1.0065291926       -0.0000218410
        1.3374066048        1.0187655696       -0.0000717945
        0.5396078461        1.0354282015       -0.0002031890
        0.5396078461        1.0354284529       -0.0002031828
        1.3374066048        1.0187653773       -0.0000717932
        2.1871479201        1.0065293227       -0.0000218418
        1.7425717371        1.0116115540       -0.0000413216
        1.2405952039        1.0208259548       -0.0000835648
        1.2405952039        1.0208268842       -0.0000835630
        1.7425717371        1.0116131881       -0.0000413281
        2.0698927729        1.0075976636       -0.0000258332
        2.0698927729        1.0075985590       -0.0000258366
        2.1871479201        1.0065199940       -0.0000221465
        1.8127703179        1.0105899800       -0.0000377856
        1.8127703179        1.0105888253       -0.0000377828
        2.1871479201        1.0065175468       -0.0000221398
        1.7425717371        1.0115532947       -0.0000419791
        1.2405952039        1.0207692442       -0.0000856817
        1.2405952039        1.0207661955       -0.0000856714
        1.7425717371        1.0115502127       -0.0000419721
        1.6694239403        1.0126917789       -0.0000462714
        1.1355599912        1.0231766856       -0.0000977800
        1.1355599912        1.0231760026       -0.0000977857
        1.6694239403        1.0126898405       -0.0000462661
        2.0087001082        1.0082171250       -0.0000285377
        1.5929206904        1.0138956576       -0.0000519348
        1.5929206904        1.0138956839       -0.0000519343
        2.0087001082        1.0082171774       -0.0000285380
        2.0087001082        1.0082301925       -0.0000284658
        2.0087001082        1.0082292438       -0.0000284619
        1.9455837577        1.0089132666       -0.0000307922
        1.9455837577        1.0089125069       -0.0000307903
