#epsqw diagonal term
#1:q+G [au], 2:Re(eps-1), 3:Im(eps-1)
        2.1871479201        0.9433431929       -0.0697084588
        2.1871479201        0.9437725949       -0.0694995597
        2.1293276070        0.9392301204       -0.0808846417
        1.7425717371        0.8990600911       -0.1544099321
        1.7425717371        0.8984463207       -0.1517192826
        2.1293276070        0.9401705240       -0.0811456534
        2.0698927729        0.9311236593       -0.0831813661
        1.6694239403        0.8838298205       -0.1638306391
        1.6694239403        0.8843443473       -0.1634694905
        2.0698927729        0.9306906725       -0.0832271368
        2.0087001082        0.9279556822       -0.0973305278
        2.0087001082        0.9280066516       -0.0969146095
        2.0698927729        0.9339118798       -0.0895586759
        1.6694239403        0.8830064258       -0.1751756156
        1.6694239403        0.8844352625       -0.1763458071
        2.0698927729        0.9342748413       -0.0884794642
        1.5929206904        0.8752347768       -0.2071543929
        1.0197629759        0.6646122327       -0.5396219482
        1.0197629759        0.6650350648       -0.5374196748
        1.5929206904        0.8756606231       -0.2072418550
        1.5125529278        0.8616947738       -0.2431084004
        0.8890087517        0.6512094797       -0.6006036299
        0.8890087517        0.6595120963       -0.6118247461
        1.5125529278        0.8609998658       -0.2390752181
        1.8803500184        0.9065505072       -0.1171767193
        1.4276681663        0.8512483924       -0.2745857689
        1.4276681663        0.8516659296       -0.2729785472
        1.8803500184        0.9056903184       -0.1175896193
        2.1871479201        0.9373362122       -0.0675980032
        2.1871479201        0.9374913304       -0.0674096861
        1.9455837577        0.9153942721       -0.1011343101
        1.5125529278        0.8655565510       -0.2213463604
        1.5125529278        0.8643351975       -0.2219530242
        1.9455837577        0.9156063407       -0.1010412820
        1.4276681663        0.8542354560       -0.2763102575
        0.7353615397        0.5920616106       -0.7685059561
        0.7353615397        0.5838081445       -0.7549939906
        1.4276681663        0.8560301712       -0.2773591634
        2.1871479201        0.9414510322       -0.0623660858
        1.3374066048        0.8234879412       -0.2952846717
        0.5396078461        0.4858912799       -0.9951171840
        0.5396078461        0.4858092234       -1.0048619560
        1.3374066048        0.8247944303       -0.2987902719
        2.1871479201        0.9419024764       -0.0620834490
        1.7425717371        0.8924600534       -0.1539074955
        1.2405952039        0.8162390763       -0.3755044284
        1.2405952039        0.8133893741       -0.3789606784
        1.7425717371        0.8959560150       -0.1550546869
        2.0698927729        0.9270290822       -0.0779462093
        2.0698927729        0.9273857425       -0.0787592812
        2.1871479201        0.9415672798       -0.0698425503
        1.8127703179        0.8991706397       -0.1384643830
        1.8127703179        0.8991436238       -0.1399162053
        2.1871479201        0.9413271174       -0.0694344373
        1.7425717371        0.8871527167       -0.1560537524
        1.2405952039        0.7982860067       -0.3704707385
        1.2405952039        0.7984915390       -0.3700116162
        1.7425717371        0.8874826695       -0.1566865414
        1.6694239403        0.8786332900       -0.1809934639
        1.1355599912        0.7792898432       -0.4334149915
        1.1355599912        0.7823314826       -0.4351211997
        1.6694239403        0.8768798291       -0.1807585038
        2.0087001082        0.9170446815       -0.0910741486
        1.5929206904        0.8652927796       -0.2126662485
        1.5929206904        0.8657448726       -0.2140026204
        2.0087001082        0.9171662656       -0.0914987148
        2.0087001082        0.9187352239       -0.0919413568
        2.0087001082        0.9179524599       -0.0920384835
        1.9455837577        0.9068987001       -0.0975673640
        1.9455837577        0.9067247220       -0.0972362064
