#epsqw diagonal term
#1:q+G [au], 2:Re(eps-1), 3:Im(eps-1)
        2.1871479201        1.0553570873       -0.0361229323
        2.1871479201        1.0553744714       -0.0359931161
        2.1293276070        1.0606632993       -0.0376159784
        1.7425717371        1.1130789527       -0.0481461308
        1.7425717371        1.1130025955       -0.0483228132
        2.1293276070        1.0609605429       -0.0370967310
        2.0698927729        1.0693625386       -0.0416792201
        1.6694239403        1.1256405332       -0.0486473067
        1.6694239403        1.1258286590       -0.0479184196
        2.0698927729        1.0699281828       -0.0400294155
        2.0087001082        1.0763070083       -0.0435856203
        2.0087001082        1.0765042183       -0.0422306525
        2.0698927729        1.0679854394       -0.0409358868
        1.6694239403        1.1272146307       -0.0531763542
        1.6694239403        1.1272439158       -0.0527934571
        2.0698927729        1.0675081441       -0.0410582971
        1.5929206904        1.1414966469       -0.0536307557
        1.0197629759        1.2585179780       -0.0550266951
        1.0197629759        1.2587102268       -0.0550771213
        1.5929206904        1.1415577753       -0.0534766029
        1.5125529278        1.1573653586       -0.0567285958
        0.8890087517        1.2975186453       -0.0551715998
        0.8890087517        1.2985947491       -0.0547187277
        1.5125529278        1.1580637836       -0.0556740477
        1.8803500184        1.0924612085       -0.0484169871
        1.4276681663        1.1744228128       -0.0579486386
        1.4276681663        1.1750402607       -0.0565438876
        1.8803500184        1.0933178604       -0.0460068667
        2.1871479201        1.0559380919       -0.0344224664
        2.1871479201        1.0561496554       -0.0335357237
        1.9455837577        1.0882001687       -0.0463468917
        1.5125529278        1.1584403847       -0.0535313052
        1.5125529278        1.1578862345       -0.0542071647
        1.9455837577        1.0871168474       -0.0479709185
        1.4276681663        1.1765132745       -0.0561891179
        0.7353615397        1.3384273416       -0.0529026550
        0.7353615397        1.3372654072       -0.0531114309
        1.4276681663        1.1757262570       -0.0568403830
        2.1871479201        1.0573577244       -0.0335195716
        1.3374066048        1.1978875275       -0.0518752324
        0.5396078461        1.3683253250       -0.0500219001
        0.5396078461        1.3686576081       -0.0500431229
        1.3374066048        1.1981206365       -0.0517033996
        2.1871479201        1.0574785175       -0.0333911729
        1.7425717371        1.1192122560       -0.0570147372
        1.2405952039        1.2197548027       -0.0559827897
        1.2405952039        1.2201413118       -0.0559821078
        1.7425717371        1.1203128906       -0.0560018374
        2.0698927729        1.0691419232       -0.0380234677
        2.0698927729        1.0693699169       -0.0377303133
        2.1871479201        1.0552698291       -0.0315168387
        1.8127703179        1.1066037099       -0.0507252921
        1.8127703179        1.1062718255       -0.0524041421
        2.1871479201        1.0548540992       -0.0335004968
        1.7425717371        1.1166836928       -0.0504739528
        1.2405952039        1.2139556671       -0.0545531542
        1.2405952039        1.2132276031       -0.0556111350
        1.7425717371        1.1159775105       -0.0526874431
        1.6694239403        1.1316488033       -0.0571809557
        1.1355599912        1.2408518894       -0.0532765352
        1.1355599912        1.2406006931       -0.0530325347
        1.6694239403        1.1310744772       -0.0578662883
        2.0087001082        1.0740180252       -0.0388546423
        1.5929206904        1.1452167068       -0.0584706492
        1.5929206904        1.1451024203       -0.0586612531
        2.0087001082        1.0741832648       -0.0389854835
        2.0087001082        1.0759338207       -0.0377201162
        2.0087001082        1.0758619943       -0.0386147916
        1.9455837577        1.0843393524       -0.0396804349
        1.9455837577        1.0843121870       -0.0399096332
