#epsqw diagonal term
#1:q+G [au], 2:Re(eps-1), 3:Im(eps-1)
        2.1871479201        0.9071143488       -0.0087242266
        2.1871479201        0.9071596180       -0.0087004483
        2.1293276070        0.8990028311       -0.0102616804
        1.7425717371        0.8379158567       -0.0109636506
        1.7425717371        0.8379665366       -0.0109453465
        2.1293276070        0.8990111875       -0.0101701051
        2.0698927729        0.8934072075       -0.0088758698
        1.6694239403        0.8223699674       -0.0126607322
        1.6694239403        0.8222502767       -0.0128506297
        2.0698927729        0.8934296474       -0.0087833541
        2.0087001082        0.8838411031       -0.0098958744
        2.0087001082        0.8838463977       -0.0098920385
        2.0698927729        0.8926349054       -0.0117566995
        1.6694239403        0.8227244616       -0.0110288938
        1.6694239403        0.8227196822       -0.0111395779
        2.0698927729        0.8928256859       -0.0118048278
        1.5929206904        0.8019233029       -0.0126337616
        1.0197629759        0.5726977445       -0.0198188136
        1.0197629759        0.5729509147       -0.0201013671
        1.5929206904        0.8021009668       -0.0125658479
        1.5125529278        0.7786612249       -0.0135949817
        0.8890087517        0.4955356492       -0.0271941452
        0.8890087517        0.4955262669       -0.0272284721
        1.5125529278        0.7785495725       -0.0134442924
        1.8803500184        0.8646954409       -0.0135056213
        1.4276681663        0.7485782043       -0.0140834519
        1.4276681663        0.7484309714       -0.0140228593
        1.8803500184        0.8645207372       -0.0134126391
        2.1871479201        0.9064591872       -0.0108299867
        2.1871479201        0.9065223367       -0.0108104674
        1.9455837577        0.8763396563       -0.0107857831
        1.5125529278        0.7797744349       -0.0189587403
        1.5125529278        0.7797402509       -0.0190607294
        1.9455837577        0.8763902860       -0.0108028931
        1.4276681663        0.7493851615       -0.0194254351
        0.7353615397        0.3945815329       -0.0354590361
        0.7353615397        0.3941792116       -0.0351702353
        1.4276681663        0.7494614358       -0.0194100117
        2.1871479201        0.9126197801       -0.0092196668
        1.3374066048        0.7158672732       -0.0230560109
        0.5396078461        0.2686028384       -0.0418892564
        0.5396078461        0.2678276398       -0.0418220514
        1.3374066048        0.7159346420       -0.0227740586
        2.1871479201        0.9126922719       -0.0092114868
        1.7425717371        0.8386852433       -0.0133306248
        1.2405952039        0.6708959542       -0.0236865041
        1.2405952039        0.6704687998       -0.0237519829
        1.7425717371        0.8387171816       -0.0133609665
        2.0698927729        0.8964796968       -0.0124355101
        2.0698927729        0.8963652913       -0.0125590156
        2.1871479201        0.9058734228       -0.0125259493
        1.8127703179        0.8518359786       -0.0125710454
        1.8127703179        0.8519140681       -0.0125205733
        2.1871479201        0.9060750543       -0.0125593337
        1.7425717371        0.8373541272       -0.0145655520
        1.2405952039        0.6669791376       -0.0197394452
        1.2405952039        0.6672566867       -0.0196435860
        1.7425717371        0.8375076484       -0.0146491236
        1.6694239403        0.8208043163       -0.0137937088
        1.1355599912        0.6133735971       -0.0220410610
        1.1355599912        0.6137071756       -0.0220574685
        1.6694239403        0.8208592800       -0.0138431485
        2.0087001082        0.8830441156       -0.0141502571
        1.5929206904        0.7994967012       -0.0147971840
        1.5929206904        0.7994302775       -0.0146504080
        2.0087001082        0.8829668203       -0.0140969694
        2.0087001082        0.8825162303       -0.0118196105
        2.0087001082        0.8823811432       -0.0118851554
        1.9455837577        0.8757293984       -0.0119319581
        1.9455837577        0.8753873008       -0.0119684513
