#epsqw diagonal term
#1:q+G [au], 2:Re(eps-1), 3:Im(eps-1)
        2.1871479201        0.8976054673       -0.0462013183
        2.1871479201        0.8976048302       -0.0461748796
        2.1293276070        0.8931180518       -0.0478392691
        1.7425717371        0.7967351509       -0.0892514002
        1.7425717371        0.7964838430       -0.0891832476
        2.1293276070        0.8935116292       -0.0473648766
        2.0698927729        0.8840381874       -0.0557099483
        1.6694239403        0.7752287652       -0.1081608714
        1.6694239403        0.7752133484       -0.1083024578
        2.0698927729        0.8840806006       -0.0551275555
        2.0087001082        0.8732603727       -0.0584474041
        2.0087001082        0.8728469537       -0.0584400754
        2.0698927729        0.8852863101       -0.0532304812
        1.6694239403        0.7791110480       -0.1003286161
        1.6694239403        0.7800823742       -0.1008982880
        2.0698927729        0.8846207929       -0.0533979909
        1.5929206904        0.7601799220       -0.1159483596
        1.0197629759        0.5466676302       -0.2420160402
        1.0197629759        0.5466569312       -0.2411485266
        1.5929206904        0.7584150903       -0.1155996864
        1.5125529278        0.7325525377       -0.1320010454
        0.8890087517        0.4888786339       -0.2791484565
        0.8890087517        0.4900009326       -0.2780132416
        1.5125529278        0.7312214699       -0.1324371957
        1.8803500184        0.8467472836       -0.0726239506
        1.4276681663        0.7002558050       -0.1518504152
        1.4276681663        0.7002565664       -0.1521648908
        1.8803500184        0.8467535827       -0.0721673339
        2.1871479201        0.8907758564       -0.0481454320
        2.1871479201        0.8910125118       -0.0481472545
        1.9455837577        0.8636564055       -0.0676974295
        1.5125529278        0.7260957947       -0.1417234183
        1.5125529278        0.7276307277       -0.1426186165
        1.9455837577        0.8634728782       -0.0680483248
        1.4276681663        0.6940229210       -0.1583505949
        0.7353615397        0.4519515592       -0.3356535155
        0.7353615397        0.4520162725       -0.3399359617
        1.4276681663        0.6948518248       -0.1598803991
        2.1871479201        0.8969175348       -0.0521875543
        1.3374066048        0.6635347381       -0.1825001915
        0.5396078461        0.4224836493       -0.3741568327
        0.5396078461        0.4234695105       -0.3736133143
        1.3374066048        0.6616864311       -0.1823226824
        2.1871479201        0.8967769400       -0.0520215004
        1.7425717371        0.8190936070       -0.0906061125
        1.2405952039        0.6237028860       -0.1980965029
        1.2405952039        0.6221107037       -0.1990013354
        1.7425717371        0.8196755508       -0.0899228516
        2.0698927729        0.8726424209       -0.0604937317
        2.0698927729        0.8731566059       -0.0603788845
        2.1871479201        0.9028966366       -0.0462027007
        1.8127703179        0.8290352746       -0.0799685278
        1.8127703179        0.8292652681       -0.0795858293
        2.1871479201        0.9026922493       -0.0466264565
        1.7425717371        0.8099253151       -0.0900057059
        1.2405952039        0.6229164382       -0.2017138175
        1.2405952039        0.6220581194       -0.2024005581
        1.7425717371        0.8102659759       -0.0908950114
        1.6694239403        0.7944174310       -0.0995353174
        1.1355599912        0.5751184908       -0.2217756100
        1.1355599912        0.5769902089       -0.2214397599
        1.6694239403        0.7935419747       -0.1000701663
        2.0087001082        0.8701632159       -0.0581809622
        1.5929206904        0.7670700332       -0.1186399969
        1.5929206904        0.7660654493       -0.1179370435
        2.0087001082        0.8700792903       -0.0585501743
        2.0087001082        0.8573151615       -0.0634284327
        2.0087001082        0.8569171481       -0.0637830009
        1.9455837577        0.8461941937       -0.0700176567
        1.9455837577        0.8464562013       -0.0698427917
