#epsqw diagonal term
#1:q+G [au], 2:Re(eps-1), 3:Im(eps-1)
        2.1871479201        0.9079307099       -0.0110611444
        2.1871479201        0.9078232791       -0.0110876895
        2.1293276070        0.9004730067       -0.0135679774
        1.7425717371        0.8387448823       -0.0164313765
        1.7425717371        0.8388396852       -0.0162228816
        2.1293276070        0.9003743464       -0.0135124280
        2.0698927729        0.8935852768       -0.0127493406
        1.6694239403        0.8229953116       -0.0190165708
        1.6694239403        0.8231869636       -0.0188424263
        2.0698927729        0.8933750325       -0.0126722697
        2.0087001082        0.8846232248       -0.0134835960
        2.0087001082        0.8844481264       -0.0134239644
        2.0698927729        0.8950955579       -0.0153709949
        1.6694239403        0.8222624910       -0.0146239696
        1.6694239403        0.8223286993       -0.0147482078
        2.0698927729        0.8952165631       -0.0152685462
        1.5929206904        0.8017220484       -0.0167314997
        1.0197629759        0.5715103247       -0.0281296791
        1.0197629759        0.5719374930       -0.0280803556
        1.5929206904        0.8018634544       -0.0165688683
        1.5125529278        0.7783794538       -0.0191974122
        0.8890087517        0.4945129877       -0.0422269944
        0.8890087517        0.4945761563       -0.0419136487
        1.5125529278        0.7779536627       -0.0191429985
        1.8803500184        0.8674858638       -0.0174447562
        1.4276681663        0.7474278701       -0.0183681830
        1.4276681663        0.7470424581       -0.0184929561
        1.8803500184        0.8671870460       -0.0177257743
        2.1871479201        0.9077686645       -0.0136816255
        2.1871479201        0.9078892269       -0.0136010885
        1.9455837577        0.8793530900       -0.0145861408
        1.5125529278        0.7846704129       -0.0218692611
        1.5125529278        0.7848789718       -0.0220426984
        1.9455837577        0.8794997891       -0.0144750748
        1.4276681663        0.7540390039       -0.0235423420
        0.7353615397        0.3929991171       -0.0586099115
        0.7353615397        0.3926307507       -0.0596713991
        1.4276681663        0.7541643381       -0.0234844048
        2.1871479201        0.9151364743       -0.0115634104
        1.3374066048        0.7209705462       -0.0301877967
        0.5396078461        0.2585296892       -0.0745346305
        0.5396078461        0.2578431950       -0.0752374049
        1.3374066048        0.7209733752       -0.0301687223
        2.1871479201        0.9152027465       -0.0114989618
        1.7425717371        0.8423246742       -0.0173712177
        1.2405952039        0.6756216920       -0.0293151420
        1.2405952039        0.6755333437       -0.0296286658
        1.7425717371        0.8422228673       -0.0173434988
        2.0698927729        0.9008179187       -0.0143678332
        2.0698927729        0.9011884861       -0.0144011160
        2.1871479201        0.9087795000       -0.0157546545
        1.8127703179        0.8539084745       -0.0158755251
        1.8127703179        0.8537310514       -0.0158005029
        2.1871479201        0.9090032405       -0.0155658554
        1.7425717371        0.8401374763       -0.0181323539
        1.2405952039        0.6664964323       -0.0302744267
        1.2405952039        0.6665212465       -0.0302249012
        1.7425717371        0.8403393703       -0.0180664488
        1.6694239403        0.8223025888       -0.0190318215
        1.1355599912        0.6122024137       -0.0396384282
        1.1355599912        0.6124742148       -0.0391263237
        1.6694239403        0.8223610168       -0.0189979732
        2.0087001082        0.8863197501       -0.0181376168
        1.5929206904        0.8011892222       -0.0188885822
        1.5929206904        0.8010294842       -0.0186494896
        2.0087001082        0.8862281426       -0.0181647125
        2.0087001082        0.8846286774       -0.0159587811
        2.0087001082        0.8848595883       -0.0159974761
        1.9455837577        0.8774000983       -0.0169241744
        1.9455837577        0.8773028682       -0.0172641865
