#epsqw diagonal term
#1:q+G [au], 2:Re(eps-1), 3:Im(eps-1)
        2.1871479201        1.0274123882       -0.0013189660
        2.1871479201        1.0274166564       -0.0013222405
        2.1293276070        1.0297485240       -0.0013603638
        1.7425717371        1.0510593312       -0.0015778580
        1.7425717371        1.0510913055       -0.0016048348
        2.1293276070        1.0298067169       -0.0014078045
        2.0698927729        1.0325549902       -0.0013716958
        1.6694239403        1.0557366964       -0.0016418420
        1.6694239403        1.0557899581       -0.0016649795
        2.0698927729        1.0326380675       -0.0013974275
        2.0087001082        1.0356055735       -0.0014827550
        2.0087001082        1.0356284652       -0.0014520222
        2.0698927729        1.0322803963       -0.0014615436
        1.6694239403        1.0552160155       -0.0015965240
        1.6694239403        1.0551883826       -0.0015757758
        2.0698927729        1.0322330775       -0.0014222505
        1.5929206904        1.0601305164       -0.0015845888
        1.0197629759        1.1067302557       -0.0015567570
        1.0197629759        1.1067329577       -0.0015584496
        1.5929206904        1.0601414203       -0.0015956284
        1.5125529278        1.0659622195       -0.0015855455
        0.8890087517        1.1179992164       -0.0015684456
        0.8890087517        1.1180814647       -0.0016074558
        1.5125529278        1.0660609368       -0.0016363229
        1.8803500184        1.0418943500       -0.0015133982
        1.4276681663        1.0723570077       -0.0016338617
        1.4276681663        1.0724217456       -0.0016431676
        1.8803500184        1.0419780352       -0.0015051306
        2.1871479201        1.0291450934       -0.0013259558
        2.1871479201        1.0291707416       -0.0013137781
        1.9455837577        1.0387567538       -0.0014382748
        1.5125529278        1.0664060517       -0.0016736633
        1.5125529278        1.0663454989       -0.0016412542
        1.9455837577        1.0386616104       -0.0013956301
        1.4276681663        1.0726953900       -0.0016423440
        0.7353615397        1.1297642703       -0.0015203887
        0.7353615397        1.1296983380       -0.0014998985
        1.4276681663        1.0726103809       -0.0015932679
        2.1871479201        1.0306599261       -0.0012407732
        1.3374066048        1.0799278045       -0.0016300679
        0.5396078461        1.1403270081       -0.0015496656
        0.5396078461        1.1403357571       -0.0015440007
        1.3374066048        1.0799471955       -0.0016437764
        2.1871479201        1.0306732424       -0.0012477035
        1.7425717371        1.0506001770       -0.0014800801
        1.2405952039        1.0877871856       -0.0015996756
        1.2405952039        1.0878358853       -0.0016320669
        1.7425717371        1.0506869762       -0.0015363312
        2.0698927729        1.0349852951       -0.0013539763
        2.0698927729        1.0350271504       -0.0013775936
        2.1871479201        1.0269792633       -0.0012979971
        1.8127703179        1.0462017042       -0.0015302436
        1.8127703179        1.0461667918       -0.0015517091
        2.1871479201        1.0269333448       -0.0013455516
        1.7425717371        1.0502729666       -0.0015262367
        1.2405952039        1.0873661144       -0.0015976130
        1.2405952039        1.0872917618       -0.0015738875
        1.7425717371        1.0501775771       -0.0015119010
        1.6694239403        1.0552637406       -0.0015721969
        1.1355599912        1.0961278565       -0.0015624817
        1.1355599912        1.0961002701       -0.0015423994
        1.6694239403        1.0552007045       -0.0015246684
        2.0087001082        1.0347370444       -0.0014205957
        1.5929206904        1.0600961763       -0.0015292144
        1.5929206904        1.0601040781       -0.0015340698
        2.0087001082        1.0347478967       -0.0014293849
        2.0087001082        1.0368413320       -0.0014014626
        2.0087001082        1.0368088546       -0.0014045386
        1.9455837577        1.0402189933       -0.0014351534
        1.9455837577        1.0401795657       -0.0014083054
