#epsqw diagonal term
#1:q+G [au], 2:Re(eps-1), 3:Im(eps-1)
        2.0087001082        0.8906277414       -0.0024562539
        1.8803500184        0.8753749557       -0.0018086418
        2.1293276070        0.9052997179       -0.0021716854
        1.8803500184        0.8753882695       -0.0018210996
        1.7425717371        0.8549815773       -0.0008848793
        2.0087001082        0.8939883829       -0.0013312128
        2.1293276070        0.9053252665       -0.0021579694
        2.0087001082        0.8939991359       -0.0013086080
        1.9455837577        0.8813609701       -0.0025094091
        1.8127703179        0.8618716139       -0.0018720023
        2.0698927729        0.8976501542       -0.0023512484
        1.9455837577        0.8813580167       -0.0024937256
        1.3374066048        0.7289638946       -0.0031763363
        1.1355599912        0.6443523565       -0.0026529068
        1.5125529278        0.7860355973       -0.0028803769
        2.1871479201        0.9113598142       -0.0021233728
        1.8127703179        0.8619038738       -0.0018561570
        1.1355599912        0.6443874594       -0.0026373932
        0.8890087517        0.5334066730       -0.0021954962
        1.3374066048        0.7308547472       -0.0023123855
        2.0698927729        0.9016874919       -0.0014581666
        2.0698927729        0.8976875000       -0.0023361697
        1.5125529278        0.7860474271       -0.0028851744
        1.3374066048        0.7308124100       -0.0023429514
        1.6694239403        0.8296732145       -0.0025966890
        2.1871479201        0.9113450296       -0.0021315173
        2.0698927729        0.9016401751       -0.0014731588
        1.7425717371        0.8491619490       -0.0017722733
        1.5929206904        0.8198922062       -0.0010455832
        1.8803500184        0.8752702705       -0.0012877984
        1.7425717371        0.8491347397       -0.0017607545
        1.0197629759        0.5880268506       -0.0027071266
        0.7353615397        0.4489133300       -0.0025497296
        1.2405952039        0.6928635425       -0.0022516369
        2.0087001082        0.8953242411       -0.0014121440
        1.5929206904        0.8198440009       -0.0010444396
        0.7353615397        0.4488913764       -0.0025477022
        0.2039525952        0.1776295964       -0.0041251798
        1.0197629759        0.6054811034       -0.0018817295
        1.8803500184        0.8819937465       -0.0006944906
        1.8803500184        0.8752729220       -0.0012729102
        1.2405952039        0.6928871517       -0.0022495153
        1.0197629759        0.6055217156       -0.0018835134
        1.4276681663        0.7646231150       -0.0018316121
        2.1293276070        0.9094638093       -0.0011354774
        2.0087001082        0.8953566994       -0.0014186312
        1.8803500184        0.8820421403       -0.0006949510
        2.1293276070        0.9094722804       -0.0011473438
        1.9455837577        0.8812653471       -0.0024973048
        1.8127703179        0.8619308608       -0.0018207407
        2.0698927729        0.8977804704       -0.0023092128
        1.9455837577        0.8812766821       -0.0024796546
        1.3374066048        0.7288190708       -0.0031926535
        1.1355599912        0.6444358195       -0.0025997941
        1.5125529278        0.7860303335       -0.0029147482
        2.1871479201        0.9113334205       -0.0021585695
        1.8127703179        0.8619615267       -0.0018158202
        1.1355599912        0.6444745801       -0.0025944042
        0.8890087517        0.5334104823       -0.0022100237
        1.3374066048        0.7308518079       -0.0023031790
        2.0698927729        0.9017195881       -0.0014391684
        2.0698927729        0.8977910424       -0.0022986698
        1.5125529278        0.7860310398       -0.0029076702
        1.3374066048        0.7308187260       -0.0023103042
        1.6694239403        0.8297601350       -0.0025889822
        2.1871479201        0.9112999085       -0.0021614124
        2.0698927729        0.9016777397       -0.0014450799
        2.0087001082        0.8906671504       -0.0024064028
        1.8803500184        0.8753875986       -0.0017753528
        2.1293276070        0.9053358668       -0.0021894231
        1.8803500184        0.8753984211       -0.0017864021
        1.7425717371        0.8549533763       -0.0008942823
        2.0087001082        0.8939820578       -0.0013362519
        2.1293276070        0.9053557107       -0.0021670055
        2.0087001082        0.8939928946       -0.0013125571
