#epsqw diagonal term
#1:q+G [au], 2:Re(eps-1), 3:Im(eps-1)
        2.0087001082        0.9230864370       -0.0965726959
        1.8803500184        0.9053186928       -0.1169265275
        2.1293276070        0.9375673632       -0.0803558815
        1.8803500184        0.9053469087       -0.1167515327
        1.7425717371        0.8987199438       -0.1427172186
        2.0087001082        0.9276905512       -0.0939750462
        2.1293276070        0.9378593266       -0.0804872810
        2.0087001082        0.9281333473       -0.0941446152
        1.9455837577        0.9161317036       -0.1075128118
        1.8127703179        0.8976515406       -0.1339300583
        2.0698927729        0.9295126441       -0.0854897083
        1.9455837577        0.9161537707       -0.1074557656
        1.3374066048        0.7597265114       -0.2835678875
        1.1355599912        0.7771005494       -0.4406827823
        1.5125529278        0.8633717398       -0.2166896633
        2.1871479201        0.9385708603       -0.0715113891
        1.8127703179        0.8971668774       -0.1337380349
        1.1355599912        0.7776692727       -0.4406057523
        0.8890087517        0.6952581340       -0.6508752350
        1.3374066048        0.8310449509       -0.3182114635
        2.0698927729        0.9320548404       -0.0832005995
        2.0698927729        0.9297549370       -0.0852076374
        1.5125529278        0.8631450387       -0.2172659178
        1.3374066048        0.8301874611       -0.3201850314
        1.6694239403        0.8570638803       -0.1618233736
        2.1871479201        0.9392531908       -0.0716271774
        2.0698927729        0.9326490068       -0.0834394900
        1.7425717371        0.8889455185       -0.1533451756
        1.5929206904        0.8668207910       -0.1777883424
        1.8803500184        0.9089449096       -0.1155919838
        1.7425717371        0.8886828781       -0.1549257909
        1.0197629759        0.7576949644       -0.5298610010
        0.7353615397        0.6291056362       -0.7884097878
        1.2405952039        0.8200180366       -0.3826368358
        2.0087001082        0.9224474227       -0.0884447068
        1.5929206904        0.8658027407       -0.1801072895
        0.7353615397        0.6253180088       -0.7898555829
        0.2039525952        0.5083885463       -1.4429172225
        1.0197629759        0.7061796852       -0.5477555317
        1.8803500184        0.9148197810       -0.1007984673
        1.8803500184        0.9089680132       -0.1160937778
        1.2405952039        0.8214930939       -0.3830482532
        1.0197629759        0.7112957065       -0.5474523649
        1.4276681663        0.8648367317       -0.2731722856
        2.1293276070        0.9424214754       -0.0772978317
        2.0087001082        0.9226071160       -0.0878678088
        1.8803500184        0.9148889506       -0.1001386167
        2.1293276070        0.9424023127       -0.0770999708
        1.9455837577        0.9162976613       -0.1072507985
        1.8127703179        0.8978574416       -0.1343948109
        2.0698927729        0.9295554856       -0.0860775697
        1.9455837577        0.9164665720       -0.1074163335
        1.3374066048        0.7623425545       -0.2844545451
        1.1355599912        0.7799342642       -0.4433331759
        1.5125529278        0.8645801576       -0.2168305035
        2.1871479201        0.9387105847       -0.0708273415
        1.8127703179        0.8977183499       -0.1343371026
        1.1355599912        0.7812298027       -0.4431699088
        0.8890087517        0.7001383752       -0.6573307425
        1.3374066048        0.8311055344       -0.3175888438
        2.0698927729        0.9316926746       -0.0834834430
        2.0698927729        0.9297754557       -0.0858247172
        1.5125529278        0.8633698437       -0.2178520500
        1.3374066048        0.8297306501       -0.3196749689
        1.6694239403        0.8571710435       -0.1617644168
        2.1871479201        0.9395149967       -0.0706394059
        2.0698927729        0.9321797398       -0.0836115890
        2.0087001082        0.9237604496       -0.0968489779
        1.8803500184        0.9059967147       -0.1169189829
        2.1293276070        0.9376301301       -0.0799170796
        1.8803500184        0.9059178819       -0.1164736020
        1.7425717371        0.8985932063       -0.1416829549
        2.0087001082        0.9274637708       -0.0934835017
        2.1293276070        0.9379504019       -0.0802441343
        2.0087001082        0.9278380623       -0.0938356407
