#epsqw diagonal term
#1:q+G [au], 2:Re(eps-1), 3:Im(eps-1)
        2.0087001082        1.0057547619       -0.0000190521
        1.8803500184        1.0067840444       -0.0000225456
        2.1293276070        1.0049002647       -0.0000159304
        1.8803500184        1.0067829565       -0.0000225435
        1.7425717371        1.0080738779       -0.0000266380
        2.0087001082        1.0057440044       -0.0000186864
        2.1293276070        1.0048997452       -0.0000159284
        2.0087001082        1.0057441370       -0.0000186855
        1.9455837577        1.0062416711       -0.0000208842
        1.8127703179        1.0074004847       -0.0000248724
        2.0698927729        1.0052981679       -0.0000173706
        1.9455837577        1.0062439248       -0.0000208910
        1.3374066048        1.0131933383       -0.0000514278
        1.1355599912        1.0164567565       -0.0000679235
        1.5125529278        1.0107513043       -0.0000397227
        2.1871479201        1.0045454807       -0.0000147002
        1.8127703179        1.0074037687       -0.0000248827
        1.1355599912        1.0164575634       -0.0000679284
        0.8890087517        1.0206946932       -0.0000914532
        1.3374066048        1.0132523658       -0.0000506670
        2.0698927729        1.0053023840       -0.0000171792
        2.0698927729        1.0052990535       -0.0000173731
        1.5125529278        1.0107493467       -0.0000397164
        1.3374066048        1.0132484453       -0.0000506540
        1.6694239403        1.0088765963       -0.0000314919
        2.1871479201        1.0045437855       -0.0000146954
        2.0698927729        1.0053004032       -0.0000171732
        1.7425717371        1.0080842832       -0.0000274532
        1.5929206904        1.0097487647       -0.0000329157
        1.8803500184        1.0067909774       -0.0000224458
        1.7425717371        1.0080882321       -0.0000274629
        1.0197629759        1.0184356381       -0.0000799216
        0.7353615397        1.0230409989       -0.0001106947
        1.2405952039        1.0147477737       -0.0000581433
        2.0087001082        1.0057444267       -0.0000187237
        1.5929206904        1.0097543761       -0.0000329296
        0.7353615397        1.0230486417       -0.0001107152
        0.2039525952        1.0269352380       -0.0001823277
        1.0197629759        1.0185401848       -0.0000760201
        1.8803500184        1.0067807394       -0.0000219299
        1.8803500184        1.0067935881       -0.0000224524
        1.2405952039        1.0147448748       -0.0000581349
        1.0197629759        1.0185320420       -0.0000759985
        1.4276681663        1.0119603398       -0.0000442151
        2.1293276070        1.0049004443       -0.0000156952
        2.0087001082        1.0057406681       -0.0000187143
        1.8803500184        1.0067762043       -0.0000219184
        2.1293276070        1.0048977709       -0.0000156882
        1.9455837577        1.0062431274       -0.0000208888
        1.8127703179        1.0074017736       -0.0000248759
        2.0698927729        1.0052984355       -0.0000173704
        1.9455837577        1.0062453157       -0.0000208954
        1.3374066048        1.0131965353       -0.0000514366
        1.1355599912        1.0164573725       -0.0000679227
        1.5125529278        1.0107506832       -0.0000397226
        2.1871479201        1.0045448108       -0.0000146985
        1.8127703179        1.0074049508       -0.0000248859
        1.1355599912        1.0164581775       -0.0000679257
        0.8890087517        1.0206933543       -0.0000914528
        1.3374066048        1.0132506754       -0.0000506670
        2.0698927729        1.0053012408       -0.0000171755
        2.0698927729        1.0052994800       -0.0000173732
        1.5125529278        1.0107489287       -0.0000397165
        1.3374066048        1.0132469220       -0.0000506534
        1.6694239403        1.0088745143       -0.0000314884
        2.1871479201        1.0045432470       -0.0000146939
        2.0698927729        1.0052992289       -0.0000171693
        2.0087001082        1.0057564253       -0.0000190560
        1.8803500184        1.0067849158       -0.0000225483
        2.1293276070        1.0048998847       -0.0000159286
        1.8803500184        1.0067838258       -0.0000225463
        1.7425717371        1.0080731602       -0.0000266363
        2.0087001082        1.0057424760       -0.0000186815
        2.1293276070        1.0048994663       -0.0000159268
        2.0087001082        1.0057426291       -0.0000186806
