#epsqw diagonal term
#1:q+G [au], 2:Re(eps-1), 3:Im(eps-1)
        2.0087001082        0.8938755288       -0.0005924834
        1.8803500184        0.8781467620       -0.0005924318
        2.1293276070        0.9083099749       -0.0005448194
        1.8803500184        0.8781534525       -0.0005924693
        1.7425717371        0.8572152315       -0.0005857559
        2.0087001082        0.8966576714       -0.0005295498
        2.1293276070        0.9083309232       -0.0005443118
        2.0087001082        0.8966737649       -0.0005290166
        1.9455837577        0.8851155218       -0.0006295926
        1.8127703179        0.8653365181       -0.0006461403
        2.0698927729        0.9013634643       -0.0005823722
        1.9455837577        0.8850888826       -0.0006293314
        1.3374066048        0.7343726051       -0.0010777219
        1.1355599912        0.6504633534       -0.0012835283
        1.5125529278        0.7906960688       -0.0009139969
        2.1871479201        0.9146368525       -0.0005315849
        1.8127703179        0.8652991837       -0.0006453466
        1.1355599912        0.6504383985       -0.0012830402
        0.8890087517        0.5410882980       -0.0016036864
        1.3374066048        0.7357075792       -0.0010330762
        2.0698927729        0.9045893323       -0.0005187646
        2.0698927729        0.9013645298       -0.0005817425
        1.5125529278        0.7907242016       -0.0009139111
        1.3374066048        0.7357553656       -0.0010339061
        1.6694239403        0.8341630921       -0.0007988020
        2.1871479201        0.9146597018       -0.0005316856
        2.0698927729        0.9046107348       -0.0005193190
        1.7425717371        0.8523904437       -0.0006755031
        1.5929206904        0.8227930835       -0.0007190659
        1.8803500184        0.8780350685       -0.0005826874
        1.7425717371        0.8523504984       -0.0006754483
        1.0197629759        0.5949048260       -0.0014449585
        0.7353615397        0.4585624658       -0.0018440900
        1.2405952039        0.6979624534       -0.0011380968
        2.0087001082        0.8980132343       -0.0005276905
        1.5929206904        0.8227401241       -0.0007190625
        0.7353615397        0.4585379864       -0.0018440031
        0.2039525952        0.1972276933       -0.0025073896
        1.0197629759        0.6116873189       -0.0014091352
        1.8803500184        0.8839336287       -0.0005017084
        1.8803500184        0.8780165811       -0.0005822652
        1.2405952039        0.6979881129       -0.0011378262
        1.0197629759        0.6117328921       -0.0014093667
        1.4276681663        0.7686551983       -0.0009169908
        2.1293276070        0.9119025288       -0.0004801062
        2.0087001082        0.8980560764       -0.0005275566
        1.8803500184        0.8839835560       -0.0005016098
        2.1293276070        0.9119243111       -0.0004804206
        1.9455837577        0.8850760913       -0.0006304309
        1.8127703179        0.8653650143       -0.0006442499
        2.0698927729        0.9014436729       -0.0005796706
        1.9455837577        0.8850551953       -0.0006300056
        1.3374066048        0.7343020463       -0.0010797524
        1.1355599912        0.6505240631       -0.0012814142
        1.5125529278        0.7906685178       -0.0009150103
        2.1871479201        0.9145987820       -0.0005331958
        1.8127703179        0.8653271346       -0.0006435826
        1.1355599912        0.6505038536       -0.0012809538
        0.8890087517        0.5410954027       -0.0016038428
        1.3374066048        0.7356925429       -0.0010329083
        2.0698927729        0.9045985247       -0.0005183038
        2.0698927729        0.9014391250       -0.0005792336
        1.5125529278        0.7906972933       -0.0009149772
        1.3374066048        0.7357446216       -0.0010336381
        1.6694239403        0.8341965498       -0.0007968682
        2.1871479201        0.9146161401       -0.0005335457
        2.0698927729        0.9046209980       -0.0005188237
        2.0087001082        0.8939205572       -0.0005907478
        1.8803500184        0.8781516604       -0.0005917108
        2.1293276070        0.9083232553       -0.0005449942
        1.8803500184        0.8781573996       -0.0005918322
        1.7425717371        0.8571965090       -0.0005865541
        2.0087001082        0.8966550190       -0.0005301218
        2.1293276070        0.9083433340       -0.0005445178
        2.0087001082        0.8966705740       -0.0005296350
