#epsqw diagonal term
#1:q+G [au], 2:Re(eps-1), 3:Im(eps-1)
        2.0087001082        0.8868840253       -0.0135575284
        1.8803500184        0.8733571775       -0.0169086646
        2.1293276070        0.9031739287       -0.0148035173
        1.8803500184        0.8734040442       -0.0169319010
        1.7425717371        0.8471125823       -0.0174005089
        2.0087001082        0.8915563002       -0.0154382367
        2.1293276070        0.9032269018       -0.0148250659
        2.0087001082        0.8915885270       -0.0153915332
        1.9455837577        0.8796386687       -0.0144765560
        1.8127703179        0.8602370459       -0.0167277198
        2.0698927729        0.8972268964       -0.0150040971
        1.9455837577        0.8796233864       -0.0145374977
        1.3374066048        0.7213155943       -0.0222463975
        1.1355599912        0.6335322476       -0.0360919826
        1.5125529278        0.7806287588       -0.0205267137
        2.1871479201        0.9093370020       -0.0138919605
        1.8127703179        0.8602391127       -0.0167661649
        1.1355599912        0.6334949332       -0.0361530305
        0.8890087517        0.5130726534       -0.0613101624
        1.3374066048        0.7191570182       -0.0270198868
        2.0698927729        0.9016311033       -0.0148111863
        2.0698927729        0.8972698095       -0.0151579390
        1.5125529278        0.7806737521       -0.0205663644
        1.3374066048        0.7191080146       -0.0270125923
        1.6694239403        0.8268786287       -0.0218835327
        2.1871479201        0.9093534543       -0.0138805702
        2.0698927729        0.9016300090       -0.0147776940
        1.7425717371        0.8486738446       -0.0167965509
        1.5929206904        0.8126814870       -0.0185675319
        1.8803500184        0.8732583547       -0.0150718896
        1.7425717371        0.8486294232       -0.0168892960
        1.0197629759        0.5648039017       -0.0514008661
        0.7353615397        0.4114144634       -0.0686494929
        1.2405952039        0.6821277484       -0.0273934125
        2.0087001082        0.8958143521       -0.0146070067
        1.5929206904        0.8126537015       -0.0186288246
        0.7353615397        0.4111133793       -0.0687595465
        0.2039525952        0.0705362013       -0.1344833439
        1.0197629759        0.5771852200       -0.0345709422
        1.8803500184        0.8759590686       -0.0135119257
        1.8803500184        0.8732923617       -0.0152804207
        1.2405952039        0.6822405361       -0.0274819659
        1.0197629759        0.5771773483       -0.0344937325
        1.4276681663        0.7564847074       -0.0187924623
        2.1293276070        0.9087414419       -0.0134758170
        2.0087001082        0.8958855517       -0.0145718771
        1.8803500184        0.8760539509       -0.0135065012
        2.1293276070        0.9087175027       -0.0133380730
        1.9455837577        0.8795809099       -0.0144810239
        1.8127703179        0.8599889679       -0.0164266471
        2.0698927729        0.8972749380       -0.0150056867
        1.9455837577        0.8796106912       -0.0145414434
        1.3374066048        0.7217002752       -0.0219221738
        1.1355599912        0.6337705257       -0.0354181652
        1.5125529278        0.7809641460       -0.0204534917
        2.1871479201        0.9092871503       -0.0138971445
        1.8127703179        0.8600079283       -0.0164584994
        1.1355599912        0.6337535627       -0.0355293900
        0.8890087517        0.5129455148       -0.0586595056
        1.3374066048        0.7185400150       -0.0269686298
        2.0698927729        0.9014049198       -0.0149414824
        2.0698927729        0.8973173646       -0.0151386319
        1.5125529278        0.7810239993       -0.0205113213
        1.3374066048        0.7184884819       -0.0269083801
        1.6694239403        0.8265151199       -0.0218902649
        2.1871479201        0.9093045336       -0.0138795195
        2.0698927729        0.9013783667       -0.0148918364
        2.0087001082        0.8870471608       -0.0136852965
        1.8803500184        0.8736595617       -0.0169744265
        2.1293276070        0.9034492183       -0.0148562852
        1.8803500184        0.8737173480       -0.0170228762
        1.7425717371        0.8473682516       -0.0172995781
        2.0087001082        0.8919641499       -0.0152712525
        2.1293276070        0.9034988282       -0.0148728358
        2.0087001082        0.8919695176       -0.0152635108
