#epsqw diagonal term
#1:q+G [au], 2:Re(eps-1), 3:Im(eps-1)
        2.0087001082        0.8939542953       -0.0005864767
        1.8803500184        0.8782167014       -0.0005876017
        2.1293276070        0.9083847325       -0.0005390681
        1.8803500184        0.8782234359       -0.0005876280
        1.7425717371        0.8572703387       -0.0005828339
        2.0087001082        0.8967199664       -0.0005254532
        2.1293276070        0.9084054778       -0.0005385922
        2.0087001082        0.8967358237       -0.0005249618
        1.9455837577        0.8852010693       -0.0006229149
        1.8127703179        0.8654141067       -0.0006406944
        2.0698927729        0.9014457248       -0.0005758444
        1.9455837577        0.8851742682       -0.0006226753
        1.3374066048        0.7345007717       -0.0010693671
        1.1355599912        0.6506099520       -0.0012753153
        1.5125529278        0.7908068095       -0.0009063151
        2.1871479201        0.9147124982       -0.0005256648
        1.8127703179        0.8653763625       -0.0006399574
        1.1355599912        0.6505846861       -0.0012748742
        0.8890087517        0.5412781637       -0.0015948913
        1.3374066048        0.7358225588       -0.0010263130
        2.0698927729        0.9046549289       -0.0005141363
        2.0698927729        0.9014464998       -0.0005752550
        1.5125529278        0.7908349494       -0.0009062266
        1.3374066048        0.7358708169       -0.0010270739
        1.6694239403        0.8342652815       -0.0007914272
        2.1871479201        0.9147354547       -0.0005257507
        2.0698927729        0.9046766348       -0.0005146491
        1.7425717371        0.8524676610       -0.0006703306
        1.5929206904        0.8228634251       -0.0007153054
        1.8803500184        0.8781008733       -0.0005784762
        1.7425717371        0.8524276378       -0.0006702866
        1.0197629759        0.5950743929       -0.0014361115
        0.7353615397        0.4588011464       -0.0018331204
        1.2405952039        0.6980873885       -0.0011311243
        2.0087001082        0.8980778086       -0.0005231927
        1.5929206904        0.8228104367       -0.0007153022
        0.7353615397        0.4587766568       -0.0018330310
        0.2039525952        0.1977106802       -0.0024844866
        1.0197629759        0.6118423608       -0.0014021148
        1.8803500184        0.8839811323       -0.0004992216
        1.8803500184        0.8780821606       -0.0005780868
        1.2405952039        0.6981129314       -0.0011308730
        1.0197629759        0.6118880183       -0.0014023388
        1.4276681663        0.7687538506       -0.0009112985
        2.1293276070        0.9119610308       -0.0004761752
        2.0087001082        0.8981206443       -0.0005230604
        1.8803500184        0.8840310637       -0.0004991219
        2.1293276070        0.9119829785       -0.0004764655
        1.9455837577        0.8851617734       -0.0006237696
        1.8127703179        0.8654418393       -0.0006389116
        2.0698927729        0.9015250180       -0.0005732571
        1.9455837577        0.8851406555       -0.0006233738
        1.3374066048        0.7344309092       -0.0010713337
        1.1355599912        0.6506699088       -0.0012733028
        1.5125529278        0.7907797140       -0.0009072512
        2.1871479201        0.9146750292       -0.0005271845
        1.8127703179        0.8654036102       -0.0006382905
        1.1355599912        0.6506493985       -0.0012728846
        0.8890087517        0.5412855024       -0.0015949980
        1.3374066048        0.7358074098       -0.0010261663
        2.0698927729        0.9046638714       -0.0005137118
        2.0698927729        0.9015202500       -0.0005728526
        1.5125529278        0.7908085161       -0.0009072141
        1.3374066048        0.7358598945       -0.0010268405
        1.6694239403        0.8342980942       -0.0007895583
        2.1871479201        0.9146925816       -0.0005275102
        2.0698927729        0.9046866285       -0.0005141940
        2.0087001082        0.8939986474       -0.0005848477
        1.8803500184        0.8782212701       -0.0005869352
        2.1293276070        0.9083981879       -0.0005392026
        1.8803500184        0.8782270823       -0.0005870416
        1.7425717371        0.8572519001       -0.0005835980
        2.0087001082        0.8967175136       -0.0005259990
        2.1293276070        0.9084180705       -0.0005387582
        2.0087001082        0.8967328481       -0.0005255522
