#epsqw diagonal term
#1:q+G [au], 2:Re(eps-1), 3:Im(eps-1)
        2.0087001082        1.0029127831       -0.0000090897
        1.8803500184        1.0034424416       -0.0000108032
        2.1293276070        1.0024750852       -0.0000075704
        1.8803500184        1.0034419499       -0.0000108023
        1.7425717371        1.0041095080       -0.0000128209
        2.0087001082        1.0029066420       -0.0000089036
        2.1293276070        1.0024748371       -0.0000075694
        2.0087001082        1.0029067468       -0.0000089030
        1.9455837577        1.0031621396       -0.0000099842
        1.8127703179        1.0037596182       -0.0000119501
        2.0698927729        1.0026778483       -0.0000082667
        1.9455837577        1.0031632799       -0.0000099875
        1.3374066048        1.0067585475       -0.0000252239
        1.1355599912        1.0084542212       -0.0000335602
        1.5125529278        1.0054885200       -0.0000193325
        2.1871479201        1.0022933715       -0.0000069699
        1.8127703179        1.0037613041       -0.0000119554
        1.1355599912        1.0084547896       -0.0000335635
        0.8890087517        1.0106579235       -0.0000454394
        1.3374066048        1.0067886400       -0.0000248330
        2.0698927729        1.0026802124       -0.0000081676
        2.0698927729        1.0026783590       -0.0000082680
        1.5125529278        1.0054874605       -0.0000193296
        1.3374066048        1.0067869517       -0.0000248268
        1.6694239403        1.0045167146       -0.0000152137
        2.1871479201        1.0022924779       -0.0000069677
        2.0698927729        1.0026792403       -0.0000081647
        1.7425717371        1.0041133891       -0.0000132315
        1.5929206904        1.0049721666       -0.0000159136
        1.8803500184        1.0034447669       -0.0000107459
        1.7425717371        1.0041154325       -0.0000132362
        1.0197629759        1.0094783421       -0.0000396091
        0.7353615397        1.0118846121       -0.0000552944
        1.2405952039        1.0075637895       -0.0000286014
        2.0087001082        1.0029073394       -0.0000089217
        1.5929206904        1.0049750291       -0.0000159204
        0.7353615397        1.0118881347       -0.0000553053
        0.2039525952        1.0139480132       -0.0000924823
        1.0197629759        1.0095268419       -0.0000375392
        1.8803500184        1.0034401068       -0.0000104771
        1.8803500184        1.0034461957       -0.0000107490
        1.2405952039        1.0075621960       -0.0000285974
        1.0197629759        1.0095229184       -0.0000375283
        1.4276681663        1.0061157680       -0.0000215793
        2.1293276070        1.0024737558       -0.0000074426
        2.0087001082        1.0029053526       -0.0000089173
        1.8803500184        1.0034377693       -0.0000104716
        2.1293276070        1.0024723577       -0.0000074394
        1.9455837577        1.0031626832       -0.0000099859
        1.8127703179        1.0037604491       -0.0000119518
        2.0698927729        1.0026781613       -0.0000082666
        1.9455837577        1.0031637403       -0.0000099890
        1.3374066048        1.0067594528       -0.0000252271
        1.1355599912        1.0084552317       -0.0000335604
        1.5125529278        1.0054879450       -0.0000193329
        2.1871479201        1.0022928303       -0.0000069690
        1.8127703179        1.0037619995       -0.0000119567
        1.1355599912        1.0084549174       -0.0000335617
        0.8890087517        1.0106545365       -0.0000454396
        1.3374066048        1.0067867090       -0.0000248335
        2.0698927729        1.0026794650       -0.0000081659
        2.0698927729        1.0026787355       -0.0000082680
        1.5125529278        1.0054869990       -0.0000193294
        1.3374066048        1.0067847867       -0.0000248262
        1.6694239403        1.0045157552       -0.0000152124
        2.1871479201        1.0022919592       -0.0000069667
        2.0698927729        1.0026783916       -0.0000081628
        2.0087001082        1.0029131625       -0.0000090911
        1.8803500184        1.0034429944       -0.0000108046
        2.1293276070        1.0024748680       -0.0000075695
        1.8803500184        1.0034423311       -0.0000108036
        1.7425717371        1.0041091204       -0.0000128200
        2.0087001082        1.0029056711       -0.0000089011
        2.1293276070        1.0024745720       -0.0000075685
        2.0087001082        1.0029057390       -0.0000089005
