#epsqw diagonal term
#1:q+G [au], 2:Re(eps-1), 3:Im(eps-1)
        2.0087001082        0.8939520842       -0.0005866428
        1.8803500184        0.8782147353       -0.0005877357
        2.1293276070        0.9083826333       -0.0005392272
        1.8803500184        0.8782214688       -0.0005877623
        1.7425717371        0.8572687865       -0.0005829157
        2.0087001082        0.8967182141       -0.0005255672
        2.1293276070        0.9084033844       -0.0005387504
        2.0087001082        0.8967340779       -0.0005250746
        1.9455837577        0.8851986683       -0.0006230996
        1.8127703179        0.8654119263       -0.0006408456
        2.0698927729        0.9014434159       -0.0005760250
        1.9455837577        0.8851718719       -0.0006228594
        1.3374066048        0.7344971672       -0.0010695988
        1.1355599912        0.6506058242       -0.0012755441
        1.5125529278        0.7908036972       -0.0009065279
        2.1871479201        0.9147103746       -0.0005258287
        1.8127703179        0.8653741940       -0.0006401070
        1.1355599912        0.6505805672       -0.0012751017
        0.8890087517        0.5412728098       -0.0015951380
        1.3374066048        0.7358193225       -0.0010265012
        2.0698927729        0.9046530854       -0.0005142649
        2.0698927729        0.9014441994       -0.0005754346
        1.5125529278        0.7908318370       -0.0009064395
        1.3374066048        0.7358675672       -0.0010272641
        1.6694239403        0.8342624102       -0.0007916317
        2.1871479201        0.9147333280       -0.0005259149
        2.0698927729        0.9046747826       -0.0005147789
        1.7425717371        0.8524654908       -0.0006704743
        1.5929206904        0.8228614438       -0.0007154107
        1.8803500184        0.8780990218       -0.0005785934
        1.7425717371        0.8524254698       -0.0006704300
        1.0197629759        0.5950696167       -0.0014363584
        0.7353615397        0.4587944161       -0.0018334281
        1.2405952039        0.6980838718       -0.0011313185
        2.0087001082        0.8980759935       -0.0005233177
        1.5929206904        0.8228084565       -0.0007154075
        0.7353615397        0.4587699272       -0.0018333387
        0.2039525952        0.1976970617       -0.0024851291
        1.0197629759        0.6118379897       -0.0014023118
        1.8803500184        0.8839797947       -0.0004992912
        1.8803500184        0.8780803154       -0.0005782031
        1.2405952039        0.6981094177       -0.0011310667
        1.0197629759        0.6118836443       -0.0014025360
        1.4276681663        0.7687510735       -0.0009114571
        2.1293276070        0.9119593854       -0.0004762846
        2.0087001082        0.8981188294       -0.0005231853
        1.8803500184        0.8840297256       -0.0004991916
        2.1293276070        0.9119813285       -0.0004765755
        1.9455837577        0.8851593689       -0.0006239540
        1.8127703179        0.8654396799       -0.0006390599
        2.0698927729        0.9015227350       -0.0005734346
        1.9455837577        0.8851382573       -0.0006235573
        1.3374066048        0.7344272868       -0.0010715672
        1.1355599912        0.6506658025       -0.0012735288
        1.5125529278        0.7907765898       -0.0009074661
        2.1871479201        0.9146728897       -0.0005273508
        1.8127703179        0.8654014607       -0.0006384374
        1.1355599912        0.6506453007       -0.0012731095
        0.8890087517        0.5412801426       -0.0015952460
        1.3374066048        0.7358041770       -0.0010263540
        2.0698927729        0.9046620351       -0.0005138395
        2.0698927729        0.9015179730       -0.0005730292
        1.5125529278        0.7908053909       -0.0009074291
        1.3374066048        0.7358566499       -0.0010270297
        1.6694239403        0.8342952405       -0.0007897610
        2.1871479201        0.9146904365       -0.0005276772
        2.0698927729        0.9046847840       -0.0005143227
        2.0087001082        0.8939964550       -0.0005850110
        1.8803500184        0.8782193136       -0.0005870677
        2.1293276070        0.9083960847       -0.0005393628
        1.8803500184        0.8782251239       -0.0005871745
        1.7425717371        0.8572503400       -0.0005836807
        2.0087001082        0.8967157562       -0.0005261137
        2.1293276070        0.9084159725       -0.0005389175
        2.0087001082        0.8967310966       -0.0005256658
