#epsqw diagonal term
#1:q+G [au], 2:Re(eps-1), 3:Im(eps-1)
        2.0087001082        0.8813908211       -0.0316010398
        1.8803500184        0.8444191081       -0.0359114028
        2.1293276070        0.8994890023       -0.0300640629
        1.8803500184        0.8444396257       -0.0359010053
        1.7425717371        0.7959843522       -0.0463885813
        2.0087001082        0.8667348297       -0.0348563066
        2.1293276070        0.8995175041       -0.0300240408
        2.0087001082        0.8665896052       -0.0349582778
        1.9455837577        0.8667330667       -0.0360346950
        1.8127703179        0.8243386219       -0.0437139247
        2.0698927729        0.8900227296       -0.0329654952
        1.9455837577        0.8669272838       -0.0360462832
        1.3374066048        0.6822101220       -0.0824219458
        1.1355599912        0.5848235104       -0.1272871069
        1.5125529278        0.7322002266       -0.0665657964
        2.1871479201        0.9085951387       -0.0258251939
        1.8127703179        0.8244053106       -0.0437044803
        1.1355599912        0.5853896999       -0.1286053114
        0.8890087517        0.4858997623       -0.1631683261
        1.3374066048        0.6667710021       -0.0882475900
        2.0698927729        0.8805282752       -0.0300542599
        2.0698927729        0.8899222858       -0.0329161647
        1.5125529278        0.7323556669       -0.0664878362
        1.3374066048        0.6668723308       -0.0881199936
        1.6694239403        0.7997095234       -0.0506575472
        2.1871479201        0.9086732768       -0.0258042771
        2.0698927729        0.8804516040       -0.0300589643
        1.7425717371        0.8079719877       -0.0453717887
        1.5929206904        0.7572158027       -0.0562306125
        1.8803500184        0.8411574126       -0.0417544711
        1.7425717371        0.8080308119       -0.0454736777
        1.0197629759        0.5426062117       -0.1659198815
        0.7353615397        0.4131635156       -0.2153923455
        1.2405952039        0.6292411351       -0.1049825254
        2.0087001082        0.8724952055       -0.0294712554
        1.5929206904        0.7571727312       -0.0559976672
        0.7353615397        0.4142323114       -0.2145636032
        0.2039525952        0.4170548373       -0.3921671232
        1.0197629759        0.5534192207       -0.1061973465
        1.8803500184        0.8417599633       -0.0367544862
        1.8803500184        0.8410137165       -0.0418070609
        1.2405952039        0.6286178686       -0.1049319571
        1.0197629759        0.5538139697       -0.1073197897
        1.4276681663        0.7029465353       -0.0772847765
        2.1293276070        0.8882982536       -0.0301657433
        2.0087001082        0.8724780336       -0.0292256469
        1.8803500184        0.8422235246       -0.0366538561
        2.1293276070        0.8882156205       -0.0301216992
        1.9455837577        0.8669691713       -0.0358982368
        1.8127703179        0.8236533433       -0.0437055015
        2.0698927729        0.8898742277       -0.0330035853
        1.9455837577        0.8670284592       -0.0360169753
        1.3374066048        0.6818512268       -0.0819009562
        1.1355599912        0.5849610623       -0.1274015689
        1.5125529278        0.7321092161       -0.0661541105
        2.1871479201        0.9086643886       -0.0258963891
        1.8127703179        0.8236972233       -0.0436784887
        1.1355599912        0.5848121192       -0.1280648239
        0.8890087517        0.4861458499       -0.1619110061
        1.3374066048        0.6664475358       -0.0877960721
        2.0698927729        0.8806731305       -0.0303163557
        2.0698927729        0.8898828102       -0.0329595510
        1.5125529278        0.7324595870       -0.0663086766
        1.3374066048        0.6670010878       -0.0870930002
        1.6694239403        0.7999190983       -0.0515431244
        2.1871479201        0.9086829646       -0.0259674463
        2.0698927729        0.8805939451       -0.0301434256
        2.0087001082        0.8818069741       -0.0310706400
        1.8803500184        0.8441633597       -0.0359079484
        2.1293276070        0.8996930687       -0.0300984477
        1.8803500184        0.8442041804       -0.0359265927
        1.7425717371        0.7964523340       -0.0464737239
        2.0087001082        0.8668300136       -0.0353425347
        2.1293276070        0.8996673836       -0.0300500435
        2.0087001082        0.8667951231       -0.0353263172
