#epsqw diagonal term
#1:q+G [au], 2:Re(eps-1), 3:Im(eps-1)
        2.0087001082        0.9645858308       -0.1485538007
        1.8803500184        0.9532718820       -0.1894889776
        2.1293276070        0.9679656614       -0.1153145940
        1.8803500184        0.9523463244       -0.1895852046
        1.7425717371        0.9496617278       -0.2502026888
        2.0087001082        0.9656553572       -0.1411743509
        2.1293276070        0.9683786126       -0.1153322224
        2.0087001082        0.9666849989       -0.1416348866
        1.9455837577        0.9531718431       -0.1579646313
        1.8127703179        0.9550659932       -0.2073453859
        2.0698927729        0.9603224531       -0.1241349733
        1.9455837577        0.9531926973       -0.1580010547
        1.3374066048        0.8556417242       -0.5852304433
        1.1355599912        0.9191291738       -0.6979471021
        1.5125529278        0.9779283675       -0.3456006003
        2.1871479201        0.9761611320       -0.1071508302
        1.8127703179        0.9543116821       -0.2070916017
        1.1355599912        0.9133890458       -0.6910947809
        0.8890087517        0.8136265136       -0.9381875945
        1.3374066048        0.9321022605       -0.5072907100
        2.0698927729        0.9654378730       -0.1350282728
        2.0698927729        0.9601562832       -0.1235378657
        1.5125529278        0.9794049378       -0.3437631769
        1.3374066048        0.9387936261       -0.5075458937
        1.6694239403        0.9196716513       -0.3041882595
        2.1871479201        0.9764310254       -0.1077024129
        2.0698927729        0.9666341623       -0.1346774047
        1.7425717371        0.9517961558       -0.2451363264
        1.5929206904        0.9198973141       -0.3304717677
        1.8803500184        0.9616403717       -0.1804352976
        1.7425717371        0.9520605627       -0.2442167243
        1.0197629759        0.8895691134       -0.7697754508
        0.7353615397        0.7096490411       -1.1444989750
        1.2405952039        0.9398022745       -0.6085461216
        2.0087001082        0.9574290466       -0.1549228461
        1.5929206904        0.9198665117       -0.3290606738
        0.7353615397        0.6982355060       -1.1328992117
        0.2039525952        1.0165730225       -1.7087342058
        1.0197629759        0.8189967334       -0.7366926533
        1.8803500184        0.9417923321       -0.1904592747
        1.8803500184        0.9617976259       -0.1810155242
        1.2405952039        0.9362346677       -0.6070786126
        1.0197629759        0.8237303278       -0.7447613301
        1.4276681663        0.9495997180       -0.4599572161
        2.1293276070        0.9726789328       -0.1154801585
        2.0087001082        0.9565847340       -0.1538214786
        1.8803500184        0.9424146441       -0.1908251918
        2.1293276070        0.9733019622       -0.1149653435
        1.9455837577        0.9534646306       -0.1579399004
        1.8127703179        0.9541035651       -0.2085507818
        2.0698927729        0.9605034981       -0.1231426597
        1.9455837577        0.9529221296       -0.1574658459
        1.3374066048        0.8585623385       -0.5945641338
        1.1355599912        0.9261485292       -0.7011012988
        1.5125529278        0.9772182578       -0.3438476358
        2.1871479201        0.9760510874       -0.1076100835
        1.8127703179        0.9532736561       -0.2083343978
        1.1355599912        0.9220363889       -0.6964568623
        0.8890087517        0.8152864120       -0.9292013911
        1.3374066048        0.9312477883       -0.5048641923
        2.0698927729        0.9639783721       -0.1354141189
        2.0698927729        0.9603598777       -0.1224312720
        1.5125529278        0.9792315357       -0.3438516035
        1.3374066048        0.9347766267       -0.5067357882
        1.6694239403        0.9232376221       -0.3006680596
        2.1871479201        0.9765305194       -0.1077879608
        2.0698927729        0.9650324895       -0.1349723107
        2.0087001082        0.9639252405       -0.1492083170
        1.8803500184        0.9535537507       -0.1893270507
        2.1293276070        0.9677846417       -0.1146125408
        1.8803500184        0.9519347748       -0.1888846388
        1.7425717371        0.9508739253       -0.2508085362
        2.0087001082        0.9640869952       -0.1406844063
        2.1293276070        0.9680135060       -0.1150063882
        2.0087001082        0.9653860301       -0.1418258233
