#epsqw diagonal term
#1:q+G [au], 2:Re(eps-1), 3:Im(eps-1)
        2.0087001082        0.8901694375       -0.0032584506
        1.8803500184        0.8742562865       -0.0022049932
        2.1293276070        0.9043944438       -0.0030253617
        1.8803500184        0.8742840181       -0.0021989408
        1.7425717371        0.8535164120       -0.0010605028
        2.0087001082        0.8927849620       -0.0020384512
        2.1293276070        0.9044197321       -0.0029960659
        2.0087001082        0.8927872304       -0.0020202972
        1.9455837577        0.8805199896       -0.0041230572
        1.8127703179        0.8604736488       -0.0032597998
        2.0698927729        0.8967759839       -0.0041269511
        1.9455837577        0.8805152807       -0.0040600175
        1.3374066048        0.7272595458       -0.0047479301
        1.1355599912        0.6409252362       -0.0039206901
        1.5125529278        0.7844729466       -0.0043995626
        2.1871479201        0.9105317652       -0.0034130021
        1.8127703179        0.8604951498       -0.0030880497
        1.1355599912        0.6409436189       -0.0037703113
        0.8890087517        0.5281828212       -0.0028127328
        1.3374066048        0.7285945674       -0.0035612909
        2.0698927729        0.9003922912       -0.0024330147
        2.0698927729        0.8968086602       -0.0040526091
        1.5125529278        0.7845071371       -0.0044365698
        1.3374066048        0.7285888197       -0.0037806696
        1.6694239403        0.8281893321       -0.0044414269
        2.1871479201        0.9105355872       -0.0034994323
        2.0698927729        0.9003665857       -0.0025952113
        1.7425717371        0.8479045645       -0.0026049217
        1.5929206904        0.8178726309       -0.0013516128
        1.8803500184        0.8737424076       -0.0020007164
        1.7425717371        0.8478705815       -0.0025815554
        1.0197629759        0.5842810883       -0.0037462388
        0.7353615397        0.4421917771       -0.0033114983
        1.2405952039        0.6901140405       -0.0031572576
        2.0087001082        0.8940537655       -0.0020742421
        1.5929206904        0.8178217087       -0.0013436960
        0.7353615397        0.4421621658       -0.0033034362
        0.2039525952        0.1647381153       -0.0057923658
        1.0197629759        0.6013702967       -0.0023483106
        1.8803500184        0.8806593438       -0.0008611552
        1.8803500184        0.8737464474       -0.0019536164
        1.2405952039        0.6901474839       -0.0031518506
        1.0197629759        0.6014106894       -0.0023612527
        1.4276681663        0.7623113022       -0.0026911541
        2.1293276070        0.9080397363       -0.0017001741
        2.0087001082        0.8940968485       -0.0020912043
        1.8803500184        0.8807085030       -0.0008682144
        2.1293276070        0.9080479663       -0.0017314364
        1.9455837577        0.8804114290       -0.0041848185
        1.8127703179        0.8605252222       -0.0031479370
        2.0698927729        0.8969337993       -0.0040137182
        1.9455837577        0.8804200791       -0.0041094317
        1.3374066048        0.7270975876       -0.0048266205
        1.1355599912        0.6409827507       -0.0038239433
        1.5125529278        0.7844810448       -0.0044018072
        2.1871479201        0.9104923977       -0.0034436201
        1.8127703179        0.8605644331       -0.0029792919
        1.1355599912        0.6410350872       -0.0036738007
        0.8890087517        0.5281592735       -0.0028249305
        1.3374066048        0.7286162695       -0.0034840429
        2.0698927729        0.9004217952       -0.0023628454
        2.0698927729        0.8969524509       -0.0039638282
        1.5125529278        0.7844838723       -0.0044576336
        1.3374066048        0.7285655020       -0.0037011669
        1.6694239403        0.8283532229       -0.0043043354
        2.1871479201        0.9104616582       -0.0035483577
        2.0698927729        0.9003756284       -0.0025236681
        2.0087001082        0.8901983530       -0.0032404003
        1.8803500184        0.8742408508       -0.0021534239
        2.1293276070        0.9044250241       -0.0030334646
        1.8803500184        0.8742638823       -0.0021487591
        1.7425717371        0.8534810866       -0.0010723520
        2.0087001082        0.8927713219       -0.0020414762
        2.1293276070        0.9044437827       -0.0030064222
        2.0087001082        0.8927672573       -0.0020233815
