#epsqw diagonal term
#1:q+G [au], 2:Re(eps-1), 3:Im(eps-1)
        2.0087001082        0.8909203055       -0.0017078117
        1.8803500184        0.8756663286       -0.0013851664
        2.1293276070        0.9055784283       -0.0016135028
        1.8803500184        0.8756707481       -0.0013950024
        1.7425717371        0.8554416943       -0.0007859369
        2.0087001082        0.8944858575       -0.0009979131
        2.1293276070        0.9056072761       -0.0016002146
        2.0087001082        0.8945066697       -0.0009759200
        1.9455837577        0.8818955888       -0.0017547518
        1.8127703179        0.8625251430       -0.0013464179
        2.0698927729        0.8982856286       -0.0016107694
        1.9455837577        0.8818931921       -0.0017528034
        1.3374066048        0.7298329521       -0.0023167048
        1.1355599912        0.6455434561       -0.0021246514
        1.5125529278        0.7867352138       -0.0021304035
        2.1871479201        0.9118427390       -0.0015035746
        1.8127703179        0.8625226236       -0.0013531924
        1.1355599912        0.6455487277       -0.0021307502
        0.8890087517        0.5351311284       -0.0020040378
        1.3374066048        0.7317901619       -0.0017850284
        2.0698927729        0.9022464340       -0.0010650637
        2.0698927729        0.8983070640       -0.0016101500
        1.5125529278        0.7867571215       -0.0021244529
        1.3374066048        0.7317869338       -0.0017769154
        1.6694239403        0.8304316920       -0.0018594253
        2.1871479201        0.9118461001       -0.0014939463
        2.0698927729        0.9022331842       -0.0010533929
        1.7425717371        0.8497097448       -0.0013777114
        1.5929206904        0.8205333268       -0.0009397913
        1.8803500184        0.8758126440       -0.0010463240
        1.7425717371        0.8496839143       -0.0013773272
        1.0197629759        0.5894027596       -0.0022738287
        0.7353615397        0.4510911399       -0.0023320215
        1.2405952039        0.6938563007       -0.0018755990
        2.0087001082        0.8957913651       -0.0011208969
        1.5929206904        0.8204840516       -0.0009412013
        0.7353615397        0.4510690090       -0.0023325626
        0.2039525952        0.1820255326       -0.0035703525
        1.0197629759        0.6068608035       -0.0017297900
        1.8803500184        0.8824237718       -0.0006350832
        1.8803500184        0.8758117249       -0.0010413180
        1.2405952039        0.6938791006       -0.0018677808
        1.0197629759        0.6069029218       -0.0017308719
        1.4276681663        0.7654106645       -0.0015377377
        2.1293276070        0.9099255905       -0.0009320218
        2.0087001082        0.8958239214       -0.0011173055
        1.8803500184        0.8824729076       -0.0006349658
        2.1293276070        0.9099349634       -0.0009367609
        1.9455837577        0.8818332782       -0.0017145855
        1.8127703179        0.8625871984       -0.0013151787
        2.0698927729        0.8984054895       -0.0015897034
        1.9455837577        0.8818386353       -0.0017141314
        1.3374066048        0.7297274369       -0.0022977002
        1.1355599912        0.6456385438       -0.0020896224
        1.5125529278        0.7867238763       -0.0021729883
        2.1871479201        0.9118069825       -0.0015454888
        1.8127703179        0.8625801127       -0.0013272162
        1.1355599912        0.6456471696       -0.0020991474
        0.8890087517        0.5351318501       -0.0020208542
        1.3374066048        0.7317891990       -0.0017849441
        2.0698927729        0.9022745759       -0.0010617257
        2.0698927729        0.8984136615       -0.0015823256
        1.5125529278        0.7867474019       -0.0021612379
        1.3374066048        0.7317984504       -0.0017703298
        1.6694239403        0.8305062431       -0.0018652568
        2.1871479201        0.9118015379       -0.0015328974
        2.0698927729        0.9022656620       -0.0010493913
        2.0087001082        0.8909875871       -0.0016549113
        1.8803500184        0.8756898226       -0.0013633896
        2.1293276070        0.9056051604       -0.0016401592
        1.8803500184        0.8756943539       -0.0013738649
        1.7425717371        0.8554138370       -0.0007948214
        2.0087001082        0.8944790900       -0.0010073023
        2.1293276070        0.9056371393       -0.0016246999
        2.0087001082        0.8944992212       -0.0009861218
