#epsqw diagonal term
#1:q+G [au], 2:Re(eps-1), 3:Im(eps-1)
        2.0087001082        0.8938296781       -0.0005960665
        1.8803500184        0.8781061316       -0.0005952992
        2.1293276070        0.9082664559       -0.0005482487
        1.8803500184        0.8781127950       -0.0005953437
        1.7425717371        0.8571833589       -0.0005874652
        2.0087001082        0.8966215277       -0.0005319698
        2.1293276070        0.9082875254       -0.0005477215
        2.0087001082        0.8966377633       -0.0005314107
        1.9455837577        0.8850657062       -0.0006335741
        1.8127703179        0.8652914363       -0.0006493696
        2.0698927729        0.9013155529       -0.0005862634
        1.9455837577        0.8850391622       -0.0006333004
        1.3374066048        0.7342981851       -0.0010826838
        1.1355599912        0.6503784371       -0.0012883683
        1.5125529278        0.7906317061       -0.0009185654
        2.1871479201        0.9145928114       -0.0005351116
        1.8127703179        0.8652543437       -0.0006485423
        1.1355599912        0.6503536661       -0.0012878520
        0.8890087517        0.5409786128       -0.0016088128
        1.3374066048        0.7356409386       -0.0010370687
        2.0698927729        0.9045512317       -0.0005215035
        2.0698927729        0.9013167902       -0.0005856094
        1.5125529278        0.7906598344       -0.0009184811
        1.3374066048        0.7356884460       -0.0010379395
        1.6694239403        0.8341036821       -0.0008031830
        2.1871479201        0.9146155978       -0.0005352206
        2.0698927729        0.9045724558       -0.0005220822
        1.7425717371        0.8523456129       -0.0006785674
        1.5929206904        0.8227523979       -0.0007212650
        1.8803500184        0.8779969025       -0.0005851735
        1.7425717371        0.8523057134       -0.0006785064
        1.0197629759        0.5948066965       -0.0014501587
        0.7353615397        0.4584245836       -0.0018504834
        1.2405952039        0.6978900934       -0.0011422057
        2.0087001082        0.8979757306       -0.0005303543
        1.5929206904        0.8226994550       -0.0007212616
        0.7353615397        0.4584001095       -0.0018503980
        0.2039525952        0.1969486299       -0.0025207367
        1.0197629759        0.6115977789       -0.0014132240
        1.8803500184        0.8839061641       -0.0005031603
        1.8803500184        0.8779785485       -0.0005847316
        1.2405952039        0.6979158232       -0.0011419231
        1.0197629759        0.6116433032       -0.0014134598
        1.4276681663        0.7685980436       -0.0009203479
        2.1293276070        0.9118685811       -0.0004824278
        2.0087001082        0.8980185772       -0.0005302191
        1.8803500184        0.8839560891       -0.0005030623
        2.1293276070        0.9118902654       -0.0004827567
        1.9455837577        0.8850262030       -0.0006344004
        1.8127703179        0.8653203855       -0.0006474137
        2.0698927729        0.9013963014       -0.0005834926
        1.9455837577        0.8850054379       -0.0006339578
        1.3374066048        0.7342272194       -0.0010847514
        1.1355599912        0.6504395916       -0.0012861920
        1.5125529278        0.7906038789       -0.0009196276
        2.1871479201        0.9145543806       -0.0005367791
        1.8127703179        0.8652827114       -0.0006467192
        1.1355599912        0.6504195598       -0.0012857067
        0.8890087517        0.5409855745       -0.0016090000
        1.3374066048        0.7356259700       -0.0010368881
        2.0698927729        0.9045605722       -0.0005210207
        2.0698927729        0.9013918843       -0.0005830361
        1.5125529278        0.7906326395       -0.0009195965
        1.3374066048        0.7356778100       -0.0010376505
        1.6694239403        0.8341375174       -0.0008012113
        2.1871479201        0.9145716251       -0.0005371429
        2.0698927729        0.9045828786       -0.0005215627
        2.0087001082        0.8938751107       -0.0005942648
        1.8803500184        0.8781112278       -0.0005945445
        2.1293276070        0.9082796279       -0.0005484491
        1.8803500184        0.8781169224       -0.0005946752
        1.7425717371        0.8571644693       -0.0005882841
        2.0087001082        0.8966187571       -0.0005325578
        2.1293276070        0.9082998239       -0.0005479531
        2.0087001082        0.8966344451       -0.0005320461
