#epsqw diagonal term
#1:q+G [au], 2:Re(eps-1), 3:Im(eps-1)
        2.0087001082        0.8755209394       -0.1096884104
        1.8803500184        0.8427825741       -0.1390308600
        2.1293276070        0.8930744127       -0.0942604854
        1.8803500184        0.8427681663       -0.1388864746
        1.7425717371        0.7888938135       -0.1552161795
        2.0087001082        0.8721917504       -0.1207212257
        2.1293276070        0.8930768642       -0.0951012603
        2.0087001082        0.8728760680       -0.1213643403
        1.9455837577        0.8648051134       -0.1208197783
        1.8127703179        0.8249370613       -0.1408318989
        2.0698927729        0.8875158675       -0.1034722453
        1.9455837577        0.8646294659       -0.1211358067
        1.3374066048        0.6630010036       -0.2506517061
        1.1355599912        0.5224097218       -0.3156862395
        1.5125529278        0.7165628473       -0.2316096977
        2.1871479201        0.9074218966       -0.0895519782
        1.8127703179        0.8250840185       -0.1411128383
        1.1355599912        0.5223736388       -0.3152729548
        0.8890087517        0.4542197495       -0.3183756107
        1.3374066048        0.6260259328       -0.2453351290
        2.0698927729        0.8822304220       -0.1143715853
        2.0698927729        0.8881266370       -0.1045608014
        1.5125529278        0.7173602799       -0.2316080995
        1.3374066048        0.6260635204       -0.2490182383
        1.6694239403        0.7791279598       -0.1870508259
        2.1871479201        0.9074484279       -0.0906328339
        2.0698927729        0.8834448607       -0.1160729066
        1.7425717371        0.8018943938       -0.1606660688
        1.5929206904        0.7408350625       -0.1707703891
        1.8803500184        0.8434843333       -0.1354151580
        1.7425717371        0.8018567644       -0.1590973382
        1.0197629759        0.5080007741       -0.3827627415
        0.7353615397        0.4019153551       -0.3437727772
        1.2405952039        0.5718092971       -0.2743630343
        2.0087001082        0.8747095070       -0.1201399618
        1.5929206904        0.7416168107       -0.1688609079
        0.7353615397        0.3973599657       -0.3425754233
        0.2039525952        0.4818881788       -0.6169561962
        1.0197629759        0.4994100892       -0.2519682945
        1.8803500184        0.8422187965       -0.1294663133
        1.8803500184        0.8440051728       -0.1342679327
        1.2405952039        0.5707166638       -0.2766402356
        1.0197629759        0.4990629344       -0.2518479122
        1.4276681663        0.6770215598       -0.2250357277
        2.1293276070        0.8907300312       -0.1109305141
        2.0087001082        0.8749081424       -0.1220342733
        1.8803500184        0.8424668189       -0.1330272995
        2.1293276070        0.8913489101       -0.1119381704
        1.9455837577        0.8644534723       -0.1213922975
        1.8127703179        0.8250442988       -0.1416169442
        2.0698927729        0.8869402584       -0.1046436858
        1.9455837577        0.8648356946       -0.1209875685
        1.3374066048        0.6627290214       -0.2528401023
        1.1355599912        0.5219608968       -0.3186027969
        1.5125529278        0.7157686566       -0.2340129247
        2.1871479201        0.9080536584       -0.0898125916
        1.8127703179        0.8238851907       -0.1402804925
        1.1355599912        0.5221915607       -0.3149627143
        0.8890087517        0.4535440681       -0.3178790894
        1.3374066048        0.6255129546       -0.2482547661
        2.0698927729        0.8824605195       -0.1147135745
        2.0698927729        0.8873142278       -0.1046555050
        1.5125529278        0.7161223043       -0.2321895839
        1.3374066048        0.6265337500       -0.2489149546
        1.6694239403        0.7797565022       -0.1872215491
        2.1871479201        0.9078000486       -0.0897244642
        2.0698927729        0.8836176348       -0.1156671927
        2.0087001082        0.8751411339       -0.1105201431
        1.8803500184        0.8430862100       -0.1402626414
        2.1293276070        0.8934315164       -0.0947368244
        1.8803500184        0.8427684131       -0.1392386668
        1.7425717371        0.7874108855       -0.1566833059
        2.0087001082        0.8727286319       -0.1209748082
        2.1293276070        0.8935400709       -0.0947735234
        2.0087001082        0.8729101563       -0.1208261124
