#epsqw diagonal term
#1:q+G [au], 2:Re(eps-1), 3:Im(eps-1)
        2.0087001082        0.8915596200       -0.0010782696
        1.8803500184        0.8761850392       -0.0009377717
        2.1293276070        0.9061094245       -0.0010218409
        1.8803500184        0.8761875420       -0.0009414777
        1.7425717371        0.8558470702       -0.0006960716
        2.0087001082        0.8949840497       -0.0007625713
        2.1293276070        0.9061397012       -0.0010152579
        2.0087001082        0.8950127510       -0.0007498526
        1.9455837577        0.8825960443       -0.0011424375
        1.8127703179        0.8631782434       -0.0009814041
        2.0698927729        0.8989477667       -0.0010880346
        1.9455837577        0.8825775769       -0.0011492294
        1.3374066048        0.7308331538       -0.0016658913
        1.1355599912        0.6466624092       -0.0017050143
        1.5125529278        0.7875688058       -0.0014852835
        2.1871479201        0.9124249008       -0.0009920041
        1.8127703179        0.8631546810       -0.0009845691
        1.1355599912        0.6466484623       -0.0017083884
        0.8890087517        0.5365052835       -0.0018678314
        1.3374066048        0.7326818368       -0.0014087297
        2.0698927729        0.9027867755       -0.0007891567
        2.0698927729        0.8989594387       -0.0010867130
        1.5125529278        0.7875965131       -0.0014822363
        1.3374066048        0.7327123099       -0.0014008092
        1.6694239403        0.8312744374       -0.0012969509
        2.1871479201        0.9124440247       -0.0009846436
        2.0698927729        0.9027983331       -0.0007814410
        1.7425717371        0.8502749577       -0.0010184259
        1.5929206904        0.8210519641       -0.0008547372
        1.8803500184        0.8762888469       -0.0008316155
        1.7425717371        0.8502392106       -0.0010227586
        1.0197629759        0.5906074319       -0.0018894184
        0.7353615397        0.4528079630       -0.0021765686
        1.2405952039        0.6947359107       -0.0015314441
        2.0087001082        0.8962424481       -0.0008341063
        1.5929206904        0.8209997542       -0.0008565631
        0.7353615397        0.4527837408       -0.0021778051
        0.2039525952        0.1855385792       -0.0032044455
        1.0197629759        0.6079644233       -0.0016206465
        1.8803500184        0.8827687380       -0.0005860790
        1.8803500184        0.8762798850       -0.0008312155
        1.2405952039        0.6947658361       -0.0015234754
        1.0197629759        0.6080074390       -0.0016213629
        1.4276681663        0.7660909361       -0.0012540195
        2.1293276070        0.9103337134       -0.0007221647
        2.0087001082        0.8962845468       -0.0008277458
        1.8803500184        0.8828183716       -0.0005859008
        2.1293276070        0.9103484268       -0.0007230323
        1.9455837577        0.8825630568       -0.0011220266
        1.8127703179        0.8632375732       -0.0009624779
        2.0698927729        0.8990600490       -0.0010715458
        1.9455837577        0.8825513273       -0.0011274005
        1.3374066048        0.7307482204       -0.0016648160
        1.1355599912        0.6467538013       -0.0016854351
        1.5125529278        0.7875185254       -0.0015215956
        2.1871479201        0.9123602573       -0.0010250823
        1.8127703179        0.8632103099       -0.0009680208
        1.1355599912        0.6467432548       -0.0016907902
        0.8890087517        0.5365005661       -0.0018794352
        1.3374066048        0.7326713440       -0.0014096548
        2.0698927729        0.9028054705       -0.0007875186
        2.0698927729        0.8990649346       -0.0010688805
        1.5125529278        0.7875479578       -0.0015178857
        1.3374066048        0.7327104334       -0.0013992992
        1.6694239403        0.8313252756       -0.0013013354
        2.1871479201        0.9123722777       -0.0010179010
        2.0698927729        0.9028192470       -0.0007794494
        2.0087001082        0.8916364342       -0.0010498310
        1.8803500184        0.8762051246       -0.0009261334
        2.1293276070        0.9061109006       -0.0010429227
        1.8803500184        0.8762061136       -0.0009312458
        1.7425717371        0.8558186135       -0.0007023622
        2.0087001082        0.8949737011       -0.0007683004
        2.1293276070        0.9061413579       -0.0010373890
        2.0087001082        0.8950012853       -0.0007558379
