#epsqw diagonal term
#1:q+G [au], 2:Re(eps-1), 3:Im(eps-1)
        2.0087001082        0.8804584213       -0.0234047760
        1.8803500184        0.8681217607       -0.0182774016
        2.1293276070        0.8963914965       -0.0196610552
        1.8803500184        0.8682045483       -0.0183023986
        1.7425717371        0.8531647147       -0.0129287171
        2.0087001082        0.8869872730       -0.0161951050
        2.1293276070        0.8964810372       -0.0196787433
        2.0087001082        0.8870564879       -0.0160466086
        1.9455837577        0.8731397003       -0.0222349089
        1.8127703179        0.8548482121       -0.0170965502
        2.0698927729        0.8909406587       -0.0183226754
        1.9455837577        0.8729910961       -0.0222389082
        1.3374066048        0.7113321504       -0.0322016870
        1.1355599912        0.6314177735       -0.0289571912
        1.5125529278        0.7738297698       -0.0268224226
        2.1871479201        0.9033661022       -0.0217134054
        1.8127703179        0.8547570912       -0.0170386241
        1.1355599912        0.6316192593       -0.0292441329
        0.8890087517        0.5103295153       -0.0336064067
        1.3374066048        0.7216916022       -0.0262220417
        2.0698927729        0.8958414862       -0.0173595176
        2.0698927729        0.8910161824       -0.0181791452
        1.5125529278        0.7741686992       -0.0264552077
        1.3374066048        0.7219191191       -0.0257676420
        1.6694239403        0.8203331410       -0.0221455509
        2.1871479201        0.9033426551       -0.0214752796
        2.0698927729        0.8958365633       -0.0172176455
        1.7425717371        0.8420079722       -0.0180257586
        1.5929206904        0.8175416209       -0.0167166497
        1.8803500184        0.8687239806       -0.0162496132
        1.7425717371        0.8418745947       -0.0180597398
        1.0197629759        0.5748680355       -0.0363521778
        0.7353615397        0.4166641074       -0.0500768332
        1.2405952039        0.6806697044       -0.0281485005
        2.0087001082        0.8907661386       -0.0171533758
        1.5929206904        0.8175147299       -0.0164983131
        0.7353615397        0.4168960183       -0.0497349915
        0.2039525952        0.1777540997       -0.1631658219
        1.0197629759        0.5823666677       -0.0362091329
        1.8803500184        0.8799662534       -0.0116830630
        1.8803500184        0.8687778772       -0.0161814296
        1.2405952039        0.6807143047       -0.0281034606
        1.0197629759        0.5825130296       -0.0362835825
        1.4276681663        0.7533762204       -0.0236058782
        2.1293276070        0.9031277969       -0.0165442715
        2.0087001082        0.8908562565       -0.0170751009
        1.8803500184        0.8799548096       -0.0117224799
        2.1293276070        0.9031357402       -0.0165398112
        1.9455837577        0.8731007387       -0.0221722412
        1.8127703179        0.8548598780       -0.0173111363
        2.0698927729        0.8910558279       -0.0181461111
        1.9455837577        0.8730900751       -0.0221444888
        1.3374066048        0.7117670519       -0.0322930105
        1.1355599912        0.6317162291       -0.0290759970
        1.5125529278        0.7742851262       -0.0268042829
        2.1871479201        0.9033320154       -0.0217842349
        1.8127703179        0.8547420803       -0.0172943932
        1.1355599912        0.6317868215       -0.0294131156
        0.8890087517        0.5095318029       -0.0338643099
        1.3374066048        0.7215628711       -0.0263193366
        2.0698927729        0.8958472690       -0.0174455252
        2.0698927729        0.8909984579       -0.0181652653
        1.5125529278        0.7740707113       -0.0267555105
        1.3374066048        0.7217553465       -0.0258550924
        1.6694239403        0.8206383390       -0.0218532693
        2.1871479201        0.9035121621       -0.0216909946
        2.0698927729        0.8958898650       -0.0172843071
        2.0087001082        0.8805190840       -0.0231695228
        1.8803500184        0.8680227370       -0.0183065724
        2.1293276070        0.8964725487       -0.0197540553
        1.8803500184        0.8681087881       -0.0181796120
        1.7425717371        0.8532042977       -0.0128824244
        2.0087001082        0.8871267083       -0.0160705738
        2.1293276070        0.8965608538       -0.0194579213
        2.0087001082        0.8871234758       -0.0159104945
