#epsqw diagonal term
#1:q+G [au], 2:Re(eps-1), 3:Im(eps-1)
        2.0087001082        0.8922030661       -0.0008131494
        1.8803500184        0.8767150378       -0.0007545042
        2.1293276070        0.9067214708       -0.0007562873
        1.8803500184        0.8767194256       -0.0007556056
        1.7425717371        0.8561796575       -0.0006543839
        2.0087001082        0.8954176508       -0.0006505938
        2.1293276070        0.9067488629       -0.0007536659
        2.0087001082        0.8954425635       -0.0006464273
        1.9455837577        0.8832964703       -0.0008674526
        1.8127703179        0.8637550461       -0.0008165386
        2.0698927729        0.8996107334       -0.0008150376
        1.9455837577        0.8832726730       -0.0008683474
        1.3374066048        0.7317689417       -0.0013579852
        1.1355599912        0.6476234101       -0.0015119763
        1.5125529278        0.7884108990       -0.0011790997
        2.1871479201        0.9130329278       -0.0007421540
        1.8127703179        0.8637268380       -0.0008153295
        1.1355599912        0.6476055981       -0.0015111916
        0.8890087517        0.5375903572       -0.0017895546
        1.3374066048        0.7334550581       -0.0012299479
        2.0698927729        0.9032623689       -0.0006583978
        2.0698927729        0.8996189269       -0.0008134217
        1.5125529278        0.7884392825       -0.0011783803
        1.3374066048        0.7334925977       -0.0012305279
        1.6694239403        0.8320539094       -0.0010417079
        2.1871479201        0.9130545159       -0.0007409045
        2.0698927729        0.9032779480       -0.0006581203
        1.7425717371        0.8508306219       -0.0008408801
        1.5929206904        0.8214722306       -0.0008056118
        1.8803500184        0.8767322203       -0.0007080917
        1.7425717371        0.8507919097       -0.0008415998
        1.0197629759        0.5916675103       -0.0016842866
        0.7353615397        0.4541667805       -0.0020763211
        1.2405952039        0.6955412252       -0.0013392677
        2.0087001082        0.8967024300       -0.0006728901
        1.5929206904        0.8214194240       -0.0008060300
        0.7353615397        0.4541421580       -0.0020765670
        0.2039525952        0.1883111158       -0.0029929055
        1.0197629759        0.6088422486       -0.0015567021
        1.8803500184        0.8830477839       -0.0005570267
        1.8803500184        0.8767193721       -0.0007069818
        1.2405952039        0.6955712889       -0.0013368013
        1.0197629759        0.6088859903       -0.0015571800
        1.4276681663        0.7667319322       -0.0010854101
        2.1293276070        0.9107344776       -0.0005992558
        2.0087001082        0.8967464878       -0.0006712885
        1.8803500184        0.8830975719       -0.0005569402
        2.1293276070        0.9107519962       -0.0006002176
        1.9455837577        0.8832609343       -0.0008630423
        1.8127703179        0.8638055135       -0.0008084715
        2.0698927729        0.8997144901       -0.0008069561
        1.9455837577        0.8832444996       -0.0008631991
        1.3374066048        0.7316854419       -0.0013604813
        1.1355599912        0.6477058539       -0.0015036634
        1.5125529278        0.7883647317       -0.0011893795
        2.1871479201        0.9129739883       -0.0007524973
        1.8127703179        0.8637745773       -0.0008082136
        1.1355599912        0.6476917646       -0.0015035626
        0.8890087517        0.5375884038       -0.0017934057
        1.3374066048        0.7334428655       -0.0012295133
        2.0698927729        0.9032779611       -0.0006568380
        2.0698927729        0.8997158798       -0.0008053456
        1.5125529278        0.7883937753       -0.0011885173
        1.3374066048        0.7334873688       -0.0012290094
        1.6694239403        0.8320994403       -0.0010399820
        2.1871479201        0.9129883863       -0.0007516368
        2.0698927729        0.9032953215       -0.0006563186
        2.0087001082        0.8922709857       -0.0008028735
        1.8803500184        0.8767309905       -0.0007498899
        2.1293276070        0.9067254492       -0.0007618202
        1.8803500184        0.8767335527       -0.0007514825
        1.7425717371        0.8561535125       -0.0006571007
        2.0087001082        0.8954093676       -0.0006528274
        2.1293276070        0.9067518634       -0.0007594443
        2.0087001082        0.8954333832       -0.0006487680
