#epsqw diagonal term
#1:q+G [au], 2:Re(eps-1), 3:Im(eps-1)
        2.0087001082        0.8935751963       -0.0006172575
        1.8803500184        0.8778817977       -0.0006120492
        2.1293276070        0.9080248902       -0.0005685093
        1.8803500184        0.8778882853       -0.0006121426
        1.7425717371        0.8570093905       -0.0005970673
        2.0087001082        0.8964226262       -0.0005459203
        2.1293276070        0.9080466742       -0.0005678573
        2.0087001082        0.8964397191       -0.0005451895
        1.9455837577        0.8847889966       -0.0006570814
        1.8127703179        0.8650424553       -0.0006681628
        2.0698927729        0.9010493041       -0.0006092201
        1.9455837577        0.8847629893       -0.0006567396
        1.3374066048        0.7338877269       -0.0011116931
        1.1355599912        0.6499130451       -0.0013160879
        1.5125529278        0.7902758903       -0.0009453709
        2.1871479201        0.9143483003       -0.0005558889
        1.8127703179        0.8650067449       -0.0006671408
        1.1355599912        0.6498893353       -0.0013154087
        0.8890087517        0.5403816057       -0.0016373293
        1.3374066048        0.7352751612       -0.0010600430
        2.0698927729        0.9043410015       -0.0005373569
        2.0698927729        0.9010515294       -0.0006084219
        1.5125529278        0.7903039944       -0.0009452921
        1.3374066048        0.7353210704       -0.0010611482
        1.6694239403        0.8337750496       -0.0008287989
        2.1871479201        0.9143707361       -0.0005560395
        2.0698927729        0.9043612123       -0.0005380708
        1.7425717371        0.8520984703       -0.0006963666
        1.5929206904        0.8225302983       -0.0007336034
        1.8803500184        0.8777870638       -0.0005994815
        1.7425717371        0.8520588285       -0.0006962729
        1.0197629759        0.5942701321       -0.0014797559
        0.7353615397        0.4576741523       -0.0018860393
        1.2405952039        0.6974936101       -0.0011657495
        2.0087001082        0.8977688200       -0.0005458158
        1.5929206904        0.8224774403       -0.0007336024
        0.7353615397        0.4576497009       -0.0018859640
        0.2039525952        0.1954291705       -0.0025949552
        1.0197629759        0.6111107944       -0.0014359264
        1.8803500184        0.8837563944       -0.0005112731
        1.8803500184        0.8777694809       -0.0005989221
        1.2405952039        0.6975197614       -0.0011653862
        1.0197629759        0.6111560448       -0.0014361884
        1.4276681663        0.7682846208       -0.0009396259
        2.1293276070        0.9116816962       -0.0004958053
        2.0087001082        0.8978117011       -0.0005456664
        1.8803500184        0.8838063041       -0.0005111791
        2.1293276070        0.9117028135       -0.0004962215
        1.9455837577        0.8847492015       -0.0006577989
        1.8127703179        0.8650740421       -0.0006657959
        2.0698927729        0.9011331444       -0.0006060277
        1.9455837577        0.8847291790       -0.0006572585
        1.3374066048        0.7338145208       -0.0011139624
        1.1355599912        0.6499767924       -0.0013135197
        1.5125529278        0.7902463927       -0.0009467663
        2.1871479201        0.9143077365       -0.0005579308
        1.8127703179        0.8650375318       -0.0006649495
        1.1355599912        0.6499577698       -0.0013128944
        0.8890087517        0.5403876909       -0.0016377145
        1.3374066048        0.7352605846       -0.0010597878
        2.0698927729        0.9043511967       -0.0005367422
        2.0698927729        0.9011294866       -0.0006054515
        1.5125529278        0.7902750741       -0.0009467415
        1.3374066048        0.7353110751       -0.0010607287
        1.6694239403        0.8338109717       -0.0008266202
        2.1871479201        0.9143243476       -0.0005583664
        2.0698927729        0.9043725623       -0.0005374043
        2.0087001082        0.8936230315       -0.0006150246
        1.8803500184        0.8778880707       -0.0006110770
        2.1293276070        0.9080373711       -0.0005688899
        1.8803500184        0.8778934902       -0.0006112713
        1.7425717371        0.8569895450       -0.0005980135
        2.0087001082        0.8964191720       -0.0005466082
        2.1293276070        0.9080582634       -0.0005682680
        2.0087001082        0.8964356666       -0.0005459306
