#epsqw diagonal term
#1:q+G [au], 2:Re(eps-1), 3:Im(eps-1)
        2.0087001082        0.8892117168       -0.0263287087
        1.8803500184        0.8593116773       -0.0266596114
        2.1293276070        0.9056511186       -0.0237780206
        1.8803500184        0.8593472964       -0.0266197331
        1.7425717371        0.8138460126       -0.0319003210
        2.0087001082        0.8808721618       -0.0246145426
        2.1293276070        0.9056761976       -0.0237405614
        2.0087001082        0.8809524914       -0.0245557846
        1.9455837577        0.8751559291       -0.0307083036
        1.8127703179        0.8416469283       -0.0307015951
        2.0698927729        0.8955398132       -0.0269111280
        1.9455837577        0.8750968106       -0.0306645530
        1.3374066048        0.7366149161       -0.0788200051
        1.1355599912        0.6370004467       -0.1082342645
        1.5125529278        0.7668681343       -0.0596268783
        2.1871479201        0.9152262307       -0.0212314506
        1.8127703179        0.8414270932       -0.0307951878
        1.1355599912        0.6363374870       -0.1075770400
        0.8890087517        0.5586832642       -0.1316720505
        1.3374066048        0.7039547701       -0.0740384226
        2.0698927729        0.8931620760       -0.0211170745
        2.0698927729        0.8955241210       -0.0269817240
        1.5125529278        0.7666386894       -0.0594238290
        1.3374066048        0.7040980474       -0.0741378788
        1.6694239403        0.8235811009       -0.0441324980
        2.1871479201        0.9152794800       -0.0212951363
        2.0698927729        0.8931595483       -0.0210450250
        1.7425717371        0.8241669899       -0.0345990114
        1.5929206904        0.7836149472       -0.0420148767
        1.8803500184        0.8539357094       -0.0289937699
        1.7425717371        0.8238967385       -0.0346785550
        1.0197629759        0.5888273205       -0.1369896011
        0.7353615397        0.5114030657       -0.1660007105
        1.2405952039        0.6708136959       -0.0917230457
        2.0087001082        0.8830143736       -0.0237740602
        1.5929206904        0.7837512119       -0.0424225313
        0.7353615397        0.5100742914       -0.1662715860
        0.2039525952        0.4834320243       -0.3672379110
        1.0197629759        0.6151614311       -0.1029177385
        1.8803500184        0.8562342233       -0.0264915652
        1.8803500184        0.8538933161       -0.0292142370
        1.2405952039        0.6709780907       -0.0919958425
        1.0197629759        0.6158330179       -0.1022016768
        1.4276681663        0.7335061843       -0.0607619734
        2.1293276070        0.9011167782       -0.0223208411
        2.0087001082        0.8834097298       -0.0238279751
        1.8803500184        0.8563851405       -0.0262898250
        2.1293276070        0.9013205510       -0.0223293755
        1.9455837577        0.8755856081       -0.0304944815
        1.8127703179        0.8417273035       -0.0306328649
        2.0698927729        0.8954590930       -0.0269455652
        1.9455837577        0.8755148082       -0.0305187746
        1.3374066048        0.7350006722       -0.0784679296
        1.1355599912        0.6366104082       -0.1089559766
        1.5125529278        0.7663026108       -0.0599654233
        2.1871479201        0.9154951318       -0.0210906799
        1.8127703179        0.8416320131       -0.0306804626
        1.1355599912        0.6360295436       -0.1081316495
        0.8890087517        0.5586365908       -0.1326196856
        1.3374066048        0.7039516378       -0.0736762050
        2.0698927729        0.8931666565       -0.0210052393
        2.0698927729        0.8954920497       -0.0269137915
        1.5125529278        0.7662771547       -0.0596908178
        1.3374066048        0.7044551589       -0.0739237639
        1.6694239403        0.8234781256       -0.0442599052
        2.1871479201        0.9156033024       -0.0211328487
        2.0698927729        0.8931410287       -0.0209744141
        2.0087001082        0.8894074291       -0.0262438513
        1.8803500184        0.8591647471       -0.0266445797
        2.1293276070        0.9059061456       -0.0236863982
        1.8803500184        0.8592194689       -0.0266137661
        1.7425717371        0.8140756523       -0.0319830664
        2.0087001082        0.8808826914       -0.0245577792
        2.1293276070        0.9059384118       -0.0236684265
        2.0087001082        0.8810001821       -0.0245643446
