#epsqw diagonal term
#1:q+G [au], 2:Re(eps-1), 3:Im(eps-1)
        2.0087001082        0.8849655405       -0.0308222750
        1.8803500184        0.8710848967       -0.0243604297
        2.1293276070        0.8991349323       -0.0278763506
        1.8803500184        0.8710289946       -0.0242558918
        1.7425717371        0.8519745608       -0.0160214204
        2.0087001082        0.8886331627       -0.0232801602
        2.1293276070        0.8990086872       -0.0276985227
        2.0087001082        0.8884756873       -0.0231574194
        1.9455837577        0.8755107812       -0.0284411273
        1.8127703179        0.8550837694       -0.0243656035
        2.0698927729        0.8914349095       -0.0257066086
        1.9455837577        0.8753626609       -0.0284925231
        1.3374066048        0.7148192842       -0.0414070905
        1.1355599912        0.6315016133       -0.0377208693
        1.5125529278        0.7759578362       -0.0379543230
        2.1871479201        0.9069606633       -0.0299086162
        1.8127703179        0.8548664765       -0.0244002600
        1.1355599912        0.6317908815       -0.0377229289
        0.8890087517        0.4999898847       -0.0471531694
        1.3374066048        0.7207654796       -0.0347859243
        2.0698927729        0.8979872752       -0.0241310982
        2.0698927729        0.8913225243       -0.0256410476
        1.5125529278        0.7757628531       -0.0376308092
        1.3374066048        0.7204907503       -0.0342819244
        1.6694239403        0.8194142842       -0.0335457028
        2.1871479201        0.9068018715       -0.0296640437
        2.0698927729        0.8977851766       -0.0240897411
        1.7425717371        0.8435703016       -0.0241331148
        1.5929206904        0.8169465843       -0.0200281056
        1.8803500184        0.8693418986       -0.0216871131
        1.7425717371        0.8435393707       -0.0242733788
        1.0197629759        0.5773202610       -0.0453836448
        0.7353615397        0.4117651262       -0.0752922638
        1.2405952039        0.6824040696       -0.0375409738
        2.0087001082        0.8937975595       -0.0214531613
        1.5929206904        0.8166849514       -0.0198089112
        0.7353615397        0.4119360205       -0.0743884449
        0.2039525952        0.1966918072       -0.1657272613
        1.0197629759        0.5727912623       -0.0509256958
        1.8803500184        0.8787193227       -0.0143707013
        1.8803500184        0.8692384740       -0.0216251889
        1.2405952039        0.6824470872       -0.0374252589
        1.0197629759        0.5728871089       -0.0509774675
        1.4276681663        0.7515838666       -0.0321272827
        2.1293276070        0.9056780924       -0.0228666724
        2.0087001082        0.8938263671       -0.0212596543
        1.8803500184        0.8787718470       -0.0144416245
        2.1293276070        0.9057148444       -0.0228443217
        1.9455837577        0.8754053209       -0.0286409989
        1.8127703179        0.8553157249       -0.0245360546
        2.0698927729        0.8915947059       -0.0257437852
        1.9455837577        0.8753010954       -0.0286723670
        1.3374066048        0.7146467157       -0.0413037717
        1.1355599912        0.6317917594       -0.0374476396
        1.5125529278        0.7758870929       -0.0377514494
        2.1871479201        0.9071860520       -0.0298935482
        1.8127703179        0.8551966386       -0.0246010621
        1.1355599912        0.6320631098       -0.0373217579
        0.8890087517        0.5000533651       -0.0481656658
        1.3374066048        0.7206902442       -0.0350141407
        2.0698927729        0.8981100808       -0.0239317810
        2.0698927729        0.8915724413       -0.0257446253
        1.5125529278        0.7758502138       -0.0375221575
        1.3374066048        0.7203905856       -0.0345787664
        1.6694239403        0.8192776749       -0.0333641202
        2.1871479201        0.9070528706       -0.0296106365
        2.0698927729        0.8978957146       -0.0238550055
        2.0087001082        0.8846562802       -0.0307018536
        1.8803500184        0.8710319792       -0.0243681814
        2.1293276070        0.8990342079       -0.0277347616
        1.8803500184        0.8709640249       -0.0242886051
        1.7425717371        0.8518425024       -0.0159956659
        2.0087001082        0.8883502986       -0.0232182540
        2.1293276070        0.8988726296       -0.0276002148
        2.0087001082        0.8881489325       -0.0231613606
