#epsqw diagonal term
#1:q+G [au], 2:Re(eps-1), 3:Im(eps-1)
        2.0087001082        1.0202228296       -0.0001801664
        1.8803500184        1.0231199788       -0.0001870749
        2.1293276070        1.0177726901       -0.0001740443
        1.8803500184        1.0231149130       -0.0001862901
        1.7425717371        1.0264768068       -0.0001714206
        2.0087001082        1.0203458768       -0.0001927418
        2.1293276070        1.0177765054       -0.0001749379
        2.0087001082        1.0203524896       -0.0001943032
        1.9455837577        1.0216312721       -0.0001785402
        1.8127703179        1.0249776848       -0.0001979025
        2.0698927729        1.0189408417       -0.0001708712
        1.9455837577        1.0216462770       -0.0001804144
        1.3374066048        1.0411431580       -0.0002466850
        1.1355599912        1.0504013854       -0.0003095113
        1.5125529278        1.0344549520       -0.0002164796
        2.1871479201        1.0167282689       -0.0001758075
        1.8127703179        1.0249902826       -0.0001977713
        1.1355599912        1.0503983369       -0.0003084399
        0.8890087517        1.0621860124       -0.0003695361
        1.3374066048        1.0415050395       -0.0002632039
        2.0698927729        1.0189723340       -0.0001859245
        2.0698927729        1.0189550230       -0.0001728697
        1.5125529278        1.0344509788       -0.0002165432
        1.3374066048        1.0415001840       -0.0002641662
        1.6694239403        1.0292213775       -0.0001940331
        2.1871479201        1.0167076703       -0.0001720985
        2.0698927729        1.0189536976       -0.0001836252
        1.7425717371        1.0267841024       -0.0001954490
        1.5929206904        1.0312785443       -0.0001835941
        1.8803500184        1.0233674859       -0.0002003934
        1.7425717371        1.0267996253       -0.0001963012
        1.0197629759        1.0560307515       -0.0003483776
        0.7353615397        1.0685850510       -0.0004293824
        1.2405952039        1.0457039880       -0.0002824465
        2.0087001082        1.0201573331       -0.0001826114
        1.5929206904        1.0312969450       -0.0001838429
        0.7353615397        1.0686197517       -0.0004323837
        0.2039525952        1.0788195365       -0.0006516759
        1.0197629759        1.0563175575       -0.0003202346
        1.8803500184        1.0228200875       -0.0001631161
        1.8803500184        1.0233792959       -0.0002012837
        1.2405952039        1.0456950094       -0.0002823625
        1.0197629759        1.0562865807       -0.0003186348
        1.4276681663        1.0379254981       -0.0002494825
        2.1293276070        1.0178818379       -0.0001897184
        2.0087001082        1.0201342456       -0.0001800093
        1.8803500184        1.0227990055       -0.0001615496
        2.1293276070        1.0178591355       -0.0001861759
        1.9455837577        1.0216412445       -0.0001793043
        1.8127703179        1.0249832258       -0.0001978555
        2.0698927729        1.0189435229       -0.0001703604
        1.9455837577        1.0216553457       -0.0001811125
        1.3374066048        1.0411559933       -0.0002467872
        1.1355599912        1.0504070384       -0.0003099867
        1.5125529278        1.0344533611       -0.0002164944
        2.1871479201        1.0167307761       -0.0001766617
        1.8127703179        1.0249949958       -0.0001981882
        1.1355599912        1.0504033170       -0.0003091907
        0.8890087517        1.0621788125       -0.0003696599
        1.3374066048        1.0414946528       -0.0002621797
        2.0698927729        1.0189672224       -0.0001853755
        2.0698927729        1.0189524348       -0.0001722931
        1.5125529278        1.0344487431       -0.0002164793
        1.3374066048        1.0414903315       -0.0002634580
        1.6694239403        1.0292090323       -0.0001937042
        2.1871479201        1.0167060003       -0.0001732451
        2.0698927729        1.0189479517       -0.0001836403
        2.0087001082        1.0202306767       -0.0001800059
        1.8803500184        1.0231248514       -0.0001873460
        2.1293276070        1.0177742222       -0.0001740780
        1.8803500184        1.0231178499       -0.0001865262
        1.7425717371        1.0264739550       -0.0001713892
        2.0087001082        1.0203398488       -0.0001923690
        2.1293276070        1.0177721896       -0.0001747083
        2.0087001082        1.0203447655       -0.0001941433
