#epsqw diagonal term
#1:q+G [au], 2:Re(eps-1), 3:Im(eps-1)
        2.0087001082        0.8852319262       -0.0570644291
        1.8803500184        0.8523691523       -0.0788396757
        2.1293276070        0.9083821871       -0.0544010636
        1.8803500184        0.8522084509       -0.0786228857
        1.7425717371        0.8003408809       -0.1028046193
        2.0087001082        0.8864529297       -0.0779097498
        2.1293276070        0.9084365103       -0.0543606372
        2.0087001082        0.8866950207       -0.0779963003
        1.9455837577        0.8768600903       -0.0670182776
        1.8127703179        0.8389186365       -0.0934733157
        2.0698927729        0.9012765954       -0.0575965084
        1.9455837577        0.8766881335       -0.0668033982
        1.3374066048        0.6793796688       -0.1626967134
        1.1355599912        0.5604808484       -0.2215950984
        1.5125529278        0.7232398251       -0.1464441172
        2.1871479201        0.9143864843       -0.0424478918
        1.8127703179        0.8388687701       -0.0931601125
        1.1355599912        0.5606084442       -0.2219430731
        0.8890087517        0.4522037755       -0.2218587112
        1.3374066048        0.6407732915       -0.1685187639
        2.0698927729        0.8957030468       -0.0635071367
        2.0698927729        0.9014337681       -0.0575468864
        1.5125529278        0.7236181015       -0.1471103639
        1.3374066048        0.6397959417       -0.1682902001
        1.6694239403        0.7968907056       -0.0970201805
        2.1871479201        0.9144890656       -0.0427537105
        2.0698927729        0.8958392206       -0.0637382625
        1.7425717371        0.8119516642       -0.1050314925
        1.5929206904        0.7555119147       -0.1243822963
        1.8803500184        0.8554614853       -0.0928362188
        1.7425717371        0.8117576786       -0.1047157944
        1.0197629759        0.5056663121       -0.2659676877
        0.7353615397        0.4220073755       -0.2571286450
        1.2405952039        0.5950418144       -0.1953659085
        2.0087001082        0.8784141019       -0.0695976050
        1.5929206904        0.7551393178       -0.1245194371
        0.7353615397        0.4198972564       -0.2575786890
        0.2039525952        0.3767293219       -0.3501239067
        1.0197629759        0.5060454424       -0.1741267024
        1.8803500184        0.8460764312       -0.0834219623
        1.8803500184        0.8557399101       -0.0929281098
        1.2405952039        0.5959599709       -0.1947456664
        1.0197629759        0.5065895381       -0.1745353008
        1.4276681663        0.6752476934       -0.1492933602
        2.1293276070        0.9084382201       -0.0692375068
        2.0087001082        0.8782835462       -0.0695681980
        1.8803500184        0.8463623153       -0.0834307709
        2.1293276070        0.9083847891       -0.0690665680
        1.9455837577        0.8769159349       -0.0671098157
        1.8127703179        0.8390514680       -0.0931319356
        2.0698927729        0.9014196955       -0.0573228163
        1.9455837577        0.8769015287       -0.0669426972
        1.3374066048        0.6792977177       -0.1641257000
        1.1355599912        0.5612784295       -0.2213516804
        1.5125529278        0.7241776427       -0.1460323884
        2.1871479201        0.9144414609       -0.0425752436
        1.8127703179        0.8388568052       -0.0930783753
        1.1355599912        0.5614808190       -0.2210153269
        0.8890087517        0.4546188285       -0.2211101145
        1.3374066048        0.6408984288       -0.1687513813
        2.0698927729        0.8960577210       -0.0632084117
        2.0698927729        0.9014192087       -0.0572186078
        1.5125529278        0.7244082223       -0.1463717683
        1.3374066048        0.6400436560       -0.1686486467
        1.6694239403        0.7966759720       -0.0967308361
        2.1871479201        0.9145803874       -0.0426095237
        2.0698927729        0.8962315552       -0.0633171691
        2.0087001082        0.8856613896       -0.0573868703
        1.8803500184        0.8520992153       -0.0786357826
        2.1293276070        0.9082752847       -0.0544205672
        1.8803500184        0.8521704711       -0.0784319191
        1.7425717371        0.8007424356       -0.1025099093
        2.0087001082        0.8863552350       -0.0776694181
        2.1293276070        0.9084139407       -0.0542733277
        2.0087001082        0.8865623358       -0.0779291668
