#epsqw diagonal term
#1:q+G [au], 2:Re(eps-1), 3:Im(eps-1)
        2.0087001082        0.8861089559       -0.0057969672
        1.8803500184        0.8690625232       -0.0053045197
        2.1293276070        0.9007967463       -0.0059037243
        1.8803500184        0.8690423509       -0.0053303805
        1.7425717371        0.8482364601       -0.0037454343
        2.0087001082        0.8884810247       -0.0046085249
        2.1293276070        0.9007804154       -0.0059177277
        2.0087001082        0.8884730539       -0.0046171576
        1.9455837577        0.8783700956       -0.0071781478
        1.8127703179        0.8578136695       -0.0062427632
        2.0698927729        0.8945396236       -0.0072171929
        1.9455837577        0.8782305526       -0.0071911248
        1.3374066048        0.7210002628       -0.0092831693
        1.1355599912        0.6312371102       -0.0107928900
        1.5125529278        0.7795042451       -0.0085898108
        2.1871479201        0.9074869278       -0.0063607783
        1.8127703179        0.8575183987       -0.0064126500
        1.1355599912        0.6309897748       -0.0109124664
        0.8890087517        0.5096800110       -0.0101728476
        1.3374066048        0.7217419453       -0.0073565732
        2.0698927729        0.8966425355       -0.0058884328
        2.0698927729        0.8944131162       -0.0071479004
        1.5125529278        0.7795800444       -0.0085043672
        1.3374066048        0.7221100374       -0.0071485289
        1.6694239403        0.8235661701       -0.0082247367
        2.1871479201        0.9076450846       -0.0062835200
        2.0698927729        0.8969160292       -0.0057303409
        1.7425717371        0.8410653626       -0.0069236423
        1.5929206904        0.8109838885       -0.0058656879
        1.8803500184        0.8686513409       -0.0060182211
        1.7425717371        0.8409756761       -0.0068730022
        1.0197629759        0.5695736894       -0.0103664484
        0.7353615397        0.4212352073       -0.0141977662
        1.2405952039        0.6798630220       -0.0098698324
        2.0087001082        0.8885871441       -0.0064446825
        1.5929206904        0.8109338264       -0.0058835253
        0.7353615397        0.4211814438       -0.0142332236
        0.2039525952        0.1215077573       -0.0235529162
        1.0197629759        0.5877366260       -0.0079506717
        1.8803500184        0.8757820898       -0.0034245152
        1.8803500184        0.8685123040       -0.0058892140
        1.2405952039        0.6798282205       -0.0098333332
        1.0197629759        0.5877768541       -0.0079136651
        1.4276681663        0.7554111224       -0.0079217420
        2.1293276070        0.9032881197       -0.0059287315
        2.0087001082        0.8886452132       -0.0064541798
        1.8803500184        0.8758480723       -0.0034055582
        2.1293276070        0.9033914797       -0.0060030056
        1.9455837577        0.8780923851       -0.0073212441
        1.8127703179        0.8576213581       -0.0061953567
        2.0698927729        0.8943611075       -0.0070728411
        1.9455837577        0.8779389266       -0.0073491649
        1.3374066048        0.7207302273       -0.0097393988
        1.1355599912        0.6311985565       -0.0108957432
        1.5125529278        0.7792177233       -0.0085885651
        2.1871479201        0.9074260155       -0.0064806379
        1.8127703179        0.8573112484       -0.0063787297
        1.1355599912        0.6309564062       -0.0110129815
        0.8890087517        0.5095511972       -0.0106866934
        1.3374066048        0.7215711953       -0.0074310952
        2.0698927729        0.8965231544       -0.0058581573
        2.0698927729        0.8942320774       -0.0070138334
        1.5125529278        0.7793219068       -0.0084883199
        1.3374066048        0.7219620099       -0.0072136277
        1.6694239403        0.8233661823       -0.0080386362
        2.1871479201        0.9076121016       -0.0064084903
        2.0698927729        0.8968148506       -0.0056858607
        2.0087001082        0.8860900803       -0.0057376652
        1.8803500184        0.8689722534       -0.0052884007
        2.1293276070        0.9007828856       -0.0059007515
        1.8803500184        0.8689662303       -0.0053001393
        1.7425717371        0.8481590586       -0.0038318495
        2.0087001082        0.8884457552       -0.0047087255
        2.1293276070        0.9007606033       -0.0059167682
        2.0087001082        0.8884568788       -0.0047216795
