#epsqw diagonal term
#1:q+G [au], 2:Re(eps-1), 3:Im(eps-1)
        2.0087001082        0.8939306351       -0.0005882618
        1.8803500184        0.8781956742       -0.0005890402
        2.1293276070        0.9083622772       -0.0005407777
        1.8803500184        0.8782023959       -0.0005890698
        1.7425717371        0.8572537396       -0.0005837097
        2.0087001082        0.8967012277       -0.0005266759
        2.1293276070        0.9083830827       -0.0005402924
        2.0087001082        0.8967171548       -0.0005261723
        1.9455837577        0.8851753768       -0.0006248998
        1.8127703179        0.8653907827       -0.0006423170
        2.0698927729        0.9014210211       -0.0005777849
        1.9455837577        0.8851486243       -0.0006246537
        1.3374066048        0.7344622305       -0.0010718549
        1.1355599912        0.6505658222       -0.0012777691
        1.5125529278        0.7907735222       -0.0009086010
        2.1871479201        0.9146897774       -0.0005274252
        1.8127703179        0.8653531609       -0.0006415632
        1.1355599912        0.6505406488       -0.0012773140
        0.8890087517        0.5412209436       -0.0015975315
        1.3374066048        0.7357879559       -0.0010283321
        2.0698927729        0.9046352070       -0.0005155166
        2.0698927729        0.9014218827       -0.0005771836
        1.5125529278        0.7908016597       -0.0009085133
        1.3374066048        0.7358360731       -0.0010291136
        1.6694239403        0.8342345695       -0.0007936229
        2.1871479201        0.9147127017       -0.0005275156
        2.0698927729        0.9046568223       -0.0005160418
        1.7425717371        0.8524444414       -0.0006718725
        1.5929206904        0.8228422390       -0.0007164327
        1.8803500184        0.8780810752       -0.0005797334
        1.7425717371        0.8524044415       -0.0006718253
        1.0197629759        0.5950233297       -0.0014387577
        0.7353615397        0.4587292146       -0.0018364135
        1.2405952039        0.6980497793       -0.0011332075
        2.0087001082        0.8980583924       -0.0005245336
        1.5929206904        0.8227892594       -0.0007164294
        0.7353615397        0.4587047285       -0.0018363248
        0.2039525952        0.1975651317       -0.0024913625
        1.0197629759        0.6117956305       -0.0014042230
        1.8803500184        0.8839668225       -0.0004999675
        1.8803500184        0.8780624297       -0.0005793343
        1.2405952039        0.6980753567       -0.0011329506
        1.0197629759        0.6118412625       -0.0014044492
        1.4276681663        0.7687241580       -0.0009129987
        2.1293276070        0.9119434349       -0.0004773486
        2.0087001082        0.8981012300       -0.0005244009
        1.8803500184        0.8840167527       -0.0004998682
        2.1293276070        0.9119653333       -0.0004776460
        1.9455837577        0.8851360397       -0.0006257501
        1.8127703179        0.8654187423       -0.0006405026
        2.0698927729        0.9015005879       -0.0005751639
        1.9455837577        0.8851149881       -0.0006253455
        1.3374066048        0.7343921606       -0.0010738407
        1.1355599912        0.6506260039       -0.0012757267
        1.5125529278        0.7907462925       -0.0009095596
        2.1871479201        0.9146521303       -0.0005289715
        1.8127703179        0.8653806179       -0.0006398676
        1.1355599912        0.6506055837       -0.0012752960
        0.8890087517        0.5412282134       -0.0015976527
        1.3374066048        0.7357728407       -0.0010281791
        2.0698927729        0.9046442242       -0.0005150814
        2.0698927729        0.9014958855       -0.0005747498
        1.5125529278        0.7907750867       -0.0009095237
        1.3374066048        0.7358252040       -0.0010288700
        1.6694239403        0.8342675751       -0.0007917345
        2.1871479201        0.9146696245       -0.0005293045
        2.0698927729        0.9046668965       -0.0005155749
        2.0087001082        0.8939751882       -0.0005866017
        1.8803500184        0.8782003408       -0.0005883578
        2.1293276070        0.9083756817       -0.0005409238
        1.8803500184        0.8782061315       -0.0005884685
        1.7425717371        0.8572352159       -0.0005844839
        2.0087001082        0.8966987153       -0.0005272294
        2.1293276070        0.9083956225       -0.0005404700
        2.0087001082        0.8967141150       -0.0005267709
