#epsqw diagonal term
#1:q+G [au], 2:Re(eps-1), 3:Im(eps-1)
        2.0087001082        0.9130119317       -0.1027784541
        1.8803500184        0.8909019923       -0.1363452649
        2.1293276070        0.9321339697       -0.0892079522
        1.8803500184        0.8911256009       -0.1370461223
        1.7425717371        0.8467755683       -0.1903080993
        2.0087001082        0.9181525850       -0.1154338318
        2.1293276070        0.9319442085       -0.0892138955
        2.0087001082        0.9177565700       -0.1148701968
        1.9455837577        0.9014757879       -0.1140940774
        1.8127703179        0.8779411916       -0.1514084987
        2.0698927729        0.9238894862       -0.0930276524
        1.9455837577        0.9010686473       -0.1143966403
        1.3374066048        0.7405060416       -0.2921161650
        1.1355599912        0.6296402090       -0.4644816136
        1.5125529278        0.8122289079       -0.2565245437
        2.1871479201        0.9359786316       -0.0823638930
        1.8127703179        0.8776940785       -0.1515651077
        1.1355599912        0.6324375210       -0.4621879381
        0.8890087517        0.3744196082       -0.4598352334
        1.3374066048        0.7451470998       -0.3375481462
        2.0698927729        0.9274933551       -0.1013683102
        2.0698927729        0.9238237755       -0.0932389216
        1.5125529278        0.8124863234       -0.2551097318
        1.3374066048        0.7424923757       -0.3377589654
        1.6694239403        0.8588439047       -0.1575491520
        2.1871479201        0.9361623876       -0.0819724141
        2.0698927729        0.9276432918       -0.1011265402
        1.7425717371        0.8612377098       -0.1728106531
        1.5929206904        0.8163088177       -0.2356266335
        1.8803500184        0.8944242091       -0.1373801144
        1.7425717371        0.8601619402       -0.1724513971
        1.0197629759        0.6323871276       -0.5256400010
        0.7353615397        0.2881573144       -0.5394758959
        1.2405952039        0.7249124521       -0.4219561988
        2.0087001082        0.9182207451       -0.1110628212
        1.5929206904        0.8162666330       -0.2374455265
        0.7353615397        0.2895547277       -0.5419189051
        0.2039525952        0.1300229295       -0.5262600268
        1.0197629759        0.4812402627       -0.4061881721
        1.8803500184        0.9031533553       -0.1472182926
        1.8803500184        0.8933291124       -0.1366272689
        1.2405952039        0.7253619553       -0.4223177871
        1.0197629759        0.4811282488       -0.4064589212
        1.4276681663        0.7958344241       -0.2651779112
        2.1293276070        0.9372159024       -0.0952847841
        2.0087001082        0.9188054712       -0.1119600977
        1.8803500184        0.9025835791       -0.1469737740
        2.1293276070        0.9377331259       -0.0953746928
        1.9455837577        0.9023336571       -0.1140931982
        1.8127703179        0.8782377071       -0.1519638319
        2.0698927729        0.9234310110       -0.0931143199
        1.9455837577        0.9019142880       -0.1139536932
        1.3374066048        0.7452754767       -0.2927118308
        1.1355599912        0.6325784902       -0.4630372181
        1.5125529278        0.8129740211       -0.2567970160
        2.1871479201        0.9367730408       -0.0825133982
        1.8127703179        0.8780274336       -0.1522164577
        1.1355599912        0.6352964341       -0.4627607137
        0.8890087517        0.3756221041       -0.4588538560
        1.3374066048        0.7474422416       -0.3358648153
        2.0698927729        0.9280162388       -0.1018178243
        2.0698927729        0.9234803638       -0.0936829868
        1.5125529278        0.8114830025       -0.2564203625
        1.3374066048        0.7439001174       -0.3379356699
        1.6694239403        0.8587248529       -0.1578421892
        2.1871479201        0.9367392434       -0.0824807956
        2.0698927729        0.9280677384       -0.1014592927
        2.0087001082        0.9141741718       -0.1023307572
        1.8803500184        0.8915336363       -0.1365183851
        2.1293276070        0.9323044251       -0.0894496528
        1.8803500184        0.8914407303       -0.1374098952
        1.7425717371        0.8475869726       -0.1901138729
        2.0087001082        0.9185414170       -0.1161759386
        2.1293276070        0.9321735244       -0.0895383621
        2.0087001082        0.9178648748       -0.1157203150
