#epsqw diagonal term
#1:q+G [au], 2:Re(eps-1), 3:Im(eps-1)
        2.0087001082        1.0676794769       -0.0502161057
        1.8803500184        1.0831464596       -0.0672535018
        2.1293276070        1.0554004269       -0.0383270101
        1.8803500184        1.0827776736       -0.0668138173
        1.7425717371        1.1006551239       -0.0903204577
        2.0087001082        1.0689850058       -0.0513958690
        2.1293276070        1.0550711300       -0.0386347635
        2.0087001082        1.0688626241       -0.0521405616
        1.9455837577        1.0678754757       -0.0414313283
        1.8127703179        1.0839569116       -0.0558602719
        2.0698927729        1.0565252162       -0.0328067694
        1.9455837577        1.0674953226       -0.0419651662
        1.3374066048        1.1138791835       -0.0307034568
        1.1355599912        1.1408130058       -0.0351992356
        1.5125529278        1.0970716903       -0.0345177855
        2.1871479201        1.0549850686       -0.0492931238
        1.8127703179        1.0832148335       -0.0564583206
        1.1355599912        1.1400965152       -0.0348647572
        0.8890087517        1.1719208289       -0.0424035990
        1.3374066048        1.1178073570       -0.0396825317
        2.0698927729        1.0683107587       -0.0664838609
        2.0698927729        1.0559983025       -0.0332622237
        1.5125529278        1.0965817611       -0.0346100815
        1.3374066048        1.1177044765       -0.0400375319
        1.6694239403        1.0818828900       -0.0325218081
        2.1871479201        1.0551571916       -0.0485329743
        2.0698927729        1.0686558936       -0.0656009584
        1.7425717371        1.0913264838       -0.0626946190
        1.5929206904        1.1128343718       -0.0880657418
        1.8803500184        1.0769685408       -0.0488652085
        1.7425717371        1.0909514442       -0.0641261367
        1.0197629759        1.1541899107       -0.0294970631
        0.7353615397        1.1837450242       -0.0311213931
        1.2405952039        1.1304230627       -0.0434580435
        2.0087001082        1.0751341620       -0.0764508641
        1.5929206904        1.1122370363       -0.0900857407
        0.7353615397        1.1836230284       -0.0315845769
        0.2039525952        1.1982622029       -0.0081677120
        1.0197629759        1.1621382705       -0.0602778825
        1.8803500184        1.0912229273       -0.1012135363
        1.8803500184        1.0767218220       -0.0498121286
        1.2405952039        1.1306120924       -0.0430000415
        1.0197629759        1.1625205729       -0.0592839440
        1.4276681663        1.1091312138       -0.0382949418
        2.1293276070        1.0629769312       -0.0570977553
        2.0087001082        1.0757692218       -0.0747224201
        1.8803500184        1.0920725042       -0.0990002564
        2.1293276070        1.0634144216       -0.0558459041
        1.9455837577        1.0676180732       -0.0417128222
        1.8127703179        1.0831124796       -0.0558688165
        2.0698927729        1.0560049719       -0.0328248074
        1.9455837577        1.0674465585       -0.0422096829
        1.3374066048        1.1134324668       -0.0309715970
        1.1355599912        1.1396903954       -0.0351723204
        1.5125529278        1.0967249406       -0.0347050063
        2.1871479201        1.0550904138       -0.0493698341
        1.8127703179        1.0830501277       -0.0563782940
        1.1355599912        1.1400246296       -0.0347126062
        0.8890087517        1.1723161684       -0.0424086960
        1.3374066048        1.1180596072       -0.0397545725
        2.0698927729        1.0684203575       -0.0664267727
        2.0698927729        1.0561312044       -0.0331766298
        1.5125529278        1.0975396962       -0.0346488825
        1.3374066048        1.1187639334       -0.0400539951
        1.6694239403        1.0821274453       -0.0320958335
        2.1871479201        1.0557321910       -0.0485610050
        2.0698927729        1.0691397995       -0.0655290031
        2.0087001082        1.0671271714       -0.0504084693
        1.8803500184        1.0825206269       -0.0673233624
        2.1293276070        1.0550994818       -0.0384180135
        1.8803500184        1.0827334562       -0.0668244135
        1.7425717371        1.1008900144       -0.0903375501
        2.0087001082        1.0691566586       -0.0513736831
        2.1293276070        1.0554431906       -0.0386443813
        2.0087001082        1.0694469621       -0.0521048950
