#epsqw diagonal term
#1:q+G [au], 2:Re(eps-1), 3:Im(eps-1)
        2.0087001082        0.8939446607       -0.0005872017
        1.8803500184        0.8782081371       -0.0005881863
        2.1293276070        0.9083755880       -0.0005397625
        1.8803500184        0.8782148664       -0.0005882139
        1.7425717371        0.8572635754       -0.0005831904
        2.0087001082        0.8967123328       -0.0005259503
        2.1293276070        0.9083963578       -0.0005392828
        2.0087001082        0.8967282183       -0.0005254539
        1.9455837577        0.8851906068       -0.0006237211
        1.8127703179        0.8654046068       -0.0006413538
        2.0698927729        0.9014356650       -0.0005766326
        1.9455837577        0.8851638257       -0.0006234788
        1.3374066048        0.7344850721       -0.0010703780
        1.1355599912        0.6505919716       -0.0012763132
        1.5125529278        0.7907932512       -0.0009072438
        2.1871479201        0.9147032456       -0.0005263799
        1.8127703179        0.8653669126       -0.0006406100
        1.1355599912        0.6505667433       -0.0012758664
        0.8890087517        0.5412548429       -0.0015959663
        1.3374066048        0.7358084598       -0.0010271339
        2.0698927729        0.9046468957       -0.0005146973
        2.0698927729        0.9014364755       -0.0005760384
        1.5125529278        0.7908213901       -0.0009071556
        1.3374066048        0.7358566605       -0.0010279032
        1.6694239403        0.8342527714       -0.0007923193
        2.1871479201        0.9147261891       -0.0005264676
        2.0698927729        0.9046685646       -0.0005152153
        1.7425717371        0.8524582024       -0.0006709573
        1.5929206904        0.8228547909       -0.0007157642
        1.8803500184        0.8780928072       -0.0005789874
        1.7425717371        0.8524181887       -0.0006709120
        1.0197629759        0.5950535856       -0.0014371880
        0.7353615397        0.4587718290       -0.0018344613
        1.2405952039        0.6980720648       -0.0011319715
        2.0087001082        0.8980698998       -0.0005237377
        1.5929206904        0.8228018065       -0.0007157610
        0.7353615397        0.4587473412       -0.0018343721
        0.2039525952        0.1976513602       -0.0024872863
        1.0197629759        0.6118233156       -0.0014029733
        1.8803500184        0.8839753009       -0.0004995252
        1.8803500184        0.8780741218       -0.0005785941
        1.2405952039        0.6980976216       -0.0011317179
        1.0197629759        0.6118689622       -0.0014031982
        1.4276681663        0.7687417531       -0.0009119899
        2.1293276070        0.9119538623       -0.0004766523
        2.0087001082        0.8981127362       -0.0005236053
        1.8803500184        0.8840252315       -0.0004994257
        2.1293276070        0.9119757900       -0.0004769454
        1.9455837577        0.8851512938       -0.0006245741
        1.8127703179        0.8654324308       -0.0006395582
        2.0698927729        0.9015150696       -0.0005740316
        1.9455837577        0.8851302029       -0.0006241747
        1.3374066048        0.7344151246       -0.0010723524
        1.1355599912        0.6506520189       -0.0012742886
        1.5125529278        0.7907661018       -0.0009081890
        2.1871479201        0.9146657050       -0.0005279103
        1.8127703179        0.8653942443       -0.0006389315
        1.1355599912        0.6506315452       -0.0012738653
        0.8890087517        0.5412621540       -0.0015960789
        1.3374066048        0.7357933260       -0.0010269847
        2.0698927729        0.9046558687       -0.0005142686
        2.0698927729        0.9015103283       -0.0005736232
        1.5125529278        0.7907949007       -0.0009081524
        1.3374066048        0.7358457611       -0.0010276657
        1.6694239403        0.8342856634       -0.0007904425
        2.1871479201        0.9146832334       -0.0005282390
        2.0698927729        0.9046785912       -0.0005147553
        2.0087001082        0.8939890940       -0.0005855602
        1.8803500184        0.8782127456       -0.0005875133
        2.1293276070        0.9083890233       -0.0005399016
        1.8803500184        0.8782185491       -0.0005876215
        1.7425717371        0.8572451017       -0.0005839585
        2.0087001082        0.8967098562       -0.0005264993
        2.1293276070        0.9084089295       -0.0005394535
        2.0087001082        0.8967252172       -0.0005260477
