#epsqw diagonal term
#1:q+G [au], 2:Re(eps-1), 3:Im(eps-1)
        2.0087001082        1.0614046237       -0.0479099663
        1.8803500184        1.0786362381       -0.0589164462
        2.1293276070        1.0471183731       -0.0376505007
        1.8803500184        1.0787098902       -0.0586700011
        1.7425717371        1.1034762477       -0.0665725680
        2.0087001082        1.0586229825       -0.0505735224
        2.1293276070        1.0471444132       -0.0375259711
        2.0087001082        1.0588147912       -0.0504485940
        1.9455837577        1.0710886162       -0.0535415926
        1.8127703179        1.0887994869       -0.0665309811
        2.0698927729        1.0538232784       -0.0407141435
        1.9455837577        1.0707409561       -0.0535971035
        1.3374066048        1.2012528547       -0.0972454136
        1.1355599912        1.2604241963       -0.1241430858
        1.5125529278        1.1542448412       -0.0870710351
        2.1871479201        1.0414953066       -0.0367637850
        1.8127703179        1.0883259459       -0.0664099773
        1.1355599912        1.2602417707       -0.1235555331
        0.8890087517        1.3632768878       -0.1554950115
        1.3374066048        1.1943627888       -0.1049086764
        2.0698927729        1.0514310377       -0.0469352832
        2.0698927729        1.0536487465       -0.0406303750
        1.5125529278        1.1546185845       -0.0863652637
        1.3374066048        1.1954014745       -0.1041880515
        1.6694239403        1.1155451400       -0.0660426952
        2.1871479201        1.0417450361       -0.0366073288
        2.0698927729        1.0519322579       -0.0467498367
        1.7425717371        1.1022455604       -0.0709775059
        1.5929206904        1.1397407221       -0.0863912339
        1.8803500184        1.0764519484       -0.0622963870
        1.7425717371        1.1016782640       -0.0711696418
        1.0197629759        1.3050843810       -0.1566537726
        0.7353615397        1.4081481428       -0.1729481063
        1.2405952039        1.2252056984       -0.1161597482
        2.0087001082        1.0593075150       -0.0513154095
        1.5929206904        1.1388653714       -0.0865251065
        0.7353615397        1.4075299630       -0.1728831240
        0.2039525952        1.4578534428       -0.1899027906
        1.0197629759        1.3162790484       -0.1552602554
        1.8803500184        1.0813509943       -0.0637641541
        1.8803500184        1.0761177201       -0.0624012330
        1.2405952039        1.2255106273       -0.1160833662
        1.0197629759        1.3170592854       -0.1552653846
        1.4276681663        1.1726453949       -0.1045241073
        2.1293276070        1.0446958781       -0.0440680770
        2.0087001082        1.0597104935       -0.0511459877
        1.8803500184        1.0819777320       -0.0636365583
        2.1293276070        1.0449502816       -0.0439777298
        1.9455837577        1.0711404921       -0.0525003439
        1.8127703179        1.0888920925       -0.0656416803
        2.0698927729        1.0538175321       -0.0404295925
        1.9455837577        1.0708020143       -0.0526378503
        1.3374066048        1.1993245318       -0.0956540665
        1.1355599912        1.2587960303       -0.1225501465
        1.5125529278        1.1547229043       -0.0864497641
        2.1871479201        1.0414058609       -0.0369695114
        1.8127703179        1.0880371028       -0.0660873770
        1.1355599912        1.2577797761       -0.1236307069
        0.8890087517        1.3653728400       -0.1563570258
        1.3374066048        1.1965558456       -0.1055820484
        2.0698927729        1.0512107857       -0.0475126392
        2.0698927729        1.0536291601       -0.0406069453
        1.5125529278        1.1547904351       -0.0869471607
        1.3374066048        1.1968793845       -0.1057260021
        1.6694239403        1.1162295343       -0.0674233230
        2.1871479201        1.0415972128       -0.0369770968
        2.0698927729        1.0515312918       -0.0475666198
        2.0087001082        1.0615384779       -0.0468465237
        1.8803500184        1.0788145184       -0.0582427353
        2.1293276070        1.0470710454       -0.0376578009
        1.8803500184        1.0786664495       -0.0584119066
        1.7425717371        1.1034979313       -0.0668867089
        2.0087001082        1.0585324284       -0.0512468194
        2.1293276070        1.0470817956       -0.0377629657
        2.0087001082        1.0584292355       -0.0514549780
