#epsqw diagonal term
#1:q+G [au], 2:Re(eps-1), 3:Im(eps-1)
        2.0087001082        1.0020958308       -0.0000064302
        1.8803500184        1.0024789932       -0.0000076514
        2.1293276070        1.0017800661       -0.0000053507
        1.8803500184        1.0024786384       -0.0000076510
        1.7425717371        1.0029611140       -0.0000090899
        2.0087001082        1.0020911233       -0.0000062965
        2.1293276070        1.0017798873       -0.0000053501
        2.0087001082        1.0020912586       -0.0000062963
        1.9455837577        1.0022757978       -0.0000070672
        1.8127703179        1.0027076263       -0.0000084694
        2.0698927729        1.0019262038       -0.0000058453
        1.9455837577        1.0022765749       -0.0000070694
        1.3374066048        1.0048780360       -0.0000179760
        1.1355599912        1.0061079297       -0.0000239690
        1.5125529278        1.0039580985       -0.0000137499
        2.1871479201        1.0016486367       -0.0000049232
        1.8127703179        1.0027090033       -0.0000084729
        1.1355599912        1.0061088597       -0.0000239714
        0.8890087517        1.0077018392       -0.0000324997
        1.3374066048        1.0048996409       -0.0000176950
        2.0698927729        1.0019279422       -0.0000057727
        2.0698927729        1.0019267015       -0.0000058462
        1.5125529278        1.0039578596       -0.0000137488
        1.3374066048        1.0048989005       -0.0000176918
        1.6694239403        1.0032554382       -0.0000107996
        2.1871479201        1.0016480767       -0.0000049218
        2.0698927729        1.0019272618       -0.0000057709
        1.7425717371        1.0029642219       -0.0000093856
        1.5929206904        1.0035842498       -0.0000112968
        1.8803500184        1.0024803917       -0.0000076091
        1.7425717371        1.0029657159       -0.0000093886
        1.0197629759        1.0068508370       -0.0000283098
        0.7353615397        1.0085964170       -0.0000396135
        1.2405952039        1.0054631461       -0.0000204006
        2.0087001082        1.0020914770       -0.0000063089
        1.5929206904        1.0035863654       -0.0000113009
        0.7353615397        1.0085990144       -0.0000396182
        0.2039525952        1.0100938423       -0.0000665495
        1.0197629759        1.0068859264       -0.0000268039
        1.8803500184        1.0024766729       -0.0000074131
        1.8803500184        1.0024812978       -0.0000076112
        1.2405952039        1.0054620212       -0.0000203982
        1.0197629759        1.0068828422       -0.0000267985
        1.4276681663        1.0044158454       -0.0000153607
        2.1293276070        1.0017792420       -0.0000052576
        2.0087001082        1.0020902183       -0.0000063060
        1.8803500184        1.0024750372       -0.0000074098
        2.1293276070        1.0017783116       -0.0000052554
        1.9455837577        1.0022765117       -0.0000070686
        1.8127703179        1.0027085760       -0.0000084708
        2.0698927729        1.0019263596       -0.0000058453
        1.9455837577        1.0022772865       -0.0000070707
        1.3374066048        1.0048794322       -0.0000179796
        1.1355599912        1.0061093690       -0.0000239693
        1.5125529278        1.0039582394       -0.0000137512
        2.1871479201        1.0016482729       -0.0000049228
        1.8127703179        1.0027097128       -0.0000084738
        1.1355599912        1.0061085896       -0.0000239692
        0.8890087517        1.0077027369       -0.0000324960
        1.3374066048        1.0048999407       -0.0000176960
        2.0698927729        1.0019272451       -0.0000057714
        2.0698927729        1.0019267170       -0.0000058460
        1.5125529278        1.0039572080       -0.0000137488
        1.3374066048        1.0048983743       -0.0000176913
        1.6694239403        1.0032549413       -0.0000107992
        2.1871479201        1.0016476443       -0.0000049213
        2.0698927729        1.0019265189       -0.0000057695
        2.0087001082        1.0020965525       -0.0000064314
        1.8803500184        1.0024789208       -0.0000076521
        2.1293276070        1.0017797207       -0.0000053502
        1.8803500184        1.0024784230       -0.0000076513
        1.7425717371        1.0029605592       -0.0000090886
        2.0087001082        1.0020905470       -0.0000062951
        2.1293276070        1.0017796165       -0.0000053495
        2.0087001082        1.0020906421       -0.0000062947
