#epsqw diagonal term
#1:q+G [au], 2:Re(eps-1), 3:Im(eps-1)
        2.0087001082        1.0015146054       -0.0000045927
        1.8803500184        1.0017914137       -0.0000054680
        2.1293276070        1.0012855525       -0.0000038187
        1.8803500184        1.0017909533       -0.0000054675
        1.7425717371        1.0021414965       -0.0000065000
        2.0087001082        1.0015107806       -0.0000044948
        2.1293276070        1.0012852000       -0.0000038180
        2.0087001082        1.0015104069       -0.0000044943
        1.9455837577        1.0016450388       -0.0000050481
        1.8127703179        1.0019589975       -0.0000060551
        2.0698927729        1.0013920382       -0.0000041730
        1.9455837577        1.0016457436       -0.0000050495
        1.3374066048        1.0035338938       -0.0000129027
        1.1355599912        1.0044282892       -0.0000172309
        1.5125529278        1.0028648822       -0.0000098555
        2.1871479201        1.0011906280       -0.0000035117
        1.8127703179        1.0019592647       -0.0000060567
        1.1355599912        1.0044261292       -0.0000172303
        0.8890087517        1.0055854353       -0.0000233853
        1.3374066048        1.0035480381       -0.0000126995
        2.0698927729        1.0013931377       -0.0000041192
        2.0698927729        1.0013919099       -0.0000041732
        1.5125529278        1.0028634379       -0.0000098541
        1.3374066048        1.0035458402       -0.0000126966
        1.6694239403        1.0023550803       -0.0000077295
        2.1871479201        1.0011901805       -0.0000035107
        2.0698927729        1.0013926586       -0.0000041179
        1.7425717371        1.0021447231       -0.0000067134
        1.5929206904        1.0025937877       -0.0000080855
        1.8803500184        1.0017938715       -0.0000054369
        1.7425717371        1.0021452461       -0.0000067150
        1.0197629759        1.0049646617       -0.0000203565
        0.7353615397        1.0062329829       -0.0000285393
        1.2405952039        1.0039596728       -0.0000146512
        2.0087001082        1.0015114522       -0.0000045038
        1.5929206904        1.0025942251       -0.0000080871
        0.7353615397        1.0062324041       -0.0000285368
        0.2039525952        1.0073425876       -0.0000480988
        1.0197629759        1.0049885964       -0.0000192593
        1.8803500184        1.0017903628       -0.0000052942
        1.8803500184        1.0017943192       -0.0000054381
        1.2405952039        1.0039599665       -0.0000146504
        1.0197629759        1.0049894666       -0.0000192592
        1.4276681663        1.0031987284       -0.0000110126
        2.1293276070        1.0012854698       -0.0000037502
        2.0087001082        1.0015109395       -0.0000045021
        1.8803500184        1.0017897095       -0.0000052923
        2.1293276070        1.0012848209       -0.0000037487
        1.9455837577        1.0016452109       -0.0000050491
        1.8127703179        1.0019578664       -0.0000060555
        2.0698927729        1.0013917323       -0.0000041722
        1.9455837577        1.0016458829       -0.0000050507
        1.3374066048        1.0035342535       -0.0000129032
        1.1355599912        1.0044235289       -0.0000172269
        1.5125529278        1.0028649274       -0.0000098556
        2.1871479201        1.0011908190       -0.0000035115
        1.8127703179        1.0019588966       -0.0000060579
        1.1355599912        1.0044256557       -0.0000172277
        0.8890087517        1.0055900846       -0.0000233843
        1.3374066048        1.0035505619       -0.0000126997
        2.0698927729        1.0013930452       -0.0000041183
        2.0698927729        1.0013922582       -0.0000041728
        1.5125529278        1.0028654977       -0.0000098544
        1.3374066048        1.0035504343       -0.0000126973
        1.6694239403        1.0023546693       -0.0000077294
        2.1871479201        1.0011909615       -0.0000035108
        2.0698927729        1.0013928750       -0.0000041172
        2.0087001082        1.0015155381       -0.0000045926
        1.8803500184        1.0017918535       -0.0000054680
        2.1293276070        1.0012853279       -0.0000038180
        1.8803500184        1.0017918240       -0.0000054678
        1.7425717371        1.0021421091       -0.0000065004
        2.0087001082        1.0015107578       -0.0000044945
        2.1293276070        1.0012852758       -0.0000038176
        2.0087001082        1.0015107200       -0.0000044942
