#epsqw diagonal term
#1:q+G [au], 2:Re(eps-1), 3:Im(eps-1)
        2.0087001082        0.8937674065       -0.0006010408
        1.8803500184        0.8780510512       -0.0005992627
        2.1293276070        0.9082073479       -0.0005530077
        1.8803500184        0.8780576755       -0.0005993177
        1.7425717371        0.8571403246       -0.0005897967
        2.0087001082        0.8965725844       -0.0005353001
        2.1293276070        0.9082285854       -0.0005524526
        2.0087001082        0.8965890188       -0.0005347035
        1.9455837577        0.8849980274       -0.0006390989
        1.8127703179        0.8652303114       -0.0006538286
        2.0698927729        0.9012504514       -0.0005916614
        1.9455837577        0.8849716135       -0.0006388081
        1.3374066048        0.7341973328       -0.0010895450
        1.1355599912        0.6502636135       -0.0012950139
        1.5125529278        0.7905444121       -0.0009248906
        2.1871479201        0.9145329890       -0.0005400012
        1.8127703179        0.8651935511       -0.0006529548
        1.1355599912        0.6502390965       -0.0012944588
        0.8890087517        0.5408306560       -0.0016157822
        1.3374066048        0.7355507813       -0.0010425596
        2.0698927729        0.9044995885       -0.0005252782
        2.0698927729        0.9012519251       -0.0005909736
        1.5125529278        0.7905725348       -0.0009248080
        1.3374066048        0.7355979055       -0.0010434867
        1.6694239403        0.8340230860       -0.0008092416
        2.1871479201        0.9145556896       -0.0005401214
        2.0698927729        0.9045205677       -0.0005258901
        1.7425717371        0.8522848681       -0.0006827951
        1.5929206904        0.8226974590       -0.0007242635
        1.8803500184        0.8779452380       -0.0005885926
        1.7425717371        0.8522450313       -0.0006827257
        1.0197629759        0.5946741133       -0.0014572831
        0.7353615397        0.4582385942       -0.0018591743
        1.2405952039        0.6977922587       -0.0011478480
        2.0087001082        0.8979249009       -0.0005340284
        1.5929206904        0.8226445379       -0.0007242602
        0.7353615397        0.4582141266       -0.0018590911
        0.2039525952        0.1965721426       -0.0025388792
        1.0197629759        0.6114770286       -0.0014187788
        1.8803500184        0.8838690912       -0.0005051372
        1.8803500184        0.8779270682       -0.0005881232
        1.2405952039        0.6978180862       -0.0011475478
        1.0197629759        0.6115224863       -0.0014190207
        1.4276681663        0.7685207430       -0.0009249612
        2.1293276070        0.9118226048       -0.0004856220
        2.0087001082        0.8979677540       -0.0005338909
        1.8803500184        0.8839190129       -0.0005050401
        2.1293276070        0.9118441540       -0.0004859712
        1.9455837577        0.8849584361       -0.0006399056
        1.8127703179        0.8652598871       -0.0006517797
        2.0698927729        0.9013319413       -0.0005887936
        1.9455837577        0.8849378502       -0.0006394391
        1.3374066048        0.7341258165       -0.0010916627
        1.1355599912        0.6503253849       -0.0012927494
        1.5125529278        0.7905161995       -0.0009260239
        2.1871479201        0.9144940581       -0.0005417505
        1.8127703179        0.8652224943       -0.0006510480
        1.1355599912        0.6503055958       -0.0012922300
        0.8890087517        0.5408374158       -0.0016160133
        1.3374066048        0.7355359052       -0.0010423613
        2.0698927729        0.9045091324       -0.0005247646
        2.0698927729        0.9013277045       -0.0005883095
        1.5125529278        0.7905449393       -0.0009259953
        1.3374066048        0.7355874185       -0.0010431679
        1.6694239403        0.8340574316       -0.0008072186
        2.1871479201        0.9145111476       -0.0005421329
        2.0698927729        0.9045312106       -0.0005253366
        2.0087001082        0.8938134012       -0.0005991442
        1.8803500184        0.8780564223       -0.0005984598
        2.1293276070        0.9082203657       -0.0005532459
        1.8803500184        0.8780620540       -0.0005986042
        1.7425717371        0.8571212053       -0.0005906447
        2.0087001082        0.8965696507       -0.0005359107
        2.1293276070        0.9082407249       -0.0005527218
        2.0087001082        0.8965855251       -0.0005353629
