#epsqw diagonal term
#1:q+G [au], 2:Re(eps-1), 3:Im(eps-1)
        2.0087001082        1.0314696521       -0.0058440922
        1.8803500184        1.0372907023       -0.0053016737
        2.1293276070        1.0262089859       -0.0060130497
        1.8803500184        1.0373254915       -0.0052435616
        1.7425717371        1.0445686785       -0.0044089738
        2.0087001082        1.0311009147       -0.0053926180
        2.1293276070        1.0262595257       -0.0060847338
        2.0087001082        1.0310475661       -0.0054822440
        1.9455837577        1.0337223280       -0.0059877420
        1.8127703179        1.0399237881       -0.0055778411
        2.0698927729        1.0282877526       -0.0064118497
        1.9455837577        1.0337312519       -0.0059160271
        1.3374066048        1.0661405766       -0.0047800985
        1.1355599912        1.0798935442       -0.0044008528
        1.5125529278        1.0557035695       -0.0055140088
        2.1871479201        1.0245663859       -0.0056973443
        1.8127703179        1.0399934591       -0.0055223250
        1.1355599912        1.0799041849       -0.0043935115
        0.8890087517        1.0973432056       -0.0038823341
        1.3374066048        1.0662676573       -0.0046664618
        2.0698927729        1.0292396171       -0.0050604381
        2.0698927729        1.0284341310       -0.0064602675
        1.5125529278        1.0557380141       -0.0055527631
        1.3374066048        1.0662408180       -0.0046974523
        1.6694239403        1.0465872243       -0.0055432644
        2.1871479201        1.0246087203       -0.0058114231
        2.0698927729        1.0291689806       -0.0051327361
        1.7425717371        1.0432805998       -0.0048896683
        1.5929206904        1.0526539775       -0.0045355369
        1.8803500184        1.0366087661       -0.0058332044
        1.7425717371        1.0433064606       -0.0048952956
        1.0197629759        1.0879161116       -0.0038937238
        0.7353615397        1.1054405139       -0.0036365992
        1.2405952039        1.0731154190       -0.0047906034
        2.0087001082        1.0321461579       -0.0052009797
        1.5929206904        1.0526903545       -0.0045368667
        0.7353615397        1.1055261737       -0.0035977818
        0.2039525952        1.1164886325       -0.0030644958
        1.0197629759        1.0898094676       -0.0042774851
        1.8803500184        1.0385379169       -0.0042384323
        1.8803500184        1.0366255520       -0.0058404108
        1.2405952039        1.0730984882       -0.0047857601
        1.0197629759        1.0897463576       -0.0042913698
        1.4276681663        1.0605076419       -0.0047864518
        2.1293276070        1.0267282362       -0.0052861140
        2.0087001082        1.0321087529       -0.0051997266
        1.8803500184        1.0384932634       -0.0042473381
        2.1293276070        1.0266994543       -0.0052920833
        1.9455837577        1.0332046766       -0.0054351852
        1.8127703179        1.0397550261       -0.0053367787
        2.0698927729        1.0283828993       -0.0064364339
        1.9455837577        1.0332723677       -0.0054108341
        1.3374066048        1.0658708467       -0.0044350763
        1.1355599912        1.0798219142       -0.0042901765
        1.5125529278        1.0557778310       -0.0055856796
        2.1871479201        1.0247305120       -0.0058658574
        1.8127703179        1.0397834500       -0.0052600162
        1.1355599912        1.0798229386       -0.0042726411
        0.8890087517        1.0973846803       -0.0039535780
        1.3374066048        1.0664385376       -0.0049111906
        2.0698927729        1.0295350288       -0.0054101887
        2.0698927729        1.0282847687       -0.0063329287
        1.5125529278        1.0557172053       -0.0055704677
        1.3374066048        1.0664193275       -0.0049367920
        1.6694239403        1.0470789081       -0.0061003093
        2.1871479201        1.0245807424       -0.0058618277
        2.0698927729        1.0294722308       -0.0055048779
        2.0087001082        1.0309789735       -0.0052901798
        1.8803500184        1.0371436085       -0.0050969664
        2.1293276070        1.0263306449       -0.0061084948
        1.8803500184        1.0371538875       -0.0050386573
        1.7425717371        1.0446620105       -0.0045343640
        2.0087001082        1.0314399972       -0.0057953655
        2.1293276070        1.0262259956       -0.0061136087
        2.0087001082        1.0313852788       -0.0059000085
