#epsqw diagonal term
#1:q+G [au], 2:Re(eps-1), 3:Im(eps-1)
        2.0087001082        0.8851046868       -0.0086701154
        1.8803500184        0.8675664795       -0.0094580402
        2.1293276070        0.8996805706       -0.0088687741
        1.8803500184        0.8675753968       -0.0094770749
        1.7425717371        0.8462013054       -0.0069137362
        2.0087001082        0.8867309206       -0.0082724839
        2.1293276070        0.8996787327       -0.0088901544
        2.0087001082        0.8867394639       -0.0083140737
        1.9455837577        0.8773878081       -0.0096862116
        1.8127703179        0.8559096485       -0.0094377874
        2.0698927729        0.8938937480       -0.0102419756
        1.9455837577        0.8772756384       -0.0097410667
        1.3374066048        0.7193119747       -0.0138533798
        1.1355599912        0.6277942734       -0.0178280538
        1.5125529278        0.7779701196       -0.0125953730
        2.1871479201        0.9068051938       -0.0094433576
        1.8127703179        0.8558133902       -0.0096177685
        1.1355599912        0.6276896471       -0.0179395803
        0.8890087517        0.5006208722       -0.0218303381
        1.3374066048        0.7178853177       -0.0117967943
        2.0698927729        0.8955243257       -0.0100488350
        2.0698927729        0.8936862521       -0.0102808788
        1.5125529278        0.7779492561       -0.0125572999
        1.3374066048        0.7179988428       -0.0115645274
        1.6694239403        0.8221247153       -0.0127378908
        2.1871479201        0.9068800604       -0.0093489639
        2.0698927729        0.8956056148       -0.0098310783
        1.7425717371        0.8414770096       -0.0132677634
        1.5929206904        0.8098486505       -0.0110948685
        1.8803500184        0.8688107465       -0.0103230497
        1.7425717371        0.8413729123       -0.0132580273
        1.0197629759        0.5646934700       -0.0188785274
        0.7353615397        0.4127632110       -0.0247249338
        1.2405952039        0.6789936694       -0.0166753317
        2.0087001082        0.8889652498       -0.0115610742
        1.5929206904        0.8098063271       -0.0110834670
        0.7353615397        0.4127727864       -0.0247807482
        0.2039525952        0.1009259211       -0.0419000467
        1.0197629759        0.5822466089       -0.0147581018
        1.8803500184        0.8744666905       -0.0069081051
        1.8803500184        0.8685345393       -0.0103241501
        1.2405952039        0.6789732484       -0.0167100189
        1.0197629759        0.5822341168       -0.0147579310
        1.4276681663        0.7550634781       -0.0125377449
        2.1293276070        0.9037693587       -0.0099175312
        2.0087001082        0.8890572763       -0.0115605700
        1.8803500184        0.8745011858       -0.0068882444
        2.1293276070        0.9039252774       -0.0099215906
        1.9455837577        0.8775537792       -0.0099982789
        1.8127703179        0.8559877438       -0.0094544896
        2.0698927729        0.8938734748       -0.0102339963
        1.9455837577        0.8774527483       -0.0100634995
        1.3374066048        0.7196023308       -0.0144132517
        1.1355599912        0.6279070653       -0.0179360863
        1.5125529278        0.7779398015       -0.0130181756
        2.1871479201        0.9068493904       -0.0095525654
        1.8127703179        0.8558961958       -0.0096516379
        1.1355599912        0.6278007418       -0.0180663411
        0.8890087517        0.5014771412       -0.0227355702
        1.3374066048        0.7179986241       -0.0119575619
        2.0698927729        0.8955238306       -0.0100991959
        2.0698927729        0.8937055725       -0.0102802070
        1.5125529278        0.7779346861       -0.0129593758
        1.3374066048        0.7181247696       -0.0117382821
        1.6694239403        0.8220593267       -0.0127371808
        2.1871479201        0.9069433800       -0.0094434050
        2.0698927729        0.8956061606       -0.0098754973
        2.0087001082        0.8850368493       -0.0086687767
        1.8803500184        0.8674499639       -0.0095733015
        2.1293276070        0.8996755481       -0.0088980703
        1.8803500184        0.8674386617       -0.0095767263
        1.7425717371        0.8461902735       -0.0071218679
        2.0087001082        0.8867775818       -0.0083886827
        2.1293276070        0.8996726440       -0.0089250020
        2.0087001082        0.8867928387       -0.0084044567
