#epsqw diagonal term
#1:q+G [au], 2:Re(eps-1), 3:Im(eps-1)
        2.0087001082        1.0362039745       -0.0014159272
        1.8803500184        1.0432664611       -0.0014666035
        2.1293276070        1.0301386591       -0.0013985173
        1.8803500184        1.0432566572       -0.0014649882
        1.7425717371        1.0518044384       -0.0015704242
        2.0087001082        1.0362802695       -0.0014371628
        2.1293276070        1.0301378665       -0.0013988887
        2.0087001082        1.0362891617       -0.0014391480
        1.9455837577        1.0390101117       -0.0014692711
        1.8127703179        1.0464983705       -0.0014549535
        2.0698927729        1.0324647860       -0.0014189527
        1.9455837577        1.0390283362       -0.0014704950
        1.3374066048        1.0794265859       -0.0015752519
        1.1355599912        1.0970602444       -0.0015400152
        1.5125529278        1.0661256886       -0.0016623112
        2.1871479201        1.0283402569       -0.0013553209
        1.8127703179        1.0465230883       -0.0014549718
        1.1355599912        1.0970612624       -0.0015405279
        0.8890087517        1.1193512893       -0.0016536404
        1.3374066048        1.0797505014       -0.0015788268
        2.0698927729        1.0340813556       -0.0014119247
        2.0698927729        1.0324716908       -0.0014199654
        1.5125529278        1.0661153373       -0.0016611203
        1.3374066048        1.0797360416       -0.0015779239
        1.6694239403        1.0551660596       -0.0016468268
        2.1871479201        1.0283260222       -0.0013552054
        2.0698927729        1.0340660660       -0.0014139269
        1.7425717371        1.0509055670       -0.0015091068
        1.5929206904        1.0615242168       -0.0016057448
        1.8803500184        1.0426186370       -0.0014330669
        1.7425717371        1.0509464394       -0.0015116818
        1.0197629759        1.1081768755       -0.0015363401
        0.7353615397        1.1305609524       -0.0015782565
        1.2405952039        1.0881017533       -0.0015819605
        2.0087001082        1.0372386532       -0.0014172847
        1.5929206904        1.0615847056       -0.0016073498
        0.7353615397        1.1305988878       -0.0015747985
        0.2039525952        1.1466178046       -0.0016275901
        1.0197629759        1.1090613415       -0.0017294346
        1.8803500184        1.0448908358       -0.0014953758
        1.8803500184        1.0426448470       -0.0014349690
        1.2405952039        1.0880780959       -0.0015804819
        1.0197629759        1.1090047488       -0.0017293083
        1.4276681663        1.0727052666       -0.0015235627
        2.1293276070        1.0311982899       -0.0013743790
        2.0087001082        1.0371976908       -0.0014159896
        1.8803500184        1.0448344674       -0.0014958963
        2.1293276070        1.0311719004       -0.0013736060
        1.9455837577        1.0390676594       -0.0014509029
        1.8127703179        1.0465764864       -0.0015047674
        2.0698927729        1.0324916896       -0.0014426752
        1.9455837577        1.0390823453       -0.0014520180
        1.3374066048        1.0795323364       -0.0015999787
        1.1355599912        1.0971189150       -0.0015761932
        1.5125529278        1.0661056170       -0.0016452191
        2.1871479201        1.0282918729       -0.0013177134
        1.8127703179        1.0465972083       -0.0015045628
        1.1355599912        1.0971125537       -0.0015762950
        0.8890087517        1.1193026045       -0.0016313645
        1.3374066048        1.0796608516       -0.0015266543
        2.0698927729        1.0340115885       -0.0013826988
        2.0698927729        1.0324999900       -0.0014436381
        1.5125529278        1.0660910783       -0.0016436964
        1.3374066048        1.0796413274       -0.0015254488
        1.6694239403        1.0550882597       -0.0016645673
        2.1871479201        1.0282791211       -0.0013175930
        2.0698927729        1.0339938280       -0.0013845629
        2.0087001082        1.0362916352       -0.0014323500
        1.8803500184        1.0433233905       -0.0015002611
        2.1293276070        1.0301180526       -0.0013817813
        1.8803500184        1.0433105373       -0.0014984317
        1.7425717371        1.0517697697       -0.0015511646
        2.0087001082        1.0361933446       -0.0013964486
        2.1293276070        1.0301161698       -0.0013820254
        2.0087001082        1.0362002091       -0.0013982952
