#epsqw diagonal term
#1:q+G [au], 2:Re(eps-1), 3:Im(eps-1)
        2.0087001082        0.8879163567       -0.0042086671
        1.8803500184        0.8713597849       -0.0033885247
        2.1293276070        0.9024709119       -0.0044291058
        1.8803500184        0.8713396183       -0.0033595493
        1.7425717371        0.8503644723       -0.0020089542
        2.0087001082        0.8905574771       -0.0032453979
        2.1293276070        0.9024383519       -0.0044064540
        2.0087001082        0.8905408178       -0.0032412183
        1.9455837577        0.8794560460       -0.0062484565
        1.8127703179        0.8592515583       -0.0055870463
        2.0698927729        0.8958728295       -0.0060942885
        1.9455837577        0.8793317391       -0.0061614664
        1.3374066048        0.7237679699       -0.0070718920
        1.1355599912        0.6352578637       -0.0074454407
        1.5125529278        0.7817998371       -0.0066101010
        2.1871479201        0.9090096509       -0.0049901599
        1.8127703179        0.8588920606       -0.0054177911
        1.1355599912        0.6349642741       -0.0073039696
        0.8890087517        0.5179036430       -0.0054400837
        1.3374066048        0.7248978304       -0.0056148731
        2.0698927729        0.8983283940       -0.0043052628
        2.0698927729        0.8957892487       -0.0059882342
        1.5125529278        0.7818960257       -0.0066235902
        1.3374066048        0.7253401527       -0.0057989504
        1.6694239403        0.8260407686       -0.0064534677
        2.1871479201        0.9091772028       -0.0050674071
        2.0698927729        0.8986499477       -0.0044459620
        1.7425717371        0.8442177100       -0.0036507256
        1.5929206904        0.8136651646       -0.0030078227
        1.8803500184        0.8708274314       -0.0035013033
        1.7425717371        0.8441696993       -0.0036084244
        1.0197629759        0.5759779805       -0.0057702832
        0.7353615397        0.4292863250       -0.0077295135
        1.2405952039        0.6839463941       -0.0053077606
        2.0087001082        0.8908038375       -0.0034753034
        1.5929206904        0.8135979612       -0.0030112577
        0.7353615397        0.4292388147       -0.0077425001
        0.2039525952        0.1389588285       -0.0123343342
        1.0197629759        0.5933906606       -0.0043803083
        1.8803500184        0.8778233976       -0.0017099124
        1.8803500184        0.8707902703       -0.0033945434
        1.2405952039        0.6839701812       -0.0052694205
        1.0197629759        0.5934613867       -0.0043777090
        1.4276681663        0.7581333364       -0.0047639416
        2.1293276070        0.9051576158       -0.0032446966
        2.0087001082        0.8908638376       -0.0034844178
        1.8803500184        0.8778928849       -0.0017121480
        2.1293276070        0.9051931936       -0.0033142022
        1.9455837577        0.8793704170       -0.0063099035
        1.8127703179        0.8592451861       -0.0054624508
        2.0698927729        0.8959203318       -0.0058301569
        1.9455837577        0.8792195972       -0.0062133005
        1.3374066048        0.7234961713       -0.0072317302
        1.1355599912        0.6352112570       -0.0073459991
        1.5125529278        0.7817184294       -0.0065359872
        2.1871479201        0.9089204888       -0.0050359247
        1.8127703179        0.8588623918       -0.0052770785
        1.1355599912        0.6348906310       -0.0071835397
        0.8890087517        0.5177559933       -0.0055848883
        1.3374066048        0.7247548386       -0.0055482076
        2.0698927729        0.8982950171       -0.0042380926
        2.0698927729        0.8958605849       -0.0057213208
        1.5125529278        0.7818785646       -0.0065746034
        1.3374066048        0.7252511613       -0.0057764929
        1.6694239403        0.8260400719       -0.0061862940
        2.1871479201        0.9091326579       -0.0051525241
        2.0698927729        0.8986509808       -0.0044030401
        2.0087001082        0.8879134844       -0.0041359464
        1.8803500184        0.8713069613       -0.0033446081
        2.1293276070        0.9024750301       -0.0043936640
        1.8803500184        0.8712952359       -0.0033296377
        1.7425717371        0.8502963433       -0.0020481165
        2.0087001082        0.8905009226       -0.0032863164
        2.1293276070        0.9024436425       -0.0043710059
        2.0087001082        0.8904881235       -0.0033004723
