#epsqw diagonal term
#1:q+G [au], 2:Re(eps-1), 3:Im(eps-1)
        2.0087001082        0.8987432197       -0.0197608921
        1.8803500184        0.8724679593       -0.0203948399
        2.1293276070        0.9143899623       -0.0166776796
        1.8803500184        0.8725110393       -0.0203660076
        1.7425717371        0.8330805069       -0.0212884523
        2.0087001082        0.8923209334       -0.0171064183
        2.1293276070        0.9143342485       -0.0166318162
        2.0087001082        0.8922581447       -0.0170139165
        1.9455837577        0.8865015679       -0.0197383563
        1.8127703179        0.8582341083       -0.0226157031
        2.0698927729        0.9056716874       -0.0172105307
        1.9455837577        0.8864399021       -0.0199245119
        1.3374066048        0.7364644400       -0.0931147463
        1.1355599912        0.6623621092       -0.1211119661
        1.5125529278        0.7799396068       -0.0534466147
        2.1871479201        0.9234005673       -0.0158131649
        1.8127703179        0.8583273468       -0.0227489181
        1.1355599912        0.6618301235       -0.1216317662
        0.8890087517        0.5956214019       -0.1460805638
        1.3374066048        0.7254710293       -0.0714010555
        2.0698927729        0.9041429376       -0.0152075038
        2.0698927729        0.9057625756       -0.0172469501
        1.5125529278        0.7799646656       -0.0535197753
        1.3374066048        0.7259332409       -0.0720515671
        1.6694239403        0.8343727581       -0.0347887273
        2.1871479201        0.9233621791       -0.0157423372
        2.0698927729        0.9042301983       -0.0152192875
        1.7425717371        0.8417906103       -0.0272463731
        1.5929206904        0.8018593511       -0.0352379116
        1.8803500184        0.8699999368       -0.0207568800
        1.7425717371        0.8417036593       -0.0270289475
        1.0197629759        0.6295034515       -0.1542741913
        0.7353615397        0.5312626737       -0.1878825635
        1.2405952039        0.6876918321       -0.0935455339
        2.0087001082        0.8953469766       -0.0156720809
        1.5929206904        0.8014875732       -0.0351734290
        0.7353615397        0.5323451535       -0.1900027992
        0.2039525952        0.5012929283       -0.4846492302
        1.0197629759        0.6322275896       -0.1196372051
        1.8803500184        0.8705500362       -0.0152414396
        1.8803500184        0.8698531496       -0.0204774205
        1.2405952039        0.6870856559       -0.0923519345
        1.0197629759        0.6307413960       -0.1185399173
        1.4276681663        0.7548727273       -0.0584697917
        2.1293276070        0.9092141473       -0.0160588968
        2.0087001082        0.8953057433       -0.0155002581
        1.8803500184        0.8705787454       -0.0152401765
        2.1293276070        0.9092772116       -0.0159567919
        1.9455837577        0.8863315892       -0.0199397515
        1.8127703179        0.8585468390       -0.0229731979
        2.0698927729        0.9058683477       -0.0173723968
        1.9455837577        0.8862797555       -0.0200547222
        1.3374066048        0.7381492175       -0.0939639625
        1.1355599912        0.6633553375       -0.1197668361
        1.5125529278        0.7800207175       -0.0531051062
        2.1871479201        0.9233643432       -0.0156504491
        1.8127703179        0.8585549073       -0.0229668699
        1.1355599912        0.6629550780       -0.1200223492
        0.8890087517        0.5947081000       -0.1438300498
        1.3374066048        0.7255783701       -0.0713951693
        2.0698927729        0.9041754442       -0.0153415156
        2.0698927729        0.9058640694       -0.0173458913
        1.5125529278        0.7801827164       -0.0532089538
        1.3374066048        0.7261046416       -0.0721563895
        1.6694239403        0.8344870933       -0.0347442178
        2.1871479201        0.9233607057       -0.0156265119
        2.0698927729        0.9042359775       -0.0154387515
        2.0087001082        0.8984267246       -0.0198952436
        1.8803500184        0.8722293457       -0.0204566220
        2.1293276070        0.9145338349       -0.0166772086
        1.8803500184        0.8723057263       -0.0204570905
        1.7425717371        0.8326130332       -0.0209004584
        2.0087001082        0.8922829124       -0.0172498795
        2.1293276070        0.9144566786       -0.0165850976
        2.0087001082        0.8922170600       -0.0170311771
