#epsqw diagonal term
#1:q+G [au], 2:Re(eps-1), 3:Im(eps-1)
        2.0087001082        0.8972822792       -0.0405213140
        1.8803500184        0.8778546018       -0.0300346253
        2.1293276070        0.9119748935       -0.0377405048
        1.8803500184        0.8778930410       -0.0299836341
        1.7425717371        0.8564614428       -0.0194686887
        2.0087001082        0.8984470402       -0.0281876838
        2.1293276070        0.9118623763       -0.0379134238
        2.0087001082        0.8984224542       -0.0283269152
        1.9455837577        0.8868768604       -0.0407523253
        1.8127703179        0.8636958731       -0.0316906322
        2.0698927729        0.9019144282       -0.0376006082
        1.9455837577        0.8870056916       -0.0408293380
        1.3374066048        0.7290983559       -0.0570033595
        1.1355599912        0.6343096700       -0.0388123594
        1.5125529278        0.7934131620       -0.0469950296
        2.1871479201        0.9224691244       -0.0350757593
        1.8127703179        0.8638670510       -0.0317820020
        1.1355599912        0.6343368732       -0.0386730299
        0.8890087517        0.5142760250       -0.0692335003
        1.3374066048        0.7279125124       -0.0398410606
        2.0698927729        0.9084794430       -0.0272994488
        2.0698927729        0.9018572885       -0.0378109426
        1.5125529278        0.7933330718       -0.0473038076
        1.3374066048        0.7277888092       -0.0402054416
        1.6694239403        0.8384104025       -0.0463819955
        2.1871479201        0.9224175260       -0.0352230326
        2.0698927729        0.9085449426       -0.0273840628
        1.7425717371        0.8504056314       -0.0319421573
        1.5929206904        0.8214341986       -0.0212664284
        1.8803500184        0.8774661439       -0.0271914352
        1.7425717371        0.8505128858       -0.0319710268
        1.0197629759        0.5781478750       -0.0380364856
        0.7353615397        0.4317130273       -0.0821548501
        1.2405952039        0.6868014643       -0.0388651995
        2.0087001082        0.8991816518       -0.0252828912
        1.5929206904        0.8213252129       -0.0213356991
        0.7353615397        0.4312963892       -0.0821621913
        0.2039525952        0.1436992992       -0.1309375329
        1.0197629759        0.6006028506       -0.0819754248
        1.8803500184        0.8837201186       -0.0178273756
        1.8803500184        0.8774633261       -0.0273590577
        1.2405952039        0.6867665968       -0.0389193620
        1.0197629759        0.6009343946       -0.0820467808
        1.4276681663        0.7625809100       -0.0414372873
        2.1293276070        0.9170727509       -0.0249322087
        2.0087001082        0.8991093682       -0.0254130155
        1.8803500184        0.8838020638       -0.0178106074
        2.1293276070        0.9170719904       -0.0249583055
        1.9455837577        0.8868257263       -0.0406894516
        1.8127703179        0.8638413855       -0.0317742364
        2.0698927729        0.9020230962       -0.0374429880
        1.9455837577        0.8869464950       -0.0407415892
        1.3374066048        0.7287114381       -0.0561413720
        1.1355599912        0.6346841707       -0.0386473772
        1.5125529278        0.7930533894       -0.0471491224
        2.1871479201        0.9223878695       -0.0350676427
        1.8127703179        0.8639484912       -0.0318828496
        1.1355599912        0.6345667728       -0.0385689056
        0.8890087517        0.5153978782       -0.0699748293
        1.3374066048        0.7279143997       -0.0400767786
        2.0698927729        0.9086687962       -0.0274422030
        2.0698927729        0.9020257650       -0.0377051453
        1.5125529278        0.7928607998       -0.0475149194
        1.3374066048        0.7277503142       -0.0405893386
        1.6694239403        0.8385383207       -0.0469711298
        2.1871479201        0.9223713205       -0.0352493941
        2.0698927729        0.9087283053       -0.0276104780
        2.0087001082        0.8978337800       -0.0412403498
        1.8803500184        0.8780612015       -0.0302295780
        2.1293276070        0.9119024395       -0.0377361429
        1.8803500184        0.8780194037       -0.0303049413
        1.7425717371        0.8562646967       -0.0193824920
        2.0087001082        0.8984820252       -0.0280082366
        2.1293276070        0.9118369558       -0.0378588927
        2.0087001082        0.8985307923       -0.0280828080
