#epsqw diagonal term
#1:q+G [au], 2:Re(eps-1), 3:Im(eps-1)
        2.0087001082        0.8892938325       -0.0035181942
        1.8803500184        0.8730453700       -0.0025550588
        2.1293276070        0.9035564959       -0.0035903001
        1.8803500184        0.8730655807       -0.0025299659
        1.7425717371        0.8522344785       -0.0012731370
        2.0087001082        0.8918239086       -0.0025211218
        2.1293276070        0.9035591681       -0.0035463875
        2.0087001082        0.8918182984       -0.0025043831
        1.9455837577        0.8798266600       -0.0050596084
        1.8127703179        0.8596052134       -0.0043411885
        2.0698927729        0.8962807190       -0.0050843489
        1.9455837577        0.8797835824       -0.0049698484
        1.3374066048        0.7256531217       -0.0055776370
        1.1355599912        0.6382362759       -0.0052390555
        1.5125529278        0.7832438030       -0.0053428885
        2.1871479201        0.9098358752       -0.0040904855
        1.8127703179        0.8594945921       -0.0040938119
        1.1355599912        0.6381410571       -0.0050308221
        0.8890087517        0.5239283469       -0.0035340012
        1.3374066048        0.7269084469       -0.0044229298
        2.0698927729        0.8993800183       -0.0031596231
        2.0698927729        0.8962632251       -0.0049709014
        1.5125529278        0.7833002142       -0.0053724220
        1.3374066048        0.7270704550       -0.0047175311
        1.6694239403        0.8272976193       -0.0053474261
        2.1871479201        0.9098997790       -0.0041971726
        2.0698927729        0.8994846533       -0.0033839209
        1.7425717371        0.8466143624       -0.0028022191
        1.5929206904        0.8161300672       -0.0017684261
        1.8803500184        0.8725983597       -0.0025196133
        1.7425717371        0.8465737167       -0.0027730476
        1.0197629759        0.5810367872       -0.0041894834
        0.7353615397        0.4366793830       -0.0044971461
        1.2405952039        0.6877108183       -0.0036712237
        2.0087001082        0.8928324555       -0.0024164548
        1.5929206904        0.8160713317       -0.0017599058
        0.7353615397        0.4366369612       -0.0044936548
        0.2039525952        0.1541188478       -0.0072927509
        1.0197629759        0.5980498388       -0.0028622752
        1.8803500184        0.8795134347       -0.0010578245
        1.8803500184        0.8725897008       -0.0024484612
        1.2405952039        0.6877484267       -0.0036527354
        1.0197629759        0.5981032664       -0.0028781095
        1.4276681663        0.7606114396       -0.0034094132
        2.1293276070        0.9068939294       -0.0022022400
        2.0087001082        0.8928862484       -0.0024329713
        1.8803500184        0.8795704957       -0.0010677991
        2.1293276070        0.9069107014       -0.0022486505
        1.9455837577        0.8797384254       -0.0050957989
        1.8127703179        0.8596057542       -0.0042317931
        2.0698927729        0.8964092224       -0.0049132479
        1.9455837577        0.8796945951       -0.0049776138
        1.3374066048        0.7254697506       -0.0056408432
        1.1355599912        0.6382677608       -0.0051648354
        1.5125529278        0.7832409461       -0.0052901698
        2.1871479201        0.9097876462       -0.0040929394
        1.8127703179        0.8595092047       -0.0039642178
        1.1355599912        0.6381991006       -0.0049206346
        0.8890087517        0.5238595421       -0.0035729790
        1.3374066048        0.7268651201       -0.0043208190
        2.0698927729        0.8993683445       -0.0030865294
        2.0698927729        0.8964164127       -0.0048399287
        1.5125529278        0.7833030342       -0.0053852310
        1.3374066048        0.7269940666       -0.0046722971
        1.6694239403        0.8273975112       -0.0051588308
        2.1871479201        0.9098406692       -0.0042595713
        2.0698927729        0.8994540768       -0.0033393031
        2.0087001082        0.8893336881       -0.0034558162
        1.8803500184        0.8730171733       -0.0025191528
        2.1293276070        0.9035987075       -0.0035732153
        1.8803500184        0.8730294954       -0.0025010322
        1.7425717371        0.8521863537       -0.0012889322
        2.0087001082        0.8917960831       -0.0025289332
        2.1293276070        0.9036010057       -0.0035375537
        2.0087001082        0.8917801512       -0.0025187388
