#epsqw diagonal term
#1:q+G [au], 2:Re(eps-1), 3:Im(eps-1)
        2.0087001082        1.0768215704       -0.0431116942
        1.8803500184        1.0942661935       -0.0460420491
        2.1293276070        1.0615877262       -0.0370955200
        1.8803500184        1.0943660430       -0.0460198685
        1.7425717371        1.1136268930       -0.0455316628
        2.0087001082        1.0780316777       -0.0439891248
        2.1293276070        1.0615835062       -0.0370031933
        2.0087001082        1.0779787560       -0.0438573444
        1.9455837577        1.0864456728       -0.0473606984
        1.8127703179        1.1065021239       -0.0524470933
        2.0698927729        1.0683068944       -0.0415792643
        1.9455837577        1.0864718049       -0.0474016051
        1.3374066048        1.1930495542       -0.0583914942
        1.1355599912        1.2444971366       -0.0634392153
        1.5125529278        1.1595942304       -0.0622935259
        2.1871479201        1.0564873355       -0.0362071681
        1.8127703179        1.1065665570       -0.0524855770
        1.1355599912        1.2445223265       -0.0637001133
        0.8890087517        1.3162025066       -0.0583358731
        1.3374066048        1.1989919725       -0.0605771420
        2.0698927729        1.0698066498       -0.0417899511
        2.0698927729        1.0682087522       -0.0415757945
        1.5125529278        1.1594047122       -0.0620968812
        1.3374066048        1.1988256145       -0.0600531078
        1.6694239403        1.1275387662       -0.0568802081
        2.1871479201        1.0564866377       -0.0361063923
        2.0698927729        1.0697803772       -0.0417029829
        1.7425717371        1.1178451466       -0.0507693798
        1.5929206904        1.1446708677       -0.0535823109
        1.8803500184        1.0971783189       -0.0524215009
        1.7425717371        1.1179137320       -0.0507938286
        1.0197629759        1.2877382873       -0.0667506832
        0.7353615397        1.3520330720       -0.0573852970
        1.2405952039        1.2212335945       -0.0664372368
        2.0087001082        1.0768425936       -0.0434781186
        1.5929206904        1.1448346831       -0.0536916269
        0.7353615397        1.3523718444       -0.0580097877
        0.2039525952        1.3951383525       -0.0482078528
        1.0197629759        1.2902824247       -0.0647454421
        1.8803500184        1.0962594055       -0.0452528491
        1.8803500184        1.0972180768       -0.0524561371
        1.2405952039        1.2211780096       -0.0662414211
        1.0197629759        1.2899348817       -0.0642072519
        1.4276681663        1.1842672390       -0.0584998514
        2.1293276070        1.0637735840       -0.0408184348
        2.0087001082        1.0766735767       -0.0434652459
        1.8803500184        1.0960830980       -0.0452766611
        2.1293276070        1.0636858503       -0.0408119473
        1.9455837577        1.0869450122       -0.0450653671
        1.8127703179        1.1068457230       -0.0515908961
        2.0698927729        1.0681798310       -0.0416900657
        1.9455837577        1.0869431468       -0.0452160137
        1.3374066048        1.1941530513       -0.0565410977
        1.1355599912        1.2451274784       -0.0628903630
        1.5125529278        1.1592163907       -0.0620465821
        2.1871479201        1.0564073358       -0.0362783274
        1.8127703179        1.1068774276       -0.0518023885
        1.1355599912        1.2453893210       -0.0634114243
        0.8890087517        1.3156305861       -0.0583708935
        1.3374066048        1.1980247630       -0.0616167964
        2.0698927729        1.0694905463       -0.0428529317
        2.0698927729        1.0681959487       -0.0417237085
        1.5125529278        1.1593688590       -0.0620323800
        1.3374066048        1.1979208536       -0.0612882293
        1.6694239403        1.1267065296       -0.0597095403
        2.1871479201        1.0564347945       -0.0362263146
        2.0698927729        1.0694170503       -0.0429025055
        2.0087001082        1.0772006670       -0.0412736835
        1.8803500184        1.0944998195       -0.0453099157
        2.1293276070        1.0613814749       -0.0372510919
        1.8803500184        1.0945273301       -0.0454650106
        1.7425717371        1.1136233783       -0.0457376125
        2.0087001082        1.0775533672       -0.0453329956
        2.1293276070        1.0613941512       -0.0372958111
        2.0087001082        1.0774446910       -0.0453578387
