#epsqw diagonal term
#1:q+G [au], 2:Re(eps-1), 3:Im(eps-1)
        2.0087001082        0.8904677513       -0.0030226156
        1.8803500184        0.8749735490       -0.0020378553
        2.1293276070        0.9049311831       -0.0026011790
        1.8803500184        0.8749968252       -0.0020448925
        1.7425717371        0.8543748691       -0.0009639062
        2.0087001082        0.8934529059       -0.0016805430
        2.1293276070        0.9049581879       -0.0025822208
        2.0087001082        0.8934583137       -0.0016616811
        1.9455837577        0.8808841489       -0.0033555428
        1.8127703179        0.8612112773       -0.0024995389
        2.0698927729        0.8971665049       -0.0032262391
        1.9455837577        0.8808873182       -0.0033264705
        1.3374066048        0.7281618176       -0.0040630776
        1.1355599912        0.6428885784       -0.0032098076
        1.5125529278        0.7853082074       -0.0036427225
        2.1871479201        0.9109298258       -0.0027972163
        1.8127703179        0.8612638558       -0.0024233392
        1.1355599912        0.6429385564       -0.0031403492
        0.8890087517        0.5311747797       -0.0024471990
        1.3374066048        0.7298223608       -0.0029074567
        2.0698927729        0.9010973902       -0.0019161032
        2.0698927729        0.8972056289       -0.0031834855
        1.5125529278        0.7853219973       -0.0036619736
        1.3374066048        0.7297666260       -0.0030154984
        1.6694239403        0.8288992199       -0.0034527423
        2.1871479201        0.9109088050       -0.0028358468
        2.0698927729        0.9010363181       -0.0019910256
        1.7425717371        0.8485132739       -0.0022211649
        1.5929206904        0.8190450528       -0.0011674796
        1.8803500184        0.8745811466       -0.0015902070
        1.7425717371        0.8484825120       -0.0022051543
        1.0197629759        0.5862970695       -0.0032301734
        0.7353615397        0.4460681179       -0.0028380487
        1.2405952039        0.6916178742       -0.0026928510
        2.0087001082        0.8947280842       -0.0017410238
        1.5929206904        0.8189968949       -0.0011635224
        0.7353615397        0.4460443497       -0.0028331270
        0.2039525952        0.1720320575       -0.0048872963
        1.0197629759        0.6037100231       -0.0020784184
        1.8803500184        0.8814295103       -0.0007634296
        1.8803500184        0.8745870290       -0.0015635269
        1.2405952039        0.6916461631       -0.0026908369
        1.0197629759        0.6037478014       -0.0020837168
        1.4276681663        0.7636138585       -0.0021886901
        2.1293276070        0.9088500934       -0.0013746547
        2.0087001082        0.8947649292       -0.0017525527
        1.8803500184        0.8814768282       -0.0007660314
        2.1293276070        0.9088572994       -0.0013931383
        1.9455837577        0.8807833802       -0.0033299066
        1.8127703179        0.8612731431       -0.0024489111
        2.0698927729        0.8973082462       -0.0031834228
        1.9455837577        0.8807989476       -0.0032915542
        1.3374066048        0.7280208555       -0.0040645678
        1.1355599912        0.6429684756       -0.0031534663
        1.5125529278        0.7853216899       -0.0036447928
        2.1871479201        0.9109055679       -0.0027984388
        1.8127703179        0.8613339397       -0.0023846918
        1.1355599912        0.6430360370       -0.0030980068
        0.8890087517        0.5311716878       -0.0024588561
        1.3374066048        0.7298394110       -0.0029098793
        2.0698927729        0.9011341744       -0.0018944631
        2.0698927729        0.8973309042       -0.0031641620
        1.5125529278        0.7853147525       -0.0036680072
        1.3374066048        0.7297649217       -0.0029892377
        1.6694239403        0.8290376548       -0.0034566687
        2.1871479201        0.9108597640       -0.0028452389
        2.0698927729        0.9010652741       -0.0019561166
        2.0087001082        0.8904970809       -0.0029490971
        1.8803500184        0.8749779099       -0.0019981957
        2.1293276070        0.9049680685       -0.0025931684
        1.8803500184        0.8749973132       -0.0020060489
        1.7425717371        0.8543436574       -0.0009754227
        2.0087001082        0.8934418998       -0.0016904011
        2.1293276070        0.9049865792       -0.0025769328
        2.0087001082        0.8934442239       -0.0016691862
