#epsqw diagonal term
#1:q+G [au], 2:Re(eps-1), 3:Im(eps-1)
        2.1195375431        0.9049942152       -0.0010305949
        1.9348642064        0.8850946015       -0.0008286709
        2.1195375431        0.9051240307       -0.0010126905
        1.9348642064        0.8850830931       -0.0008331229
        1.7305951571        0.8554750139       -0.0006305554
        1.9348642064        0.8851009778       -0.0008288035
        2.1195375431        0.9051367138       -0.0010139607
        1.9348642064        0.8851117168       -0.0008244560
        2.1195375431        0.9050952495       -0.0010197980
        2.1195375431        0.9051098979       -0.0010236553
        1.9348642064        0.8851124279       -0.0008322627
        2.1195375431        0.9050006175       -0.0010284435
        2.1195375431        0.9058209937       -0.0010198806
        1.4987393697        0.7840663265       -0.0014681531
        1.2237155711        0.6888297054       -0.0015108189
        1.4987393697        0.7840765836       -0.0014621362
        2.1195375431        0.9058217530       -0.0010178852
        1.9348642064        0.8851021813       -0.0008285911
        1.2237155711        0.6888100097       -0.0015083725
        0.8652975786        0.5334811218       -0.0017975051
        1.2237155711        0.6889046275       -0.0015028346
        1.9348642064        0.8851194671       -0.0008245020
        2.1195375431        0.9057212174       -0.0010285845
        1.4987393697        0.7840799951       -0.0014647819
        1.2237155711        0.6889256609       -0.0015048706
        1.4987393697        0.7840946622       -0.0014621790
        2.1195375431        0.9058215175       -0.0010162909
        2.1195375431        0.9051241473       -0.0010227991
        1.9348642064        0.8851289103       -0.0008280767
        2.1195375431        0.9051033827       -0.0010180030
        1.9348642064        0.8850958211       -0.0008339989
        1.7305951571        0.8555133947       -0.0006306207
        1.9348642064        0.8850810330       -0.0008382862
        1.9348642064        0.8851033722       -0.0008272242
        1.2237155711        0.6888975923       -0.0015086978
        0.8652975786        0.5335163661       -0.0017980497
        1.2237155711        0.6888105020       -0.0015140185
        1.9348642064        0.8850883842       -0.0008313196
        1.7305951571        0.8569975205       -0.0006532028
        0.8652975786        0.5335306936       -0.0018029678
        0.0000000000        0.1222119066       -0.0030823866
        0.8652975786        0.5335325472       -0.0018029750
        1.7305951571        0.8569989269       -0.0006532013
        1.9348642064        0.8850875036       -0.0008313186
        1.2237155711        0.6888104716       -0.0015140183
        0.8652975786        0.5335182621       -0.0017980569
        1.2237155711        0.6889016599       -0.0015087031
        1.9348642064        0.8851051500       -0.0008272231
        1.9348642064        0.8850819236       -0.0008382875
        1.7305951571        0.8555148542       -0.0006306197
        1.9348642064        0.8850975799       -0.0008339977
        2.1195375431        0.9051029036       -0.0010180022
        1.9348642064        0.8851277934       -0.0008280759
        2.1195375431        0.9051238661       -0.0010227962
        2.1195375431        0.9058210293       -0.0010162905
        1.4987393697        0.7840941500       -0.0014621789
        1.2237155711        0.6889254917       -0.0015048706
        1.4987393697        0.7840805326       -0.0014647817
        2.1195375431        0.9057216715       -0.0010285852
        1.9348642064        0.8851187170       -0.0008245014
        1.2237155711        0.6889046230       -0.0015028344
        0.8652975786        0.5334830180       -0.0017975107
        1.2237155711        0.6888142095       -0.0015083780
        1.9348642064        0.8851040660       -0.0008285904
        2.1195375431        0.9058213399       -0.0010178833
        1.4987393697        0.7840770029       -0.0014621364
        1.2237155711        0.6888334591       -0.0015108243
        1.4987393697        0.7840680464       -0.0014681539
        2.1195375431        0.9058219781       -0.0010198785
        2.1195375431        0.9050010226       -0.0010284439
        1.9348642064        0.8851139767       -0.0008322624
        2.1195375431        0.9051109286       -0.0010236525
        2.1195375431        0.9050954373       -0.0010198014
        1.9348642064        0.8851126404       -0.0008244569
        2.1195375431        0.9051373388       -0.0010139603
        1.9348642064        0.8851017674       -0.0008288044
        1.7305951571        0.8554764702       -0.0006305534
        1.9348642064        0.8850849313       -0.0008331212
        2.1195375431        0.9051245918       -0.0010126901
        1.9348642064        0.8850963079       -0.0008286696
        2.1195375431        0.9049950489       -0.0010305938
