#epsqw diagonal term
#1:q+G [au], 2:Re(eps-1), 3:Im(eps-1)
        2.1195375431        0.9041370604       -0.0045551229
        1.9348642064        0.8828993539       -0.0029922166
        2.1195375431        0.9038866751       -0.0041394617
        1.9348642064        0.8829720324       -0.0029801128
        1.7305951571        0.8524005413       -0.0010642362
        1.9348642064        0.8829350163       -0.0029304491
        2.1195375431        0.9038223971       -0.0041441523
        1.9348642064        0.8828644963       -0.0029413780
        2.1195375431        0.9040899556       -0.0045122510
        2.1195375431        0.9041754458       -0.0042368096
        1.9348642064        0.8829791736       -0.0028966506
        2.1195375431        0.9040186531       -0.0042437447
        2.1195375431        0.9047920284       -0.0041225621
        1.4987393697        0.7803157528       -0.0049496622
        1.2237155711        0.6826307712       -0.0041394551
        1.4987393697        0.7801145307       -0.0047478911
        2.1195375431        0.9046603699       -0.0040131968
        1.9348642064        0.8827002783       -0.0026976937
        1.2237155711        0.6822848058       -0.0038728953
        0.8652975786        0.5227264891       -0.0030197960
        1.2237155711        0.6823478783       -0.0037578880
        1.9348642064        0.8826779873       -0.0026233863
        2.1195375431        0.9045828388       -0.0041548974
        1.4987393697        0.7800435564       -0.0047270340
        1.2237155711        0.6826740375       -0.0040169606
        1.4987393697        0.7801988578       -0.0050148320
        2.1195375431        0.9046775106       -0.0042826255
        2.1195375431        0.9039924576       -0.0041036371
        1.9348642064        0.8829440604       -0.0028435560
        2.1195375431        0.9041519003       -0.0043653135
        1.9348642064        0.8830432555       -0.0027694901
        1.7305951571        0.8524362070       -0.0010656493
        1.9348642064        0.8830829740       -0.0028217807
        1.9348642064        0.8826809326       -0.0025371585
        1.2237155711        0.6824166412       -0.0035526009
        0.8652975786        0.5227507260       -0.0030217193
        1.2237155711        0.6823713236       -0.0036749193
        1.9348642064        0.8827051183       -0.0026108646
        1.7305951571        0.8537258418       -0.0010633244
        0.8652975786        0.5227008976       -0.0030880427
        0.0000000000        0.1074431847       -0.0081723921
        0.8652975786        0.5227026745       -0.0030880789
        1.7305951571        0.8537272446       -0.0010633218
        1.9348642064        0.8827042573       -0.0026108878
        1.2237155711        0.6823712481       -0.0036749222
        0.8652975786        0.5227525332       -0.0030217537
        1.2237155711        0.6824206453       -0.0035526267
        1.9348642064        0.8826826935       -0.0025372047
        1.9348642064        0.8830838193       -0.0028218093
        1.7305951571        0.8524376421       -0.0010656568
        1.9348642064        0.8830450140       -0.0027694665
        2.1195375431        0.9041513979       -0.0043652234
        1.9348642064        0.8829429817       -0.0028432731
        2.1195375431        0.9039921820       -0.0041035183
        2.1195375431        0.9046770294       -0.0042825449
        1.4987393697        0.7801983047       -0.0050147944
        1.2237155711        0.6826739193       -0.0040165221
        1.4987393697        0.7800441179       -0.0047269564
        2.1195375431        0.9045832933       -0.0041548113
        1.9348642064        0.8826772773       -0.0026231955
        1.2237155711        0.6823479044       -0.0037574826
        0.8652975786        0.5227283822       -0.0030197901
        1.2237155711        0.6822890644       -0.0038724862
        1.9348642064        0.8827021748       -0.0026975074
        2.1195375431        0.9046599675       -0.0040131189
        1.4987393697        0.7801149840       -0.0047478183
        1.2237155711        0.6826345244       -0.0041390147
        1.4987393697        0.7803173330       -0.0049496637
        2.1195375431        0.9047929819       -0.0041224802
        2.1195375431        0.9040190621       -0.0042436206
        1.9348642064        0.8829807256       -0.0028963783
        2.1195375431        0.9041764652       -0.0042367362
        2.1195375431        0.9040901761       -0.0045123668
        1.9348642064        0.8828654408       -0.0029413444
        2.1195375431        0.9038229603       -0.0041442697
        1.9348642064        0.8829357982       -0.0029303836
        1.7305951571        0.8524020171       -0.0010642283
        1.9348642064        0.8829739385       -0.0029800686
        2.1195375431        0.9038871816       -0.0041395626
        1.9348642064        0.8829010847       -0.0029921541
        2.1195375431        0.9041378127       -0.0045552968
