#epsqw diagonal term
#1:q+G [au], 2:Re(eps-1), 3:Im(eps-1)
        2.1195375431        0.9039830241       -0.0018552790
        1.9348642064        0.8843861289       -0.0012165460
        2.1195375431        0.9041322787       -0.0017970622
        1.9348642064        0.8843715566       -0.0012332431
        1.7305951571        0.8551172632       -0.0006651705
        1.9348642064        0.8843983539       -0.0012216751
        2.1195375431        0.9041568589       -0.0018158060
        1.9348642064        0.8844118743       -0.0012050965
        2.1195375431        0.9041148269       -0.0018338174
        2.1195375431        0.9041164348       -0.0018453602
        1.9348642064        0.8843995126       -0.0012294775
        2.1195375431        0.9039732284       -0.0018321644
        2.1195375431        0.9048219479       -0.0018374858
        1.4987393697        0.7828133117       -0.0024153814
        1.2237155711        0.6876770395       -0.0019981097
        1.4987393697        0.7828146067       -0.0023809744
        2.1195375431        0.9048127002       -0.0018209657
        1.9348642064        0.8843995488       -0.0012268561
        1.2237155711        0.6876697685       -0.0019973364
        0.8652975786        0.5322084700       -0.0018941464
        1.2237155711        0.6877743451       -0.0019874235
        1.9348642064        0.8844249934       -0.0012156994
        2.1195375431        0.9047089553       -0.0018605675
        1.4987393697        0.7828347676       -0.0024094105
        1.2237155711        0.6877840187       -0.0019874221
        1.4987393697        0.7828619081       -0.0024014797
        2.1195375431        0.9048437610       -0.0018338837
        2.1195375431        0.9041327781       -0.0018464720
        1.9348642064        0.8844245396       -0.0012180773
        2.1195375431        0.9041203915       -0.0018217409
        1.9348642064        0.8843716227       -0.0012267613
        1.7305951571        0.8551553802       -0.0006651296
        1.9348642064        0.8843480227       -0.0012382512
        1.9348642064        0.8843931009       -0.0012149066
        1.2237155711        0.6877419018       -0.0019936045
        0.8652975786        0.5322427646       -0.0018945561
        1.2237155711        0.6876453084       -0.0020032025
        1.9348642064        0.8843699330       -0.0012260595
        1.7305951571        0.8566183978       -0.0007004067
        0.8652975786        0.5322517204       -0.0018973067
        0.0000000000        0.1186554514       -0.0042544672
        0.8652975786        0.5322535666       -0.0018973147
        1.7305951571        0.8566198029       -0.0007004050
        1.9348642064        0.8843690562       -0.0012260565
        1.2237155711        0.6876452792       -0.0020032028
        0.8652975786        0.5322446533       -0.0018945641
        1.2237155711        0.6877459587       -0.0019936143
        1.9348642064        0.8843948759       -0.0012149063
        1.9348642064        0.8843489099       -0.0012382556
        1.7305951571        0.8551568374       -0.0006651288
        1.9348642064        0.8843733785       -0.0012267610
        2.1195375431        0.9041199140       -0.0018217374
        1.9348642064        0.8844234257       -0.0012180734
        2.1195375431        0.9041325012       -0.0018464653
        2.1195375431        0.9048432738       -0.0018338812
        1.4987393697        0.7828613949       -0.0024014791
        1.2237155711        0.6877838496       -0.0019874227
        1.4987393697        0.7828353026       -0.0024094104
        2.1195375431        0.9047094082       -0.0018605712
        1.9348642064        0.8844242461       -0.0012156975
        1.2237155711        0.6877743415       -0.0019874247
        0.8652975786        0.5322103615       -0.0018941522
        1.2237155711        0.6876739573       -0.0019973477
        1.9348642064        0.8844014296       -0.0012268566
        2.1195375431        0.9048122907       -0.0018209613
        1.4987393697        0.7828150232       -0.0023809749
        1.2237155711        0.6876807837       -0.0019981206
        1.4987393697        0.7828150290       -0.0024153859
        2.1195375431        0.9048229329       -0.0018374821
        2.1195375431        0.9039736330       -0.0018321671
        1.9348642064        0.8844010577       -0.0012294786
        2.1195375431        0.9041174664       -0.0018453545
        2.1195375431        0.9041150102       -0.0018338268
        1.9348642064        0.8844127953       -0.0012051004
        2.1195375431        0.9041574830       -0.0018158053
        1.9348642064        0.8843991415       -0.0012216792
        1.7305951571        0.8551187208       -0.0006651684
        1.9348642064        0.8843733934       -0.0012332428
        2.1195375431        0.9041328390       -0.0017970610
        1.9348642064        0.8843878340       -0.0012165460
        2.1195375431        0.9039838565       -0.0018552780
