#epsqw diagonal term
#1:q+G [au], 2:Re(eps-1), 3:Im(eps-1)
        2.1195375431        0.8998760477       -0.0286837368
        1.9348642064        0.8532190772       -0.0347109093
        2.1195375431        0.8997755803       -0.0290426496
        1.9348642064        0.8549212423       -0.0361510644
        1.7305951571        0.7909023220       -0.0478725246
        1.9348642064        0.8549700170       -0.0362605476
        2.1195375431        0.8999663501       -0.0290602241
        1.9348642064        0.8532713270       -0.0350417365
        2.1195375431        0.9001569290       -0.0287489178
        2.1195375431        0.8996591625       -0.0290027103
        1.9348642064        0.8530157033       -0.0345376741
        2.1195375431        0.8993185461       -0.0286163104
        2.1195375431        0.8995091638       -0.0294057826
        1.4987393697        0.7394489993       -0.0632809813
        1.2237155711        0.6214342095       -0.1061707578
        1.4987393697        0.7392293374       -0.0632160519
        2.1195375431        0.8993565242       -0.0293531940
        1.9348642064        0.8532726017       -0.0348324613
        1.2237155711        0.6218063740       -0.1104791352
        0.8652975786        0.4887521665       -0.1515418405
        1.2237155711        0.6220378549       -0.1112162974
        1.9348642064        0.8534403498       -0.0349741914
        2.1195375431        0.8995166796       -0.0290170386
        1.4987393697        0.7397348211       -0.0636330873
        1.2237155711        0.6213768470       -0.1074814506
        1.4987393697        0.7389639032       -0.0623792938
        2.1195375431        0.8997549998       -0.0290662937
        2.1195375431        0.8997107806       -0.0289774372
        1.9348642064        0.8530495512       -0.0348802417
        2.1195375431        0.8998199111       -0.0286964308
        1.9348642064        0.8546721140       -0.0364131042
        1.7305951571        0.7912516995       -0.0479733037
        1.9348642064        0.8547214203       -0.0361678342
        1.9348642064        0.8535863254       -0.0352787691
        1.2237155711        0.6211389986       -0.1119292406
        0.8652975786        0.4935908540       -0.1523388929
        1.2237155711        0.6210068058       -0.1105846372
        1.9348642064        0.8535293673       -0.0350284503
        1.7305951571        0.8302632166       -0.0514822887
        0.8652975786        0.4883509305       -0.1482031015
        0.0000000000        0.4001046644       -0.4080074445
        0.8652975786        0.4883518793       -0.1482034137
        1.7305951571        0.8302645653       -0.0514823810
        1.9348642064        0.8535281948       -0.0350287105
        1.2237155711        0.6210068185       -0.1105846090
        0.8652975786        0.4935922880       -0.1523396063
        1.2237155711        0.6211430447       -0.1119301673
        1.9348642064        0.8535881741       -0.0352789852
        1.9348642064        0.8547225861       -0.0361677799
        1.7305951571        0.7912532395       -0.0479734236
        1.9348642064        0.8546742057       -0.0364130316
        2.1195375431        0.8998191137       -0.0286960454
        1.9348642064        0.8530484803       -0.0348798351
        2.1195375431        0.8997116479       -0.0289769829
        2.1195375431        0.8997543994       -0.0290665484
        1.4987393697        0.7389640927       -0.0623787655
        1.2237155711        0.6213763159       -0.1074820792
        1.4987393697        0.7397357440       -0.0636329358
        2.1195375431        0.8995184211       -0.0290174543
        1.9348642064        0.8534397017       -0.0349740547
        1.2237155711        0.6220370975       -0.1112168393
        0.8652975786        0.4887531919       -0.1515433174
        1.2237155711        0.6218104216       -0.1104802210
        1.9348642064        0.8532748428       -0.0348323482
        2.1195375431        0.8993556413       -0.0293528183
        1.4987393697        0.7392300512       -0.0632164815
        1.2237155711        0.6214380248       -0.1061721064
        1.4987393697        0.7394504908       -0.0632814153
        2.1195375431        0.8995090072       -0.0294051799
        2.1195375431        0.8993189925       -0.0286158416
        1.9348642064        0.8530176520       -0.0345377185
        2.1195375431        0.8996593171       -0.0290028309
        2.1195375431        0.9001573033       -0.0287485415
        1.9348642064        0.8532727161       -0.0350412771
        2.1195375431        0.8999693085       -0.0290605998
        1.9348642064        0.8549708053       -0.0362603550
        1.7305951571        0.7909038909       -0.0478726953
        1.9348642064        0.8549233343       -0.0361512080
        2.1195375431        0.8997756751       -0.0290425982
        1.9348642064        0.8532207423       -0.0347111867
        2.1195375431        0.8998760983       -0.0286830504
