#epsqw diagonal term
#1:q+G [au], 2:Re(eps-1), 3:Im(eps-1)
        2.1195375431        0.9138360520       -0.0163910592
        1.9348642064        0.8809500398       -0.0170979429
        2.1195375431        0.9137091716       -0.0165330401
        1.9348642064        0.8796596442       -0.0174002278
        1.7305951571        0.8280459447       -0.0211267046
        1.9348642064        0.8795928504       -0.0175754135
        2.1195375431        0.9137580878       -0.0165072380
        1.9348642064        0.8809516692       -0.0172350430
        2.1195375431        0.9136680926       -0.0166402558
        2.1195375431        0.9136944267       -0.0165367171
        1.9348642064        0.8810822316       -0.0171857004
        2.1195375431        0.9137881194       -0.0164288782
        2.1195375431        0.9134558130       -0.0160163761
        1.4987393697        0.7771831838       -0.0530507087
        1.2237155711        0.6837802932       -0.0884803803
        1.4987393697        0.7771965756       -0.0529516472
        2.1195375431        0.9134167706       -0.0160230735
        1.9348642064        0.8811770109       -0.0187396713
        1.2237155711        0.6828007305       -0.0937730536
        0.8652975786        0.5764732220       -0.1314792481
        1.2237155711        0.6835353423       -0.0921627322
        1.9348642064        0.8811713413       -0.0188594729
        2.1195375431        0.9135600596       -0.0158933834
        1.4987393697        0.7775506660       -0.0529840770
        1.2237155711        0.6846020773       -0.0871501380
        1.4987393697        0.7773293745       -0.0531400426
        2.1195375431        0.9133669987       -0.0161087681
        2.1195375431        0.9136970485       -0.0165309742
        1.9348642064        0.8810897339       -0.0173122644
        2.1195375431        0.9136705738       -0.0166579952
        1.9348642064        0.8796185933       -0.0176098532
        1.7305951571        0.8281032584       -0.0212815952
        1.9348642064        0.8796907006       -0.0174118511
        1.9348642064        0.8810121218       -0.0190999534
        1.2237155711        0.6842745247       -0.0923087959
        0.8652975786        0.5753083918       -0.1310136734
        1.2237155711        0.6835080486       -0.0937225203
        1.9348642064        0.8810550207       -0.0189483001
        1.7305951571        0.8509921806       -0.0323045728
        0.8652975786        0.5595467960       -0.1281767688
        0.0000000000        0.3114847105       -0.5954023525
        0.8652975786        0.5595475608       -0.1281776075
        1.7305951571        0.8509937267       -0.0323044983
        1.9348642064        0.8810539495       -0.0189482863
        1.2237155711        0.6835079743       -0.0937223194
        0.8652975786        0.5753103970       -0.1310149296
        1.2237155711        0.6842782008       -0.0923097655
        1.9348642064        0.8810140980       -0.0190999496
        1.9348642064        0.8796917662       -0.0174118386
        1.7305951571        0.8281050927       -0.0212817034
        1.9348642064        0.8796206254       -0.0176098935
        2.1195375431        0.9136700646       -0.0166579400
        1.9348642064        0.8810883724       -0.0173121853
        2.1195375431        0.9136966243       -0.0165309186
        2.1195375431        0.9133664926       -0.0161087566
        1.4987393697        0.7773285967       -0.0531400510
        1.2237155711        0.6846023714       -0.0871503158
        1.4987393697        0.7775512580       -0.0529840268
        2.1195375431        0.9135605984       -0.0158935161
        1.9348642064        0.8811704049       -0.0188595402
        1.2237155711        0.6835360096       -0.0921627416
        0.8652975786        0.5764755809       -0.1314800120
        1.2237155711        0.6828052817       -0.0937740382
        1.9348642064        0.8811790884       -0.0187396641
        2.1195375431        0.9134161685       -0.0160230182
        1.4987393697        0.7771968297       -0.0529518036
        1.2237155711        0.6837844169       -0.0884814003
        1.4987393697        0.7771851244       -0.0530509332
        2.1195375431        0.9134570828       -0.0160165001
        2.1195375431        0.9137885972       -0.0164289476
        1.9348642064        0.8810840451       -0.0171857595
        2.1195375431        0.9136957716       -0.0165368898
        2.1195375431        0.9136683575       -0.0166402776
        1.9348642064        0.8809528009       -0.0172351108
        2.1195375431        0.9137587795       -0.0165072134
        1.9348642064        0.8795937286       -0.0175753648
        1.7305951571        0.8280473936       -0.0211268578
        1.9348642064        0.8796617209       -0.0174003099
        2.1195375431        0.9137097697       -0.0165329676
        1.9348642064        0.8809518634       -0.0170980806
        2.1195375431        0.9138369371       -0.0163909475
