#epsqw diagonal term
#1:q+G [au], 2:Re(eps-1), 3:Im(eps-1)
        2.1195375431        0.9361761090       -0.0799516015
        1.9348642064        0.9224023418       -0.1092136030
        2.1195375431        0.9367532204       -0.0808082731
        1.9348642064        0.9220478533       -0.1082226452
        1.7305951571        0.8974533530       -0.1172183747
        1.9348642064        0.9220961119       -0.1081971104
        2.1195375431        0.9368385153       -0.0808606329
        1.9348642064        0.9226585250       -0.1092694654
        2.1195375431        0.9366453185       -0.0806774496
        2.1195375431        0.9371520486       -0.0817746526
        1.9348642064        0.9194947546       -0.1074169303
        2.1195375431        0.9367499947       -0.0805521597
        2.1195375431        0.9361539346       -0.0811647854
        1.4987393697        0.8288502928       -0.2029030856
        1.2237155711        0.8156312117       -0.3989398719
        1.4987393697        0.8299298181       -0.2037400515
        2.1195375431        0.9361530517       -0.0810895474
        1.9348642064        0.9188272298       -0.1067978437
        1.2237155711        0.8177184756       -0.3986226966
        0.8652975786        0.6178599045       -0.6853270328
        1.2237155711        0.8214479038       -0.3967162540
        1.9348642064        0.9189590721       -0.1067334202
        2.1195375431        0.9355357510       -0.0801011402
        1.4987393697        0.8294709605       -0.2031584143
        1.2237155711        0.8179791050       -0.3990404294
        1.4987393697        0.8292658396       -0.2022937043
        2.1195375431        0.9360143529       -0.0809130688
        2.1195375431        0.9372171764       -0.0817170478
        1.9348642064        0.9198820636       -0.1075328167
        2.1195375431        0.9373236231       -0.0814327430
        1.9348642064        0.9196407974       -0.1084563365
        1.7305951571        0.9034439487       -0.1489774882
        1.9348642064        0.9195358108       -0.1080832767
        1.9348642064        0.9195767442       -0.1083368860
        1.2237155711        0.8198579959       -0.4003424968
        0.8652975786        0.6925603297       -0.7131321126
        1.2237155711        0.8183431686       -0.4015686187
        1.9348642064        0.9195554209       -0.1081219636
        1.7305951571        0.9021645348       -0.1493164364
        0.8652975786        0.6854111388       -0.7134796499
        0.0000000000        0.3255432655       -1.5638997225
        0.8652975786        0.6854049781       -0.7135016228
        1.7305951571        0.9021669757       -0.1493164490
        1.9348642064        0.9195541447       -0.1081218677
        1.2237155711        0.8183424807       -0.4015692029
        0.8652975786        0.6925516151       -0.7131551866
        1.2237155711        0.8198708245       -0.4003609760
        1.9348642064        0.9195813629       -0.1083395579
        1.9348642064        0.9195375479       -0.1080834816
        1.7305951571        0.9034468965       -0.1489779001
        1.9348642064        0.9196453751       -0.1084584316
        2.1195375431        0.9373227861       -0.0814325291
        1.9348642064        0.9198794764       -0.1075323153
        2.1195375431        0.9372155125       -0.0817160963
        2.1195375431        0.9360136797       -0.0809129190
        1.4987393697        0.8292635741       -0.2022939816
        1.2237155711        0.8179809751       -0.3990401952
        1.4987393697        0.8294707670       -0.2031595346
        2.1195375431        0.9355369723       -0.0801016608
        1.9348642064        0.9189580262       -0.1067330114
        1.2237155711        0.8214483062       -0.3967156855
        0.8652975786        0.6178591180       -0.6853485893
        1.2237155711        0.8177317358       -0.3986403000
        1.9348642064        0.9188329349       -0.1068002056
        2.1195375431        0.9361511079       -0.0810881760
        1.4987393697        0.8299298154       -0.2037415208
        1.2237155711        0.8156441698       -0.3989580820
        1.4987393697        0.8288536781       -0.2029076311
        2.1195375431        0.9361569822       -0.0811666181
        2.1195375431        0.9367510184       -0.0805524399
        1.9348642064        0.9194993152       -0.1074188935
        2.1195375431        0.9371555120       -0.0817763171
        2.1195375431        0.9366459027       -0.0806774619
        1.9348642064        0.9226613612       -0.1092704215
        2.1195375431        0.9368410326       -0.0808614793
        1.9348642064        0.9220982368       -0.1081977759
        1.7305951571        0.8974554033       -0.1172182112
        1.9348642064        0.9220529977       -0.1082239785
        2.1195375431        0.9367553315       -0.0808096235
        1.9348642064        0.9224069802       -0.1092148630
        2.1195375431        0.9361785525       -0.0799519105
