#epsqw diagonal term
#1:q+G [au], 2:Re(eps-1), 3:Im(eps-1)
        2.1195375431        1.0365471631       -0.1029398852
        1.9348642064        1.0464575388       -0.1289410081
        2.1195375431        1.0348659113       -0.1037371782
        1.9348642064        1.0459908660       -0.1274100693
        1.7305951571        1.0658261736       -0.1918610357
        1.9348642064        1.0467935221       -0.1269100021
        2.1195375431        1.0361678287       -0.1032530479
        1.9348642064        1.0472438238       -0.1283078677
        2.1195375431        1.0366914806       -0.1025546987
        2.1195375431        1.0370466689       -0.0991942335
        1.9348642064        1.0495046048       -0.1302354927
        2.1195375431        1.0352051165       -0.1001863930
        2.1195375431        1.0354887638       -0.1033509005
        1.4987393697        1.0934969153       -0.2966386956
        1.2237155711        1.1423041271       -0.3544228672
        1.4987393697        1.0861992595       -0.2987752650
        2.1195375431        1.0340671065       -0.1037797098
        1.9348642064        1.0442542805       -0.1285408712
        1.2237155711        1.1484543447       -0.3707345345
        0.8652975786        1.3040514072       -0.4950377867
        1.2237155711        1.1519487640       -0.3707860141
        1.9348642064        1.0448964611       -0.1277851099
        2.1195375431        1.0359990789       -0.1031722275
        1.4987393697        1.0935293677       -0.2966757188
        1.2237155711        1.1470456692       -0.3542784979
        1.4987393697        1.0919028757       -0.2932820348
        2.1195375431        1.0362167231       -0.1026185428
        2.1195375431        1.0369760573       -0.0991437885
        1.9348642064        1.0503905582       -0.1296722532
        2.1195375431        1.0368852421       -0.0993561416
        1.9348642064        1.0510476209       -0.1291916660
        1.7305951571        1.0525190143       -0.1912002585
        1.9348642064        1.0500453247       -0.1294824419
        1.9348642064        1.0470776636       -0.1289730516
        1.2237155711        1.1484902027       -0.3534351062
        0.8652975786        1.3702696695       -0.5454678960
        1.2237155711        1.1433032687       -0.3530892600
        1.9348642064        1.0462595045       -0.1294907380
        1.7305951571        1.0672382347       -0.1976875385
        0.8652975786        1.2981865057       -0.5019250832
        0.0000000000        1.3749659038       -0.4000791626
        0.8652975786        1.2981673834       -0.5019012928
        1.7305951571        1.0672446011       -0.1976890275
        1.9348642064        1.0462606370       -0.1294906485
        1.2237155711        1.1433028264       -0.3530924912
        0.8652975786        1.3702533089       -0.5454503824
        1.2237155711        1.1484682391       -0.3534230900
        1.9348642064        1.0470732668       -0.1289731326
        1.9348642064        1.0500447263       -0.1294837481
        1.7305951571        1.0525257875       -0.1912022368
        1.9348642064        1.0510438605       -0.1291917277
        2.1195375431        1.0368852417       -0.0993564929
        1.9348642064        1.0503918775       -0.1296700760
        2.1195375431        1.0369828712       -0.0991468715
        2.1195375431        1.0362166195       -0.1026180788
        1.4987393697        1.0919031755       -0.2932827801
        1.2237155711        1.1470465122       -0.3542805435
        1.4987393697        1.0935305333       -0.2966735438
        2.1195375431        1.0359988110       -0.1031716846
        1.9348642064        1.0448969133       -0.1277839738
        1.2237155711        1.1519499145       -0.3707865303
        0.8652975786        1.3040319174       -0.4950141767
        1.2237155711        1.1484312641       -0.3707172585
        1.9348642064        1.0442493255       -0.1285400492
        2.1195375431        1.0340731296       -0.1037826182
        1.4987393697        1.0861988529       -0.2987745687
        1.2237155711        1.1422814694       -0.3544077350
        1.4987393697        1.0934898771       -0.2966334405
        2.1195375431        1.0354832028       -0.1033493957
        2.1195375431        1.0352050274       -0.1001863397
        1.9348642064        1.0495005553       -0.1302363501
        2.1195375431        1.0370418765       -0.0991940223
        2.1195375431        1.0366919453       -0.1025533008
        1.9348642064        1.0472432162       -0.1283092764
        2.1195375431        1.0361617364       -0.1032509333
        1.9348642064        1.0467941877       -0.1269114670
        1.7305951571        1.0658327495       -0.1918623633
        1.9348642064        1.0459856836       -0.1274092675
        2.1195375431        1.0348607132       -0.1037357937
        1.9348642064        1.0464522281       -0.1289406936
        2.1195375431        1.0365469705       -0.1029397156
