#epsqw diagonal term
#1:q+G [au], 2:Re(eps-1), 3:Im(eps-1)
        2.1195375431        0.9041170478       -0.0029974701
        1.9348642064        0.8840690651       -0.0017955907
        2.1195375431        0.9042332108       -0.0029731424
        1.9348642064        0.8840663596       -0.0018005765
        1.7305951571        0.8546771956       -0.0007166586
        1.9348642064        0.8840886975       -0.0017667585
        2.1195375431        0.9043112923       -0.0029228505
        1.9348642064        0.8840896446       -0.0017620819
        2.1195375431        0.9042782113       -0.0029014243
        2.1195375431        0.9042717061       -0.0029538978
        1.9348642064        0.8840887181       -0.0018135233
        2.1195375431        0.9040464631       -0.0030915218
        2.1195375431        0.9049690993       -0.0029880947
        1.4987393697        0.7829582546       -0.0036542979
        1.2237155711        0.6869799442       -0.0026908183
        1.4987393697        0.7829005236       -0.0037220351
        2.1195375431        0.9049222628       -0.0030558172
        1.9348642064        0.8841189361       -0.0017907182
        1.2237155711        0.6870118706       -0.0026482925
        0.8652975786        0.5306230886       -0.0020390399
        1.2237155711        0.6871247799       -0.0026265538
        1.9348642064        0.8841379679       -0.0017593420
        2.1195375431        0.9048476847       -0.0030163910
        1.4987393697        0.7829861503       -0.0036415599
        1.2237155711        0.6870977273       -0.0026662283
        1.4987393697        0.7830275411       -0.0035763531
        2.1195375431        0.9050171240       -0.0028909516
        2.1195375431        0.9042952856       -0.0029683669
        1.9348642064        0.8841084242       -0.0017802957
        2.1195375431        0.9042588787       -0.0029051550
        1.9348642064        0.8840209591       -0.0018671350
        1.7305951571        0.8547143231       -0.0007162648
        1.9348642064        0.8840018495       -0.0019004145
        1.9348642064        0.8840729678       -0.0018389893
        1.2237155711        0.6870478410       -0.0027533802
        0.8652975786        0.5306548042       -0.0020386017
        1.2237155711        0.6869435009       -0.0027744231
        1.9348642064        0.8840560180       -0.0018703195
        1.7305951571        0.8561831641       -0.0007560983
        0.8652975786        0.5306604053       -0.0020306456
        0.0000000000        0.1152940650       -0.0057088597
        0.8652975786        0.5306622411       -0.0020306553
        1.7305951571        0.8561845689       -0.0007560968
        1.9348642064        0.8840551401       -0.0018703088
        1.2237155711        0.6869434689       -0.0027744164
        0.8652975786        0.5306566829       -0.0020386112
        1.2237155711        0.6870518908       -0.0027534002
        1.9348642064        0.8840747395       -0.0018389908
        1.9348642064        0.8840027343       -0.0019004202
        1.7305951571        0.8547157787       -0.0007162645
        1.9348642064        0.8840227130       -0.0018671392
        2.1195375431        0.9042583985       -0.0029051489
        1.9348642064        0.8841073151       -0.0017802921
        2.1195375431        0.9042950065       -0.0029683504
        2.1195375431        0.9050166358       -0.0028909480
        1.4987393697        0.7830270302       -0.0035763501
        1.2237155711        0.6870975643       -0.0026662303
        1.4987393697        0.7829866838       -0.0036415621
        2.1195375431        0.9048481377       -0.0030163926
        1.9348642064        0.8841372222       -0.0017593375
        1.2237155711        0.6871247803       -0.0026265508
        0.8652975786        0.5306249751       -0.0020390458
        1.2237155711        0.6870160597       -0.0026483160
        1.9348642064        0.8841208175       -0.0017907268
        2.1195375431        0.9049218513       -0.0030558039
        1.4987393697        0.7829009410       -0.0037220382
        1.2237155711        0.6869836845       -0.0026908337
        1.4987393697        0.7829599716       -0.0036543094
        2.1195375431        0.9049700785       -0.0029880881
        2.1195375431        0.9040468703       -0.0030915212
        1.9348642064        0.8840902627       -0.0018135305
        2.1195375431        0.9042727335       -0.0029538912
        2.1195375431        0.9042784024       -0.0029014435
        1.9348642064        0.8840905663       -0.0017620893
        2.1195375431        0.9043119139       -0.0029228481
        1.9348642064        0.8840894879       -0.0017667633
        1.7305951571        0.8546786536       -0.0007166564
        1.9348642064        0.8840681967       -0.0018005771
        2.1195375431        0.9042337663       -0.0029731384
        1.9348642064        0.8840707700       -0.0017955895
        2.1195375431        0.9041178788       -0.0029974753
