#epsqw diagonal term
#1:q+G [au], 2:Re(eps-1), 3:Im(eps-1)
        2.1195375431        0.9076094888       -0.0005595297
        1.9348642064        0.8870829612       -0.0005606349
        2.1195375431        0.9076898657       -0.0005565083
        1.9348642064        0.8870811422       -0.0005609327
        1.7305951571        0.8566935123       -0.0005603125
        1.9348642064        0.8870861200       -0.0005602449
        2.1195375431        0.9076963318       -0.0005560884
        1.9348642064        0.8870876100       -0.0005599591
        2.1195375431        0.9076708585       -0.0005571277
        2.1195375431        0.9076961631       -0.0005569993
        1.9348642064        0.8871087189       -0.0005607618
        2.1195375431        0.9076189867       -0.0005596566
        2.1195375431        0.9084041907       -0.0005525726
        1.4987393697        0.7875283996       -0.0009276639
        1.2237155711        0.6923390096       -0.0011482428
        1.4987393697        0.7875313507       -0.0009274849
        2.1195375431        0.9084047623       -0.0005525588
        1.9348642064        0.8870817846       -0.0005600281
        1.2237155711        0.6923139981       -0.0011506566
        0.8652975786        0.5379074847       -0.0015774256
        1.2237155711        0.6923863690       -0.0011487861
        1.9348642064        0.8870869309       -0.0005593592
        2.1195375431        0.9083319266       -0.0005548452
        1.4987393697        0.7875285970       -0.0009271253
        1.2237155711        0.6924114342       -0.0011463476
        1.4987393697        0.7875365213       -0.0009273296
        2.1195375431        0.9083904749       -0.0005525182
        2.1195375431        0.9077039712       -0.0005565599
        1.9348642064        0.8871128404       -0.0005600917
        2.1195375431        0.9076788295       -0.0005572319
        1.9348642064        0.8871003913       -0.0005608560
        1.7305951571        0.8567326729       -0.0005603159
        1.9348642064        0.8870984564       -0.0005615380
        1.9348642064        0.8870828455       -0.0005597918
        1.2237155711        0.6924002741       -0.0011493376
        0.8652975786        0.5379456726       -0.0015777262
        1.2237155711        0.6923343052       -0.0011511420
        1.9348642064        0.8870800655       -0.0005604590
        1.7305951571        0.8583039959       -0.0005765545
        0.8652975786        0.5379939427       -0.0015833462
        0.0000000000        0.1335036826       -0.0020699788
        0.8652975786        0.5379958217       -0.0015833518
        1.7305951571        0.8583054030       -0.0005765529
        1.9348642064        0.8870791763       -0.0005604596
        1.2237155711        0.6923342734       -0.0011511417
        0.8652975786        0.5379475940       -0.0015777318
        1.2237155711        0.6924043733       -0.0011493393
        1.9348642064        0.8870846300       -0.0005597898
        1.9348642064        0.8870993561       -0.0005615374
        1.7305951571        0.8567341355       -0.0005603144
        1.9348642064        0.8871021563       -0.0005608538
        2.1195375431        0.9076783462       -0.0005572322
        1.9348642064        0.8871117149       -0.0005600926
        2.1195375431        0.9077036795       -0.0005565591
        2.1195375431        0.9083899837       -0.0005525188
        1.4987393697        0.7875360057       -0.0009273299
        1.2237155711        0.6924112621       -0.0011463477
        1.4987393697        0.7875291350       -0.0009271250
        2.1195375431        0.9083323836       -0.0005548448
        1.9348642064        0.8870861743       -0.0005593597
        1.2237155711        0.6923863610       -0.0011487859
        0.8652975786        0.5379093971       -0.0015774307
        1.2237155711        0.6923182282       -0.0011506582
        1.9348642064        0.8870836781       -0.0005600259
        2.1195375431        0.9084043409       -0.0005525586
        1.4987393697        0.7875317711       -0.0009274849
        1.2237155711        0.6923427912       -0.0011482445
        1.4987393697        0.7875301299       -0.0009276627
        2.1195375431        0.9084051752       -0.0005525710
        2.1195375431        0.9076193935       -0.0005596562
        1.9348642064        0.8871102759       -0.0005607601
        2.1195375431        0.9076971923       -0.0005569974
        2.1195375431        0.9076710558       -0.0005571282
        1.9348642064        0.8870885409       -0.0005599584
        2.1195375431        0.9076969591       -0.0005560879
        1.9348642064        0.8870869159       -0.0005602443
        1.7305951571        0.8566949679       -0.0005603107
        1.9348642064        0.8870829845       -0.0005609303
        2.1195375431        0.9076904288       -0.0005565079
        1.9348642064        0.8870846715       -0.0005606328
        2.1195375431        0.9076103244       -0.0005595282
