#epsqw diagonal term
#1:q+G [au], 2:Re(eps-1), 3:Im(eps-1)
        2.1195375431        0.9065993857       -0.0006614231
        1.9348642064        0.8862688252       -0.0006286429
        2.1195375431        0.9066955609       -0.0006557875
        1.9348642064        0.8862644073       -0.0006295078
        1.7305951571        0.8561434548       -0.0005885031
        1.9348642064        0.8862733618       -0.0006281056
        2.1195375431        0.9067047645       -0.0006549835
        1.9348642064        0.8862773086       -0.0006272821
        2.1195375431        0.9066737853       -0.0006568382
        2.1195375431        0.9066968289       -0.0006574531
        1.9348642064        0.8862926324       -0.0006292486
        2.1195375431        0.9066076036       -0.0006617792
        2.1195375431        0.9074071500       -0.0006532752
        1.4987393697        0.7861442246       -0.0010473398
        1.2237155711        0.6908426359       -0.0012478809
        1.4987393697        0.7861487511       -0.0010467773
        2.1195375431        0.9074076369       -0.0006532865
        1.9348642064        0.8862715034       -0.0006275544
        1.2237155711        0.6908164128       -0.0012487596
        0.8652975786        0.5358925472       -0.0016681784
        1.2237155711        0.6908972412       -0.0012458829
        1.9348642064        0.8862804170       -0.0006262200
        2.1195375431        0.9073253766       -0.0006569043
        1.4987393697        0.7861489542       -0.0010460166
        1.2237155711        0.6909238552       -0.0012448915
        1.4987393697        0.7861578990       -0.0010457559
        2.1195375431        0.9073970417       -0.0006522462
        2.1195375431        0.9067072754       -0.0006566581
        1.9348642064        0.8863005545       -0.0006278995
        2.1195375431        0.9066812804       -0.0006569335
        1.9348642064        0.8862819733       -0.0006298960
        1.7305951571        0.8561822842       -0.0005885408
        1.9348642064        0.8862760678       -0.0006312887
        1.9348642064        0.8862727515       -0.0006273777
        1.2237155711        0.6909053605       -0.0012477321
        0.8652975786        0.5359294731       -0.0016685931
        1.2237155711        0.6908313864       -0.0012504895
        1.9348642064        0.8862661762       -0.0006287141
        1.7305951571        0.8577138945       -0.0006061840
        0.8652975786        0.5359602667       -0.0016744331
        0.0000000000        0.1286175268       -0.0023592635
        0.8652975786        0.5359621345       -0.0016744393
        1.7305951571        0.8577153008       -0.0006061825
        1.9348642064        0.8862652902       -0.0006287143
        1.2237155711        0.6908313553       -0.0012504892
        0.8652975786        0.5359313834       -0.0016685994
        1.2237155711        0.6909094469       -0.0012477348
        1.9348642064        0.8862745334       -0.0006273760
        1.9348642064        0.8862769643       -0.0006312885
        1.7305951571        0.8561837451       -0.0005885394
        1.9348642064        0.8862837361       -0.0006298941
        2.1195375431        0.9066807983       -0.0006569337
        1.9348642064        0.8862994321       -0.0006279000
        2.1195375431        0.9067069873       -0.0006566569
        2.1195375431        0.9073965512       -0.0006522467
        1.4987393697        0.7861573828       -0.0010457561
        1.2237155711        0.6909236839       -0.0012448915
        1.4987393697        0.7861494913       -0.0010460163
        2.1195375431        0.9073258326       -0.0006569040
        1.9348642064        0.8862796628       -0.0006262202
        1.2237155711        0.6908972343       -0.0012458826
        0.8652975786        0.5358944518       -0.0016681837
        1.2237155711        0.6908206304       -0.0012487622
        1.9348642064        0.8862733936       -0.0006275527
        2.1195375431        0.9074072184       -0.0006532859
        1.4987393697        0.7861491704       -0.0010467773
        1.2237155711        0.6908464060       -0.0012478836
        1.4987393697        0.7861459518       -0.0010473390
        2.1195375431        0.9074081344       -0.0006532736
        2.1195375431        0.9066080098       -0.0006617788
        1.9348642064        0.8862941863       -0.0006292473
        2.1195375431        0.9066978586       -0.0006574511
        2.1195375431        0.9066739792       -0.0006568392
        1.9348642064        0.8862782368       -0.0006272817
        2.1195375431        0.9067053904       -0.0006549831
        1.9348642064        0.8862741554       -0.0006281053
        1.7305951571        0.8561449111       -0.0005885012
        1.9348642064        0.8862662478       -0.0006295056
        2.1195375431        0.9066961228       -0.0006557872
        1.9348642064        0.8862705338       -0.0006286410
        2.1195375431        0.9066002209       -0.0006614217
