#epsqw diagonal term
#1:q+G [au], 2:Re(eps-1), 3:Im(eps-1)
        2.1195375431        0.9063866703       -0.0596216706
        1.9348642064        0.8651457373       -0.0959109008
        2.1195375431        0.9063011231       -0.0594022914
        1.9348642064        0.8631254222       -0.0896095569
        1.7305951571        0.7780120182       -0.1321402450
        1.9348642064        0.8630971177       -0.0897689688
        2.1195375431        0.9061729798       -0.0594291270
        1.9348642064        0.8651854920       -0.0962767673
        2.1195375431        0.9061578564       -0.0599023123
        2.1195375431        0.9060941881       -0.0592716772
        1.9348642064        0.8650305943       -0.0955421645
        2.1195375431        0.9063828327       -0.0595571263
        2.1195375431        0.9039595693       -0.0584677629
        1.4987393697        0.7155336086       -0.1533965601
        1.2237155711        0.5769206353       -0.1996226244
        1.4987393697        0.7157717109       -0.1533904465
        2.1195375431        0.9040588889       -0.0584464360
        1.9348642064        0.8657816515       -0.0950904041
        1.2237155711        0.5778871540       -0.2064910996
        0.8652975786        0.4268810555       -0.2182825931
        1.2237155711        0.5775860937       -0.2071580188
        1.9348642064        0.8657932878       -0.0955400470
        2.1195375431        0.9040104516       -0.0589343134
        1.4987393697        0.7165259253       -0.1537478186
        1.2237155711        0.5774636080       -0.2006518300
        1.4987393697        0.7172529639       -0.1538501986
        2.1195375431        0.9039289859       -0.0589597819
        2.1195375431        0.9060294603       -0.0592296526
        1.9348642064        0.8649190480       -0.0961326786
        2.1195375431        0.9060932986       -0.0597422067
        1.9348642064        0.8620273915       -0.0901854626
        1.7305951571        0.7783833279       -0.1324246090
        1.9348642064        0.8621949869       -0.0899639602
        1.9348642064        0.8656692081       -0.0956029426
        1.2237155711        0.5776020214       -0.2073530759
        0.8652975786        0.4256135671       -0.2164219575
        1.2237155711        0.5773317593       -0.2062071934
        1.9348642064        0.8658208555       -0.0951134160
        1.7305951571        0.8246180098       -0.0775693457
        0.8652975786        0.4277902527       -0.2042572263
        0.0000000000        0.2474455115       -0.3147950561
        0.8652975786        0.4277911703       -0.2042582322
        1.7305951571        0.8246192993       -0.0775694730
        1.9348642064        0.8658191596       -0.0951124666
        1.2237155711        0.5773318105       -0.2062058067
        0.8652975786        0.4256144866       -0.2164233825
        1.2237155711        0.5776054877       -0.2073561814
        1.9348642064        0.8656712179       -0.0956038399
        1.9348642064        0.8621966644       -0.0899635083
        1.7305951571        0.7783848944       -0.1324246253
        1.9348642064        0.8620294279       -0.0901864987
        2.1195375431        0.9060942688       -0.0597427919
        1.9348642064        0.8649173415       -0.0961325404
        2.1195375431        0.9060300149       -0.0592297452
        2.1195375431        0.9039296023       -0.0589603344
        1.4987393697        0.7172537719       -0.1538500672
        1.2237155711        0.5774617054       -0.2006560786
        1.4987393697        0.7165259114       -0.1537473267
        2.1195375431        0.9040119497       -0.0589349855
        1.9348642064        0.8657920275       -0.0955401491
        1.2237155711        0.5775864323       -0.2071620352
        0.8652975786        0.4268813716       -0.2182846035
        1.2237155711        0.5778908872       -0.2064974425
        1.9348642064        0.8657840311       -0.0950915058
        2.1195375431        0.9040594361       -0.0584456853
        1.4987393697        0.7157724912       -0.1533904581
        1.2237155711        0.5769236151       -0.1996270103
        1.4987393697        0.7155360091       -0.1533978985
        2.1195375431        0.9039609620       -0.0584683777
        2.1195375431        0.9063844274       -0.0595572921
        1.9348642064        0.8650325329       -0.0955430444
        2.1195375431        0.9060957777       -0.0592721826
        2.1195375431        0.9061579425       -0.0599026191
        1.9348642064        0.8651876464       -0.0962784373
        2.1195375431        0.9061734868       -0.0594296131
        1.9348642064        0.8630991729       -0.0897691380
        1.7305951571        0.7780134533       -0.1321405084
        1.9348642064        0.8631278874       -0.0896105904
        2.1195375431        0.9063014817       -0.0594019981
        1.9348642064        0.8651484263       -0.0959122760
        2.1195375431        0.9063868998       -0.0596211559
