#epsqw diagonal term
#1:q+G [au], 2:Re(eps-1), 3:Im(eps-1)
        2.1195375431        0.8889981831       -0.0524467901
        1.9348642064        0.8577221881       -0.0709659290
        2.1195375431        0.8891560400       -0.0526737798
        1.9348642064        0.8569411722       -0.0714227059
        1.7305951571        0.8134538597       -0.1018227959
        1.9348642064        0.8577059860       -0.0710328973
        2.1195375431        0.8890561219       -0.0529458904
        1.9348642064        0.8584733810       -0.0709251888
        2.1195375431        0.8892980796       -0.0521711516
        2.1195375431        0.8902049746       -0.0536879488
        1.9348642064        0.8584366994       -0.0699922668
        2.1195375431        0.8893694713       -0.0533216739
        2.1195375431        0.8893200379       -0.0526259330
        1.4987393697        0.7199011637       -0.1561100835
        1.2237155711        0.6221771490       -0.2082177630
        1.4987393697        0.7194096367       -0.1557444796
        2.1195375431        0.8893185153       -0.0526718781
        1.9348642064        0.8569320730       -0.0710751510
        1.2237155711        0.6181281935       -0.1956570378
        0.8652975786        0.4882709523       -0.2610454594
        1.2237155711        0.6185353110       -0.1946868063
        1.9348642064        0.8576881694       -0.0706041283
        2.1195375431        0.8893462392       -0.0524018611
        1.4987393697        0.7198072052       -0.1560934019
        1.2237155711        0.6228833326       -0.2069474576
        1.4987393697        0.7187410893       -0.1537019733
        2.1195375431        0.8894471403       -0.0523033970
        2.1195375431        0.8900996451       -0.0537576010
        1.9348642064        0.8591627004       -0.0697874431
        2.1195375431        0.8899289579       -0.0529411396
        1.9348642064        0.8592028061       -0.0708133468
        1.7305951571        0.8224961807       -0.0894116776
        1.9348642064        0.8582832013       -0.0708939965
        1.9348642064        0.8584186533       -0.0710755041
        1.2237155711        0.6240668315       -0.2086756183
        0.8652975786        0.4576976488       -0.2749409554
        1.2237155711        0.6224766656       -0.2103505530
        1.9348642064        0.8575305350       -0.0714894804
        1.7305951571        0.8119207950       -0.1009175115
        0.8652975786        0.4912123483       -0.2657252252
        0.0000000000        0.2177942044       -0.5482038653
        0.8652975786        0.4912127437       -0.2657270147
        1.7305951571        0.8119227094       -0.1009180347
        1.9348642064        0.8575294663       -0.0714894481
        1.2237155711        0.6224759647       -0.2103514176
        0.8652975786        0.4576976815       -0.2749432996
        1.2237155711        0.6240728264       -0.2086780037
        1.9348642064        0.8584216363       -0.0710755422
        1.9348642064        0.8582844260       -0.0708942073
        1.7305951571        0.8224980465       -0.0894120822
        1.9348642064        0.8592052210       -0.0708137695
        2.1195375431        0.8899289495       -0.0529405513
        1.9348642064        0.8591610431       -0.0697873665
        2.1195375431        0.8900995236       -0.0537579204
        2.1195375431        0.8894470974       -0.0523035275
        1.4987393697        0.7187405951       -0.1537007344
        1.2237155711        0.6228837518       -0.2069465299
        1.4987393697        0.7198081568       -0.1560968285
        2.1195375431        0.8893473355       -0.0524012060
        1.9348642064        0.8576869006       -0.0706043818
        1.2237155711        0.6185353227       -0.1946866152
        0.8652975786        0.4882709291       -0.2610478190
        1.2237155711        0.6181344195       -0.1956599247
        1.9348642064        0.8569347454       -0.0710753721
        2.1195375431        0.8893177857       -0.0526721483
        1.4987393697        0.7194095221       -0.1557445361
        1.2237155711        0.6221819592       -0.2082213644
        1.4987393697        0.7199044592       -0.1561131441
        2.1195375431        0.8893215805       -0.0526268738
        2.1195375431        0.8893694271       -0.0533218372
        1.9348642064        0.8584391700       -0.0699925462
        2.1195375431        0.8902059932       -0.0536890108
        2.1195375431        0.8892979096       -0.0521704914
        1.9348642064        0.8584743061       -0.0709250471
        2.1195375431        0.8890569960       -0.0529461501
        1.9348642064        0.8577069711       -0.0710327754
        1.7305951571        0.8134555964       -0.1018233768
        1.9348642064        0.8569437610       -0.0714223334
        2.1195375431        0.8891556733       -0.0526742031
        1.9348642064        0.8577253331       -0.0709660225
        2.1195375431        0.8889997397       -0.0524471478
