#epsqw diagonal term
#1:q+G [au], 2:Re(eps-1), 3:Im(eps-1)
        2.1195375431        0.9041170218       -0.0029975697
        1.9348642064        0.8840701067       -0.0017952708
        2.1195375431        0.9042355042       -0.0029731494
        1.9348642064        0.8840653331       -0.0018008949
        1.7305951571        0.8546771961       -0.0007166583
        1.9348642064        0.8840878139       -0.0017670598
        2.1195375431        0.9043091200       -0.0029230326
        1.9348642064        0.8840905742       -0.0017617708
        2.1195375431        0.9042783713       -0.0029014796
        2.1195375431        0.9049387184       -0.0029859293
        1.9348642064        0.8840969001       -0.0018145980
        2.1195375431        0.9047091159       -0.0031235892
        2.1195375431        0.9043022144       -0.0029566246
        1.4987393697        0.7829568948       -0.0036540665
        1.2237155711        0.6869793097       -0.0026906199
        1.4987393697        0.7828889927       -0.0037221738
        2.1195375431        0.9042586216       -0.0030240531
        1.9348642064        0.8841108197       -0.0017896483
        1.2237155711        0.6870125059       -0.0026485173
        0.8652975786        0.5306230869       -0.0020390400
        1.2237155711        0.6871253941       -0.0026268581
        1.9348642064        0.8841295802       -0.0017582392
        2.1195375431        0.9041851827       -0.0029848503
        1.4987393697        0.7829958731       -0.0036408232
        1.2237155711        0.6870971204       -0.0026658883
        1.4987393697        0.7830269274       -0.0035762198
        2.1195375431        0.9043563881       -0.0028593664
        2.1195375431        0.9049602513       -0.0030004747
        1.9348642064        0.8841169020       -0.0017813903
        2.1195375431        0.9049212191       -0.0029369320
        1.9348642064        0.8840284790       -0.0018685895
        1.7305951571        0.8562359847       -0.0007611606
        1.9348642064        0.8840089740       -0.0019018535
        1.9348642064        0.8840655199       -0.0018375540
        1.2237155711        0.6870478438       -0.0027533494
        0.8652975786        0.5306999279       -0.0020417763
        1.2237155711        0.6869435006       -0.0027743795
        1.9348642064        0.8840489651       -0.0018688926
        1.7305951571        0.8546612319       -0.0007109532
        0.8652975786        0.5306146866       -0.0020273751
        0.0000000000        0.1152076162       -0.0057195236
        0.8652975786        0.5306165291       -0.0020273848
        1.7305951571        0.8546626521       -0.0007109531
        1.9348642064        0.8840480882       -0.0018688821
        1.2237155711        0.6869434684       -0.0027743733
        0.8652975786        0.5307017997       -0.0020417857
        1.2237155711        0.6870518936       -0.0027533692
        1.9348642064        0.8840672917       -0.0018375554
        1.9348642064        0.8840098594       -0.0019018592
        1.7305951571        0.8562374248       -0.0007611590
        1.9348642064        0.8840302322       -0.0018685937
        2.1195375431        0.9049207313       -0.0029369242
        1.9348642064        0.8841157913       -0.0017813867
        2.1195375431        0.9049599495       -0.0030004563
        2.1195375431        0.9043559065       -0.0028593633
        1.4987393697        0.7830264186       -0.0035762170
        1.2237155711        0.6870969574       -0.0026658900
        1.4987393697        0.7829964345       -0.0036408256
        2.1195375431        0.9041856291       -0.0029848523
        1.9348642064        0.8841288356       -0.0017582348
        1.2237155711        0.6871253945       -0.0026268553
        0.8652975786        0.5306249734       -0.0020390460
        1.2237155711        0.6870166949       -0.0026485412
        1.9348642064        0.8841127014       -0.0017896570
        2.1195375431        0.9042582344       -0.0030240421
        1.4987393697        0.7828893810       -0.0037221763
        1.2237155711        0.6869830501       -0.0026906351
        1.4987393697        0.7829586118       -0.0036540762
        2.1195375431        0.9043031818       -0.0029566199
        2.1195375431        0.9047095275       -0.0031235881
        1.9348642064        0.8840984449       -0.0018146051
        2.1195375431        0.9049397566       -0.0029859231
        2.1195375431        0.9042785615       -0.0029014992
        1.9348642064        0.8840914970       -0.0017617775
        2.1195375431        0.9043097413       -0.0029230304
        1.9348642064        0.8840886042       -0.0017670646
        1.7305951571        0.8546786541       -0.0007166561
        1.9348642064        0.8840671690       -0.0018008961
        2.1195375431        0.9042360600       -0.0029731455
        1.9348642064        0.8840718119       -0.0017952696
        2.1195375431        0.9041178514       -0.0029975749
