#epsqw diagonal term
#1:q+G [au], 2:Re(eps-1), 3:Im(eps-1)
        2.1195375431        0.8996107964       -0.0106759572
        1.9348642064        0.8774766274       -0.0095286217
        2.1195375431        0.8995074837       -0.0103319602
        1.9348642064        0.8774439112       -0.0095645581
        1.7305951571        0.8462785633       -0.0048005047
        1.9348642064        0.8774327350       -0.0096051510
        2.1195375431        0.8994732421       -0.0104098766
        1.9348642064        0.8774699022       -0.0095549914
        2.1195375431        0.8993055679       -0.0104981550
        2.1195375431        0.9006335979       -0.0102238794
        1.9348642064        0.8775500863       -0.0094086826
        2.1195375431        0.9007299728       -0.0105941108
        2.1195375431        0.8994923493       -0.0104353606
        1.4987393697        0.7736536814       -0.0149090900
        1.2237155711        0.6728678666       -0.0145823376
        1.4987393697        0.7736475948       -0.0148662328
        2.1195375431        0.8995077317       -0.0104374977
        1.9348642064        0.8774398944       -0.0096879117
        1.2237155711        0.6726650405       -0.0155090551
        0.8652975786        0.5012099798       -0.0118296235
        1.2237155711        0.6727518850       -0.0152684668
        1.9348642064        0.8774225643       -0.0097291421
        2.1195375431        0.8995978376       -0.0108427447
        1.4987393697        0.7736247798       -0.0149995465
        1.2237155711        0.6730006162       -0.0144021986
        1.4987393697        0.7736644822       -0.0151905113
        2.1195375431        0.8992862050       -0.0106566765
        2.1195375431        0.9006161262       -0.0103046191
        1.9348642064        0.8775414638       -0.0094561865
        2.1195375431        0.9004278076       -0.0104243603
        1.9348642064        0.8775348165       -0.0094568899
        1.7305951571        0.8472750372       -0.0045686614
        1.9348642064        0.8775397717       -0.0094069061
        1.9348642064        0.8774616597       -0.0096886909
        1.2237155711        0.6729421497       -0.0145397846
        0.8652975786        0.5011142809       -0.0111573018
        1.2237155711        0.6728745629       -0.0147067984
        1.9348642064        0.8774797554       -0.0096497008
        1.7305951571        0.8462541173       -0.0048075111
        0.8652975786        0.5011810752       -0.0118840390
        0.0000000000        0.0616438061       -0.0317474999
        0.8652975786        0.5011830326       -0.0118838732
        1.7305951571        0.8462558010       -0.0048076983
        1.9348642064        0.8774787357       -0.0096496340
        1.2237155711        0.6728744750       -0.0147068273
        0.8652975786        0.5011162885       -0.0111572627
        1.2237155711        0.6729461268       -0.0145399257
        1.9348642064        0.8774634522       -0.0096887737
        1.9348642064        0.8775408137       -0.0094069603
        1.7305951571        0.8472766515       -0.0045689080
        1.9348642064        0.8775365728       -0.0094569788
        2.1195375431        0.9004272250       -0.0104243071
        1.9348642064        0.8775403437       -0.0094561220
        2.1195375431        0.9006158039       -0.0103046154
        2.1195375431        0.8992855813       -0.0106565844
        1.4987393697        0.7736632018       -0.0151900127
        1.2237155711        0.6730004032       -0.0144021954
        1.4987393697        0.7736250647       -0.0149994637
        2.1195375431        0.8995980185       -0.0108426944
        1.9348642064        0.8774217929       -0.0097290924
        1.2237155711        0.6727518535       -0.0152685212
        0.8652975786        0.5012115121       -0.0118298289
        1.2237155711        0.6726690973       -0.0155092704
        1.9348642064        0.8774419069       -0.0096880122
        2.1195375431        0.8995073583       -0.0104374729
        1.4987393697        0.7736477516       -0.0148660807
        1.2237155711        0.6728714584       -0.0145825422
        1.4987393697        0.7736556517       -0.0149092602
        2.1195375431        0.8994932696       -0.0104353691
        2.1195375431        0.9007301310       -0.0105940463
        1.9348642064        0.8775517729       -0.0094087681
        2.1195375431        0.9006346454       -0.0102238462
        2.1195375431        0.8993056122       -0.0104980680
        1.9348642064        0.8774707622       -0.0095550125
        2.1195375431        0.8994738465       -0.0104098829
        1.9348642064        0.8774334679       -0.0096051746
        1.7305951571        0.8462797384       -0.0048003152
        1.9348642064        0.8774455658       -0.0095646202
        2.1195375431        0.8995080086       -0.0103319579
        1.9348642064        0.8774781509       -0.0095286712
        2.1195375431        0.8996118672       -0.0106759946
