#epsqw diagonal term
#1:q+G [au], 2:Re(eps-1), 3:Im(eps-1)
        2.1195375431        1.0106370441       -0.0000407555
        1.9348642064        1.0133594482       -0.0000508066
        2.1195375431        1.0106381718       -0.0000407572
        1.9348642064        1.0133575169       -0.0000508026
        1.7305951571        1.0172842242       -0.0000655300
        1.9348642064        1.0133602901       -0.0000508133
        2.1195375431        1.0106381345       -0.0000407575
        1.9348642064        1.0133623060       -0.0000508179
        2.1195375431        1.0106412123       -0.0000407692
        2.1195375431        1.0106091022       -0.0000405217
        1.9348642064        1.0133434119       -0.0000507214
        2.1195375431        1.0106080639       -0.0000405195
        2.1195375431        1.0106125222       -0.0000405347
        1.4987393697        1.0225879295       -0.0000936745
        1.2237155711        1.0307909202       -0.0001348973
        1.4987393697        1.0225881140       -0.0000936744
        2.1195375431        1.0106126064       -0.0000405345
        1.9348642064        1.0133491558       -0.0000507437
        1.2237155711        1.0307947002       -0.0001349123
        0.8652975786        1.0427410386       -0.0002039474
        1.2237155711        1.0307969825       -0.0001349096
        1.9348642064        1.0133518439       -0.0000507543
        2.1195375431        1.0106114331       -0.0000405328
        1.4987393697        1.0225878934       -0.0000936739
        1.2237155711        1.0307934456       -0.0001348960
        1.4987393697        1.0225945360       -0.0000936933
        2.1195375431        1.0106155213       -0.0000405463
        2.1195375431        1.0106090553       -0.0000405214
        1.9348642064        1.0133462298       -0.0000507329
        2.1195375431        1.0106122792       -0.0000405340
        1.9348642064        1.0133419410       -0.0000507130
        1.7305951571        1.0170834211       -0.0000639063
        1.9348642064        1.0133388290       -0.0000507007
        1.9348642064        1.0133492867       -0.0000507362
        1.2237155711        1.0306766978       -0.0001339882
        0.8652975786        1.0426656750       -0.0002034241
        1.2237155711        1.0306736661       -0.0001339890
        1.9348642064        1.0133462441       -0.0000507244
        1.7305951571        1.0170947190       -0.0000639418
        0.8652975786        1.0426828214       -0.0002034826
        0.0000000000        1.0720020776       -0.0005430012
        0.8652975786        1.0426811169       -0.0002034780
        1.7305951571        1.0170943261       -0.0000639408
        1.9348642064        1.0133464604       -0.0000507249
        1.2237155711        1.0306736583       -0.0001339890
        0.8652975786        1.0426639585       -0.0002034195
        1.2237155711        1.0306753592       -0.0001339843
        1.9348642064        1.0133489219       -0.0000507352
        1.9348642064        1.0133385903       -0.0000507001
        1.7305951571        1.0170830223       -0.0000639052
        1.9348642064        1.0133415821       -0.0000507120
        2.1195375431        1.0106124096       -0.0000405343
        1.9348642064        1.0133465025       -0.0000507337
        2.1195375431        1.0106090616       -0.0000405216
        2.1195375431        1.0106156367       -0.0000405465
        1.4987393697        1.0225945715       -0.0000936937
        1.2237155711        1.0307939058       -0.0001348968
        1.4987393697        1.0225876880       -0.0000936736
        2.1195375431        1.0106112929       -0.0000405325
        1.9348642064        1.0133520439       -0.0000507548
        1.2237155711        1.0307973923       -0.0001349103
        0.8652975786        1.0427410617       -0.0002039458
        1.2237155711        1.0307937378       -0.0001349090
        1.9348642064        1.0133487701       -0.0000507426
        2.1195375431        1.0106125964       -0.0000405346
        1.4987393697        1.0225879243       -0.0000936741
        1.2237155711        1.0307900711       -0.0001348943
        1.4987393697        1.0225877405       -0.0000936737
        2.1195375431        1.0106124418       -0.0000405344
        2.1195375431        1.0106079293       -0.0000405193
        1.9348642064        1.0133430949       -0.0000507206
        2.1195375431        1.0106090378       -0.0000405214
        2.1195375431        1.0106411693       -0.0000407692
        1.9348642064        1.0133621952       -0.0000508175
        2.1195375431        1.0106380165       -0.0000407572
        1.9348642064        1.0133601943       -0.0000508129
        1.7305951571        1.0172838734       -0.0000655289
        1.9348642064        1.0133572458       -0.0000508016
        2.1195375431        1.0106380704       -0.0000407569
        1.9348642064        1.0133592165       -0.0000508058
        2.1195375431        1.0106369461       -0.0000407553
