#epsqw diagonal term
#1:q+G [au], 2:Re(eps-1), 3:Im(eps-1)
        2.1195375431        1.0025115471       -0.0000077159
        1.9348642064        1.0032053978       -0.0000099440
        2.1195375431        1.0025122085       -0.0000077173
        1.9348642064        1.0032051366       -0.0000099435
        1.7305951571        1.0041847221       -0.0000130141
        1.9348642064        1.0032061050       -0.0000099456
        2.1195375431        1.0025121546       -0.0000077171
        1.9348642064        1.0032065577       -0.0000099457
        2.1195375431        1.0025124802       -0.0000077174
        2.1195375431        1.0025099061       -0.0000077046
        1.9348642064        1.0032041804       -0.0000099388
        2.1195375431        1.0025097310       -0.0000077041
        2.1195375431        1.0025106762       -0.0000077065
        1.4987393697        1.0055795166       -0.0000197702
        1.2237155711        1.0077136807       -0.0000294858
        1.4987393697        1.0055790255       -0.0000197699
        2.1195375431        1.0025109761       -0.0000077071
        1.9348642064        1.0032053044       -0.0000099431
        1.2237155711        1.0077154791       -0.0000294905
        0.8652975786        1.0108725047       -0.0000462811
        1.2237155711        1.0077150506       -0.0000294867
        1.9348642064        1.0032057822       -0.0000099446
        2.1195375431        1.0025105796       -0.0000077062
        1.4987393697        1.0055793700       -0.0000197699
        1.2237155711        1.0077156632       -0.0000294819
        1.4987393697        1.0055795602       -0.0000197682
        2.1195375431        1.0025111996       -0.0000077071
        2.1195375431        1.0025101218       -0.0000077048
        1.9348642064        1.0032050849       -0.0000099406
        2.1195375431        1.0025104974       -0.0000077050
        1.9348642064        1.0032047514       -0.0000099395
        1.7305951571        1.0041716178       -0.0000129287
        1.9348642064        1.0032037194       -0.0000099378
        1.9348642064        1.0032059933       -0.0000099438
        1.2237155711        1.0077095146       -0.0000294443
        0.8652975786        1.0108725546       -0.0000462562
        1.2237155711        1.0077072949       -0.0000294474
        1.9348642064        1.0032049640       -0.0000099421
        1.7305951571        1.0041735709       -0.0000129354
        0.8652975786        1.0108755180       -0.0000462672
        0.0000000000        1.0182981044       -0.0001283609
        0.8652975786        1.0108712446       -0.0000462612
        1.7305951571        1.0041735511       -0.0000129353
        1.9348642064        1.0032052412       -0.0000099424
        1.2237155711        1.0077073331       -0.0000294473
        0.8652975786        1.0108680599       -0.0000462503
        1.2237155711        1.0077087343       -0.0000294438
        1.9348642064        1.0032059165       -0.0000099438
        1.9348642064        1.0032034415       -0.0000099375
        1.7305951571        1.0041715875       -0.0000129286
        1.9348642064        1.0032046769       -0.0000099395
        2.1195375431        1.0025105278       -0.0000077050
        1.9348642064        1.0032051373       -0.0000099405
        2.1195375431        1.0025099415       -0.0000077045
        2.1195375431        1.0025112354       -0.0000077071
        1.4987393697        1.0055792208       -0.0000197673
        1.2237155711        1.0077162916       -0.0000294818
        1.4987393697        1.0055798760       -0.0000197705
        2.1195375431        1.0025103081       -0.0000077058
        1.9348642064        1.0032058370       -0.0000099446
        1.2237155711        1.0077156420       -0.0000294867
        0.8652975786        1.0108763113       -0.0000462860
        1.2237155711        1.0077152627       -0.0000294899
        1.9348642064        1.0032049797       -0.0000099426
        2.1195375431        1.0025107787       -0.0000077068
        1.4987393697        1.0055795410       -0.0000197706
        1.2237155711        1.0077134653       -0.0000294852
        1.4987393697        1.0055788759       -0.0000197693
        2.1195375431        1.0025108540       -0.0000077067
        2.1195375431        1.0025094674       -0.0000077037
        1.9348642064        1.0032038764       -0.0000099383
        2.1195375431        1.0025100657       -0.0000077048
        2.1195375431        1.0025124832       -0.0000077172
        1.9348642064        1.0032065003       -0.0000099454
        2.1195375431        1.0025119059       -0.0000077167
        1.9348642064        1.0032060568       -0.0000099453
        1.7305951571        1.0041845427       -0.0000130137
        1.9348642064        1.0032052912       -0.0000099435
        2.1195375431        1.0025119623       -0.0000077169
        1.9348642064        1.0032055397       -0.0000099441
        2.1195375431        1.0025117379       -0.0000077161
