#epsqw diagonal term
#1:q+G [au], 2:Re(eps-1), 3:Im(eps-1)
        2.1195375431        0.8967802433       -0.0206955318
        1.9348642064        0.8768591404       -0.0159632939
        2.1195375431        0.8966018317       -0.0207339778
        1.9348642064        0.8768980845       -0.0159316272
        1.7305951571        0.8518705783       -0.0119481473
        1.9348642064        0.8767493367       -0.0160652274
        2.1195375431        0.8965164280       -0.0206810959
        1.9348642064        0.8766984858       -0.0160560592
        2.1195375431        0.8966216395       -0.0208235756
        2.1195375431        0.8958666331       -0.0195625405
        1.9348642064        0.8768177383       -0.0158526536
        2.1195375431        0.8961184794       -0.0195377100
        2.1195375431        0.8957355124       -0.0195203781
        1.4987393697        0.7696074478       -0.0274592884
        1.2237155711        0.6724052756       -0.0259467656
        1.4987393697        0.7695481987       -0.0273024625
        2.1195375431        0.8958186569       -0.0195486141
        1.9348642064        0.8767504558       -0.0158543799
        1.2237155711        0.6725380736       -0.0262917061
        0.8652975786        0.4930072929       -0.0371600926
        1.2237155711        0.6729178615       -0.0264627282
        1.9348642064        0.8766363168       -0.0160216816
        2.1195375431        0.8960350707       -0.0194871580
        1.4987393697        0.7696673779       -0.0275483899
        1.2237155711        0.6728415436       -0.0262168293
        1.4987393697        0.7700880994       -0.0279120141
        2.1195375431        0.8959293336       -0.0197275073
        2.1195375431        0.8958738647       -0.0195191908
        1.9348642064        0.8766651236       -0.0159363102
        2.1195375431        0.8959713752       -0.0196356049
        1.9348642064        0.8766984456       -0.0159858905
        1.7305951571        0.8518957329       -0.0114662219
        1.9348642064        0.8768604211       -0.0158431036
        1.9348642064        0.8766419439       -0.0160651535
        1.2237155711        0.6731460763       -0.0256311490
        0.8652975786        0.4943904498       -0.0369177767
        1.2237155711        0.6726502779       -0.0255504513
        1.9348642064        0.8767773576       -0.0158894540
        1.7305951571        0.8518313009       -0.0114575805
        0.8652975786        0.4943703601       -0.0366573362
        0.0000000000        0.0865696391       -0.1207510408
        0.8652975786        0.4943713248       -0.0366587252
        1.7305951571        0.8518327359       -0.0114575695
        1.9348642064        0.8767764145       -0.0158895157
        1.2237155711        0.6726502805       -0.0255504929
        0.8652975786        0.4943914517       -0.0369191436
        1.2237155711        0.6731492887       -0.0256318369
        1.9348642064        0.8766435664       -0.0160655346
        1.9348642064        0.8768613740       -0.0158430443
        1.7305951571        0.8518972021       -0.0114662024
        1.9348642064        0.8767001008       -0.0159862134
        2.1195375431        0.8959709575       -0.0196354242
        1.9348642064        0.8766641401       -0.0159359419
        2.1195375431        0.8958735812       -0.0195190276
        2.1195375431        0.8959288443       -0.0197274192
        1.4987393697        0.7700872476       -0.0279121101
        1.2237155711        0.6728422731       -0.0262164407
        1.4987393697        0.7696677783       -0.0275484792
        2.1195375431        0.8960355724       -0.0194872303
        1.9348642064        0.8766356249       -0.0160213776
        1.2237155711        0.6729187143       -0.0264624811
        0.8652975786        0.4930096655       -0.0371591657
        1.2237155711        0.6725422608       -0.0262919984
        1.9348642064        0.8767523751       -0.0158543936
        2.1195375431        0.8958182790       -0.0195484018
        1.4987393697        0.7695484598       -0.0273025284
        1.2237155711        0.6724089443       -0.0259470602
        1.4987393697        0.7696093025       -0.0274593431
        2.1195375431        0.8957363796       -0.0195205804
        2.1195375431        0.8961189185       -0.0195377764
        1.9348642064        0.8768193501       -0.0158526585
        2.1195375431        0.8958676290       -0.0195627084
        2.1195375431        0.8966218802       -0.0208235649
        1.9348642064        0.8766995559       -0.0160557335
        2.1195375431        0.8965170751       -0.0206810310
        1.9348642064        0.8767502141       -0.0160649620
        1.7305951571        0.8518719863       -0.0119481327
        1.9348642064        0.8768999189       -0.0159317415
        2.1195375431        0.8966023806       -0.0207338645
        1.9348642064        0.8768608368       -0.0159634588
        2.1195375431        0.8967809601       -0.0206954924
