#epsqw diagonal term
#1:q+G [au], 2:Re(eps-1), 3:Im(eps-1)
        2.1195375431        1.0223913138       -0.0025468195
        1.9348642064        1.0273441603       -0.0022223450
        2.1195375431        1.0223598048       -0.0025161780
        1.9348642064        1.0273231640       -0.0022048877
        1.7305951571        1.0337783030       -0.0014073329
        1.9348642064        1.0272796135       -0.0021729097
        2.1195375431        1.0223600753       -0.0025170913
        1.9348642064        1.0272989953       -0.0021925617
        2.1195375431        1.0223376957       -0.0024427790
        2.1195375431        1.0224329388       -0.0025854003
        1.9348642064        1.0273474913       -0.0022399931
        2.1195375431        1.0224336332       -0.0025877862
        2.1195375431        1.0223253973       -0.0025834772
        1.4987393697        1.0441947441       -0.0016912094
        1.2237155711        1.0583874577       -0.0017584554
        1.4987393697        1.0441943033       -0.0016888706
        2.1195375431        1.0223147958       -0.0025715590
        1.9348642064        1.0272803970       -0.0022303066
        1.2237155711        1.0579479488       -0.0017516033
        0.8652975786        1.0783552346       -0.0016507161
        1.2237155711        1.0579503100       -0.0017473687
        1.9348642064        1.0272453727       -0.0022001301
        2.1195375431        1.0223303622       -0.0025868506
        1.4987393697        1.0441934400       -0.0016889780
        1.2237155711        1.0583898098       -0.0017557036
        1.4987393697        1.0441781453       -0.0016714739
        2.1195375431        1.0223030192       -0.0024979610
        2.1195375431        1.0224225455       -0.0025743878
        1.9348642064        1.0273147752       -0.0022119054
        2.1195375431        1.0224141703       -0.0024996875
        1.9348642064        1.0273177584       -0.0022658665
        1.7305951571        1.0344516598       -0.0014267872
        1.9348642064        1.0273517258       -0.0022854043
        1.9348642064        1.0272714853       -0.0022724817
        1.2237155711        1.0583949939       -0.0017600782
        0.8652975786        1.0785749175       -0.0017580943
        1.2237155711        1.0584002772       -0.0017579236
        1.9348642064        1.0273094290       -0.0022919385
        1.7305951571        1.0337629204       -0.0014331462
        0.8652975786        1.0783090064       -0.0017274061
        0.0000000000        1.1316812345       -0.0013316689
        0.8652975786        1.0783075511       -0.0017274184
        1.7305951571        1.0337622216       -0.0014331454
        1.9348642064        1.0273097621       -0.0022919411
        1.2237155711        1.0584002633       -0.0017579264
        0.8652975786        1.0785734646       -0.0017581161
        1.2237155711        1.0583934578       -0.0017600805
        1.9348642064        1.0272708051       -0.0022724691
        1.9348642064        1.0273513838       -0.0022854019
        1.7305951571        1.0344509507       -0.0014267864
        1.9348642064        1.0273171008       -0.0022658578
        2.1195375431        1.0224145816       -0.0024996925
        1.9348642064        1.0273151660       -0.0022119093
        2.1195375431        1.0224225811       -0.0025743857
        2.1195375431        1.0223034152       -0.0024979716
        1.4987393697        1.0441783184       -0.0016714745
        1.2237155711        1.0583898775       -0.0017557024
        1.4987393697        1.0441933080       -0.0016889774
        2.1195375431        1.0223299286       -0.0025868405
        1.9348642064        1.0272456376       -0.0022001317
        1.2237155711        1.0579502997       -0.0017473703
        0.8652975786        1.0783538674       -0.0016507294
        1.2237155711        1.0579463587       -0.0017516099
        1.9348642064        1.0272796904       -0.0022302935
        2.1195375431        1.0223148419       -0.0025715552
        1.4987393697        1.0441941782       -0.0016888660
        1.2237155711        1.0583860947       -0.0017584564
        1.4987393697        1.0441941952       -0.0016912036
        2.1195375431        1.0223251654       -0.0025834541
        2.1195375431        1.0224332346       -0.0025877739
        1.9348642064        1.0273468774       -0.0022399782
        2.1195375431        1.0224326947       -0.0025853799
        2.1195375431        1.0223373270       -0.0024427750
        1.9348642064        1.0272986560       -0.0021925545
        2.1195375431        1.0223599018       -0.0025170786
        1.9348642064        1.0272793151       -0.0021729020
        1.7305951571        1.0337776389       -0.0014073295
        1.9348642064        1.0273225062       -0.0022048727
        2.1195375431        1.0223596355       -0.0025161584
        1.9348642064        1.0273435249       -0.0022223251
        2.1195375431        1.0223907623       -0.0025467884
