#epsqw diagonal term
#1:q+G [au], 2:Re(eps-1), 3:Im(eps-1)
        2.1195375431        0.9073340903       -0.0005832014
        1.9348642064        0.8868569554       -0.0005772305
        2.1195375431        0.9074202527       -0.0005795795
        1.9348642064        0.8868527862       -0.0005776754
        1.7305951571        0.8565345936       -0.0005680763
        1.9348642064        0.8868588758       -0.0005768371
        2.1195375431        0.9074238893       -0.0005791504
        1.9348642064        0.8868624261       -0.0005764139
        2.1195375431        0.9073987855       -0.0005803255
        2.1195375431        0.9081401215       -0.0005769648
        1.9348642064        0.8868880104       -0.0005772849
        2.1195375431        0.9080556420       -0.0005801054
        2.1195375431        0.9074163417       -0.0005792975
        1.4987393697        0.7871443908       -0.0009559931
        1.2237155711        0.6919282951       -0.0011762631
        1.4987393697        0.7871385122       -0.0009558481
        2.1195375431        0.9074190747       -0.0005792394
        1.9348642064        0.8868493550       -0.0005766882
        1.2237155711        0.6918758537       -0.0011725497
        0.8652975786        0.5373228671       -0.0016026684
        1.2237155711        0.6919511030       -0.0011705098
        1.9348642064        0.8868551580       -0.0005758853
        2.1195375431        0.9073456889       -0.0005817871
        1.4987393697        0.7871554937       -0.0009551547
        1.2237155711        0.6920022674       -0.0011740261
        1.4987393697        0.7871545042       -0.0009553853
        2.1195375431        0.9074091216       -0.0005789546
        2.1195375431        0.9081469633       -0.0005764768
        1.9348642064        0.8868933236       -0.0005764687
        2.1195375431        0.9081178381       -0.0005771621
        1.9348642064        0.8868787191       -0.0005775029
        1.7305951571        0.8581895238       -0.0005846359
        1.9348642064        0.8868754341       -0.0005783393
        1.9348642064        0.8868509798       -0.0005764504
        1.2237155711        0.6919762732       -0.0011741334
        0.8652975786        0.5374485954       -0.0016088216
        1.2237155711        0.6919081477       -0.0011761635
        1.9348642064        0.8868476351       -0.0005772512
        1.7305951571        0.8565181150       -0.0005681480
        0.8652975786        0.5373151366       -0.0016028984
        0.0000000000        0.1320935355       -0.0021442526
        0.8652975786        0.5373170207       -0.0016029044
        1.7305951571        0.8565195420       -0.0005681466
        1.9348642064        0.8868467476       -0.0005772516
        1.2237155711        0.6919081188       -0.0011761635
        0.8652975786        0.5374505057       -0.0016088272
        1.2237155711        0.6919803665       -0.0011741351
        1.9348642064        0.8868527635       -0.0005764484
        1.9348642064        0.8868763336       -0.0005783388
        1.7305951571        0.8581909656       -0.0005846343
        1.9348642064        0.8868804824       -0.0005775008
        2.1195375431        0.9081173469       -0.0005771625
        1.9348642064        0.8868921981       -0.0005764695
        2.1195375431        0.9081466486       -0.0005764759
        2.1195375431        0.9074086379       -0.0005789552
        1.4987393697        0.7871539913       -0.0009553855
        1.2237155711        0.6920020952       -0.0011740260
        1.4987393697        0.7871560600       -0.0009551545
        2.1195375431        0.9073461375       -0.0005817866
        1.9348642064        0.8868544032       -0.0005758858
        1.2237155711        0.6919510979       -0.0011705097
        0.8652975786        0.5373247769       -0.0016026735
        1.2237155711        0.6918800815       -0.0011725516
        1.9348642064        0.8868512481       -0.0005766862
        2.1195375431        0.9074186789       -0.0005792392
        1.4987393697        0.7871389043       -0.0009558480
        1.2237155711        0.6919320726       -0.0011762650
        1.4987393697        0.7871461198       -0.0009559920
        2.1195375431        0.9074173141       -0.0005792959
        2.1195375431        0.9080560550       -0.0005801049
        1.9348642064        0.8868895665       -0.0005772833
        2.1195375431        0.9081411619       -0.0005769628
        2.1195375431        0.9073989822       -0.0005803261
        1.9348642064        0.8868633567       -0.0005764133
        2.1195375431        0.9074245161       -0.0005791500
        1.9348642064        0.8868596712       -0.0005768365
        1.7305951571        0.8565360497       -0.0005680746
        1.9348642064        0.8868546276       -0.0005776731
        2.1195375431        0.9074208159       -0.0005795792
        1.9348642064        0.8868586656       -0.0005772284
        2.1195375431        0.9073349230       -0.0005831999
