#epsqw diagonal term
#1:q+G [au], 2:Re(eps-1), 3:Im(eps-1)
        2.1195375431        0.9038641197       -0.0160259349
        1.9348642064        0.8850533244       -0.0169135510
        2.1195375431        0.9039162244       -0.0160559735
        1.9348642064        0.8850593338       -0.0169210176
        1.7305951571        0.8455392700       -0.0180225339
        1.9348642064        0.8850056612       -0.0168391761
        2.1195375431        0.9039068492       -0.0160554381
        1.9348642064        0.8849876889       -0.0168076468
        2.1195375431        0.9039776144       -0.0161953483
        2.1195375431        0.9035007053       -0.0167584689
        1.9348642064        0.8853832010       -0.0169346959
        2.1195375431        0.9034597704       -0.0167723769
        2.1195375431        0.9035155057       -0.0167826806
        1.4987393697        0.7788838757       -0.0247438817
        1.2237155711        0.6739145202       -0.0360199664
        1.4987393697        0.7788956151       -0.0246552481
        2.1195375431        0.9035175953       -0.0167471068
        1.9348642064        0.8853815913       -0.0169768483
        1.2237155711        0.6738942088       -0.0360878617
        0.8652975786        0.4894156433       -0.0556128286
        1.2237155711        0.6741433865       -0.0360826019
        1.9348642064        0.8853560810       -0.0168855956
        2.1195375431        0.9034519674       -0.0167485074
        1.4987393697        0.7789750965       -0.0246124495
        1.2237155711        0.6741425876       -0.0362247231
        1.4987393697        0.7791830914       -0.0246628373
        2.1195375431        0.9036102838       -0.0168858418
        2.1195375431        0.9035103306       -0.0167549345
        1.9348642064        0.8853594670       -0.0168326223
        2.1195375431        0.9036087536       -0.0168813196
        1.9348642064        0.8853328540       -0.0167727927
        1.7305951571        0.8451119326       -0.0175977394
        1.9348642064        0.8853642018       -0.0168718983
        1.9348642064        0.8853006317       -0.0168102850
        1.2237155711        0.6760365276       -0.0362509421
        0.8652975786        0.4932980628       -0.0556011186
        1.2237155711        0.6756496925       -0.0360842763
        1.9348642064        0.8853514034       -0.0168757869
        1.7305951571        0.8450561270       -0.0176750307
        0.8652975786        0.4930848118       -0.0557773059
        0.0000000000        0.0543477192       -0.0962491737
        0.8652975786        0.4930862987       -0.0557774448
        1.7305951571        0.8450575696       -0.0176750300
        1.9348642064        0.8853502551       -0.0168758955
        1.2237155711        0.6756496372       -0.0360843083
        0.8652975786        0.4932996434       -0.0556012662
        1.2237155711        0.6760400781       -0.0362516132
        1.9348642064        0.8853022927       -0.0168105439
        1.9348642064        0.8853652753       -0.0168718059
        1.7305951571        0.8451134031       -0.0175977060
        1.9348642064        0.8853345081       -0.0167729704
        2.1195375431        0.9036085020       -0.0168810124
        1.9348642064        0.8853584268       -0.0168324149
        2.1195375431        0.9035100497       -0.0167548064
        2.1195375431        0.9036099462       -0.0168855831
        1.4987393697        0.7791833140       -0.0246621859
        1.2237155711        0.6741428196       -0.0362243838
        1.4987393697        0.7789759653       -0.0246122511
        2.1195375431        0.9034527797       -0.0167482182
        1.9348642064        0.8853554922       -0.0168854204
        1.2237155711        0.6741435864       -0.0360820911
        0.8652975786        0.4894174080       -0.0556130468
        1.2237155711        0.6738985546       -0.0360884109
        1.9348642064        0.8853836108       -0.0169767650
        2.1195375431        0.9035171616       -0.0167470599
        1.4987393697        0.7788963004       -0.0246550924
        1.2237155711        0.6739181910       -0.0360202214
        1.4987393697        0.7788851896       -0.0247441899
        2.1195375431        0.9035165227       -0.0167826888
        2.1195375431        0.9034605126       -0.0167721735
        1.9348642064        0.8853849442       -0.0169346066
        2.1195375431        0.9035017359       -0.0167585255
        2.1195375431        0.9039779991       -0.0161952217
        1.9348642064        0.8849888022       -0.0168076524
        2.1195375431        0.9039075063       -0.0160554460
        1.9348642064        0.8850066486       -0.0168391671
        1.7305951571        0.8455406751       -0.0180225925
        1.9348642064        0.8850610336       -0.0169212435
        2.1195375431        0.9039167875       -0.0160560007
        1.9348642064        0.8850548856       -0.0169137681
        2.1195375431        0.9038646817       -0.0160262409
