#epsqw diagonal term
#1:q+G [au], 2:Re(eps-1), 3:Im(eps-1)
        2.1195375431        1.0465277545       -0.0416447139
        1.9348642064        1.0651012309       -0.0570607867
        2.1195375431        1.0464363926       -0.0415943291
        1.9348642064        1.0681572947       -0.0562051486
        1.7305951571        1.1048011822       -0.0707829297
        1.9348642064        1.0682129496       -0.0558170233
        2.1195375431        1.0465888229       -0.0413789008
        1.9348642064        1.0656844161       -0.0562698469
        2.1195375431        1.0470575029       -0.0406501668
        2.1195375431        1.0416971071       -0.0487730548
        1.9348642064        1.0559777885       -0.0592475145
        2.1195375431        1.0413796215       -0.0490945467
        2.1195375431        1.0467183571       -0.0414582726
        1.4987393697        1.1498290530       -0.0841653746
        1.2237155711        1.2131981414       -0.1507022074
        1.4987393697        1.1493324940       -0.0846732606
        2.1195375431        1.0465199198       -0.0416337871
        1.9348642064        1.0681619737       -0.0563927458
        1.2237155711        1.2283866673       -0.1172203090
        0.8652975786        1.3747056832       -0.1627253954
        1.2237155711        1.2261006302       -0.1170926993
        1.9348642064        1.0682159682       -0.0559963899
        2.1195375431        1.0465389029       -0.0416894040
        1.4987393697        1.1498224770       -0.0840129859
        1.2237155711        1.2123427354       -0.1483736150
        1.4987393697        1.1489903979       -0.0826937233
        2.1195375431        1.0471079062       -0.0407246961
        2.1195375431        1.0416506836       -0.0487274279
        1.9348642064        1.0565760859       -0.0585254566
        2.1195375431        1.0421789453       -0.0480096878
        1.9348642064        1.0566833275       -0.0584788139
        1.7305951571        1.0919388634       -0.1093524262
        1.9348642064        1.0561441241       -0.0591285838
        1.9348642064        1.0659034468       -0.0564030318
        1.2237155711        1.2124630937       -0.1489297359
        0.8652975786        1.3128463000       -0.1960550148
        1.2237155711        1.2135475438       -0.1508136578
        1.9348642064        1.0653787077       -0.0571145250
        1.7305951571        1.1049609337       -0.0710249069
        0.8652975786        1.3751125043       -0.1631293667
        0.0000000000        1.5088133956       -0.6740479683
        0.8652975786        1.3750999701       -0.1631261670
        1.7305951571        1.1049514809       -0.0710234090
        1.9348642064        1.0653824662       -0.0571147098
        1.2237155711        1.2135469291       -0.1508137635
        0.8652975786        1.3128348186       -0.1960491334
        1.2237155711        1.2124533256       -0.1489271535
        1.9348642064        1.0658989450       -0.0564025785
        1.9348642064        1.0561401148       -0.0591282374
        1.7305951571        1.0919291931       -0.1093498909
        1.9348642064        1.0566786882       -0.0584779305
        2.1195375431        1.0421809005       -0.0480089890
        1.9348642064        1.0565802576       -0.0585255409
        2.1195375431        1.0416503076       -0.0487261071
        2.1195375431        1.0471094501       -0.0407244274
        1.4987393697        1.1489924440       -0.0826931882
        1.2237155711        1.2123436895       -0.1483729470
        1.4987393697        1.1498212447       -0.0840130457
        2.1195375431        1.0465370664       -0.0416899597
        1.9348642064        1.0682190185       -0.0559966484
        1.2237155711        1.2261003223       -0.1170926289
        0.8652975786        1.3746929751       -0.1627221253
        1.2237155711        1.2283752220       -0.1172178981
        1.9348642064        1.0681569032       -0.0563922077
        2.1195375431        1.0465194083       -0.0416332840
        1.4987393697        1.1493312581       -0.0846740396
        1.2237155711        1.2131889770       -0.1507006959
        1.4987393697        1.1498252091       -0.0841661203
        2.1195375431        1.0467162739       -0.0414586716
        2.1195375431        1.0413778943       -0.0490952832
        1.9348642064        1.0559734049       -0.0592471181
        2.1195375431        1.0416949756       -0.0487736667
        2.1195375431        1.0470577761       -0.0406508462
        1.9348642064        1.0656804115       -0.0562697850
        2.1195375431        1.0465872109       -0.0413794120
        1.9348642064        1.0682092610       -0.0558166445
        1.7305951571        1.1047910610       -0.0707813660
        1.9348642064        1.0681523371       -0.0562045944
        2.1195375431        1.0464352746       -0.0415947094
        1.9348642064        1.0650964119       -0.0570602278
        2.1195375431        1.0465252006       -0.0416449751
