#epsqw diagonal term
#1:q+G [au], 2:Re(eps-1), 3:Im(eps-1)
        2.1195375431        0.9034055212       -0.0167296059
        1.9348642064        0.8853259837       -0.0168729750
        2.1195375431        0.9034985102       -0.0167368843
        1.9348642064        0.8853520644       -0.0168965985
        1.7305951571        0.8450682809       -0.0176589662
        1.9348642064        0.8853206838       -0.0168181111
        2.1195375431        0.9035037890       -0.0167779622
        1.9348642064        0.8852779631       -0.0167804442
        2.1195375431        0.9035919993       -0.0168776064
        2.1195375431        0.9034884518       -0.0167425583
        1.9348642064        0.8853711525       -0.0169150626
        2.1195375431        0.9034570275       -0.0167850549
        2.1195375431        0.9039320845       -0.0160500965
        1.4987393697        0.7789466279       -0.0246128805
        1.2237155711        0.6756151114       -0.0360356694
        1.4987393697        0.7788953755       -0.0246586933
        2.1195375431        0.9039386048       -0.0160397169
        1.9348642064        0.8851002962       -0.0169995227
        1.2237155711        0.6738825536       -0.0360864446
        0.8652975786        0.4930353145       -0.0557472045
        1.2237155711        0.6740922197       -0.0360911978
        1.9348642064        0.8850486830       -0.0169103414
        2.1195375431        0.9039225363       -0.0160252252
        1.4987393697        0.7789213462       -0.0247601004
        1.2237155711        0.6760251430       -0.0362553691
        1.4987393697        0.7791909233       -0.0246727103
        2.1195375431        0.9040001823       -0.0161790021
        2.1195375431        0.9035210409       -0.0167758674
        1.9348642064        0.8853357604       -0.0168216292
        2.1195375431        0.9036078795       -0.0168914943
        1.9348642064        0.8853562765       -0.0167835021
        1.7305951571        0.8451119524       -0.0175977241
        1.9348642064        0.8853749869       -0.0168935594
        1.9348642064        0.8849978948       -0.0168385731
        1.2237155711        0.6742100555       -0.0362413638
        0.8652975786        0.4932980907       -0.0556010180
        1.2237155711        0.6739762283       -0.0360911492
        1.9348642064        0.8850636628       -0.0169171608
        1.7305951571        0.8455285241       -0.0180430881
        0.8652975786        0.4894484880       -0.0556766228
        0.0000000000        0.0552895623       -0.0966051645
        0.8652975786        0.4894500545       -0.0556766664
        1.7305951571        0.8455299476       -0.0180430914
        1.9348642064        0.8850625642       -0.0169172261
        1.2237155711        0.6739761229       -0.0360911208
        0.8652975786        0.4932996831       -0.0556011474
        1.2237155711        0.6742136884       -0.0362421098
        1.9348642064        0.8849995604       -0.0168387499
        1.9348642064        0.8853760780       -0.0168934723
        1.7305951571        0.8451134198       -0.0175977014
        1.9348642064        0.8853579407       -0.0167836855
        2.1195375431        0.9036075881       -0.0168912087
        1.9348642064        0.8853347427       -0.0168214304
        2.1195375431        0.9035207168       -0.0167758157
        2.1195375431        0.9039998153       -0.0161787894
        1.4987393697        0.7791911767       -0.0246720472
        1.2237155711        0.6760253708       -0.0362550806
        1.4987393697        0.7789222942       -0.0247598930
        2.1195375431        0.9039233075       -0.0160249445
        1.9348642064        0.8850480231       -0.0169101773
        1.2237155711        0.6740924851       -0.0360907177
        0.8652975786        0.4930371559       -0.0557473888
        1.2237155711        0.6738867170       -0.0360867392
        1.9348642064        0.8851023806       -0.0169994773
        2.1195375431        0.9039381691       -0.0160396690
        1.4987393697        0.7788960553       -0.0246585349
        1.2237155711        0.6756188164       -0.0360359267
        1.4987393697        0.7789480253       -0.0246131547
        2.1195375431        0.9039330554       -0.0160501039
        2.1195375431        0.9034577527       -0.0167847853
        1.9348642064        0.8853728779       -0.0169149682
        2.1195375431        0.9034895001       -0.0167425501
        2.1195375431        0.9035923786       -0.0168774281
        1.9348642064        0.8852790814       -0.0167804439
        2.1195375431        0.9035043661       -0.0167780339
        1.9348642064        0.8853216584       -0.0168181042
        1.7305951571        0.8450696995       -0.0176590240
        1.9348642064        0.8853537876       -0.0168968558
        2.1195375431        0.9034990145       -0.0167369467
        1.9348642064        0.8853275578       -0.0168731927
        2.1195375431        0.9034060360       -0.0167298996
