#epsqw diagonal term
#1:q+G [au], 2:Re(eps-1), 3:Im(eps-1)
        2.1195375431        1.0035171796       -0.0000110808
        1.9348642064        1.0044814549       -0.0000142404
        2.1195375431        1.0035176842       -0.0000110816
        1.9348642064        1.0044807842       -0.0000142398
        1.7305951571        1.0058467092       -0.0000186361
        1.9348642064        1.0044813278       -0.0000142424
        2.1195375431        1.0035176745       -0.0000110815
        1.9348642064        1.0044822548       -0.0000142427
        2.1195375431        1.0035182078       -0.0000110831
        2.1195375431        1.0035138079       -0.0000110575
        1.9348642064        1.0044788274       -0.0000142311
        2.1195375431        1.0035132955       -0.0000110575
        2.1195375431        1.0035149675       -0.0000110606
        1.4987393697        1.0077784382       -0.0000281020
        1.2237155711        1.0107374122       -0.0000417569
        1.4987393697        1.0077780432       -0.0000281019
        2.1195375431        1.0035149184       -0.0000110609
        1.9348642064        1.0044805717       -0.0000142369
        1.2237155711        1.0107387161       -0.0000417626
        0.8652975786        1.0151099144       -0.0000652772
        1.2237155711        1.0107384554       -0.0000417588
        1.9348642064        1.0044811119       -0.0000142396
        2.1195375431        1.0035143614       -0.0000110605
        1.4987393697        1.0077780314       -0.0000281017
        1.2237155711        1.0107378490       -0.0000417526
        1.4987393697        1.0077793023       -0.0000281040
        2.1195375431        1.0035153617       -0.0000110623
        2.1195375431        1.0035138025       -0.0000110576
        1.9348642064        1.0044794606       -0.0000142336
        2.1195375431        1.0035143799       -0.0000110593
        1.9348642064        1.0044785000       -0.0000142319
        1.7305951571        1.0058217137       -0.0000184692
        1.9348642064        1.0044778001       -0.0000142294
        1.9348642064        1.0044808676       -0.0000142378
        1.2237155711        1.0107250948       -0.0000416715
        0.8652975786        1.0150988426       -0.0000652253
        1.2237155711        1.0107241256       -0.0000416753
        1.9348642064        1.0044802046       -0.0000142355
        1.7305951571        1.0058251636       -0.0000184786
        0.8652975786        1.0151036411       -0.0000652425
        0.0000000000        1.0254225799       -0.0001801913
        0.8652975786        1.0151043184       -0.0000652386
        1.7305951571        1.0058249067       -0.0000184782
        1.9348642064        1.0044802731       -0.0000142356
        1.2237155711        1.0107241528       -0.0000416752
        0.8652975786        1.0150994844       -0.0000652214
        1.2237155711        1.0107248259       -0.0000416703
        1.9348642064        1.0044808227       -0.0000142376
        1.9348642064        1.0044777181       -0.0000142292
        1.7305951571        1.0058214401       -0.0000184689
        1.9348642064        1.0044784439       -0.0000142317
        2.1195375431        1.0035144928       -0.0000110595
        1.9348642064        1.0044794759       -0.0000142337
        2.1195375431        1.0035138538       -0.0000110575
        2.1195375431        1.0035154665       -0.0000110626
        1.4987393697        1.0077798205       -0.0000281044
        1.2237155711        1.0107378466       -0.0000417528
        1.4987393697        1.0077782095       -0.0000281019
        2.1195375431        1.0035142889       -0.0000110601
        1.9348642064        1.0044811107       -0.0000142396
        1.2237155711        1.0107383761       -0.0000417590
        0.8652975786        1.0151087233       -0.0000652792
        1.2237155711        1.0107383571       -0.0000417616
        1.9348642064        1.0044804348       -0.0000142366
        2.1195375431        1.0035149644       -0.0000110608
        1.4987393697        1.0077782077       -0.0000281021
        1.2237155711        1.0107370897       -0.0000417560
        1.4987393697        1.0077781272       -0.0000281014
        2.1195375431        1.0035148838       -0.0000110606
        2.1195375431        1.0035132170       -0.0000110571
        1.9348642064        1.0044787166       -0.0000142308
        2.1195375431        1.0035137280       -0.0000110575
        2.1195375431        1.0035182485       -0.0000110831
        1.9348642064        1.0044821369       -0.0000142424
        2.1195375431        1.0035176779       -0.0000110812
        1.9348642064        1.0044812264       -0.0000142422
        1.7305951571        1.0058467146       -0.0000186358
        1.9348642064        1.0044806833       -0.0000142395
        2.1195375431        1.0035176911       -0.0000110813
        1.9348642064        1.0044813497       -0.0000142401
        2.1195375431        1.0035171712       -0.0000110810
