#epsqw diagonal term
#1:q+G [au], 2:Re(eps-1), 3:Im(eps-1)
        2.1195375431        0.8987482409       -0.0293385242
        1.9348642064        0.8775129040       -0.0238530391
        2.1195375431        0.8988545719       -0.0294482817
        1.9348642064        0.8774691870       -0.0237454674
        1.7305951571        0.8494506073       -0.0153222691
        1.9348642064        0.8777485173       -0.0240015719
        2.1195375431        0.8988046199       -0.0295415108
        1.9348642064        0.8777812222       -0.0241230983
        2.1195375431        0.8988530472       -0.0294802021
        2.1195375431        0.8966671193       -0.0288344260
        1.9348642064        0.8774043819       -0.0239509912
        2.1195375431        0.8965798340       -0.0285972468
        2.1195375431        0.8965560707       -0.0289985448
        1.4987393697        0.7684482317       -0.0372540344
        1.2237155711        0.6722292486       -0.0411349390
        1.4987393697        0.7685793896       -0.0371914687
        2.1195375431        0.8965667519       -0.0288987898
        1.9348642064        0.8773089551       -0.0240060769
        1.2237155711        0.6724485042       -0.0412404946
        0.8652975786        0.4812172413       -0.0605662930
        1.2237155711        0.6726939455       -0.0407080966
        1.9348642064        0.8776277703       -0.0242291170
        2.1195375431        0.8964154508       -0.0287703500
        1.4987393697        0.7685459746       -0.0371734851
        1.2237155711        0.6725663265       -0.0405989110
        1.4987393697        0.7685725341       -0.0367603708
        2.1195375431        0.8967138544       -0.0288111013
        2.1195375431        0.8966177840       -0.0288244984
        1.9348642064        0.8776212874       -0.0242144533
        2.1195375431        0.8967206142       -0.0286999592
        1.9348642064        0.8777233559       -0.0240590756
        1.7305951571        0.8498782928       -0.0148662391
        1.9348642064        0.8774400350       -0.0237964199
        1.9348642064        0.8777508283       -0.0241821254
        1.2237155711        0.6732373371       -0.0400413705
        0.8652975786        0.4842990809       -0.0598048485
        1.2237155711        0.6731033903       -0.0406321427
        1.9348642064        0.8774003611       -0.0239528572
        1.7305951571        0.8498935480       -0.0148095570
        0.8652975786        0.4842971220       -0.0594662132
        0.0000000000        0.1059809837       -0.1185883675
        0.8652975786        0.4842998417       -0.0594667716
        1.7305951571        0.8498949994       -0.0148096039
        1.9348642064        0.8773997283       -0.0239530904
        1.2237155711        0.6731033463       -0.0406322465
        0.8652975786        0.4843018838       -0.0598054402
        1.2237155711        0.6732415116       -0.0400416885
        1.9348642064        0.8777529580       -0.0241821965
        1.9348642064        0.8774406324       -0.0237962340
        1.7305951571        0.8498797763       -0.0148662954
        1.9348642064        0.8777254935       -0.0240592268
        2.1195375431        0.8967200066       -0.0287000911
        1.9348642064        0.8776198710       -0.0242146669
        2.1195375431        0.8966174361       -0.0288245136
        2.1195375431        0.8967131130       -0.0288110657
        1.4987393697        0.7685718937       -0.0367603059
        1.2237155711        0.6725659461       -0.0405989811
        1.4987393697        0.7685463678       -0.0371735510
        2.1195375431        0.8964155621       -0.0287700697
        1.9348642064        0.8776267207       -0.0242292569
        1.2237155711        0.6726937109       -0.0407082000
        0.8652975786        0.4812174167       -0.0605661640
        1.2237155711        0.6724526124       -0.0412407057
        1.9348642064        0.8773104537       -0.0240057908
        2.1195375431        0.8965664012       -0.0288989591
        1.4987393697        0.7685796259       -0.0371915248
        1.2237155711        0.6722328500       -0.0411352593
        1.4987393697        0.7684500050       -0.0372541331
        2.1195375431        0.8965568548       -0.0289983501
        2.1195375431        0.8965797818       -0.0285969224
        1.9348642064        0.8774055232       -0.0239506615
        2.1195375431        0.8966681251       -0.0288343213
        2.1195375431        0.8988531689       -0.0294804391
        1.9348642064        0.8777820179       -0.0241234589
        2.1195375431        0.8988053947       -0.0295419381
        1.9348642064        0.8777492959       -0.0240018827
        1.7305951571        0.8494520518       -0.0153222287
        1.9348642064        0.8774717044       -0.0237460862
        2.1195375431        0.8988553017       -0.0294487154
        1.9348642064        0.8775152038       -0.0238534914
        2.1195375431        0.8987494199       -0.0293386686
