#epsqw diagonal term
#1:q+G [au], 2:Re(eps-1), 3:Im(eps-1)
        2.1195375431        0.9074221430       -0.0005753696
        1.9348642064        0.8869290897       -0.0005717923
        2.1195375431        0.9075070017       -0.0005719361
        1.9348642064        0.8869251276       -0.0005721982
        1.7305951571        0.8565846917       -0.0005655986
        1.9348642064        0.8869308969       -0.0005714105
        2.1195375431        0.9075104303       -0.0005715388
        1.9348642064        0.8869342511       -0.0005710241
        2.1195375431        0.9074857742       -0.0005726541
        2.1195375431        0.9082275420       -0.0005691395
        1.9348642064        0.8869602276       -0.0005718196
        2.1195375431        0.9081440975       -0.0005721479
        2.1195375431        0.9075029532       -0.0005716696
        1.4987393697        0.7872664520       -0.0009466689
        1.2237155711        0.6920632718       -0.0011681253
        1.4987393697        0.7872604671       -0.0009465462
        2.1195375431        0.9075056797       -0.0005716092
        1.9348642064        0.8869212245       -0.0005712879
        1.2237155711        0.6920096396       -0.0011644713
        0.8652975786        0.5375069560       -0.0015946323
        1.2237155711        0.6920841816       -0.0011625096
        1.9348642064        0.8869267240       -0.0005705321
        2.1195375431        0.9074330821       -0.0005740589
        1.4987393697        0.7872771688       -0.0009458906
        1.2237155711        0.6921364698       -0.0011659751
        1.4987393697        0.7872761383       -0.0009461473
        2.1195375431        0.9074954572       -0.0005713933
        2.1195375431        0.9082341698       -0.0005686808
        1.9348642064        0.8869652328       -0.0005710513
        2.1195375431        0.9082051717       -0.0005693809
        1.9348642064        0.8869511123       -0.0005719983
        1.7305951571        0.8582433231       -0.0005820313
        1.9348642064        0.8869481485       -0.0005727844
        1.9348642064        0.8869228214       -0.0005710468
        1.2237155711        0.6921104770       -0.0011660734
        0.8652975786        0.5376344907       -0.0016007359
        1.2237155711        0.6920430396       -0.0011680287
        1.9348642064        0.8869197825       -0.0005718001
        1.7305951571        0.8565682201       -0.0005656710
        0.8652975786        0.5374992966       -0.0015948607
        0.0000000000        0.1325340912       -0.0021203249
        0.8652975786        0.5375011810       -0.0015948666
        1.7305951571        0.8565696473       -0.0005656696
        1.9348642064        0.8869188948       -0.0005718006
        1.2237155711        0.6920430107       -0.0011680288
        0.8652975786        0.5376364012       -0.0016007413
        1.2237155711        0.6921145712       -0.0011660751
        1.9348642064        0.8869246055       -0.0005710448
        1.9348642064        0.8869490482       -0.0005727838
        1.7305951571        0.8582447649       -0.0005820296
        1.9348642064        0.8869528757       -0.0005719962
        2.1195375431        0.9082046805       -0.0005693812
        1.9348642064        0.8869641070       -0.0005710522
        2.1195375431        0.9082338547       -0.0005686800
        2.1195375431        0.9074949735       -0.0005713939
        1.4987393697        0.7872756252       -0.0009461476
        1.2237155711        0.6921362977       -0.0011659750
        1.4987393697        0.7872777346       -0.0009458904
        2.1195375431        0.9074335307       -0.0005740585
        1.9348642064        0.8869259689       -0.0005705326
        1.2237155711        0.6920841765       -0.0011625095
        0.8652975786        0.5375088672       -0.0015946375
        1.2237155711        0.6920138687       -0.0011644731
        1.9348642064        0.8869231177       -0.0005712858
        2.1195375431        0.9075052835       -0.0005716090
        1.4987393697        0.7872608587       -0.0009465461
        1.2237155711        0.6920670504       -0.0011681271
        1.4987393697        0.7872681819       -0.0009466677
        2.1195375431        0.9075039257       -0.0005716680
        2.1195375431        0.9081445105       -0.0005721475
        1.9348642064        0.8869617839       -0.0005718180
        2.1195375431        0.9082285825       -0.0005691376
        2.1195375431        0.9074859713       -0.0005726546
        1.9348642064        0.8869351819       -0.0005710234
        2.1195375431        0.9075110571       -0.0005715384
        1.9348642064        0.8869316925       -0.0005714099
        1.7305951571        0.8565861478       -0.0005655968
        1.9348642064        0.8869269692       -0.0005721959
        2.1195375431        0.9075075649       -0.0005719358
        1.9348642064        0.8869308001       -0.0005717903
        2.1195375431        0.9074229759       -0.0005753681
