#epsqw diagonal term
#1:q+G [au], 2:Re(eps-1), 3:Im(eps-1)
        2.1195375431        0.8890058640       -0.0524509229
        1.9348642064        0.8577372720       -0.0708865800
        2.1195375431        0.8891720108       -0.0526911972
        1.9348642064        0.8569345152       -0.0715201358
        1.7305951571        0.8134466109       -0.1018239953
        1.9348642064        0.8577110002       -0.0710899532
        2.1195375431        0.8890694447       -0.0529465138
        1.9348642064        0.8585000491       -0.0708463919
        2.1195375431        0.8893127354       -0.0521816771
        2.1195375431        0.8901760596       -0.0523745950
        1.9348642064        0.8577793798       -0.0699195907
        2.1195375431        0.8892775808       -0.0520889565
        2.1195375431        0.8893888998       -0.0539546971
        1.4987393697        0.7198798285       -0.1564627686
        1.2237155711        0.6164029107       -0.1936268466
        1.4987393697        0.7198015315       -0.1560106144
        2.1195375431        0.8893859587       -0.0540229427
        1.9348642064        0.8576356829       -0.0711723702
        1.2237155711        0.6247551504       -0.2096989755
        0.8652975786        0.4882743780       -0.2610446281
        1.2237155711        0.6259863497       -0.2083615162
        1.9348642064        0.8583316234       -0.0707711367
        2.1195375431        0.8894596336       -0.0536004126
        1.4987393697        0.7195295760       -0.1563517994
        1.2237155711        0.6161773080       -0.1928384954
        1.4987393697        0.7188946421       -0.1538442289
        2.1195375431        0.8895437474       -0.0536315574
        2.1195375431        0.8900779271       -0.0524388934
        1.9348642064        0.8585400836       -0.0696828591
        2.1195375431        0.8898543314       -0.0515925304
        1.9348642064        0.8585900668       -0.0708133558
        1.7305951571        0.8124971656       -0.1021209263
        1.9348642064        0.8576476300       -0.0709564409
        1.9348642064        0.8590687144       -0.0711631498
        1.2237155711        0.6243350908       -0.2083010493
        0.8652975786        0.4877959137       -0.2630758746
        1.2237155711        0.6227850046       -0.2100090033
        1.9348642064        0.8581951269       -0.0715033266
        1.7305951571        0.8220109591       -0.0884862270
        0.8652975786        0.4601443005       -0.2790217378
        0.0000000000        0.2327414756       -0.5494660723
        0.8652975786        0.4601437907       -0.2790239901
        1.7305951571        0.8220127094       -0.0884865640
        1.9348642064        0.8581940588       -0.0715032487
        1.2237155711        0.6227851574       -0.2100100467
        0.8652975786        0.4877972804       -0.2630782633
        1.2237155711        0.6243405683       -0.2083040904
        1.9348642064        0.8590716331       -0.0711632464
        1.9348642064        0.8576489117       -0.0709565882
        1.7305951571        0.8124990532       -0.1021215012
        1.9348642064        0.8585924699       -0.0708138378
        2.1195375431        0.8898542125       -0.0515919494
        1.9348642064        0.8585382830       -0.0696826841
        2.1195375431        0.8900777501       -0.0524392272
        2.1195375431        0.8895437001       -0.0536317608
        1.4987393697        0.7188937942       -0.1538430900
        1.2237155711        0.6161771118       -0.1928374527
        1.4987393697        0.7195306333       -0.1563543260
        2.1195375431        0.8894607207       -0.0535997977
        1.9348642064        0.8583304377       -0.0707713654
        1.2237155711        0.6259869235       -0.2083612111
        0.8652975786        0.4882744524       -0.2610470756
        1.2237155711        0.6247615237       -0.2097023419
        1.9348642064        0.8576383770       -0.0711726033
        2.1195375431        0.8893853493       -0.0540230833
        1.4987393697        0.7198016010       -0.1560109171
        1.2237155711        0.6164071819       -0.1936304387
        1.4987393697        0.7198832897       -0.1564656746
        2.1195375431        0.8893903588       -0.0539557163
        2.1195375431        0.8892776084       -0.0520891358
        1.9348642064        0.8577818364       -0.0699199354
        2.1195375431        0.8901771130       -0.0523755367
        2.1195375431        0.8893124746       -0.0521810295
        1.9348642064        0.8585010206       -0.0708462094
        2.1195375431        0.8890702940       -0.0529467719
        1.9348642064        0.8577118954       -0.0710899357
        1.7305951571        0.8134483519       -0.1018245206
        1.9348642064        0.8569371790       -0.0715197101
        2.1195375431        0.8891717453       -0.0526915354
        1.9348642064        0.8577404258       -0.0708867499
        2.1195375431        0.8890074455       -0.0524512825
