#epsqw diagonal term
#1:q+G [au], 2:Re(eps-1), 3:Im(eps-1)
        2.1195375431        0.9072177087       -0.0005939604
        1.9348642064        0.8867614108       -0.0005846299
        2.1195375431        0.9073037913       -0.0005901207
        1.9348642064        0.8867587144       -0.0005850914
        1.7305951571        0.8564694877       -0.0005713400
        1.9348642064        0.8867651012       -0.0005841835
        2.1195375431        0.9073112770       -0.0005895535
        1.9348642064        0.8867674195       -0.0005837436
        2.1195375431        0.9072837703       -0.0005908586
        2.1195375431        0.9073084356       -0.0005909354
        1.9348642064        0.8867865385       -0.0005848898
        2.1195375431        0.9072267611       -0.0005941693
        2.1195375431        0.9080175389       -0.0005865764
        1.4987393697        0.7869845485       -0.0009687187
        1.2237155711        0.6917395710       -0.0011843567
        1.4987393697        0.7869880148       -0.0009684429
        2.1195375431        0.9080180894       -0.0005865751
        1.9348642064        0.8867617026       -0.0005838353
        1.2237155711        0.6917134844       -0.0011862720
        0.8652975786        0.5370839163       -0.0016132241
        1.2237155711        0.6917890809       -0.0011840529
        1.9348642064        0.8867681891       -0.0005829607
        2.1195375431        0.9079417389       -0.0005892902
        1.4987393697        0.7869863675       -0.0009679216
        1.2237155711        0.6918153274       -0.0011820869
        1.4987393697        0.7869945083       -0.0009680130
        2.1195375431        0.9080049465       -0.0005862358
        2.1195375431        0.9073172376       -0.0005903633
        1.9348642064        0.8867920078       -0.0005840112
        2.1195375431        0.9072915316       -0.0005909772
        1.9348642064        0.8867774512       -0.0005851510
        1.7305951571        0.8565085190       -0.0005713565
        1.9348642064        0.8867741078       -0.0005860523
        1.9348642064        0.8867628803       -0.0005836146
        1.2237155711        0.6918010716       -0.0011849882
        0.8652975786        0.5371216084       -0.0016135685
        1.2237155711        0.6917320491       -0.0011871214
        1.9348642064        0.8867587492       -0.0005844889
        1.7305951571        0.8580634651       -0.0005881348
        0.8652975786        0.5371624288       -0.0016193378
        0.0000000000        0.1315369463       -0.0021759183
        0.8652975786        0.5371643030       -0.0016193435
        1.7305951571        0.8580648724       -0.0005881333
        1.9348642064        0.8867578611       -0.0005844893
        1.2237155711        0.6917320176       -0.0011871211
        0.8652975786        0.5371235251       -0.0016135743
        1.2237155711        0.6918051640       -0.0011849902
        1.9348642064        0.8867646639       -0.0005836127
        1.9348642064        0.8867750063       -0.0005860518
        1.7305951571        0.8565099814       -0.0005713550
        1.9348642064        0.8867792154       -0.0005851489
        2.1195375431        0.9072910488       -0.0005909775
        1.9348642064        0.8867908835       -0.0005840119
        2.1195375431        0.9073169474       -0.0005903624
        2.1195375431        0.9080044557       -0.0005862363
        1.4987393697        0.7869939929       -0.0009680132
        1.2237155711        0.6918151575       -0.0011820869
        1.4987393697        0.7869869052       -0.0009679213
        2.1195375431        0.9079421959       -0.0005892899
        1.9348642064        0.8867674334       -0.0005829611
        1.2237155711        0.6917890751       -0.0011840527
        0.8652975786        0.5370858257       -0.0016132294
        1.2237155711        0.6917177096       -0.0011862739
        1.9348642064        0.8867635949       -0.0005838332
        2.1195375431        0.9080176691       -0.0005865748
        1.4987393697        0.7869884348       -0.0009684429
        1.2237155711        0.6917433481       -0.0011843588
        1.4987393697        0.7869862776       -0.0009687176
        2.1195375431        0.9080185232       -0.0005865748
        2.1195375431        0.9072271680       -0.0005941689
        1.9348642064        0.8867880944       -0.0005848883
        2.1195375431        0.9073094648       -0.0005909335
        2.1195375431        0.9072839665       -0.0005908593
        1.9348642064        0.8867683493       -0.0005837430
        2.1195375431        0.9073119038       -0.0005895531
        1.9348642064        0.8867658962       -0.0005841829
        1.7305951571        0.8564709431       -0.0005713382
        1.9348642064        0.8867605559       -0.0005850891
        2.1195375431        0.9073043540       -0.0005901203
        1.9348642064        0.8867631204       -0.0005846279
        2.1195375431        0.9072185438       -0.0005939590
