#epsqw diagonal term
#1:q+G [au], 2:Re(eps-1), 3:Im(eps-1)
        2.1195375431        1.0018052539       -0.0000054494
        1.9348642064        1.0023067636       -0.0000070369
        2.1195375431        1.0018063306       -0.0000054499
        1.9348642064        1.0023065649       -0.0000070374
        1.7305951571        1.0030125118       -0.0000092098
        1.9348642064        1.0023073212       -0.0000070380
        2.1195375431        1.0018063064       -0.0000054505
        1.9348642064        1.0023078426       -0.0000070393
        2.1195375431        1.0018060353       -0.0000054514
        2.1195375431        1.0018052339       -0.0000054441
        1.9348642064        1.0023055181       -0.0000070337
        2.1195375431        1.0018045029       -0.0000054440
        2.1195375431        1.0018054321       -0.0000054454
        1.4987393697        1.0040284088       -0.0000140691
        1.2237155711        1.0055748191       -0.0000210371
        1.4987393697        1.0040290728       -0.0000140683
        2.1195375431        1.0018056294       -0.0000054451
        1.9348642064        1.0023072039       -0.0000070377
        1.2237155711        1.0055780444       -0.0000210462
        0.8652975786        1.0078617207       -0.0000331000
        1.2237155711        1.0055743796       -0.0000210384
        1.9348642064        1.0023074780       -0.0000070390
        2.1195375431        1.0018052556       -0.0000054456
        1.4987393697        1.0040296016       -0.0000140697
        1.2237155711        1.0055744917       -0.0000210421
        1.4987393697        1.0040282395       -0.0000140738
        2.1195375431        1.0018053701       -0.0000054466
        2.1195375431        1.0018053005       -0.0000054444
        1.9348642064        1.0023066076       -0.0000070370
        2.1195375431        1.0018052108       -0.0000054455
        1.9348642064        1.0023061728       -0.0000070361
        1.7305951571        1.0030065057       -0.0000091707
        1.9348642064        1.0023055810       -0.0000070337
        1.9348642064        1.0023081725       -0.0000070388
        1.2237155711        1.0055726674       -0.0000210203
        0.8652975786        1.0078674892       -0.0000331083
        1.2237155711        1.0055722601       -0.0000210177
        1.9348642064        1.0023070489       -0.0000070368
        1.7305951571        1.0030071551       -0.0000091728
        0.8652975786        1.0078649903       -0.0000331021
        0.0000000000        1.0132082726       -0.0000921771
        0.8652975786        1.0078625907       -0.0000331020
        1.7305951571        1.0030073932       -0.0000091723
        1.9348642064        1.0023071441       -0.0000070367
        1.2237155711        1.0055723624       -0.0000210178
        0.8652975786        1.0078651870       -0.0000331083
        1.2237155711        1.0055724107       -0.0000210213
        1.9348642064        1.0023085201       -0.0000070392
        1.9348642064        1.0023055214       -0.0000070339
        1.7305951571        1.0030067401       -0.0000091703
        1.9348642064        1.0023065325       -0.0000070365
        2.1195375431        1.0018054760       -0.0000054456
        1.9348642064        1.0023062222       -0.0000070365
        2.1195375431        1.0018050220       -0.0000054442
        2.1195375431        1.0018056205       -0.0000054466
        1.4987393697        1.0040280461       -0.0000140724
        1.2237155711        1.0055745634       -0.0000210408
        1.4987393697        1.0040286205       -0.0000140690
        2.1195375431        1.0018047399       -0.0000054451
        1.9348642064        1.0023070923       -0.0000070384
        1.2237155711        1.0055745006       -0.0000210369
        0.8652975786        1.0078637973       -0.0000330993
        1.2237155711        1.0055778101       -0.0000210457
        1.9348642064        1.0023070836       -0.0000070378
        2.1195375431        1.0018053503       -0.0000054449
        1.4987393697        1.0040280996       -0.0000140676
        1.2237155711        1.0055746896       -0.0000210366
        1.4987393697        1.0040293025       -0.0000140696
        2.1195375431        1.0018056756       -0.0000054455
        2.1195375431        1.0018039873       -0.0000054436
        1.9348642064        1.0023054315       -0.0000070338
        2.1195375431        1.0018054994       -0.0000054443
        2.1195375431        1.0018062348       -0.0000054513
        1.9348642064        1.0023073822       -0.0000070386
        2.1195375431        1.0018060075       -0.0000054502
        1.9348642064        1.0023068583       -0.0000070374
        1.7305951571        1.0030121086       -0.0000092099
        1.9348642064        1.0023065368       -0.0000070370
        2.1195375431        1.0018060211       -0.0000054497
        1.9348642064        1.0023067602       -0.0000070365
        2.1195375431        1.0018056904       -0.0000054497
