#epsqw diagonal term
#1:q+G [au], 2:Re(eps-1), 3:Im(eps-1)
        2.1195375431        0.9080977653       -0.0343564993
        1.9348642064        0.8877305626       -0.0266759468
        2.1195375431        0.9081188303       -0.0340630589
        1.9348642064        0.8878046383       -0.0268662437
        1.7305951571        0.8555253889       -0.0184939103
        1.9348642064        0.8877169693       -0.0263707115
        2.1195375431        0.9081682656       -0.0340311865
        1.9348642064        0.8876086028       -0.0261528895
        2.1195375431        0.9080800383       -0.0340466500
        2.1195375431        0.9081628019       -0.0340906111
        1.9348642064        0.8877946167       -0.0266558122
        2.1195375431        0.9080301128       -0.0344419496
        2.1195375431        0.9098914330       -0.0339007356
        1.4987393697        0.7824387184       -0.0494118015
        1.2237155711        0.6883520143       -0.0417747976
        1.4987393697        0.7823886380       -0.0494219653
        2.1195375431        0.9098972017       -0.0339219724
        1.9348642064        0.8877757343       -0.0268046131
        1.2237155711        0.6883902243       -0.0424464653
        0.8652975786        0.5047935177       -0.0914680448
        1.2237155711        0.6875225338       -0.0421590805
        1.9348642064        0.8876040190       -0.0262318631
        2.1195375431        0.9096737402       -0.0341902217
        1.4987393697        0.7822949586       -0.0494089456
        1.2237155711        0.6875687640       -0.0415329713
        1.4987393697        0.7820103293       -0.0497830261
        2.1195375431        0.9098491661       -0.0338449132
        2.1195375431        0.9081999652       -0.0340861195
        1.9348642064        0.8876752094       -0.0261287821
        2.1195375431        0.9080951693       -0.0341454666
        1.9348642064        0.8877912476       -0.0264185268
        1.7305951571        0.8556091451       -0.0184846755
        1.9348642064        0.8878452218       -0.0269431005
        1.9348642064        0.8876390379       -0.0262877484
        1.2237155711        0.6876172953       -0.0419875632
        0.8652975786        0.5050308160       -0.0914522234
        1.2237155711        0.6885011131       -0.0421824280
        1.9348642064        0.8877773064       -0.0268851646
        1.7305951571        0.8544750551       -0.0200424631
        0.8652975786        0.5004258078       -0.0976462489
        0.0000000000        0.1037928758       -0.1161777907
        0.8652975786        0.5004276748       -0.0976464368
        1.7305951571        0.8544764787       -0.0200424406
        1.9348642064        0.8877763791       -0.0268849210
        1.2237155711        0.6885010748       -0.0421824233
        0.8652975786        0.5050326365       -0.0914523933
        1.2237155711        0.6876214870       -0.0419878365
        1.9348642064        0.8876408815       -0.0262878614
        1.9348642064        0.8878461519       -0.0269433587
        1.7305951571        0.8556106184       -0.0184846798
        1.9348642064        0.8877930864       -0.0264186442
        2.1195375431        0.9080946626       -0.0341454828
        1.9348642064        0.8876739775       -0.0261286833
        2.1195375431        0.9081996021       -0.0340859238
        2.1195375431        0.9098486403       -0.0338449830
        1.4987393697        0.7820098993       -0.0497834615
        1.2237155711        0.6875685384       -0.0415329368
        1.4987393697        0.7822955269       -0.0494091441
        2.1195375431        0.9096741734       -0.0341904088
        1.9348642064        0.8876031581       -0.0262318001
        1.2237155711        0.6875224603       -0.0421590545
        0.8652975786        0.5047948425       -0.0914690108
        1.2237155711        0.6883945812       -0.0424468546
        1.9348642064        0.8877776621       -0.0268049406
        2.1195375431        0.9098967122       -0.0339217570
        1.4987393697        0.7823890296       -0.0494221687
        1.2237155711        0.6883558754       -0.0417751167
        1.4987393697        0.7824404214       -0.0494117783
        2.1195375431        0.9098923809       -0.0339008895
        2.1195375431        0.9080305242       -0.0344421505
        1.9348642064        0.8877961896       -0.0266560867
        2.1195375431        0.9081638334       -0.0340906647
        2.1195375431        0.9080802302       -0.0340468444
        1.9348642064        0.8876095778       -0.0261530362
        2.1195375431        0.9081689438       -0.0340312375
        1.9348642064        0.8877177903       -0.0263707816
        1.7305951571        0.8555268577       -0.0184939306
        1.9348642064        0.8878065555       -0.0268661396
        2.1195375431        0.9081194535       -0.0340630721
        1.9348642064        0.8877323288       -0.0266758798
        2.1195375431        0.9080986176       -0.0343563078
