#epsqw diagonal term
#1:q+G [au], 2:Re(eps-1), 3:Im(eps-1)
        2.1195375431        1.0013031667       -0.0000038844
        1.9348642064        1.0016682075       -0.0000050244
        2.1195375431        1.0013027392       -0.0000038844
        1.9348642064        1.0016671651       -0.0000050235
        1.7305951571        1.0021756590       -0.0000065572
        1.9348642064        1.0016695626       -0.0000050267
        2.1195375431        1.0013025113       -0.0000038846
        1.9348642064        1.0016684388       -0.0000050265
        2.1195375431        1.0013046341       -0.0000038851
        2.1195375431        1.0013024359       -0.0000038864
        1.9348642064        1.0016664580       -0.0000050223
        2.1195375431        1.0013028871       -0.0000038861
        2.1195375431        1.0013027974       -0.0000038846
        1.4987393697        1.0029107361       -0.0000100847
        1.2237155711        1.0040353843       -0.0000151104
        1.4987393697        1.0029099008       -0.0000100846
        2.1195375431        1.0013026205       -0.0000038844
        1.9348642064        1.0016667461       -0.0000050232
        1.2237155711        1.0040311568       -0.0000150975
        0.8652975786        1.0057121087       -0.0000238361
        1.2237155711        1.0040386426       -0.0000151062
        1.9348642064        1.0016688066       -0.0000050265
        2.1195375431        1.0013029110       -0.0000038840
        1.4987393697        1.0029106556       -0.0000100844
        1.2237155711        1.0040389717       -0.0000151152
        1.4987393697        1.0029174179       -0.0000100870
        2.1195375431        1.0013046924       -0.0000038853
        2.1195375431        1.0013016562       -0.0000038861
        1.9348642064        1.0016670508       -0.0000050251
        2.1195375431        1.0013041601       -0.0000038868
        1.9348642064        1.0016672877       -0.0000050245
        1.7305951571        1.0021728571       -0.0000065732
        1.9348642064        1.0016664747       -0.0000050223
        1.9348642064        1.0016685157       -0.0000050259
        1.2237155711        1.0040392629       -0.0000151092
        0.8652975786        1.0056773676       -0.0000238181
        1.2237155711        1.0040343052       -0.0000151072
        1.9348642064        1.0016679592       -0.0000050241
        1.7305951571        1.0021744190       -0.0000065561
        0.8652975786        1.0056991961       -0.0000238282
        0.0000000000        1.0095226592       -0.0000664774
        0.8652975786        1.0057035923       -0.0000238316
        1.7305951571        1.0021746278       -0.0000065564
        1.9348642064        1.0016678764       -0.0000050241
        1.2237155711        1.0040342765       -0.0000151072
        0.8652975786        1.0056817595       -0.0000238212
        1.2237155711        1.0040383246       -0.0000151116
        1.9348642064        1.0016683089       -0.0000050262
        1.9348642064        1.0016665776       -0.0000050225
        1.7305951571        1.0021730529       -0.0000065736
        1.9348642064        1.0016671903       -0.0000050250
        2.1195375431        1.0013040301       -0.0000038868
        1.9348642064        1.0016671792       -0.0000050246
        2.1195375431        1.0013022033       -0.0000038863
        2.1195375431        1.0013046395       -0.0000038853
        1.4987393697        1.0029167205       -0.0000100865
        1.2237155711        1.0040397218       -0.0000151123
        1.4987393697        1.0029112626       -0.0000100848
        2.1195375431        1.0013031102       -0.0000038845
        1.9348642064        1.0016689084       -0.0000050261
        1.2237155711        1.0040395998       -0.0000151038
        0.8652975786        1.0057075050       -0.0000238318
        1.2237155711        1.0040310150       -0.0000150970
        1.9348642064        1.0016668150       -0.0000050233
        2.1195375431        1.0013031097       -0.0000038846
        1.4987393697        1.0029105213       -0.0000100849
        1.2237155711        1.0040352666       -0.0000151101
        1.4987393697        1.0029100655       -0.0000100843
        2.1195375431        1.0013023178       -0.0000038844
        2.1195375431        1.0013031530       -0.0000038866
        1.9348642064        1.0016664997       -0.0000050223
        2.1195375431        1.0013018716       -0.0000038862
        2.1195375431        1.0013045569       -0.0000038850
        1.9348642064        1.0016685058       -0.0000050260
        2.1195375431        1.0013029802       -0.0000038846
        1.9348642064        1.0016695917       -0.0000050262
        1.7305951571        1.0021753371       -0.0000065567
        1.9348642064        1.0016670062       -0.0000050232
        2.1195375431        1.0013032072       -0.0000038845
        1.9348642064        1.0016681233       -0.0000050241
        2.1195375431        1.0013029010       -0.0000038839
