#epsqw diagonal term
#1:q+G [au], 2:Re(eps-1), 3:Im(eps-1)
        2.1195375431        0.8965547376       -0.0286936455
        1.9348642064        0.8775365133       -0.0238571141
        2.1195375431        0.8967237395       -0.0287348141
        1.9348642064        0.8773777606       -0.0238894836
        1.7305951571        0.8499040160       -0.0148246657
        1.9348642064        0.8776341865       -0.0241621995
        2.1195375431        0.8966785877       -0.0288673055
        1.9348642064        0.8778003209       -0.0241210607
        2.1195375431        0.8967619053       -0.0287367467
        2.1195375431        0.8966454088       -0.0287905438
        1.9348642064        0.8775171521       -0.0238274830
        2.1195375431        0.8965717484       -0.0285947156
        2.1195375431        0.8987467551       -0.0297388465
        1.4987393697        0.7684401623       -0.0372431997
        1.2237155711        0.6725506962       -0.0402567515
        1.4987393697        0.7685774836       -0.0371761263
        2.1195375431        0.8987664229       -0.0296807036
        1.9348642064        0.8774018903       -0.0238627319
        1.2237155711        0.6724523082       -0.0412368335
        0.8652975786        0.4844566221       -0.0596489950
        1.2237155711        0.6726866450       -0.0406884647
        1.9348642064        0.8777491113       -0.0240727143
        2.1195375431        0.8986618057       -0.0294922516
        1.4987393697        0.7685501063       -0.0371506241
        1.2237155711        0.6728398231       -0.0397379996
        1.4987393697        0.7685726196       -0.0367459873
        2.1195375431        0.8988846774       -0.0296180234
        2.1195375431        0.8966266651       -0.0288550434
        1.9348642064        0.8777539286       -0.0240740990
        2.1195375431        0.8967038485       -0.0286977884
        1.9348642064        0.8775940958       -0.0242147324
        1.7305951571        0.8498782431       -0.0148661850
        1.9348642064        0.8773247532       -0.0239277797
        1.9348642064        0.8777353434       -0.0241793726
        1.2237155711        0.6729303831       -0.0409257061
        0.8652975786        0.4842990593       -0.0598048900
        1.2237155711        0.6727572204       -0.0415444178
        1.9348642064        0.8773820648       -0.0239446557
        1.7305951571        0.8494282401       -0.0152744555
        0.8652975786        0.4810367358       -0.0602440957
        0.0000000000        0.1045518301       -0.1190256347
        0.8652975786        0.4810393002       -0.0602447449
        1.7305951571        0.8494296780       -0.0152744920
        1.9348642064        0.8773814396       -0.0239448950
        1.2237155711        0.6727571480       -0.0415444992
        0.8652975786        0.4843018706       -0.0598054808
        1.2237155711        0.6729345388       -0.0409260218
        1.9348642064        0.8777374752       -0.0241794440
        1.9348642064        0.8773253571       -0.0239275815
        1.7305951571        0.8498797292       -0.0148662390
        1.9348642064        0.8775962375       -0.0242148819
        2.1195375431        0.8967032310       -0.0286979222
        1.9348642064        0.8777525292       -0.0240743054
        2.1195375431        0.8966263105       -0.0288550735
        2.1195375431        0.8988840291       -0.0296181437
        1.4987393697        0.7685719793       -0.0367459374
        1.2237155711        0.6728394181       -0.0397380467
        1.4987393697        0.7685505244       -0.0371506996
        2.1195375431        0.8986619305       -0.0294920346
        1.9348642064        0.8777480842       -0.0240728501
        1.2237155711        0.6726864445       -0.0406885589
        0.8652975786        0.4844567867       -0.0596491354
        1.2237155711        0.6724563824       -0.0412371236
        1.9348642064        0.8774033736       -0.0238624451
        2.1195375431        0.8987660725       -0.0296809070
        1.4987393697        0.7685777267       -0.0371761834
        1.2237155711        0.6725543249       -0.0402571146
        1.4987393697        0.7684419554       -0.0372433020
        2.1195375431        0.8987475166       -0.0297386315
        2.1195375431        0.8965717016       -0.0285944030
        1.9348642064        0.8775182659       -0.0238271633
        2.1195375431        0.8966463839       -0.0287904317
        2.1195375431        0.8967618870       -0.0287368184
        1.9348642064        0.8778011203       -0.0241214409
        2.1195375431        0.8966792800       -0.0288677027
        1.9348642064        0.8776349505       -0.0241625165
        1.7305951571        0.8499054633       -0.0148246349
        1.9348642064        0.8773802735       -0.0238901071
        2.1195375431        0.8967244059       -0.0287352055
        1.9348642064        0.8775388087       -0.0238575653
        2.1195375431        0.8965559322       -0.0286938362
