#epsqw diagonal term
#1:q+G [au], 2:Re(eps-1), 3:Im(eps-1)
        2.1195375431        0.9317264074       -0.0746923576
        1.9348642064        0.9166116517       -0.1107887326
        2.1195375431        0.9323941854       -0.0747033474
        1.9348642064        0.9166437320       -0.1108013418
        1.7305951571        0.9203840962       -0.1815578033
        1.9348642064        0.9177555419       -0.1098637051
        2.1195375431        0.9324951353       -0.0748013699
        1.9348642064        0.9175830333       -0.1102470490
        2.1195375431        0.9330308812       -0.0752282808
        2.1195375431        0.9327088141       -0.0743290445
        1.9348642064        0.9168042143       -0.1114468255
        2.1195375431        0.9318587846       -0.0743203141
        2.1195375431        0.9327828832       -0.0746194224
        1.4987393697        0.8609006948       -0.2158974953
        1.2237155711        0.7141888419       -0.4225440114
        1.4987393697        0.8608024117       -0.2159231501
        2.1195375431        0.9327059897       -0.0744610428
        1.9348642064        0.9068695683       -0.1127122013
        1.2237155711        0.7055326013       -0.3945977247
        0.8652975786        0.3853581824       -0.6467263908
        1.2237155711        0.7049197460       -0.3972098816
        1.9348642064        0.9085037507       -0.1123370838
        2.1195375431        0.9317478764       -0.0745541567
        1.4987393697        0.8607876205       -0.2153265557
        1.2237155711        0.7124454358       -0.4258586010
        1.4987393697        0.8603222911       -0.2155421888
        2.1195375431        0.9330570030       -0.0749127017
        2.1195375431        0.9325970972       -0.0742954794
        1.9348642064        0.9176825805       -0.1108161154
        2.1195375431        0.9330915372       -0.0749884147
        1.9348642064        0.9178517582       -0.1105076968
        1.7305951571        0.9232820634       -0.1830655525
        1.9348642064        0.9167952046       -0.1112506501
        1.9348642064        0.9089066515       -0.1118419079
        1.2237155711        0.7057704778       -0.3966838019
        0.8652975786        0.3786725651       -0.6423798021
        1.2237155711        0.7065119516       -0.3938932811
        1.9348642064        0.9072884992       -0.1119196589
        1.7305951571        0.8997494402       -0.1238308751
        0.8652975786        0.3978851174       -0.5528081414
        0.0000000000       -0.1813133454       -0.6929008373
        0.8652975786        0.3978797290       -0.5528158350
        1.7305951571        0.8997515850       -0.1238312047
        1.9348642064        0.9072871996       -0.1119192648
        1.2237155711        0.7065110497       -0.3938942044
        0.8652975786        0.3786644698       -0.6423858997
        1.2237155711        0.7057763487       -0.3966957932
        1.9348642064        0.9089101408       -0.1118434182
        1.9348642064        0.9167962317       -0.1112503856
        1.7305951571        0.9232846169       -0.1830658015
        1.9348642064        0.9178544756       -0.1105083433
        2.1195375431        0.9330908776       -0.0749886348
        1.9348642064        0.9176803061       -0.1108158766
        2.1195375431        0.9325962184       -0.0742949213
        2.1195375431        0.9330559791       -0.0749127847
        1.4987393697        0.8603226475       -0.2155419441
        1.2237155711        0.7124463861       -0.4258588940
        1.4987393697        0.8607882161       -0.2153268031
        2.1195375431        0.9317485292       -0.0745539854
        1.9348642064        0.9085028601       -0.1123367805
        1.2237155711        0.7049189267       -0.3972096465
        0.8652975786        0.3853491755       -0.6467323371
        1.2237155711        0.7055383459       -0.3946086856
        1.9348642064        0.9068732347       -0.1127137382
        2.1195375431        0.9327046300       -0.0744606694
        1.4987393697        0.8608050708       -0.2159238858
        1.2237155711        0.7141929370       -0.4225543587
        1.4987393697        0.8609040118       -0.2158983318
        2.1195375431        0.9327850421       -0.0746195983
        2.1195375431        0.9318591748       -0.0743199247
        1.9348642064        0.9168073618       -0.1114478369
        2.1195375431        0.9327111445       -0.0743294622
        2.1195375431        0.9330310966       -0.0752283755
        1.9348642064        0.9175847963       -0.1102473743
        2.1195375431        0.9324966022       -0.0748017677
        1.9348642064        0.9177571143       -0.1098639623
        1.7305951571        0.9203874570       -0.1815581282
        1.9348642064        0.9166468673       -0.1108025558
        2.1195375431        0.9323955577       -0.0747038490
        1.9348642064        0.9166152533       -0.1107900654
        2.1195375431        0.9317276681       -0.0746921230
