#epsqw diagonal term
#1:q+G [au], 2:Re(eps-1), 3:Im(eps-1)
        2.1195375431        0.9070143109       -0.0114716138
        1.9348642064        0.8880513580       -0.0104252440
        2.1195375431        0.9071077168       -0.0114193672
        1.9348642064        0.8880345554       -0.0104263699
        1.7305951571        0.8611197414       -0.0197858628
        1.9348642064        0.8880634131       -0.0104230889
        2.1195375431        0.9071391059       -0.0114413424
        1.9348642064        0.8880808167       -0.0104227674
        2.1195375431        0.9072296334       -0.0113601767
        2.1195375431        0.9070999787       -0.0115299643
        1.9348642064        0.8881163520       -0.0102006034
        2.1195375431        0.9069864513       -0.0115453887
        2.1195375431        0.9071163546       -0.0115437671
        1.4987393697        0.7846751446       -0.0177711292
        1.2237155711        0.6964284890       -0.0307925972
        1.4987393697        0.7847050753       -0.0177008019
        2.1195375431        0.9070933109       -0.0115314825
        1.9348642064        0.8881037024       -0.0101981771
        1.2237155711        0.6961279526       -0.0309256819
        0.8652975786        0.5392836841       -0.0604208867
        1.2237155711        0.6956941874       -0.0309503744
        1.9348642064        0.8881266652       -0.0101858259
        2.1195375431        0.9070008764       -0.0115689892
        1.4987393697        0.7846391129       -0.0176135345
        1.2237155711        0.6960231441       -0.0308006669
        1.4987393697        0.7846017457       -0.0174604014
        2.1195375431        0.9071934715       -0.0114699192
        2.1195375431        0.9071176807       -0.0115305276
        1.9348642064        0.8881439637       -0.0101897351
        2.1195375431        0.9071977594       -0.0114697189
        1.9348642064        0.8881184014       -0.0102438652
        1.7305951571        0.8605832980       -0.0194020784
        1.9348642064        0.8880857233       -0.0102476343
        1.9348642064        0.8881241199       -0.0102511417
        1.2237155711        0.6969576387       -0.0297150689
        0.8652975786        0.5401010919       -0.0578669608
        1.2237155711        0.6973766021       -0.0297352388
        1.9348642064        0.8880971659       -0.0102625782
        1.7305951571        0.8607398878       -0.0192712001
        0.8652975786        0.5407095637       -0.0575040103
        0.0000000000        0.0776463928       -0.1092437592
        0.8652975786        0.5407111692       -0.0575044303
        1.7305951571        0.8607411957       -0.0192713393
        1.9348642064        0.8880960584       -0.0102624787
        1.2237155711        0.6973765493       -0.0297352645
        0.8652975786        0.5401028012       -0.0578672126
        1.2237155711        0.6969618519       -0.0297154633
        1.9348642064        0.8881258614       -0.0102511358
        1.9348642064        0.8880866207       -0.0102475310
        1.7305951571        0.8605846567       -0.0194021594
        1.9348642064        0.8881201959       -0.0102439616
        2.1195375431        0.9071971560       -0.0114697474
        1.9348642064        0.8881427777       -0.0101896549
        2.1195375431        0.9071172842       -0.0115305455
        2.1195375431        0.9071929528       -0.0114700619
        1.4987393697        0.7846015199       -0.0174600457
        1.2237155711        0.6960230324       -0.0308004479
        1.4987393697        0.7846395204       -0.0176135441
        2.1195375431        0.9070013391       -0.0115689692
        1.9348642064        0.8881258118       -0.0101857853
        1.2237155711        0.6956941145       -0.0309501939
        0.8652975786        0.5392855649       -0.0604209417
        1.2237155711        0.6961323933       -0.0309259901
        1.9348642064        0.8881056448       -0.0101981792
        2.1195375431        0.9070928446       -0.0115315760
        1.4987393697        0.7847053170       -0.0177008118
        1.2237155711        0.6964323603       -0.0307927741
        1.4987393697        0.7846771000       -0.0177711811
        2.1195375431        0.9071172963       -0.0115436933
        2.1195375431        0.9069869400       -0.0115453252
        1.9348642064        0.8881179288       -0.0102006205
        2.1195375431        0.9071010210       -0.0115299526
        2.1195375431        0.9072298864       -0.0113602814
        1.9348642064        0.8880817830       -0.0104227910
        2.1195375431        0.9071396595       -0.0114414649
        1.9348642064        0.8880642376       -0.0104230669
        1.7305951571        0.8611213283       -0.0197858237
        1.9348642064        0.8880364483       -0.0104264794
        2.1195375431        0.9071082113       -0.0114195180
        1.9348642064        0.8880531103       -0.0104253277
        2.1195375431        0.9070152413       -0.0114715897
