#epsqw diagonal term
#1:q+G [au], 2:Re(eps-1), 3:Im(eps-1)
        2.1195375431        1.0017862141       -0.0690615903
        1.9348642064        1.0246278698       -0.1016654828
        2.1195375431        1.0016823429       -0.0689864505
        1.9348642064        1.0246524377       -0.1010615953
        1.7305951571        1.0375563455       -0.1076634949
        1.9348642064        1.0246664336       -0.1010962706
        2.1195375431        1.0020856683       -0.0686358168
        1.9348642064        1.0247772507       -0.1014437982
        2.1195375431        1.0026696720       -0.0692143497
        2.1195375431        1.0050286649       -0.0658124708
        1.9348642064        1.0254991171       -0.1011765743
        2.1195375431        1.0045184077       -0.0660388733
        2.1195375431        1.0023769077       -0.0688350641
        1.4987393697        1.1130130133       -0.1409693323
        1.2237155711        1.2196998290       -0.2611331768
        1.4987393697        1.1126790162       -0.1407752732
        2.1195375431        1.0020132584       -0.0690217400
        1.9348642064        1.0258018647       -0.1013682639
        1.2237155711        1.2087043923       -0.2749808548
        0.8652975786        1.4558308178       -0.4655601585
        1.2237155711        1.2079809741       -0.2766779884
        1.9348642064        1.0257444722       -0.1012534079
        2.1195375431        1.0018844054       -0.0689660048
        1.4987393697        1.1127094112       -0.1404914069
        1.2237155711        1.2186752592       -0.2624478580
        1.4987393697        1.1158306044       -0.1410645129
        2.1195375431        1.0026899360       -0.0692047116
        2.1195375431        1.0050661411       -0.0656539264
        1.9348642064        1.0258205237       -0.1012427452
        2.1195375431        1.0058512214       -0.0660696317
        1.9348642064        1.0255755773       -0.1011162634
        1.7305951571        1.0344715425       -0.1048040724
        1.9348642064        1.0252571873       -0.1010792438
        1.9348642064        1.0255696870       -0.1016045136
        1.2237155711        1.2216747364       -0.2632827027
        0.8652975786        1.4399742040       -0.4941152653
        1.2237155711        1.2225770549       -0.2620816893
        1.9348642064        1.0254982890       -0.1019773218
        1.7305951571        1.0379329694       -0.1077683116
        0.8652975786        1.4584055600       -0.4712147874
        0.0000000000        1.7270837551       -0.3524475596
        0.8652975786        1.4583535025       -0.4711431521
        1.7305951571        1.0379519624       -0.1077627018
        1.9348642064        1.0255040105       -0.1019864929
        1.2237155711        1.2225817062       -0.2620829057
        0.8652975786        1.4399326612       -0.4940586652
        1.2237155711        1.2215900929       -0.2632251597
        1.9348642064        1.0255630711       -0.1015890603
        1.9348642064        1.0252521330       -0.1010724498
        1.7305951571        1.0344915753       -0.1047994187
        1.9348642064        1.0255699921       -0.1011009131
        2.1195375431        1.0058465989       -0.0660744956
        1.9348642064        1.0258299630       -0.1012520093
        2.1195375431        1.0050738915       -0.0656600150
        2.1195375431        1.0026820064       -0.0692099333
        1.4987393697        1.1158376230       -0.1410687361
        1.2237155711        1.2186743434       -0.2624498638
        1.4987393697        1.1127025687       -0.1404890913
        2.1195375431        1.0018921391       -0.0689607843
        1.9348642064        1.0257461630       -0.1012608839
        1.2237155711        1.2079837004       -0.2766788563
        0.8652975786        1.4557768737       -0.4654864734
        1.2237155711        1.2086159725       -0.2749251574
        1.9348642064        1.0257958257       -0.1013515494
        2.1195375431        1.0020194388       -0.0690285328
        1.4987393697        1.1126714024       -0.1407694438
        1.2237155711        1.2196184085       -0.2610752210
        1.4987393697        1.1129969393       -0.1409570463
        2.1195375431        1.0023785773       -0.0688238071
        2.1195375431        1.0045230161       -0.0660339989
        1.9348642064        1.0254932482       -0.1011595589
        2.1195375431        1.0050257800       -0.0658033677
        2.1195375431        1.0026765170       -0.0692104321
        1.9348642064        1.0247712505       -0.1014345808
        2.1195375431        1.0020803896       -0.0686268968
        1.9348642064        1.0246662404       -0.1010896441
        1.7305951571        1.0375748351       -0.1076576803
        1.9348642064        1.0246466405       -0.1010451475
        2.1195375431        1.0016779739       -0.0689776191
        1.9348642064        1.0246217633       -0.1016491664
        2.1195375431        1.0018007182       -0.0690536497
