#epsqw diagonal term
#1:q+G [au], 2:Re(eps-1), 3:Im(eps-1)
        2.1195375431        1.0181039527       -0.0001763481
        1.9348642064        1.0219915017       -0.0001935894
        2.1195375431        1.0181006393       -0.0001753920
        1.9348642064        1.0219857528       -0.0001922866
        1.7305951571        1.0273166841       -0.0001749618
        1.9348642064        1.0219907564       -0.0001926532
        2.1195375431        1.0181036232       -0.0001755386
        1.9348642064        1.0219983714       -0.0001938739
        2.1195375431        1.0181118823       -0.0001761441
        2.1195375431        1.0180340918       -0.0001734718
        1.9348642064        1.0219526653       -0.0001924553
        2.1195375431        1.0180311953       -0.0001742317
        2.1195375431        1.0180527111       -0.0001765323
        1.4987393697        1.0349830538       -0.0002181489
        1.2237155711        1.0468244073       -0.0002945373
        1.4987393697        1.0349823028       -0.0002180887
        2.1195375431        1.0180492019       -0.0001762642
        1.9348642064        1.0219684884       -0.0001930471
        1.2237155711        1.0468239302       -0.0002932143
        0.8652975786        1.0635726089       -0.0003759806
        1.2237155711        1.0468315105       -0.0002941665
        1.9348642064        1.0219736778       -0.0001935465
        2.1195375431        1.0180518001       -0.0001770364
        1.4987393697        1.0349826056       -0.0002181538
        1.2237155711        1.0468314797       -0.0002951599
        1.4987393697        1.0349959256       -0.0002184130
        2.1195375431        1.0180605404       -0.0001770337
        2.1195375431        1.0180333353       -0.0001733462
        1.9348642064        1.0219585246       -0.0001924111
        2.1195375431        1.0180428753       -0.0001740774
        1.9348642064        1.0219502595       -0.0001921472
        1.7305951571        1.0268753552       -0.0001709432
        1.9348642064        1.0219436055       -0.0001920355
        1.9348642064        1.0219694993       -0.0001942518
        1.2237155711        1.0465575175       -0.0002921615
        0.8652975786        1.0633817777       -0.0003726275
        1.2237155711        1.0465500706       -0.0002914467
        1.9348642064        1.0219617892       -0.0001936836
        1.7305951571        1.0268950535       -0.0001716191
        0.8652975786        1.0634178443       -0.0003751880
        0.0000000000        1.1057944294       -0.0008456800
        0.8652975786        1.0634166413       -0.0003752118
        1.7305951571        1.0268944243       -0.0001715689
        1.9348642064        1.0219620616       -0.0001937138
        1.2237155711        1.0465500613       -0.0002914471
        0.8652975786        1.0633805780       -0.0003726523
        1.2237155711        1.0465560385       -0.0002921793
        1.9348642064        1.0219691095       -0.0001942374
        1.9348642064        1.0219432318       -0.0001919986
        1.7305951571        1.0268747061       -0.0001708919
        1.9348642064        1.0219498715       -0.0001921320
        2.1195375431        1.0180428063       -0.0001740801
        1.9348642064        1.0219589127       -0.0001924430
        2.1195375431        1.0180334781       -0.0001733802
        2.1195375431        1.0180604562       -0.0001770366
        1.4987393697        1.0349961211       -0.0002184016
        1.2237155711        1.0468316788       -0.0002951602
        1.4987393697        1.0349826021       -0.0002181658
        2.1195375431        1.0180518704       -0.0001770336
        1.9348642064        1.0219739380       -0.0001935761
        1.2237155711        1.0468316337       -0.0002941669
        0.8652975786        1.0635714303       -0.0003760056
        1.2237155711        1.0468225283       -0.0002932342
        1.9348642064        1.0219680316       -0.0001930325
        2.1195375431        1.0180492248       -0.0001762906
        1.4987393697        1.0349823127       -0.0002181006
        1.2237155711        1.0468231761       -0.0002945573
        1.4987393697        1.0349826486       -0.0002181864
        2.1195375431        1.0180525003       -0.0001765277
        2.1195375431        1.0180312362       -0.0001742236
        1.9348642064        1.0219523993       -0.0001924475
        2.1195375431        1.0180340038       -0.0001734750
        2.1195375431        1.0181119963       -0.0001761270
        1.9348642064        1.0219981258       -0.0001938420
        2.1195375431        1.0181034939       -0.0001755221
        1.9348642064        1.0219904953       -0.0001926186
        1.7305951571        1.0273159977       -0.0001749108
        1.9348642064        1.0219853628       -0.0001922722
        2.1195375431        1.0181005192       -0.0001753713
        1.9348642064        1.0219912317       -0.0001935800
        2.1195375431        1.0181040150       -0.0001763633
