#epsqw diagonal term
#1:q+G [au], 2:Re(eps-1), 3:Im(eps-1)
        2.1195375431        1.0106107236       -0.0000405296
        1.9348642064        1.0133483886       -0.0000507384
        2.1195375431        1.0106117556       -0.0000405305
        1.9348642064        1.0133431908       -0.0000507160
        1.7305951571        1.0170909691       -0.0000639314
        1.9348642064        1.0133459118       -0.0000507263
        2.1195375431        1.0106117723       -0.0000405312
        1.9348642064        1.0133512319       -0.0000507496
        2.1195375431        1.0106148317       -0.0000405429
        2.1195375431        1.0106355220       -0.0000407483
        1.9348642064        1.0133544292       -0.0000507893
        2.1195375431        1.0106343898       -0.0000407454
        2.1195375431        1.0106125888       -0.0000405352
        1.4987393697        1.0225879181       -0.0000936743
        1.2237155711        1.0307908696       -0.0001348969
        1.4987393697        1.0225881280       -0.0000936745
        2.1195375431        1.0106125731       -0.0000405343
        1.9348642064        1.0133458511       -0.0000507250
        1.2237155711        1.0306783621       -0.0001340062
        0.8652975786        1.0426754556       -0.0002034682
        1.2237155711        1.0306804162       -0.0001340021
        1.9348642064        1.0133485034       -0.0000507354
        2.1195375431        1.0106114517       -0.0000405329
        1.4987393697        1.0225878956       -0.0000936739
        1.2237155711        1.0307933960       -0.0001348956
        1.4987393697        1.0225945370       -0.0000936933
        2.1195375431        1.0106155354       -0.0000405464
        2.1195375431        1.0106354289       -0.0000407478
        1.9348642064        1.0133572636       -0.0000508009
        2.1195375431        1.0106386549       -0.0000407603
        1.9348642064        1.0133563051       -0.0000507999
        1.7305951571        1.0172766573       -0.0000655046
        1.9348642064        1.0133531393       -0.0000507872
        1.9348642064        1.0133526132       -0.0000507550
        1.2237155711        1.0307932830       -0.0001348958
        0.8652975786        1.0427311797       -0.0002039028
        1.2237155711        1.0307900583       -0.0001348955
        1.9348642064        1.0133495345       -0.0000507430
        1.7305951571        1.0170947190       -0.0000639418
        0.8652975786        1.0426828214       -0.0002034826
        0.0000000000        1.0719998206       -0.0005429079
        0.8652975786        1.0426811169       -0.0002034780
        1.7305951571        1.0170943261       -0.0000639408
        1.9348642064        1.0133497507       -0.0000507435
        1.2237155711        1.0307900525       -0.0001348955
        0.8652975786        1.0427294533       -0.0002038981
        1.2237155711        1.0307919395       -0.0001348919
        1.9348642064        1.0133522479       -0.0000507540
        1.9348642064        1.0133529018       -0.0000507866
        1.7305951571        1.0172762546       -0.0000655035
        1.9348642064        1.0133559450       -0.0000507989
        2.1195375431        1.0106387852       -0.0000407606
        1.9348642064        1.0133575362       -0.0000508017
        2.1195375431        1.0106354344       -0.0000407479
        2.1195375431        1.0106156509       -0.0000405466
        1.4987393697        1.0225945730       -0.0000936937
        1.2237155711        1.0307938489       -0.0001348964
        1.4987393697        1.0225876908       -0.0000936736
        2.1195375431        1.0106113107       -0.0000405327
        1.9348642064        1.0133487032       -0.0000507359
        1.2237155711        1.0306808198       -0.0001340028
        0.8652975786        1.0426754768       -0.0002034666
        1.2237155711        1.0306774000       -0.0001340029
        1.9348642064        1.0133454657       -0.0000507240
        2.1195375431        1.0106125623       -0.0000405343
        1.4987393697        1.0225879390       -0.0000936743
        1.2237155711        1.0307900189       -0.0001348939
        1.4987393697        1.0225877298       -0.0000936735
        2.1195375431        1.0106125083       -0.0000405349
        2.1195375431        1.0106342543       -0.0000407451
        1.9348642064        1.0133541130       -0.0000507885
        2.1195375431        1.0106354582       -0.0000407481
        2.1195375431        1.0106147878       -0.0000405428
        1.9348642064        1.0133511194       -0.0000507492
        2.1195375431        1.0106116503       -0.0000405309
        1.9348642064        1.0133458144       -0.0000507260
        1.7305951571        1.0170906162       -0.0000639302
        1.9348642064        1.0133429205       -0.0000507150
        2.1195375431        1.0106116500       -0.0000405302
        1.9348642064        1.0133481569       -0.0000507376
        2.1195375431        1.0106106239       -0.0000405294
