#epsqw diagonal term
#1:q+G [au], 2:Re(eps-1), 3:Im(eps-1)
        2.1195375431        0.9075946802       -0.0005607413
        1.9348642064        0.8870706873       -0.0005614983
        2.1195375431        0.9076752638       -0.0005576924
        1.9348642064        0.8870688381       -0.0005618013
        1.7305951571        0.8566848167       -0.0005607302
        1.9348642064        0.8870738658       -0.0005611062
        2.1195375431        0.9076817668       -0.0005572672
        1.9348642064        0.8870753847       -0.0005608155
        2.1195375431        0.9076562189       -0.0005583157
        2.1195375431        0.9076815049       -0.0005581936
        1.9348642064        0.8870964241       -0.0005616292
        2.1195375431        0.9076041622       -0.0005608709
        2.1195375431        0.9083895770       -0.0005537688
        1.4987393697        0.7875076884       -0.0009291224
        1.2237155711        0.6923159423       -0.0011495617
        1.4987393697        0.7875106558       -0.0009289404
        2.1195375431        0.9083901481       -0.0005537553
        1.9348642064        0.8870695657       -0.0005608846
        1.2237155711        0.6922908775       -0.0011519589
        0.8652975786        0.5378754460       -0.0015787884
        1.2237155711        0.6923633673       -0.0011500760
        1.9348642064        0.8870747592       -0.0005602089
        2.1195375431        0.9083171823       -0.0005560565
        1.4987393697        0.7875079430       -0.0009285750
        1.2237155711        0.6923884912       -0.0011476534
        1.4987393697        0.7875158701       -0.0009287762
        2.1195375431        0.9083758975       -0.0005537054
        2.1195375431        0.9076893494       -0.0005577493
        1.9348642064        0.8871005934       -0.0005609523
        2.1195375431        0.9076641817       -0.0005584206
        1.9348642064        0.8870880712       -0.0005617289
        1.7305951571        0.8567239732       -0.0005607341
        1.9348642064        0.8870860859       -0.0005624182
        1.9348642064        0.8870706314       -0.0005606487
        1.2237155711        0.6923772088       -0.0011506398
        0.8652975786        0.5379136173       -0.0015790907
        1.2237155711        0.6923111244       -0.0011524557
        1.9348642064        0.8870678028       -0.0005613228
        1.7305951571        0.8582946541       -0.0005769934
        0.8652975786        0.5379615897       -0.0015847177
        0.0000000000        0.1334277926       -0.0020738690
        0.8652975786        0.5379634681       -0.0015847232
        1.7305951571        0.8582960612       -0.0005769918
        1.9348642064        0.8870669140       -0.0005613233
        1.2237155711        0.6923110926       -0.0011524555
        0.8652975786        0.5379155382       -0.0015790963
        1.2237155711        0.6923813065       -0.0011506414
        1.9348642064        0.8870724156       -0.0005606467
        1.9348642064        0.8870869852       -0.0005624175
        1.7305951571        0.8567254357       -0.0005607326
        1.9348642064        0.8870898359       -0.0005617267
        2.1195375431        0.9076636986       -0.0005584209
        1.9348642064        0.8870994683       -0.0005609532
        2.1195375431        0.9076890579       -0.0005577486
        2.1195375431        0.9083754066       -0.0005537060
        1.4987393697        0.7875153572       -0.0009287765
        1.2237155711        0.6923883204       -0.0011476534
        1.4987393697        0.7875084822       -0.0009285747
        2.1195375431        0.9083176396       -0.0005560561
        1.9348642064        0.8870740030       -0.0005602094
        1.2237155711        0.6923633607       -0.0011500758
        0.8652975786        0.5378773586       -0.0015787936
        1.2237155711        0.6922951074       -0.0011519604
        1.9348642064        0.8870714588       -0.0005608824
        2.1195375431        0.9083897269       -0.0005537552
        1.4987393697        0.7875110773       -0.0009289404
        1.2237155711        0.6923197239       -0.0011495634
        1.4987393697        0.7875094176       -0.0009291212
        2.1195375431        0.9083905613       -0.0005537672
        2.1195375431        0.9076045693       -0.0005608705
        1.9348642064        0.8870979807       -0.0005616276
        2.1195375431        0.9076825339       -0.0005581916
        2.1195375431        0.9076564164       -0.0005583162
        1.9348642064        0.8870763159       -0.0005608148
        2.1195375431        0.9076823943       -0.0005572668
        1.9348642064        0.8870746620       -0.0005611056
        1.7305951571        0.8566862724       -0.0005607284
        1.9348642064        0.8870706806       -0.0005617989
        2.1195375431        0.9076758271       -0.0005576920
        1.9348642064        0.8870723980       -0.0005614962
        2.1195375431        0.9075955154       -0.0005607398
