#epsqw diagonal term
#1:q+G [au], 2:Re(eps-1), 3:Im(eps-1)
        2.1195375431        0.9049933275       -0.0244259993
        1.9348642064        0.8679308064       -0.0263484356
        2.1195375431        0.9050578799       -0.0243469372
        1.9348642064        0.8680764446       -0.0285891296
        1.7305951571        0.8064137842       -0.0322055496
        1.9348642064        0.8680438851       -0.0284123392
        2.1195375431        0.9050694412       -0.0243373264
        1.9348642064        0.8679802554       -0.0262803564
        2.1195375431        0.9051616470       -0.0246627420
        2.1195375431        0.9049983791       -0.0245292117
        1.9348642064        0.8679799482       -0.0263294729
        2.1195375431        0.9051036262       -0.0244081018
        2.1195375431        0.9044629982       -0.0246687032
        1.4987393697        0.7716646616       -0.0677699613
        1.2237155711        0.6639022837       -0.0971053360
        1.4987393697        0.7716767976       -0.0675074937
        2.1195375431        0.9044470421       -0.0247024482
        1.9348642064        0.8694462221       -0.0268874504
        1.2237155711        0.6639710957       -0.1016526509
        0.8652975786        0.5617960219       -0.1317781202
        1.2237155711        0.6639894347       -0.1020384045
        1.9348642064        0.8694595382       -0.0269183813
        2.1195375431        0.9043329708       -0.0247791170
        1.4987393697        0.7712766071       -0.0682195647
        1.2237155711        0.6639384414       -0.0973470972
        1.4987393697        0.7712446683       -0.0674934697
        2.1195375431        0.9045544910       -0.0250320213
        2.1195375431        0.9049935508       -0.0245569833
        1.9348642064        0.8680305024       -0.0262537939
        2.1195375431        0.9052921466       -0.0245865176
        1.9348642064        0.8681045917       -0.0284538972
        1.7305951571        0.8064526224       -0.0320748468
        1.9348642064        0.8680804368       -0.0286721488
        1.9348642064        0.8693631683       -0.0268152126
        1.2237155711        0.6641498910       -0.1024695934
        0.8652975786        0.5623508921       -0.1319214450
        1.2237155711        0.6643645707       -0.1019126852
        1.9348642064        0.8693122691       -0.0268090381
        1.7305951571        0.8437765412       -0.0511751609
        0.8652975786        0.5599737734       -0.1340466677
        0.0000000000        0.3839140688       -0.5763994647
        0.8652975786        0.5599755412       -0.1340473590
        1.7305951571        0.8437779161       -0.0511751159
        1.9348642064        0.8693112515       -0.0268088858
        1.2237155711        0.6643644552       -0.1019123781
        0.8652975786        0.5623526846       -0.1319221406
        1.2237155711        0.6641539002       -0.1024708011
        1.9348642064        0.8693652112       -0.0268152764
        1.9348642064        0.8680814238       -0.0286722919
        1.7305951571        0.8064542297       -0.0320748094
        1.9348642064        0.8681065084       -0.0284541301
        2.1195375431        0.9052917068       -0.0245864429
        1.9348642064        0.8680292830       -0.0262536324
        2.1195375431        0.9049932432       -0.0245569280
        2.1195375431        0.9045539631       -0.0250320173
        1.4987393697        0.7712443021       -0.0674936845
        1.2237155711        0.6639383149       -0.0973471801
        1.4987393697        0.7712772230       -0.0682194789
        2.1195375431        0.9043335066       -0.0247790834
        1.9348642064        0.8694586932       -0.0269183386
        1.2237155711        0.6639894281       -0.1020380995
        0.8652975786        0.5617977970       -0.1317791857
        1.2237155711        0.6639750882       -0.1016535801
        1.9348642064        0.8694483424       -0.0268875190
        2.1195375431        0.9044465117       -0.0247024014
        1.4987393697        0.7716774029       -0.0675079108
        1.2237155711        0.6639061923       -0.0971063934
        1.4987393697        0.7716662736       -0.0677700345
        2.1195375431        0.9044641208       -0.0246686841
        2.1195375431        0.9051040649       -0.0244080307
        1.9348642064        0.8679816925       -0.0263296965
        2.1195375431        0.9049995388       -0.0245292746
        2.1195375431        0.9051619460       -0.0246626792
        1.9348642064        0.8679813319       -0.0262805311
        2.1195375431        0.9050701797       -0.0243373975
        1.9348642064        0.8680447412       -0.0284123531
        1.7305951571        0.8064153913       -0.0322056466
        1.9348642064        0.8680784628       -0.0285892393
        2.1195375431        0.9050585471       -0.0243469462
        1.9348642064        0.8679327200       -0.0263485234
        2.1195375431        0.9049942612       -0.0244260488
