#epsqw diagonal term
#1:q+G [au], 2:Re(eps-1), 3:Im(eps-1)
        2.1195375431        0.9031276600       -0.0040031569
        1.9348642064        0.8807639160       -0.0028965164
        2.1195375431        0.9029930081       -0.0042381398
        1.9348642064        0.8807808761       -0.0028697484
        1.7305951571        0.8521524745       -0.0013138017
        1.9348642064        0.8807358602       -0.0028509656
        2.1195375431        0.9029607554       -0.0042042392
        1.9348642064        0.8807254880       -0.0028866603
        2.1195375431        0.9031788723       -0.0039261240
        2.1195375431        0.9021546338       -0.0040054933
        1.9348642064        0.8807172572       -0.0028610164
        2.1195375431        0.9020397255       -0.0040769419
        2.1195375431        0.9018885552       -0.0041781858
        1.4987393697        0.7775883565       -0.0055258814
        1.2237155711        0.6786166415       -0.0045737348
        1.4987393697        0.7774594442       -0.0056614040
        2.1195375431        0.9018019685       -0.0042337217
        1.9348642064        0.8804369492       -0.0029583344
        1.2237155711        0.6782625628       -0.0046668152
        0.8652975786        0.5177285222       -0.0035918514
        1.2237155711        0.6783405920       -0.0046385282
        1.9348642064        0.8803833089       -0.0029342883
        2.1195375431        0.9017734425       -0.0041784492
        1.4987393697        0.7774137753       -0.0056074324
        1.2237155711        0.6786827574       -0.0045445299
        1.4987393697        0.7775792465       -0.0053752848
        2.1195375431        0.9019189981       -0.0040114595
        2.1195375431        0.9020099209       -0.0040404466
        1.9348642064        0.8806774270       -0.0028506291
        2.1195375431        0.9021967478       -0.0039010318
        1.9348642064        0.8806788197       -0.0027950810
        1.7305951571        0.8508974341       -0.0013190227
        1.9348642064        0.8807277405       -0.0028135246
        1.9348642064        0.8803842233       -0.0029440797
        1.2237155711        0.6782613252       -0.0046432229
        0.8652975786        0.5176706598       -0.0036427236
        1.2237155711        0.6781939933       -0.0046623348
        1.9348642064        0.8804407771       -0.0029667307
        1.7305951571        0.8508711666       -0.0013319337
        0.8652975786        0.5176726351       -0.0036762844
        0.0000000000        0.0927574115       -0.0078114549
        0.8652975786        0.5176742989       -0.0036764805
        1.7305951571        0.8508725320       -0.0013319873
        1.9348642064        0.8804399517       -0.0029666769
        1.2237155711        0.6781939811       -0.0046623404
        0.8652975786        0.5176723715       -0.0036429205
        1.2237155711        0.6782652619       -0.0046433517
        1.9348642064        0.8803859522       -0.0029441164
        1.9348642064        0.8807285776       -0.0028135803
        1.7305951571        0.8508988400       -0.0013190756
        1.9348642064        0.8806805436       -0.0027951224
        2.1195375431        0.9021962944       -0.0039010320
        1.9348642064        0.8806763547       -0.0028507033
        2.1195375431        0.9020096471       -0.0040404914
        2.1195375431        0.9019185248       -0.0040114685
        1.4987393697        0.7775787410       -0.0053752862
        1.2237155711        0.6786826602       -0.0045446963
        1.4987393697        0.7774143240       -0.0056074678
        2.1195375431        0.9017739382       -0.0041784689
        1.9348642064        0.8803826029       -0.0029343168
        1.2237155711        0.6783406685       -0.0046386468
        0.8652975786        0.5177304659       -0.0035917296
        1.2237155711        0.6782666729       -0.0046670584
        1.9348642064        0.8804387713       -0.0029584635
        2.1195375431        0.9018015520       -0.0042337850
        1.4987393697        0.7774598061       -0.0056614712
        1.2237155711        0.6786203589       -0.0045739841
        1.4987393697        0.7775901210       -0.0055258870
        2.1195375431        0.9018895568       -0.0041781770
        2.1195375431        0.9020401696       -0.0040769801
        1.9348642064        0.8807187573       -0.0028611808
        2.1195375431        0.9021556933       -0.0040054828
        2.1195375431        0.9031790613       -0.0039260662
        1.9348642064        0.8807264273       -0.0028866861
        2.1195375431        0.9029613983       -0.0042042099
        1.9348642064        0.8807366681       -0.0028509885
        1.7305951571        0.8521538890       -0.0013138375
        1.9348642064        0.8807827474       -0.0028697316
        2.1195375431        0.9029935476       -0.0042381407
        1.9348642064        0.8807656575       -0.0028965111
        2.1195375431        0.9031285089       -0.0040030766
