#epsqw diagonal term
#1:q+G [au], 2:Re(eps-1), 3:Im(eps-1)
        2.1195375431        0.9284772717       -0.0190759389
        1.9348642064        0.8977478186       -0.0193183488
        2.1195375431        0.9284979790       -0.0188979777
        1.9348642064        0.8985013718       -0.0180501571
        1.7305951571        0.8475361074       -0.0146236719
        1.9348642064        0.8984496240       -0.0181712372
        2.1195375431        0.9284836953       -0.0188999795
        1.9348642064        0.8976567551       -0.0194421748
        2.1195375431        0.9286382194       -0.0191589711
        2.1195375431        0.9280471773       -0.0183516665
        1.9348642064        0.8983050458       -0.0218612654
        2.1195375431        0.9278519605       -0.0183239532
        2.1195375431        0.9284561836       -0.0188425179
        1.4987393697        0.8285001172       -0.1377942913
        1.2237155711        0.7517800562       -0.1700330424
        1.4987393697        0.8282531302       -0.1375344287
        2.1195375431        0.9284594012       -0.0188096860
        1.9348642064        0.8985035190       -0.0180721352
        1.2237155711        0.7532509135       -0.1667449677
        0.8652975786        0.7403454263       -0.1546254969
        1.2237155711        0.7533401013       -0.1672178492
        1.9348642064        0.8984373623       -0.0181808225
        2.1195375431        0.9284455697       -0.0188612370
        1.4987393697        0.8284768573       -0.1371583708
        1.2237155711        0.7510577560       -0.1708427917
        1.4987393697        0.8290434731       -0.1386521236
        2.1195375431        0.9286350914       -0.0189669593
        2.1195375431        0.9280381692       -0.0183007646
        1.9348642064        0.8984030068       -0.0219915921
        2.1195375431        0.9280151724       -0.0184780941
        1.9348642064        0.8984132431       -0.0219141653
        1.7305951571        0.8697221600       -0.0480561454
        1.9348642064        0.8982305063       -0.0218190206
        1.9348642064        0.8975504455       -0.0191054984
        1.2237155711        0.7523696836       -0.1712201238
        0.8652975786        0.7290508089       -0.1523870514
        1.2237155711        0.7531129158       -0.1704617931
        1.9348642064        0.8975342060       -0.0190288170
        1.7305951571        0.8475121213       -0.0146679829
        0.8652975786        0.7423112426       -0.1553209901
        0.0000000000        0.4386961862       -1.0719419339
        0.8652975786        0.7423125372       -0.1553208737
        1.7305951571        0.8475135667       -0.0146681487
        1.9348642064        0.8975331642       -0.0190287845
        1.2237155711        0.7531126097       -0.1704615901
        0.8652975786        0.7290518858       -0.1523870017
        1.2237155711        0.7523738304       -0.1712205407
        1.9348642064        0.8975524782       -0.0191055621
        1.9348642064        0.8982314663       -0.0218190843
        1.7305951571        0.8697236797       -0.0480561683
        1.9348642064        0.8984152112       -0.0219142079
        2.1195375431        0.9280146018       -0.0184780387
        1.9348642064        0.8984017889       -0.0219915038
        2.1195375431        0.9280376401       -0.0183007605
        2.1195375431        0.9286345707       -0.0189669371
        1.4987393697        0.8290427276       -0.1386521644
        1.2237155711        0.7510578765       -0.1708429233
        1.4987393697        0.8284772197       -0.1371589699
        2.1195375431        0.9284460740       -0.0188612798
        1.9348642064        0.8984366049       -0.0181810197
        1.2237155711        0.7533399069       -0.1672176200
        0.8652975786        0.7403465372       -0.1546252051
        1.2237155711        0.7532549722       -0.1667445889
        1.9348642064        0.8985056562       -0.0180721420
        2.1195375431        0.9284588223       -0.0188096035
        1.4987393697        0.8282537677       -0.1375344978
        1.2237155711        0.7517838756       -0.1700339902
        1.4987393697        0.8285016072       -0.1377940474
        2.1195375431        0.9284573804       -0.0188426504
        2.1195375431        0.9278524628       -0.0183240049
        1.9348642064        0.8983068699       -0.0218614398
        2.1195375431        0.9280485522       -0.0183518564
        2.1195375431        0.9286384534       -0.0191588514
        1.9348642064        0.8976578640       -0.0194421874
        2.1195375431        0.9284846106       -0.0189000496
        1.9348642064        0.8984503365       -0.0181710568
        1.7305951571        0.8475375690       -0.0146238555
        1.9348642064        0.8985035449       -0.0180499618
        2.1195375431        0.9284988143       -0.0188980800
        1.9348642064        0.8977498507       -0.0193184996
        2.1195375431        0.9284781992       -0.0190759386
