#epsqw diagonal term
#1:q+G [au], 2:Re(eps-1), 3:Im(eps-1)
        2.1195375431        0.9034063385       -0.0167230313
        1.9348642064        0.8853392180       -0.0168921666
        2.1195375431        0.9035036564       -0.0167531957
        1.9348642064        0.8853402061       -0.0168777232
        1.7305951571        0.8450681547       -0.0176590184
        1.9348642064        0.8852955459       -0.0168102479
        2.1195375431        0.9034917731       -0.0167607719
        1.9348642064        0.8853023415       -0.0167893586
        2.1195375431        0.9035859315       -0.0168835702
        2.1195375431        0.9039065750       -0.0160475349
        1.9348642064        0.8851118504       -0.0169538704
        2.1195375431        0.9039106600       -0.0160627758
        2.1195375431        0.9035025153       -0.0167768522
        1.4987393697        0.7789483386       -0.0246106099
        1.2237155711        0.6738624111       -0.0360230786
        1.4987393697        0.7788482331       -0.0247956761
        2.1195375431        0.9035214298       -0.0167800129
        1.9348642064        0.8853712812       -0.0169552469
        1.2237155711        0.6756110857       -0.0361026261
        0.8652975786        0.4930356980       -0.0557473908
        1.2237155711        0.6759688806       -0.0361140094
        1.9348642064        0.8853321757       -0.0168781581
        2.1195375431        0.9034499280       -0.0167534850
        1.4987393697        0.7789765386       -0.0246135990
        1.2237155711        0.6741067584       -0.0362188094
        1.4987393697        0.7791910737       -0.0246591121
        2.1195375431        0.9036028793       -0.0169004922
        2.1195375431        0.9039308416       -0.0160595473
        1.9348642064        0.8850605033       -0.0168472074
        2.1195375431        0.9039921354       -0.0161796214
        1.9348642064        0.8850252236       -0.0168021287
        1.7305951571        0.8455890502       -0.0179686409
        1.9348642064        0.8850729934       -0.0169138259
        1.9348642064        0.8853241165       -0.0168213856
        1.2237155711        0.6742254450       -0.0362234989
        0.8652975786        0.4896627717       -0.0555075879
        1.2237155711        0.6739886193       -0.0360744300
        1.9348642064        0.8853619790       -0.0168976814
        1.7305951571        0.8450560409       -0.0176750907
        0.8652975786        0.4930852011       -0.0557773621
        0.0000000000        0.0541988364       -0.0966854581
        0.8652975786        0.4930867278       -0.0557775093
        1.7305951571        0.8450574650       -0.0176750771
        1.9348642064        0.8853608919       -0.0168977576
        1.2237155711        0.6739887261       -0.0360744857
        0.8652975786        0.4896644066       -0.0555075918
        1.2237155711        0.6742291016       -0.0362242227
        1.9348642064        0.8853257875       -0.0168215865
        1.9348642064        0.8850740980       -0.0169137577
        1.7305951571        0.8455905179       -0.0179686360
        1.9348642064        0.8850268693       -0.0168023002
        2.1195375431        0.9039917784       -0.0161793978
        1.9348642064        0.8850594791       -0.0168470300
        2.1195375431        0.9039305468       -0.0160594774
        2.1195375431        0.9036025678       -0.0169002100
        1.4987393697        0.7791913191       -0.0246584654
        1.2237155711        0.6741068394       -0.0362183902
        1.4987393697        0.7789774205       -0.0246134025
        2.1195375431        0.9034507434       -0.0167531928
        1.9348642064        0.8853315228       -0.0168779770
        1.2237155711        0.6759692736       -0.0361137000
        0.8652975786        0.4930375114       -0.0557475492
        1.2237155711        0.6756152323       -0.0361029903
        1.9348642064        0.8853733500       -0.0169551750
        2.1195375431        0.9035209522       -0.0167799601
        1.4987393697        0.7788489827       -0.0247954850
        1.2237155711        0.6738661835       -0.0360233857
        1.4987393697        0.7789497271       -0.0246108882
        2.1195375431        0.9035035009       -0.0167768588
        2.1195375431        0.9039113807       -0.0160625041
        1.9348642064        0.8851135808       -0.0169538025
        2.1195375431        0.9039076056       -0.0160475375
        2.1195375431        0.9035863378       -0.0168833747
        1.9348642064        0.8853034458       -0.0167893329
        2.1195375431        0.9034923606       -0.0167608720
        1.9348642064        0.8852965276       -0.0168102255
        1.7305951571        0.8450695888       -0.0176591001
        1.9348642064        0.8853419198       -0.0168779655
        2.1195375431        0.9035041316       -0.0167532905
        1.9348642064        0.8853407999       -0.0168923958
        2.1195375431        0.9034068486       -0.0167233261
