#epsqw diagonal term
#1:q+G [au], 2:Re(eps-1), 3:Im(eps-1)
        2.1195375431        1.0411883045       -0.0488166347
        1.9348642064        1.0555385420       -0.0590271774
        2.1195375431        1.0413031753       -0.0486621473
        1.9348642064        1.0556619725       -0.0588245057
        1.7305951571        1.0908879359       -0.1085821516
        1.9348642064        1.0559260016       -0.0584127208
        2.1195375431        1.0413346134       -0.0485499104
        1.9348642064        1.0561314189       -0.0583103201
        2.1195375431        1.0419013955       -0.0478046717
        2.1195375431        1.0468066383       -0.0414465987
        1.9348642064        1.0656226268       -0.0570307794
        2.1195375431        1.0467124079       -0.0416783229
        2.1195375431        1.0465849647       -0.0415074486
        1.4987393697        1.1495994971       -0.0841564410
        1.2237155711        1.2131493843       -0.1502011876
        1.4987393697        1.1497473261       -0.0844803390
        2.1195375431        1.0466493355       -0.0414850872
        1.9348642064        1.0652239275       -0.0570018908
        1.2237155711        1.2129604092       -0.1498837248
        0.8652975786        1.3120964891       -0.1947282415
        1.2237155711        1.2110701429       -0.1487181157
        1.9348642064        1.0654791114       -0.0565270738
        2.1195375431        1.0465518503       -0.0416505294
        1.4987393697        1.1499148389       -0.0839341429
        1.2237155711        1.2122891784       -0.1478799917
        1.4987393697        1.1490811562       -0.0825738387
        2.1195375431        1.0470894832       -0.0406648533
        2.1195375431        1.0469059574       -0.0413211260
        1.9348642064        1.0662046460       -0.0562362078
        2.1195375431        1.0472951955       -0.0405914575
        1.9348642064        1.0690333820       -0.0556538241
        1.7305951571        1.1056985197       -0.0709025510
        1.9348642064        1.0687384930       -0.0563364849
        1.9348642064        1.0686387380       -0.0558032660
        1.2237155711        1.2273494654       -0.1166990352
        0.8652975786        1.3757832706       -0.1631698177
        1.2237155711        1.2289807468       -0.1176714443
        1.9348642064        1.0683427012       -0.0564851796
        1.7305951571        1.1049615479       -0.0710255872
        0.8652975786        1.3751144992       -0.1631306353
        0.0000000000        1.5054159412       -0.6695071998
        0.8652975786        1.3751019507       -0.1631274435
        1.7305951571        1.1049520878       -0.0710240915
        1.9348642064        1.0683464222       -0.0564853877
        1.2237155711        1.2289804026       -0.1176710524
        0.8652975786        1.3757703648       -0.1631665192
        1.2237155711        1.2273393894       -0.1166970766
        1.9348642064        1.0686340735       -0.0558030217
        1.9348642064        1.0687343342       -0.0563360765
        1.7305951571        1.1056884243       -0.0709009334
        1.9348642064        1.0690287123       -0.0556532028
        2.1195375431        1.0472969768       -0.0405910663
        1.9348642064        1.0662089082       -0.0562364430
        2.1195375431        1.0469053744       -0.0413202513
        2.1195375431        1.0470909988       -0.0406646882
        1.4987393697        1.1490822091       -0.0825738468
        1.2237155711        1.2122895686       -0.1478813067
        1.4987393697        1.1499130228       -0.0839347494
        2.1195375431        1.0465501240       -0.0416510416
        1.9348642064        1.0654821907       -0.0565272750
        1.2237155711        1.2110695589       -0.1487187199
        0.8652975786        1.3120851895       -0.1947222022
        1.2237155711        1.2129493277       -0.1498807026
        1.9348642064        1.0652190119       -0.0570011089
        2.1195375431        1.0466489238       -0.0414844781
        1.4987393697        1.1497463832       -0.0844810579
        1.2237155711        1.2131401749       -0.1501991860
        1.4987393697        1.1495952195       -0.0841572588
        2.1195375431        1.0465828038       -0.0415079641
        2.1195375431        1.0467108976       -0.0416786448
        1.9348642064        1.0656185510       -0.0570302776
        2.1195375431        1.0468046184       -0.0414467050
        2.1195375431        1.0419014711       -0.0478056550
        1.9348642064        1.0561274705       -0.0583103681
        2.1195375431        1.0413328559       -0.0485508542
        1.9348642064        1.0559224559       -0.0584123094
        1.7305951571        1.0908782343       -0.1085796763
        1.9348642064        1.0556570747       -0.0588236694
        2.1195375431        1.0413018451       -0.0486630659
        1.9348642064        1.0555334835       -0.0590267365
        2.1195375431        1.0411855313       -0.0488172041
