#epsqw diagonal term
#1:q+G [au], 2:Re(eps-1), 3:Im(eps-1)
        2.1195375431        1.0049778261       -0.0000162740
        1.9348642064        1.0063270985       -0.0000208198
        2.1195375431        1.0049784114       -0.0000162750
        1.9348642064        1.0063262112       -0.0000208184
        1.7305951571        1.0082458064       -0.0000272242
        1.9348642064        1.0063275741       -0.0000208224
        2.1195375431        1.0049783023       -0.0000162748
        1.9348642064        1.0063284399       -0.0000208234
        2.1195375431        1.0049794124       -0.0000162775
        2.1195375431        1.0049710491       -0.0000162268
        1.9348642064        1.0063224765       -0.0000208027
        2.1195375431        1.0049707162       -0.0000162262
        2.1195375431        1.0049725943       -0.0000162312
        1.4987393697        1.0109329845       -0.0000406131
        1.2237155711        1.0150569840       -0.0000600090
        1.4987393697        1.0109324388       -0.0000406124
        2.1195375431        1.0049727510       -0.0000162316
        1.9348642064        1.0063252582       -0.0000208113
        1.2237155711        1.0150597318       -0.0000600179
        0.8652975786        1.0211342231       -0.0000932437
        1.2237155711        1.0150606459       -0.0000600126
        1.9348642064        1.0063264976       -0.0000208148
        2.1195375431        1.0049721898       -0.0000162306
        1.4987393697        1.0109324221       -0.0000406121
        1.2237155711        1.0150580374       -0.0000600036
        1.4987393697        1.0109350432       -0.0000406158
        2.1195375431        1.0049737142       -0.0000162340
        2.1195375431        1.0049711183       -0.0000162268
        1.9348642064        1.0063236280       -0.0000208061
        2.1195375431        1.0049722917       -0.0000162297
        1.9348642064        1.0063224098       -0.0000208031
        1.7305951571        1.0081967139       -0.0000268859
        1.9348642064        1.0063210679       -0.0000207991
        1.9348642064        1.0063260467       -0.0000208121
        1.2237155711        1.0150325413       -0.0000598336
        0.8652975786        1.0211176798       -0.0000931481
        1.2237155711        1.0150307237       -0.0000598366
        1.9348642064        1.0063246321       -0.0000208079
        1.7305951571        1.0082021322       -0.0000268997
        0.8652975786        1.0211253713       -0.0000931718
        0.0000000000        1.0355986880       -0.0002554817
        0.8652975786        1.0211223734       -0.0000931658
        1.7305951571        1.0082018795       -0.0000268992
        1.9348642064        1.0063248922       -0.0000208086
        1.2237155711        1.0150307400       -0.0000598366
        0.8652975786        1.0211146750       -0.0000931422
        1.2237155711        1.0150313398       -0.0000598302
        1.9348642064        1.0063258450       -0.0000208114
        1.9348642064        1.0063208042       -0.0000207985
        1.7305951571        1.0081964665       -0.0000268854
        1.9348642064        1.0063222201       -0.0000208025
        2.1195375431        1.0049724465       -0.0000162300
        1.9348642064        1.0063237731       -0.0000208066
        2.1195375431        1.0049710614       -0.0000162267
        2.1195375431        1.0049738605       -0.0000162343
        1.4987393697        1.0109356310       -0.0000406170
        1.2237155711        1.0150588050       -0.0000600056
        1.4987393697        1.0109328804       -0.0000406129
        2.1195375431        1.0049721257       -0.0000162305
        1.9348642064        1.0063266110       -0.0000208152
        1.2237155711        1.0150613742       -0.0000600145
        0.8652975786        1.0211364164       -0.0000932471
        1.2237155711        1.0150592559       -0.0000600164
        1.9348642064        1.0063249195       -0.0000208104
        2.1195375431        1.0049726914       -0.0000162315
        1.4987393697        1.0109329169       -0.0000406131
        1.2237155711        1.0150565821       -0.0000600077
        1.4987393697        1.0109323180       -0.0000406118
        2.1195375431        1.0049726119       -0.0000162312
        2.1195375431        1.0049706539       -0.0000162261
        1.9348642064        1.0063221678       -0.0000208019
        2.1195375431        1.0049710723       -0.0000162267
        2.1195375431        1.0049794713       -0.0000162776
        1.9348642064        1.0063283919       -0.0000208234
        2.1195375431        1.0049781788       -0.0000162745
        1.9348642064        1.0063275358       -0.0000208224
        1.7305951571        1.0082456832       -0.0000272238
        1.9348642064        1.0063262143       -0.0000208183
        2.1195375431        1.0049782942       -0.0000162747
        1.9348642064        1.0063271216       -0.0000208198
        2.1195375431        1.0049777619       -0.0000162738
