#epsqw diagonal term
#1:q+G [au], 2:Re(eps-1), 3:Im(eps-1)
        2.1195375431        0.8997438451       -0.0289452363
        1.9348642064        0.8535434379       -0.0349364942
        2.1195375431        0.8995655544       -0.0293336054
        1.9348642064        0.8534380631       -0.0347818046
        1.7305951571        0.8307989066       -0.0512986828
        1.9348642064        0.8535860463       -0.0348675526
        2.1195375431        0.8997590827       -0.0293844120
        1.9348642064        0.8536315420       -0.0352294040
        2.1195375431        0.8999868629       -0.0290615082
        2.1195375431        0.8996631487       -0.0289604387
        1.9348642064        0.8548382782       -0.0361464992
        2.1195375431        0.8993375623       -0.0286057183
        2.1195375431        0.8997204858       -0.0290909264
        1.4987393697        0.7397509030       -0.0636929806
        1.2237155711        0.6204795971       -0.1113329831
        1.4987393697        0.7390961334       -0.0633541767
        2.1195375431        0.8995707643       -0.0290804958
        1.9348642064        0.8547824230       -0.0362234808
        1.2237155711        0.6219751150       -0.1105998089
        0.8652975786        0.4873150853       -0.1511839455
        1.2237155711        0.6222023836       -0.1113391360
        1.9348642064        0.8548401759       -0.0363927844
        2.1195375431        0.8996662972       -0.0287705164
        1.4987393697        0.7394338407       -0.0634697024
        1.2237155711        0.6204800736       -0.1126529844
        1.4987393697        0.7389990149       -0.0625075563
        2.1195375431        0.8999432771       -0.0287623400
        2.1195375431        0.8997190554       -0.0290049465
        1.9348642064        0.8547752070       -0.0364683685
        2.1195375431        0.8998223415       -0.0286895198
        1.9348642064        0.8529451304       -0.0348662257
        1.7305951571        0.7912514222       -0.0479731251
        1.9348642064        0.8529070352       -0.0345955746
        1.9348642064        0.8532197401       -0.0350958132
        1.2237155711        0.6218874706       -0.1068070572
        0.8652975786        0.4935911234       -0.1523381165
        1.2237155711        0.6218774895       -0.1055497718
        1.9348642064        0.8531848193       -0.0348042391
        1.7305951571        0.7909981463       -0.0479007822
        0.8652975786        0.4897696762       -0.1485921136
        0.0000000000        0.4063914592       -0.4114768106
        0.8652975786        0.4897707216       -0.1485924466
        1.7305951571        0.7909996268       -0.0479008782
        1.9348642064        0.8531835292       -0.0348046278
        1.2237155711        0.6218773867       -0.1055497494
        0.8652975786        0.4935926783       -0.1523386758
        1.2237155711        0.6218918746       -0.1068079850
        1.9348642064        0.8532215236       -0.0350960889
        1.9348642064        0.8529081458       -0.0345955257
        1.7305951571        0.7912529342       -0.0479732343
        1.9348642064        0.8529472887       -0.0348661898
        2.1195375431        0.8998215223       -0.0286891246
        1.9348642064        0.8547741792       -0.0364679570
        2.1195375431        0.8997199374       -0.0290044670
        2.1195375431        0.8999426652       -0.0287625899
        1.4987393697        0.7389992030       -0.0625065952
        1.2237155711        0.6204795587       -0.1126538194
        1.4987393697        0.7394345663       -0.0634695615
        2.1195375431        0.8996680647       -0.0287709430
        1.9348642064        0.8548395761       -0.0363926711
        1.2237155711        0.6222016661       -0.1113396831
        0.8652975786        0.4873161092       -0.1511855680
        1.2237155711        0.6219794194       -0.1106011167
        1.9348642064        0.8547847559       -0.0362233574
        2.1195375431        0.8995699356       -0.0290801131
        1.4987393697        0.7390968008       -0.0633542313
        1.2237155711        0.6204832257       -0.1113344305
        1.4987393697        0.7397522539       -0.0636934829
        2.1195375431        0.8997203543       -0.0290903700
        2.1195375431        0.8993379708       -0.0286052443
        1.9348642064        0.8548402656       -0.0361464620
        2.1195375431        0.8996633081       -0.0289604794
        2.1195375431        0.8999872398       -0.0290610840
        1.9348642064        0.8536328435       -0.0352289738
        2.1195375431        0.8997619903       -0.0293846949
        1.9348642064        0.8535867867       -0.0348673511
        1.7305951571        0.8308003076       -0.0512987986
        1.9348642064        0.8534402238       -0.0347818900
        2.1195375431        0.8995656340       -0.0293335537
        1.9348642064        0.8535451069       -0.0349366586
        2.1195375431        0.8997439176       -0.0289445650
