#epsqw diagonal term
#1:q+G [au], 2:Re(eps-1), 3:Im(eps-1)
        2.1195375431        0.9064423210       -0.0008030869
        1.9348642064        0.8856282690       -0.0007108422
        2.1195375431        0.9065593190       -0.0007930237
        1.9348642064        0.8856195842       -0.0007129053
        1.7305951571        0.8573147265       -0.0006308063
        1.9348642064        0.8856333197       -0.0007103427
        2.1195375431        0.9065693789       -0.0007923381
        1.9348642064        0.8856412233       -0.0007083577
        2.1195375431        0.9065287007       -0.0007955193
        2.1195375431        0.9058496693       -0.0007971292
        1.9348642064        0.8856427491       -0.0007125864
        2.1195375431        0.9057474470       -0.0008029923
        2.1195375431        0.9058546565       -0.0007930706
        1.4987393697        0.7850038957       -0.0012087616
        1.2237155711        0.6897124723       -0.0013617437
        1.4987393697        0.7850208623       -0.0012068157
        2.1195375431        0.9058534880       -0.0007928953
        1.9348642064        0.8856199025       -0.0007099577
        1.2237155711        0.6896843336       -0.0013585676
        0.8652975786        0.5345439332       -0.0017457882
        1.2237155711        0.6897725902       -0.0013544964
        1.9348642064        0.8856324642       -0.0007075529
        2.1195375431        0.9057659413       -0.0007986903
        1.4987393697        0.7850334028       -0.0012061770
        1.2237155711        0.6898011171       -0.0013573129
        1.4987393697        0.7850346810       -0.0012050492
        2.1195375431        0.9058534935       -0.0007905434
        2.1195375431        0.9058582661       -0.0007962381
        1.9348642064        0.8856547099       -0.0007101278
        2.1195375431        0.9058358910       -0.0007949185
        1.9348642064        0.8856273490       -0.0007140731
        1.7305951571        0.8557920729       -0.0006114472
        1.9348642064        0.8856170041       -0.0007166123
        1.9348642064        0.8856197766       -0.0007097585
        1.2237155711        0.6897696753       -0.0013563154
        0.8652975786        0.5345160272       -0.0017402568
        1.2237155711        0.6896883283       -0.0013601292
        1.9348642064        0.8856093611       -0.0007121722
        1.7305951571        0.8557371160       -0.0006113215
        0.8652975786        0.5344716755       -0.0017397566
        0.0000000000        0.1249038245       -0.0026748273
        0.8652975786        0.5344735427       -0.0017397636
        1.7305951571        0.8557385415       -0.0006113204
        1.9348642064        0.8856084788       -0.0007121719
        1.2237155711        0.6896882983       -0.0013601291
        0.8652975786        0.5345179295       -0.0017402635
        1.2237155711        0.6897737521       -0.0013563194
        1.9348642064        0.8856215561       -0.0007097572
        1.9348642064        0.8856178976       -0.0007166127
        1.7305951571        0.8557935334       -0.0006114461
        1.9348642064        0.8856291092       -0.0007140715
        2.1195375431        0.9058354087       -0.0007949184
        1.9348642064        0.8856535901       -0.0007101278
        2.1195375431        0.9058579818       -0.0007962362
        2.1195375431        0.9058530107       -0.0007905437
        1.4987393697        0.7850341320       -0.0012050490
        1.2237155711        0.6898009480       -0.0013573131
        1.4987393697        0.7850339478       -0.0012061769
        2.1195375431        0.9057663912       -0.0007986903
        1.9348642064        0.8856317128       -0.0007075527
        1.2237155711        0.6897725856       -0.0013544964
        0.8652975786        0.5345458277       -0.0017457933
        1.2237155711        0.6896885415       -0.0013585715
        1.9348642064        0.8856217905       -0.0007099564
        2.1195375431        0.9058530964       -0.0007928944
        1.4987393697        0.7850212607       -0.0012068157
        1.2237155711        0.6897162329       -0.0013617475
        1.4987393697        0.7850056106       -0.0012087613
        2.1195375431        0.9058556287       -0.0007930688
        2.1195375431        0.9057478523       -0.0008029921
        1.9348642064        0.8856443008       -0.0007125856
        2.1195375431        0.9058506978       -0.0007971270
        2.1195375431        0.9065288996       -0.0007955213
        1.9348642064        0.8856421500       -0.0007083579
        2.1195375431        0.9065700248       -0.0007923377
        1.9348642064        0.8856341116       -0.0007103428
        1.7305951571        0.8573161563       -0.0006308046
        1.9348642064        0.8856214224       -0.0007129034
        2.1195375431        0.9065599031       -0.0007930234
        1.9348642064        0.8856299760       -0.0007108405
        2.1195375431        0.9064431528       -0.0008030856
