#epsqw diagonal term
#1:q+G [au], 2:Re(eps-1), 3:Im(eps-1)
        2.1195375431        0.9062413817       -0.0007113036
        1.9348642064        0.8859932045       -0.0006590041
        2.1195375431        0.9063440716       -0.0007042101
        1.9348642064        0.8859875636       -0.0006602316
        1.7305951571        0.8559716169       -0.0005982007
        1.9348642064        0.8859982164       -0.0006584300
        2.1195375431        0.9063542606       -0.0007033227
        1.9348642064        0.8860033241       -0.0006572576
        2.1195375431        0.9063211208       -0.0007056074
        2.1195375431        0.9063428405       -0.0007066928
        1.9348642064        0.8860160260       -0.0006599275
        2.1195375431        0.9062490852       -0.0007117037
        2.1195375431        0.9070536030       -0.0007026586
        1.4987393697        0.7856680841       -0.0011045260
        1.2237155711        0.6903533846       -0.0012899515
        1.4987393697        0.7856734348       -0.0011036363
        2.1195375431        0.9070540604       -0.0007026388
        1.9348642064        0.8859972252       -0.0006577927
        1.2237155711        0.6903278804       -0.0012900999
        0.8652975786        0.5352683184       -0.0016987794
        1.2237155711        0.6904117882       -0.0012867702
        1.9348642064        0.8860077364       -0.0006560867
        2.1195375431        0.9069681402       -0.0007069894
        1.4987393697        0.7856746699       -0.0011028277
        1.2237155711        0.6904378525       -0.0012864599
        1.4987393697        0.7856843947       -0.0011022288
        2.1195375431        0.9070453485       -0.0007010798
        2.1195375431        0.9063542390       -0.0007057802
        1.9348642064        0.8860255699       -0.0006581957
        2.1195375431        0.9063285420       -0.0007056248
        1.9348642064        0.8860042501       -0.0006608693
        1.7305951571        0.8560103333       -0.0005982500
        1.9348642064        0.8859966531       -0.0006626584
        1.9348642064        0.8859984631       -0.0006576304
        1.2237155711        0.6904171611       -0.0012893581
        0.8652975786        0.5353048224       -0.0016992336
        1.2237155711        0.6903402667       -0.0012925479
        1.9348642064        0.8859902807       -0.0006593397
        1.7305951571        0.8575297994       -0.0006164662
        0.8652975786        0.5353307868       -0.0017050131
        0.0000000000        0.1270389144       -0.0024784758
        0.8652975786        0.5353326510       -0.0017050195
        1.7305951571        0.8575312053       -0.0006164647
        1.9348642064        0.8859893961       -0.0006593397
        1.2237155711        0.6903402357       -0.0012925476
        0.8652975786        0.5353067290       -0.0016992401
        1.2237155711        0.6904212428       -0.0012893612
        1.9348642064        0.8860002440       -0.0006576288
        1.9348642064        0.8859975480       -0.0006626585
        1.7305951571        0.8560117934       -0.0005982487
        1.9348642064        0.8860060119       -0.0006608676
        2.1195375431        0.9063280604       -0.0007056248
        1.9348642064        0.8860244487       -0.0006581960
        2.1195375431        0.9063539522       -0.0007057788
        2.1195375431        0.9070448583       -0.0007010802
        1.4987393697        0.7856838799       -0.0011022290
        1.2237155711        0.6904376821       -0.0012864599
        1.4987393697        0.7856752071       -0.0011028274
        2.1195375431        0.9069685957       -0.0007069892
        1.9348642064        0.8860069831       -0.0006560868
        1.2237155711        0.6904117822       -0.0012867699
        0.8652975786        0.5352702207       -0.0016987848
        1.2237155711        0.6903320938       -0.0012901030
        1.9348642064        0.8859991139       -0.0006577912
        2.1195375431        0.9070536429       -0.0007026381
        1.4987393697        0.7856738540       -0.0011036364
        1.2237155711        0.6903571508       -0.0012899547
        1.4987393697        0.7856698098       -0.0011045254
        2.1195375431        0.9070545875       -0.0007026569
        2.1195375431        0.9062494911       -0.0007117034
        1.9348642064        0.8860175785       -0.0006599263
        2.1195375431        0.9063438704       -0.0007066907
        2.1195375431        0.9063213135       -0.0007056087
        1.9348642064        0.8860042513       -0.0006572574
        2.1195375431        0.9063548861       -0.0007033223
        1.9348642064        0.8859990092       -0.0006584298
        1.7305951571        0.8559730737       -0.0005981988
        1.9348642064        0.8859894039       -0.0006602295
        2.1195375431        0.9063446330       -0.0007042097
        1.9348642064        0.8859949129       -0.0006590022
        2.1195375431        0.9062422167       -0.0007113023
