#epsqw diagonal term
#1:q+G [au], 2:Re(eps-1), 3:Im(eps-1)
        2.1195375431        0.9252399964       -0.0221582351
        1.9348642064        0.8927112995       -0.0187745352
        2.1195375431        0.9249142216       -0.0219855319
        1.9348642064        0.8925416252       -0.0187670985
        1.7305951571        0.8483688741       -0.0140753360
        1.9348642064        0.8924283674       -0.0185351121
        2.1195375431        0.9249540492       -0.0220194674
        1.9348642064        0.8926110277       -0.0185318229
        2.1195375431        0.9250014884       -0.0220987649
        2.1195375431        0.9266192449       -0.0207979804
        1.9348642064        0.8929057501       -0.0190474379
        2.1195375431        0.9269230995       -0.0206896253
        2.1195375431        0.9251266724       -0.0220225417
        1.4987393697        0.7997236390       -0.0280212295
        1.2237155711        0.6705594665       -0.0484336261
        1.4987393697        0.7998330930       -0.0278698358
        2.1195375431        0.9250990610       -0.0219481197
        1.9348642064        0.8927052369       -0.0186595429
        1.2237155711        0.6712245621       -0.0483482489
        0.8652975786        0.4851091578       -0.1065749986
        1.2237155711        0.6706796431       -0.0480619568
        1.9348642064        0.8926193944       -0.0184339708
        2.1195375431        0.9253470660       -0.0220442546
        1.4987393697        0.7996187927       -0.0279959674
        1.2237155711        0.6699793215       -0.0479994567
        1.4987393697        0.7990722438       -0.0282381454
        2.1195375431        0.9251773224       -0.0220045307
        2.1195375431        0.9266310384       -0.0207528264
        1.9348642064        0.8927760678       -0.0188475390
        2.1195375431        0.9267488129       -0.0208579202
        1.9348642064        0.8927282699       -0.0189319902
        1.7305951571        0.8448043989       -0.0166084724
        1.9348642064        0.8928881280       -0.0191043999
        1.9348642064        0.8926389978       -0.0184596864
        1.2237155711        0.6698904699       -0.0483103697
        0.8652975786        0.4966027717       -0.1195423318
        1.2237155711        0.6703757525       -0.0486175953
        1.9348642064        0.8927486694       -0.0186760155
        1.7305951571        0.8484115673       -0.0141807574
        0.8652975786        0.4844196147       -0.1092528298
        0.0000000000        0.0451577483       -0.1488334151
        0.8652975786        0.4844213124       -0.1092532145
        1.7305951571        0.8484129476       -0.0141807983
        1.9348642064        0.8927477105       -0.0186759764
        1.2237155711        0.6703757859       -0.0486175831
        0.8652975786        0.4966044839       -0.1195427408
        1.2237155711        0.6698945372       -0.0483105242
        1.9348642064        0.8926408702       -0.0184597352
        1.9348642064        0.8928891237       -0.0191044416
        1.7305951571        0.8448057702       -0.0166084903
        1.9348642064        0.8927300866       -0.0189320450
        2.1195375431        0.9267482912       -0.0208579365
        1.9348642064        0.8927748264       -0.0188474971
        2.1195375431        0.9266305931       -0.0207527687
        2.1195375431        0.9251768297       -0.0220045441
        1.4987393697        0.7990717778       -0.0282381085
        1.2237155711        0.6699791283       -0.0479995585
        1.4987393697        0.7996193309       -0.0279960281
        2.1195375431        0.9253475527       -0.0220442910
        1.9348642064        0.8926185563       -0.0184339433
        1.2237155711        0.6706796801       -0.0480620588
        0.8652975786        0.4851109100       -0.1065756896
        1.2237155711        0.6712289373       -0.0483485286
        1.9348642064        0.8927072072       -0.0186596221
        2.1195375431        0.9250985356       -0.0219480678
        1.4987393697        0.7998334614       -0.0278699053
        1.2237155711        0.6705632195       -0.0484338630
        1.4987393697        0.7997255022       -0.0280210988
        2.1195375431        0.9251277057       -0.0220225503
        2.1195375431        0.9269235419       -0.0206896286
        1.9348642064        0.8929073492       -0.0190474842
        2.1195375431        0.9266202892       -0.0207979692
        2.1195375431        0.9250018107       -0.0220988273
        1.9348642064        0.8926120695       -0.0185318776
        2.1195375431        0.9249547506       -0.0220195172
        1.9348642064        0.8924292895       -0.0185351768
        1.7305951571        0.8483703542       -0.0140753923
        1.9348642064        0.8925435553       -0.0187671463
        2.1195375431        0.9249148552       -0.0219855456
        1.9348642064        0.8927130969       -0.0187745774
        2.1195375431        0.9252408333       -0.0221582237
