#epsqw diagonal term
#1:q+G [au], 2:Re(eps-1), 3:Im(eps-1)
        2.1195375431        0.9105342043       -0.0366653931
        1.9348642064        0.8871234072       -0.0266341735
        2.1195375431        0.9101689572       -0.0370850313
        1.9348642064        0.8870038019       -0.0267143295
        1.7305951571        0.8544130953       -0.0167884228
        1.9348642064        0.8869647081       -0.0271809108
        2.1195375431        0.9101998261       -0.0370873933
        1.9348642064        0.8870536734       -0.0271331105
        2.1195375431        0.9103282366       -0.0371150756
        2.1195375431        0.9120112023       -0.0364624814
        1.9348642064        0.8869132870       -0.0266728339
        2.1195375431        0.9123130600       -0.0362616875
        2.1195375431        0.9104165838       -0.0369165196
        1.4987393697        0.7863112413       -0.0502136352
        1.2237155711        0.6813678689       -0.0385131591
        1.4987393697        0.7862515577       -0.0503394098
        2.1195375431        0.9104595164       -0.0368846791
        1.9348642064        0.8870527541       -0.0267049345
        1.2237155711        0.6813695999       -0.0378417905
        0.8652975786        0.5155629591       -0.0773127965
        1.2237155711        0.6815215634       -0.0378750513
        1.9348642064        0.8869994393       -0.0272368252
        2.1195375431        0.9106954120       -0.0366668805
        1.4987393697        0.7863192564       -0.0503825318
        1.2237155711        0.6813717363       -0.0384454721
        1.4987393697        0.7872586020       -0.0499962999
        2.1195375431        0.9104364895       -0.0371307012
        2.1195375431        0.9119893729       -0.0364281787
        1.9348642064        0.8867937550       -0.0271849539
        2.1195375431        0.9121138774       -0.0365133773
        1.9348642064        0.8869142935       -0.0270331559
        1.7305951571        0.8531554388       -0.0180363900
        1.9348642064        0.8871067435       -0.0265941677
        1.9348642064        0.8872677154       -0.0271350471
        1.2237155711        0.6810503171       -0.0381601929
        0.8652975786        0.5132075344       -0.0831051108
        1.2237155711        0.6809614420       -0.0382256447
        1.9348642064        0.8873835815       -0.0266199506
        1.7305951571        0.8544395003       -0.0166969298
        0.8652975786        0.5161669242       -0.0767129744
        0.0000000000        0.0646972390       -0.1071455294
        0.8652975786        0.5161692657       -0.0767129437
        1.7305951571        0.8544408018       -0.0166961558
        1.9348642064        0.8873826013       -0.0266199792
        1.2237155711        0.6809612484       -0.0382253533
        0.8652975786        0.5132095119       -0.0831043990
        1.2237155711        0.6810539889       -0.0381600653
        1.9348642064        0.8872694571       -0.0271350974
        1.9348642064        0.8871077073       -0.0265940477
        1.7305951571        0.8531564865       -0.0180357469
        1.9348642064        0.8869160802       -0.0270331411
        2.1195375431        0.9121133806       -0.0365133373
        1.9348642064        0.8867925750       -0.0271849705
        2.1195375431        0.9119889329       -0.0364280188
        2.1195375431        0.9104358710       -0.0371308832
        1.4987393697        0.7872575353       -0.0499960279
        1.2237155711        0.6813719170       -0.0384459478
        1.4987393697        0.7863195822       -0.0503824957
        2.1195375431        0.9106959905       -0.0366670471
        1.9348642064        0.8869987331       -0.0272367881
        1.2237155711        0.6815220414       -0.0378752368
        0.8652975786        0.5155639569       -0.0773138612
        1.2237155711        0.6813738181       -0.0378422794
        1.9348642064        0.8870546727       -0.0267050619
        2.1195375431        0.9104590082       -0.0368846080
        1.4987393697        0.7862516570       -0.0503394932
        1.2237155711        0.6813715928       -0.0385131976
        1.4987393697        0.7863133501       -0.0502138563
        2.1195375431        0.9104176318       -0.0369165565
        2.1195375431        0.9123137168       -0.0362618582
        1.9348642064        0.8869149109       -0.0266728112
        2.1195375431        0.9120122945       -0.0364626172
        2.1195375431        0.9103284978       -0.0371153961
        1.9348642064        0.8870547328       -0.0271332534
        2.1195375431        0.9102004478       -0.0370875505
        1.9348642064        0.8869655684       -0.0271810542
        1.7305951571        0.8544146799       -0.0167892211
        1.9348642064        0.8870057127       -0.0267145276
        2.1195375431        0.9101696230       -0.0370851006
        1.9348642064        0.8871251710       -0.0266342996
        2.1195375431        0.9105348932       -0.0366652785
