#epsqw diagonal term
#1:q+G [au], 2:Re(eps-1), 3:Im(eps-1)
        2.1195375431        0.9021721052       -0.0039845261
        1.9348642064        0.8807088642       -0.0029053869
        2.1195375431        0.9020249672       -0.0042182110
        1.9348642064        0.8807250124       -0.0028791299
        1.7305951571        0.8508596564       -0.0013155386
        1.9348642064        0.8806801320       -0.0028599942
        2.1195375431        0.9019977325       -0.0041837374
        1.9348642064        0.8806703612       -0.0028954615
        2.1195375431        0.9022248287       -0.0039047351
        2.1195375431        0.9021484125       -0.0040064338
        1.9348642064        0.8807162164       -0.0028613122
        2.1195375431        0.9020398662       -0.0040768739
        2.1195375431        0.9028589398       -0.0042001463
        1.4987393697        0.7775847084       -0.0055278961
        1.2237155711        0.6785347121       -0.0046243968
        1.4987393697        0.7774553007       -0.0056603531
        2.1195375431        0.9027774896       -0.0042546590
        1.9348642064        0.8804919628       -0.0029491899
        1.2237155711        0.6782632687       -0.0046668839
        0.8652975786        0.5176438570       -0.0036341764
        1.2237155711        0.6783410270       -0.0046381754
        1.9348642064        0.8804381764       -0.0029255159
        2.1195375431        0.9027380929       -0.0041979197
        1.4987393697        0.7774073581       -0.0056027784
        1.2237155711        0.6786009085       -0.0045922445
        1.4987393697        0.7775735562       -0.0053737943
        2.1195375431        0.9028807964       -0.0040338488
        2.1195375431        0.9020161288       -0.0040398111
        1.9348642064        0.8806760847       -0.0028509864
        2.1195375431        0.9021968321       -0.0039014834
        1.9348642064        0.8806801006       -0.0027947056
        1.7305951571        0.8508974329       -0.0013190227
        1.9348642064        0.8807287780       -0.0028132445
        1.9348642064        0.8804408629       -0.0029351447
        1.2237155711        0.6783400493       -0.0045965844
        0.8652975786        0.5176706582       -0.0036427238
        1.2237155711        0.6782737903       -0.0046126927
        1.9348642064        0.8804974125       -0.0029576574
        1.7305951571        0.8521576459       -0.0013286412
        0.8652975786        0.5177583787       -0.0036344608
        0.0000000000        0.0929103330       -0.0077930101
        0.8652975786        0.5177600733       -0.0036346088
        1.7305951571        0.8521590593       -0.0013286091
        1.9348642064        0.8804965805       -0.0029576060
        1.2237155711        0.6782737765       -0.0046127091
        0.8652975786        0.5176723697       -0.0036429208
        1.2237155711        0.6783439948       -0.0045966976
        1.9348642064        0.8804425952       -0.0029351747
        1.9348642064        0.8807296145       -0.0028132991
        1.7305951571        0.8508988390       -0.0013190755
        1.9348642064        0.8806818254       -0.0027947476
        2.1195375431        0.9021963858       -0.0039014829
        1.9348642064        0.8806750129       -0.0028510611
        2.1195375431        0.9020158540       -0.0040398520
        2.1195375431        0.9028803349       -0.0040338369
        1.4987393697        0.7775730798       -0.0053738003
        1.2237155711        0.6786008235       -0.0045923950
        1.4987393697        0.7774079130       -0.0056027982
        2.1195375431        0.9027385689       -0.0041979722
        1.9348642064        0.8804374658       -0.0029255481
        1.2237155711        0.6783411076       -0.0046382924
        0.8652975786        0.5176458129       -0.0036340091
        1.2237155711        0.6782673926       -0.0046671004
        1.9348642064        0.8804937877       -0.0029493130
        2.1195375431        0.9027770427       -0.0042547117
        1.4987393697        0.7774556954       -0.0056604175
        1.2237155711        0.6785384327       -0.0046246343
        1.4987393697        0.7775864774       -0.0055278966
        2.1195375431        0.9028599599       -0.0042001441
        2.1195375431        0.9020403089       -0.0040769137
        1.9348642064        0.8807177163       -0.0028614767
        2.1195375431        0.9021494794       -0.0040064143
        2.1195375431        0.9022249948       -0.0039046946
        1.9348642064        0.8806713004       -0.0028954816
        2.1195375431        0.9019983458       -0.0041837147
        1.9348642064        0.8806809447       -0.0028600119
        1.7305951571        0.8508611578       -0.0013154873
        1.9348642064        0.8807268873       -0.0028791070
        2.1195375431        0.9020254729       -0.0042182197
        1.9348642064        0.8807106086       -0.0029053773
        2.1195375431        0.9021729345       -0.0039844751
