#epsqw diagonal term
#1:q+G [au], 2:Re(eps-1), 3:Im(eps-1)
        2.1195375431        0.9076175108       -0.0005588928
        1.9348642064        0.8870903301       -0.0005601624
        2.1195375431        0.9076995676       -0.0005558427
        1.9348642064        0.8870868014       -0.0005604914
        1.7305951571        0.8566981236       -0.0005600914
        1.9348642064        0.8870918894       -0.0005598056
        2.1195375431        0.9077025498       -0.0005555127
        1.9348642064        0.8870948343       -0.0005594915
        2.1195375431        0.9076788650       -0.0005565044
        2.1195375431        0.9084214432       -0.0005526877
        1.9348642064        0.8871216239       -0.0005601392
        2.1195375431        0.9083402494       -0.0005554196
        2.1195375431        0.9076952146       -0.0005556132
        1.4987393697        0.7875388297       -0.0009269160
        1.2237155711        0.6923669198       -0.0011505253
        1.4987393697        0.7875326228       -0.0009268360
        2.1195375431        0.9076979220       -0.0005555486
        1.9348642064        0.8870818942       -0.0005597386
        1.2237155711        0.6923106171       -0.0011469930
        0.8652975786        0.5379244692       -0.0015767042
        1.2237155711        0.6923836057       -0.0011451961
        1.9348642064        0.8870867476       -0.0005590782
        2.1195375431        0.9076270403       -0.0005577958
        1.4987393697        0.7875487186       -0.0009262611
        1.2237155711        0.6924384225       -0.0011485581
        1.4987393697        0.7875476334       -0.0009265645
        2.1195375431        0.9076871643       -0.0005554673
        2.1195375431        0.9084276068       -0.0005522917
        1.9348642064        0.8871259750       -0.0005594675
        2.1195375431        0.9083989330       -0.0005530098
        1.9348642064        0.8871128702       -0.0005602406
        1.7305951571        0.8583651911       -0.0005762408
        1.9348642064        0.8871105897       -0.0005609251
        1.9348642064        0.8870834215       -0.0005594926
        1.2237155711        0.6924124162       -0.0011486443
        0.8652975786        0.5380561591       -0.0015826868
        1.2237155711        0.6923464872       -0.0011504419
        1.9348642064        0.8870810333       -0.0005601499
        1.7305951571        0.8566816735       -0.0005601644
        0.8652975786        0.5379169776       -0.0015769264
        0.0000000000        0.1335270612       -0.0020683624
        0.8652975786        0.5379188646       -0.0015769322
        1.7305951571        0.8566831012       -0.0005601630
        1.9348642064        0.8870801450       -0.0005601505
        1.2237155711        0.6923464583       -0.0011504419
        0.8652975786        0.5380580719       -0.0015826922
        1.2237155711        0.6924165128       -0.0011486458
        1.9348642064        0.8870852061       -0.0005594906
        1.9348642064        0.8871114900       -0.0005609245
        1.7305951571        0.8583666332       -0.0005762391
        1.9348642064        0.8871146342       -0.0005602384
        2.1195375431        0.9083984411       -0.0005530102
        1.9348642064        0.8871248485       -0.0005594684
        2.1195375431        0.9084272909       -0.0005522910
        2.1195375431        0.9076866801       -0.0005554679
        1.4987393697        0.7875471198       -0.0009265647
        1.2237155711        0.6924382502       -0.0011485580
        1.4987393697        0.7875492855       -0.0009262609
        2.1195375431        0.9076274889       -0.0005577953
        1.9348642064        0.8870859920       -0.0005590787
        1.2237155711        0.6923836005       -0.0011451960
        0.8652975786        0.5379263818       -0.0015767093
        1.2237155711        0.6923148487       -0.0011469946
        1.9348642064        0.8870837880       -0.0005597364
        2.1195375431        0.9076975254       -0.0005555484
        1.4987393697        0.7875330154       -0.0009268359
        1.2237155711        0.6923707006       -0.0011505270
        1.4987393697        0.7875405593       -0.0009269147
        2.1195375431        0.9076961871       -0.0005556117
        2.1195375431        0.9083406624       -0.0005554191
        1.9348642064        0.8871231808       -0.0005601375
        2.1195375431        0.9084224836       -0.0005526858
        2.1195375431        0.9076790623       -0.0005565049
        1.9348642064        0.8870957655       -0.0005594908
        2.1195375431        0.9077031770       -0.0005555123
        1.9348642064        0.8870926853       -0.0005598049
        1.7305951571        0.8566995794       -0.0005600896
        1.9348642064        0.8870886434       -0.0005604890
        2.1195375431        0.9077001311       -0.0005558424
        1.9348642064        0.8870920408       -0.0005601603
        2.1195375431        0.9076183438       -0.0005588913
