#epsqw diagonal term
#1:q+G [au], 2:Re(eps-1), 3:Im(eps-1)
        2.1195375431        1.0308614909       -0.0013762859
        1.9348642064        1.0402541294       -0.0014256479
        2.1195375431        1.0309002083       -0.0014089715
        1.9348642064        1.0403154123       -0.0014246533
        1.7305951571        1.0529729717       -0.0015720049
        1.9348642064        1.0403898764       -0.0014657763
        2.1195375431        1.0309000721       -0.0014090153
        1.9348642064        1.0403304910       -0.0014669121
        2.1195375431        1.0309385442       -0.0013724156
        2.1195375431        1.0308939297       -0.0014088039
        1.9348642064        1.0402393182       -0.0014253397
        2.1195375431        1.0308547114       -0.0013758178
        2.1195375431        1.0312888211       -0.0014150847
        1.4987393697        1.0671807102       -0.0016505024
        1.2237155711        1.0895591919       -0.0015486512
        1.4987393697        1.0671771563       -0.0016501807
        2.1195375431        1.0312880846       -0.0014149091
        1.9348642064        1.0405515037       -0.0014286054
        1.2237155711        1.0910303852       -0.0015705939
        0.8652975786        1.1216560143       -0.0016268144
        1.2237155711        1.0911077751       -0.0016205779
        1.9348642064        1.0406265704       -0.0014697883
        2.1195375431        1.0312474636       -0.0013820461
        1.4987393697        1.0671788968       -0.0016503605
        1.2237155711        1.0896397015       -0.0015989163
        1.4987393697        1.0672757073       -0.0016540195
        2.1195375431        1.0313256649       -0.0013783986
        2.1195375431        1.0308925090       -0.0014086705
        1.9348642064        1.0403165996       -0.0014666249
        2.1195375431        1.0309333204       -0.0013721327
        1.9348642064        1.0403782007       -0.0014658898
        1.7305951571        1.0529434638       -0.0015720755
        1.9348642064        1.0402988955       -0.0014245070
        1.9348642064        1.0406326256       -0.0014712575
        1.2237155711        1.0911006874       -0.0016204540
        0.8652975786        1.1216248191       -0.0016277575
        1.2237155711        1.0910152914       -0.0015699945
        1.9348642064        1.0405543117       -0.0014298507
        1.7305951571        1.0552278833       -0.0016037440
        0.8652975786        1.1227831571       -0.0016458262
        0.0000000000        1.2198655685       -0.0021429977
        0.8652975786        1.1227806750       -0.0016458335
        1.7305951571        1.0552271023       -0.0016037590
        1.9348642064        1.0405544837       -0.0014298423
        1.2237155711        1.0910150982       -0.0015699897
        0.8652975786        1.1216223339       -0.0016277637
        1.2237155711        1.0910986581       -0.0016204657
        1.9348642064        1.0406319435       -0.0014712687
        1.9348642064        1.0402985307       -0.0014245098
        1.7305951571        1.0529426482       -0.0015720883
        1.9348642064        1.0403775814       -0.0014659031
        2.1195375431        1.0309338818       -0.0013721332
        1.9348642064        1.0403170488       -0.0014666238
        2.1195375431        1.0308927048       -0.0014086778
        2.1195375431        1.0313261401       -0.0013783966
        1.4987393697        1.0672758587       -0.0016540123
        1.2237155711        1.0896398285       -0.0015989176
        1.4987393697        1.0671787509       -0.0016503713
        2.1195375431        1.0312469501       -0.0013820485
        1.9348642064        1.0406267478       -0.0014697799
        1.2237155711        1.0911075988       -0.0016205761
        0.8652975786        1.1216538620       -0.0016268241
        1.2237155711        1.0910280136       -0.0015706098
        1.9348642064        1.0405507466       -0.0014286187
        2.1195375431        1.0312880551       -0.0014149084
        1.4987393697        1.0671769581       -0.0016501854
        1.2237155711        1.0895574446       -0.0015486658
        1.4987393697        1.0671802449       -0.0016505197
        2.1195375431        1.0312889605       -0.0014151022
        2.1195375431        1.0308542414       -0.0013758184
        1.9348642064        1.0402388228       -0.0014253555
        2.1195375431        1.0308941224       -0.0014088228
        2.1195375431        1.0309378735       -0.0013724047
        1.9348642064        1.0403301824       -0.0014669167
        2.1195375431        1.0309001707       -0.0014090259
        1.9348642064        1.0403895709       -0.0014657831
        1.7305951571        1.0529721512       -0.0015720193
        1.9348642064        1.0403146607       -0.0014246675
        2.1195375431        1.0309003630       -0.0014089814
        1.9348642064        1.0402535814       -0.0014256624
        2.1195375431        1.0308610632       -0.0013762957
