#epsqw diagonal term
#1:q+G [au], 2:Re(eps-1), 3:Im(eps-1)
        2.1195375431        0.9074879321       -0.0005696703
        1.9348642064        0.8869824822       -0.0005678176
        2.1195375431        0.9075700260       -0.0005664158
        1.9348642064        0.8869804069       -0.0005681605
        1.7305951571        0.8566226477       -0.0005637400
        1.9348642064        0.8869858045       -0.0005674106
        2.1195375431        0.9075768002       -0.0005659520
        1.9348642064        0.8869875367       -0.0005670824
        2.1195375431        0.9075507091       -0.0005670683
        2.1195375431        0.9075758451       -0.0005669946
        1.9348642064        0.8870080599       -0.0005679804
        2.1195375431        0.9074972993       -0.0005698206
        2.1195375431        0.9082842310       -0.0005625852
        1.4987393697        0.7873587430       -0.0009398381
        1.2237155711        0.6921505988       -0.0011591704
        1.4987393697        0.7873618428       -0.0009396332
        2.1195375431        0.9082847982       -0.0005625748
        1.9348642064        0.8869817545       -0.0005671539
        1.2237155711        0.6921251690       -0.0011614425
        0.8652975786        0.5376465634       -0.0015885923
        1.2237155711        0.6921985316       -0.0011594688
        1.9348642064        0.8869873006       -0.0005664269
        2.1195375431        0.9082108897       -0.0005649854
        1.4987393697        0.7873594239       -0.0009392250
        1.2237155711        0.6922240453       -0.0011571650
        1.4987393697        0.7873673942       -0.0009394013
        2.1195375431        0.9082708283       -0.0005624526
        2.1195375431        0.9075839558       -0.0005665154
        1.9348642064        0.8870125834       -0.0005672515
        2.1195375431        0.9075586131       -0.0005671780
        1.9348642064        0.8869995145       -0.0005681207
        1.7305951571        0.8566617684       -0.0005637475
        1.9348642064        0.8869971596       -0.0005688646
        1.9348642064        0.8869828565       -0.0005669211
        1.2237155711        0.6922118845       -0.0011601259
        0.8652975786        0.5376845967       -0.0015889063
        1.2237155711        0.6921449758       -0.0011620273
        1.9348642064        0.8869796729       -0.0005676469
        1.7305951571        0.8582278776       -0.0005801551
        0.8652975786        0.5377304660       -0.0015945807
        0.0000000000        0.1328842790       -0.0021021622
        0.8652975786        0.5377323433       -0.0015945863
        1.7305951571        0.8582292847       -0.0005801535
        1.9348642064        0.8869787843       -0.0005676474
        1.2237155711        0.6921449441       -0.0011620271
        0.8652975786        0.5376865165       -0.0015889120
        1.2237155711        0.6922159812       -0.0011601276
        1.9348642064        0.8869846408       -0.0005669191
        1.9348642064        0.8869980588       -0.0005688640
        1.7305951571        0.8566632310       -0.0005637459
        1.9348642064        0.8870012793       -0.0005681185
        2.1195375431        0.9075581299       -0.0005671784
        1.9348642064        0.8870114581       -0.0005672524
        2.1195375431        0.9075836645       -0.0005665146
        2.1195375431        0.9082703371       -0.0005624532
        1.4987393697        0.7873668780       -0.0009394016
        1.2237155711        0.6922238742       -0.0011571651
        1.4987393697        0.7873599624       -0.0009392247
        2.1195375431        0.9082113467       -0.0005649850
        1.9348642064        0.8869865442       -0.0005664274
        1.2237155711        0.6921985247       -0.0011594686
        0.8652975786        0.5376484750       -0.0015885975
        1.2237155711        0.6921293976       -0.0011614441
        1.9348642064        0.8869836474       -0.0005671518
        2.1195375431        0.9082843771       -0.0005625746
        1.4987393697        0.7873622635       -0.0009396332
        1.2237155711        0.6921543791       -0.0011591723
        1.4987393697        0.7873604725       -0.0009398369
        2.1195375431        0.9082852155       -0.0005625835
        2.1195375431        0.9074977061       -0.0005698201
        1.9348642064        0.8870096164       -0.0005679787
        2.1195375431        0.9075768743       -0.0005669926
        2.1195375431        0.9075509060       -0.0005670689
        1.9348642064        0.8869884672       -0.0005670818
        2.1195375431        0.9075774273       -0.0005659516
        1.9348642064        0.8869865999       -0.0005674100
        1.7305951571        0.8566241032       -0.0005637382
        1.9348642064        0.8869822490       -0.0005681581
        2.1195375431        0.9075705889       -0.0005664154
        1.9348642064        0.8869841924       -0.0005678155
        2.1195375431        0.9074887676       -0.0005696688
