#epsqw diagonal term
#1:q+G [au], 2:Re(eps-1), 3:Im(eps-1)
        2.1195375431        0.9062415626       -0.0007113037
        1.9348642064        0.8859941437       -0.0006589720
        2.1195375431        0.9063462060       -0.0007041549
        1.9348642064        0.8859866374       -0.0006602641
        1.7305951571        0.8559716172       -0.0005982007
        1.9348642064        0.8859974293       -0.0006584604
        2.1195375431        0.9063525931       -0.0007033798
        1.9348642064        0.8860041450       -0.0006572269
        2.1195375431        0.9063213715       -0.0007056082
        2.1195375431        0.9070536721       -0.0007053597
        1.9348642064        0.8860233243       -0.0006597249
        2.1195375431        0.9069555675       -0.0007104575
        2.1195375431        0.9063436870       -0.0007039544
        1.4987393697        0.7856674559       -0.0011045473
        1.2237155711        0.6903598379       -0.0012923950
        1.4987393697        0.7856635173       -0.0011037568
        2.1195375431        0.9063464396       -0.0007038821
        1.9348642064        0.8859899791       -0.0006579898
        1.2237155711        0.6903214762       -0.0012876622
        0.8652975786        0.5352683172       -0.0016987794
        1.2237155711        0.6904057842       -0.0012844141
        1.9348642064        0.8860002096       -0.0006562879
        2.1195375431        0.9062624688       -0.0007082063
        1.4987393697        0.7856840409       -0.0011027102
        1.2237155711        0.6904437805       -0.0012888017
        1.4987393697        0.7856845881       -0.0011022182
        2.1195375431        0.9063413337       -0.0007022830
        2.1195375431        0.9070632880       -0.0007044996
        1.9348642064        0.8860331404       -0.0006579882
        2.1195375431        0.9070339912       -0.0007043852
        1.9348642064        0.8860110488       -0.0006606951
        1.7305951571        0.8575856995       -0.0006164630
        1.9348642064        0.8860030652       -0.0006624900
        1.9348642064        0.8859917356       -0.0006578028
        1.2237155711        0.6904170972       -0.0012893493
        0.8652975786        0.5353750585       -0.0017052991
        1.2237155711        0.6903401849       -0.0012925378
        1.9348642064        0.8859839345       -0.0006595063
        1.7305951571        0.8559551396       -0.0005982161
        0.8652975786        0.5352599721       -0.0016989307
        0.0000000000        0.1270197139       -0.0024782032
        0.8652975786        0.5352618437       -0.0016989373
        1.7305951571        0.8559565647       -0.0005982149
        1.9348642064        0.8859830507       -0.0006595063
        1.2237155711        0.6903401558       -0.0012925378
        0.8652975786        0.5353769575       -0.0017053053
        1.2237155711        0.6904211783       -0.0012893523
        1.9348642064        0.8859935167       -0.0006578013
        1.9348642064        0.8860039608       -0.0006624900
        1.7305951571        0.8575871405       -0.0006164614
        1.9348642064        0.8860128098       -0.0006606934
        2.1195375431        0.9070335013       -0.0007043853
        1.9348642064        0.8860320180       -0.0006579885
        2.1195375431        0.9070629775       -0.0007044981
        2.1195375431        0.9063408504       -0.0007022833
        1.4987393697        0.7856840747       -0.0011022183
        1.2237155711        0.6904436089       -0.0012888015
        1.4987393697        0.7856846059       -0.0011027101
        2.1195375431        0.9062629162       -0.0007082060
        1.9348642064        0.8859994571       -0.0006562880
        1.2237155711        0.6904057789       -0.0012844139
        0.8652975786        0.5352702196       -0.0016987848
        1.2237155711        0.6903256905       -0.0012876654
        1.9348642064        0.8859918682       -0.0006579882
        2.1195375431        0.9063460464       -0.0007038814
        1.4987393697        0.7856639083       -0.0011037568
        1.2237155711        0.6903636034       -0.0012923980
        1.4987393697        0.7856691816       -0.0011045467
        2.1195375431        0.9063446596       -0.0007039527
        2.1195375431        0.9069559792       -0.0007104573
        1.9348642064        0.8860248768       -0.0006597238
        2.1195375431        0.9070547133       -0.0007053576
        2.1195375431        0.9063215642       -0.0007056095
        1.9348642064        0.8860050724       -0.0006572267
        2.1195375431        0.9063532184       -0.0007033795
        1.9348642064        0.8859982220       -0.0006584602
        1.7305951571        0.8559730740       -0.0005981988
        1.9348642064        0.8859884773       -0.0006602620
        2.1195375431        0.9063467676       -0.0007041546
        1.9348642064        0.8859958523       -0.0006589701
        2.1195375431        0.9062423952       -0.0007113024
