#epsqw diagonal term
#1:q+G [au], 2:Re(eps-1), 3:Im(eps-1)
        2.1195375431        0.8996101586       -0.0106767113
        1.9348642064        0.8774787624       -0.0095322175
        2.1195375431        0.8994934582       -0.0103469364
        1.9348642064        0.8774416823       -0.0095611592
        1.7305951571        0.8462785509       -0.0048005038
        1.9348642064        0.8774264270       -0.0095987867
        2.1195375431        0.8994851010       -0.0103972900
        1.9348642064        0.8774760278       -0.0095619242
        2.1195375431        0.8993049403       -0.0104990941
        2.1195375431        0.8995068800       -0.0103314172
        1.9348642064        0.8774943442       -0.0095451669
        2.1195375431        0.8996479457       -0.0106880669
        2.1195375431        0.9006205856       -0.0103276138
        1.4987393697        0.7736525667       -0.0149138536
        1.2237155711        0.6728113533       -0.0152924016
        1.4987393697        0.7736569550       -0.0149228623
        2.1195375431        0.9006232101       -0.0103419392
        1.9348642064        0.8774943458       -0.0095516407
        1.2237155711        0.6727218367       -0.0148083033
        0.8652975786        0.5012099561       -0.0118296336
        1.2237155711        0.6728567337       -0.0146094776
        1.9348642064        0.8774806223       -0.0096013407
        2.1195375431        0.9006818895       -0.0107459777
        1.4987393697        0.7736096991       -0.0149589501
        1.2237155711        0.6728925489       -0.0150771869
        1.4987393697        0.7736594385       -0.0152014245
        2.1195375431        0.9003857689       -0.0105719725
        2.1195375431        0.8995019041       -0.0103982662
        1.9348642064        0.8774820177       -0.0095839282
        2.1195375431        0.8993276803       -0.0105065719
        1.9348642064        0.8774686787       -0.0095802017
        1.7305951571        0.8462857933       -0.0048412371
        1.9348642064        0.8774815074       -0.0095424294
        1.9348642064        0.8775265343       -0.0095674505
        1.2237155711        0.6729365334       -0.0145494308
        0.8652975786        0.5011146180       -0.0119804531
        1.2237155711        0.6728690366       -0.0147150862
        1.9348642064        0.8775371186       -0.0095162429
        1.7305951571        0.8472400283       -0.0045384385
        0.8652975786        0.5011706873       -0.0110639179
        0.0000000000        0.0620561182       -0.0317185918
        0.8652975786        0.5011726483       -0.0110638649
        1.7305951571        0.8472416047       -0.0045386860
        1.9348642064        0.8775360910       -0.0095161680
        1.2237155711        0.6728690530       -0.0147150366
        0.8652975786        0.5011166284       -0.0119803120
        1.2237155711        0.6729405118       -0.0145495812
        1.9348642064        0.8775282988       -0.0095675326
        1.9348642064        0.8774825434       -0.0095424756
        1.7305951571        0.8462875150       -0.0048414296
        1.9348642064        0.8774704649       -0.0095802880
        2.1195375431        0.8993270616       -0.0105064749
        1.9348642064        0.8774808765       -0.0095838609
        2.1195375431        0.8995016565       -0.0103982567
        2.1195375431        0.9003851780       -0.0105719322
        1.4987393697        0.7736581776       -0.0152009197
        1.2237155711        0.6728923503       -0.0150772277
        1.4987393697        0.7736099599       -0.0149588420
        2.1195375431        0.9006820821       -0.0107459169
        1.9348642064        0.8774798736       -0.0096012914
        1.2237155711        0.6728566845       -0.0146094921
        0.8652975786        0.5012114881       -0.0118298389
        1.2237155711        0.6727258607       -0.0148085304
        1.9348642064        0.8774963636       -0.0095517469
        2.1195375431        0.9006227620       -0.0103419246
        1.4987393697        0.7736570826       -0.0149227334
        1.2237155711        0.6728149819       -0.0152925930
        1.4987393697        0.7736545592       -0.0149140234
        2.1195375431        0.9006215841       -0.0103275873
        2.1195375431        0.8996481018       -0.0106880143
        1.9348642064        0.8774960235       -0.0095452491
        2.1195375431        0.8995078512       -0.0103314182
        2.1195375431        0.8993049797       -0.0104990050
        1.9348642064        0.8774768894       -0.0095619446
        2.1195375431        0.8994857010       -0.0103973132
        1.9348642064        0.8774271549       -0.0095988111
        1.7305951571        0.8462797259       -0.0048003150
        1.9348642064        0.8774433368       -0.0095612209
        2.1195375431        0.8994940053       -0.0103469261
        1.9348642064        0.8774802886       -0.0095322660
        2.1195375431        0.8996112200       -0.0106767477
