#epsqw diagonal term
#1:q+G [au], 2:Re(eps-1), 3:Im(eps-1)
        2.1195375431        1.0025100459       -0.0000077054
        1.9348642064        1.0032048310       -0.0000099418
        2.1195375431        1.0025107013       -0.0000077068
        1.9348642064        1.0032044045       -0.0000099408
        1.7305951571        1.0041730117       -0.0000129346
        1.9348642064        1.0032053693       -0.0000099429
        2.1195375431        1.0025106496       -0.0000077066
        1.9348642064        1.0032059881       -0.0000099435
        2.1195375431        1.0025109728       -0.0000077068
        2.1195375431        1.0025114117       -0.0000077151
        1.9348642064        1.0032047411       -0.0000099410
        2.1195375431        1.0025112311       -0.0000077146
        2.1195375431        1.0025106815       -0.0000077065
        1.4987393697        1.0055795168       -0.0000197702
        1.2237155711        1.0077136972       -0.0000294858
        1.4987393697        1.0055790290       -0.0000197699
        2.1195375431        1.0025109751       -0.0000077071
        1.9348642064        1.0032051385       -0.0000099426
        1.2237155711        1.0077087902       -0.0000294500
        0.8652975786        1.0108691854       -0.0000462640
        1.2237155711        1.0077083556       -0.0000294462
        1.9348642064        1.0032056139       -0.0000099441
        2.1195375431        1.0025105807       -0.0000077062
        1.4987393697        1.0055793709       -0.0000197699
        1.2237155711        1.0077156718       -0.0000294820
        1.4987393697        1.0055795613       -0.0000197682
        2.1195375431        1.0025112015       -0.0000077071
        2.1195375431        1.0025116280       -0.0000077153
        1.9348642064        1.0032056504       -0.0000099427
        2.1195375431        1.0025120076       -0.0000077155
        1.9348642064        1.0032054804       -0.0000099423
        1.7305951571        1.0041833280       -0.0000130082
        1.9348642064        1.0032044444       -0.0000099406
        1.9348642064        1.0032061623       -0.0000099444
        1.2237155711        1.0077162442       -0.0000294849
        0.8652975786        1.0108758908       -0.0000462733
        1.2237155711        1.0077140059       -0.0000294879
        1.9348642064        1.0032051309       -0.0000099426
        1.7305951571        1.0041735709       -0.0000129354
        0.8652975786        1.0108755180       -0.0000462672
        0.0000000000        1.0183115997       -0.0001283268
        0.8652975786        1.0108712445       -0.0000462612
        1.7305951571        1.0041735511       -0.0000129353
        1.9348642064        1.0032054060       -0.0000099430
        1.2237155711        1.0077140297       -0.0000294878
        0.8652975786        1.0108713614       -0.0000462674
        1.2237155711        1.0077154457       -0.0000294843
        1.9348642064        1.0032060831       -0.0000099443
        1.9348642064        1.0032041703       -0.0000099402
        1.7305951571        1.0041833093       -0.0000130081
        1.9348642064        1.0032054086       -0.0000099422
        2.1195375431        1.0025120297       -0.0000077155
        1.9348642064        1.0032056978       -0.0000099427
        2.1195375431        1.0025114413       -0.0000077150
        2.1195375431        1.0025112370       -0.0000077071
        1.4987393697        1.0055792220       -0.0000197673
        1.2237155711        1.0077162984       -0.0000294818
        1.4987393697        1.0055798768       -0.0000197705
        2.1195375431        1.0025103092       -0.0000077058
        1.9348642064        1.0032056663       -0.0000099440
        1.2237155711        1.0077089290       -0.0000294462
        0.8652975786        1.0108729561       -0.0000462687
        1.2237155711        1.0077085594       -0.0000294494
        1.9348642064        1.0032048118       -0.0000099421
        2.1195375431        1.0025107766       -0.0000077068
        1.4987393697        1.0055795427       -0.0000197706
        1.2237155711        1.0077134673       -0.0000294852
        1.4987393697        1.0055788743       -0.0000197693
        2.1195375431        1.0025108581       -0.0000077068
        2.1195375431        1.0025109711       -0.0000077142
        1.9348642064        1.0032044388       -0.0000099405
        2.1195375431        1.0025115755       -0.0000077154
        2.1195375431        1.0025109838       -0.0000077067
        1.9348642064        1.0032059359       -0.0000099432
        2.1195375431        1.0025104075       -0.0000077062
        1.9348642064        1.0032053237       -0.0000099426
        1.7305951571        1.0041728446       -0.0000129343
        1.9348642064        1.0032045627       -0.0000099408
        2.1195375431        1.0025104594       -0.0000077064
        1.9348642064        1.0032049751       -0.0000099419
        2.1195375431        1.0025102404       -0.0000077056
