#epsqw diagonal term
#1:q+G [au], 2:Re(eps-1), 3:Im(eps-1)
        2.1195375431        0.9073082479       -0.0006593554
        1.9348642064        0.8862760198       -0.0006284375
        2.1195375431        0.9074085969       -0.0006536329
        1.9348642064        0.8862706709       -0.0006293323
        1.7305951571        0.8577326315       -0.0006061160
        1.9348642064        0.8862800564       -0.0006279230
        2.1195375431        0.9074165345       -0.0006528686
        1.9348642064        0.8862847782       -0.0006270711
        2.1195375431        0.9073812531       -0.0006547801
        2.1195375431        0.9066991299       -0.0006573982
        1.9348642064        0.8862935548       -0.0006292217
        2.1195375431        0.9066078540       -0.0006617824
        2.1195375431        0.9066967373       -0.0006553599
        1.4987393697        0.7861340438       -0.0010474821
        1.2237155711        0.6908508639       -0.0012504777
        1.4987393697        0.7861485132       -0.0010467988
        2.1195375431        0.9066956680       -0.0006554205
        1.9348642064        0.8862653945       -0.0006277246
        1.2237155711        0.6908162014       -0.0012487318
        0.8652975786        0.5359675666       -0.0016742070
        1.2237155711        0.6908970638       -0.0012458574
        1.9348642064        0.8862738853       -0.0006263974
        2.1195375431        0.9066171698       -0.0006589618
        1.4987393697        0.7861586652       -0.0010459052
        1.2237155711        0.6909314853       -0.0012473922
        1.4987393697        0.7861577882       -0.0010457721
        2.1195375431        0.9066906375       -0.0006542825
        2.1195375431        0.9067057097       -0.0006567161
        1.9348642064        0.8863013623       -0.0006278737
        2.1195375431        0.9066817579       -0.0006569299
        1.9348642064        0.8862811706       -0.0006299216
        1.7305951571        0.8561822843       -0.0005885408
        1.9348642064        0.8862751499       -0.0006313154
        1.9348642064        0.8862653831       -0.0006275833
        1.2237155711        0.6908975818       -0.0012452100
        0.8652975786        0.5359294726       -0.0016685931
        1.2237155711        0.6908231032       -0.0012478847
        1.9348642064        0.8862590646       -0.0006289151
        1.7305951571        0.8561269520       -0.0005885497
        0.8652975786        0.5358843377       -0.0016683826
        0.0000000000        0.1285508710       -0.0023601462
        0.8652975786        0.5358862131       -0.0016683890
        1.7305951571        0.8561283780       -0.0005885484
        1.9348642064        0.8862581795       -0.0006289153
        1.2237155711        0.6908230732       -0.0012478846
        0.8652975786        0.5359313828       -0.0016685994
        1.2237155711        0.6909016688       -0.0012452128
        1.9348642064        0.8862671649       -0.0006275816
        1.9348642064        0.8862760463       -0.0006313152
        1.7305951571        0.8561837452       -0.0005885394
        1.9348642064        0.8862829330       -0.0006299198
        2.1195375431        0.9066812743       -0.0006569302
        1.9348642064        0.8863002398       -0.0006278742
        2.1195375431        0.9067054217       -0.0006567149
        2.1195375431        0.9066901537       -0.0006542830
        1.4987393697        0.7861572375       -0.0010457721
        1.2237155711        0.6909313158       -0.0012473924
        1.4987393697        0.7861592098       -0.0010459049
        2.1195375431        0.9066176200       -0.0006589615
        1.9348642064        0.8862731318       -0.0006263976
        1.2237155711        0.6908970585       -0.0012458573
        0.8652975786        0.5359694657       -0.0016742120
        1.2237155711        0.6908204192       -0.0012487344
        1.9348642064        0.8862672853       -0.0006277229
        2.1195375431        0.9066952739       -0.0006554201
        1.4987393697        0.7861489112       -0.0010467988
        1.2237155711        0.6908546335       -0.0012504803
        1.4987393697        0.7861357626       -0.0010474812
        2.1195375431        0.9066977095       -0.0006553583
        2.1195375431        0.9066082593       -0.0006617820
        1.9348642064        0.8862951091       -0.0006292204
        2.1195375431        0.9067001582       -0.0006573962
        2.1195375431        0.9073814553       -0.0006547812
        1.9348642064        0.8862857074       -0.0006270707
        2.1195375431        0.9074171811       -0.0006528682
        1.9348642064        0.8862808504       -0.0006279227
        1.7305951571        0.8577340622       -0.0006061143
        1.9348642064        0.8862725106       -0.0006293301
        2.1195375431        0.9074091816       -0.0006536325
        1.9348642064        0.8862777282       -0.0006284356
        2.1195375431        0.9073090808       -0.0006593540
