#epsqw diagonal term
#1:q+G [au], 2:Re(eps-1), 3:Im(eps-1)
        2.1195375431        0.9080994857       -0.0343584105
        1.9348642064        0.8877559519       -0.0268387145
        2.1195375431        0.9081518368       -0.0340437860
        1.9348642064        0.8877757960       -0.0266956981
        1.7305951571        0.8555253550       -0.0184938386
        1.9348642064        0.8876610336       -0.0261827853
        2.1195375431        0.9081504214       -0.0340587726
        1.9348642064        0.8876542926       -0.0263359775
        2.1195375431        0.9080866836       -0.0340441997
        2.1195375431        0.9097204121       -0.0337801946
        1.9348642064        0.8877576969       -0.0267279502
        2.1195375431        0.9095179489       -0.0340898848
        2.1195375431        0.9082869563       -0.0342360589
        1.4987393697        0.7824633824       -0.0494297275
        1.2237155711        0.6882303662       -0.0425564158
        1.4987393697        0.7823629120       -0.0494545252
        2.1195375431        0.9083005948       -0.0342370775
        1.9348642064        0.8878142013       -0.0267372245
        1.2237155711        0.6885016481       -0.0416587294
        0.8652975786        0.5047934936       -0.0914681285
        1.2237155711        0.6876929705       -0.0414031577
        1.9348642064        0.8876437894       -0.0261865700
        2.1195375431        0.9081496132       -0.0345445479
        1.4987393697        0.7823670265       -0.0494021305
        1.2237155711        0.6874074204       -0.0422702504
        1.4987393697        0.7820190589       -0.0497916866
        2.1195375431        0.9081632644       -0.0341665284
        2.1195375431        0.9097433034       -0.0337946836
        1.9348642064        0.8876380104       -0.0261787474
        2.1195375431        0.9097475583       -0.0338522350
        1.9348642064        0.8877139757       -0.0262803723
        1.7305951571        0.8545641768       -0.0199570745
        1.9348642064        0.8877882596       -0.0268390918
        1.9348642064        0.8877179561       -0.0264280641
        1.2237155711        0.6876306623       -0.0419831921
        0.8652975786        0.5010382101       -0.0967810475
        1.2237155711        0.6885029429       -0.0421855123
        1.9348642064        0.8878371591       -0.0269887003
        1.7305951571        0.8555479304       -0.0185840539
        0.8652975786        0.5045250052       -0.0923116174
        0.0000000000        0.1040992394       -0.1161221526
        0.8652975786        0.5045268179       -0.0923118002
        1.7305951571        0.8555493723       -0.0185840616
        1.9348642064        0.8878362365       -0.0269884507
        1.2237155711        0.6885029502       -0.0421855099
        0.8652975786        0.5010400845       -0.0967812040
        1.2237155711        0.6876348488       -0.0419834596
        1.9348642064        0.8877198115       -0.0264281911
        1.9348642064        0.8877891974       -0.0268393422
        1.7305951571        0.8545656315       -0.0199570516
        1.9348642064        0.8877157987       -0.0262804765
        2.1195375431        0.9097470403       -0.0338522260
        1.9348642064        0.8876367685       -0.0261786569
        2.1195375431        0.9097429041       -0.0337944736
        2.1195375431        0.9081627409       -0.0341666174
        1.4987393697        0.7820186315       -0.0497921227
        1.2237155711        0.6874071720       -0.0422702100
        1.4987393697        0.7823675894       -0.0494023559
        2.1195375431        0.9081500524       -0.0345447217
        1.9348642064        0.8876429369       -0.0261864931
        1.2237155711        0.6876929042       -0.0414031304
        0.8652975786        0.5047948173       -0.0914690861
        1.2237155711        0.6885060112       -0.0416591240
        1.9348642064        0.8878161254       -0.0267375480
        2.1195375431        0.9083001299       -0.0342368748
        1.4987393697        0.7823633168       -0.0494547009
        1.2237155711        0.6882342228       -0.0425567303
        1.4987393697        0.7824650850       -0.0494296984
        2.1195375431        0.9082879188       -0.0342362050
        2.1195375431        0.9095183376       -0.0340901121
        1.9348642064        0.8877592687       -0.0267282343
        2.1195375431        0.9097214245       -0.0337802451
        2.1195375431        0.9080868879       -0.0340443854
        1.9348642064        0.8876552698       -0.0263361217
        2.1195375431        0.9081511008       -0.0340588161
        1.9348642064        0.8876618558       -0.0261828607
        1.7305951571        0.8555268155       -0.0184938500
        1.9348642064        0.8877776893       -0.0266955936
        2.1195375431        0.9081524717       -0.0340438196
        1.9348642064        0.8877577344       -0.0268386513
        2.1195375431        0.9081003277       -0.0343582132
