#epsqw diagonal term
#1:q+G [au], 2:Re(eps-1), 3:Im(eps-1)
        2.1195375431        1.0221578556       -0.1167891565
        1.9348642064        1.1284264159       -0.1411294594
        2.1195375431        1.0212423499       -0.1161876081
        1.9348642064        1.1285873505       -0.1405544001
        1.7305951571        0.8500607152       -0.1746514059
        1.9348642064        1.1267404331       -0.1401762762
        2.1195375431        1.0218347414       -0.1165498017
        1.9348642064        1.1268751181       -0.1404107950
        2.1195375431        1.0217305335       -0.1164348694
        2.1195375431        1.1592151472       -0.1472345150
        1.9348642064        1.2290315931       -0.1825992017
        2.1195375431        1.1578787188       -0.1473409109
        2.1195375431        1.1596977823       -0.1465726458
        1.4987393697        1.4641888369       -0.3139283189
        1.2237155711        1.2852544434       -0.3671302341
        1.4987393697        1.4650448369       -0.3134652147
        2.1195375431        1.1583225716       -0.1453485889
        1.9348642064        1.2278746378       -0.1825094388
        1.2237155711        1.2873638773       -0.3658151407
        0.8652975786        1.2686473541       -0.3141339938
        1.2237155711        1.2816899686       -0.3604644854
        1.9348642064        1.2260132871       -0.1819848964
        2.1195375431        1.1586293840       -0.1469995254
        1.4987393697        1.4646884854       -0.3119847429
        1.2237155711        1.2844222045       -0.3648116672
        1.4987393697        1.4608727431       -0.3149084994
        2.1195375431        1.1590472097       -0.1458607798
        2.1195375431        1.1587041995       -0.1467326289
        1.9348642064        1.2279665053       -0.1822294560
        2.1195375431        1.1592793730       -0.1468690441
        1.9348642064        1.2597208558       -0.1839462848
        1.7305951571        1.3494364035       -0.2407908521
        1.9348642064        1.2606361353       -0.1830618731
        1.9348642064        1.2585440585       -0.1844785916
        1.2237155711        1.7665755380       -0.4310471856
        0.8652975786        2.2106958248       -0.6557810175
        1.2237155711        1.7661645095       -0.4290511772
        1.9348642064        1.2592376470       -0.1835971414
        1.7305951571        1.3502242349       -0.2379878844
        0.8652975786        2.2059146203       -0.6527802369
        0.0000000000       -0.5995893961       -0.9391135507
        0.8652975786        2.2058684918       -0.6527507733
        1.7305951571        1.3501509802       -0.2379426127
        1.9348642064        1.2592671812       -0.1836149361
        1.2237155711        1.7661824538       -0.4290335951
        0.8652975786        2.2106497783       -0.6557491139
        1.2237155711        1.7665398730       -0.4310893835
        1.9348642064        1.2585144442       -0.1844803393
        1.9348642064        1.2606179528       -0.1830297631
        1.7305951571        1.3493627201       -0.2407430484
        1.9348642064        1.2596904517       -0.1839459427
        2.1195375431        1.1592903316       -0.1468727089
        1.9348642064        1.2279838746       -0.1822580840
        2.1195375431        1.1587025203       -0.1467304774
        2.1195375431        1.1590479021       -0.1458636157
        1.4987393697        1.4608538219       -0.3148947029
        1.2237155711        1.2843848220       -0.3648548373
        1.4987393697        1.4646920529       -0.3119933416
        2.1195375431        1.1586096311       -0.1469958224
        1.9348642064        1.2260417357       -0.1820030683
        1.2237155711        1.2816865367       -0.3604802039
        0.8652975786        1.2686501135       -0.3141206538
        1.2237155711        1.2873597330       -0.3658199563
        1.9348642064        1.2278579662       -0.1825011679
        2.1195375431        1.1583069082       -0.1453523964
        1.4987393697        1.4650294436       -0.3134704367
        1.2237155711        1.2852146276       -0.3671514925
        1.4987393697        1.4641827267       -0.3139379133
        2.1195375431        1.1596794508       -0.1465793110
        2.1195375431        1.1578621674       -0.1473342415
        1.9348642064        1.2289976413       -0.1826077324
        2.1195375431        1.1592092634       -0.1472428871
        2.1195375431        1.0217270448       -0.1164352469
        1.9348642064        1.1268476178       -0.1404020860
        2.1195375431        1.0218235725       -0.1165529346
        1.9348642064        1.1267249681       -0.1401631712
        1.7305951571        0.8500095089       -0.1746251614
        1.9348642064        1.1285692741       -0.1405395454
        2.1195375431        1.0212304064       -0.1161877067
        1.9348642064        1.1283939226       -0.1411169809
        2.1195375431        1.0221279068       -0.1167682001
