#epsqw diagonal term
#1:q+G [au], 2:Re(eps-1), 3:Im(eps-1)
        2.1195375431        0.9039474242       -0.0035432826
        1.9348642064        0.8832018047       -0.0021902248
        2.1195375431        0.9041692748       -0.0034547485
        1.9348642064        0.8831767814       -0.0022257113
        1.7305951571        0.8555976210       -0.0008020934
        1.9348642064        0.8831843649       -0.0021888927
        2.1195375431        0.9041824194       -0.0033783199
        1.9348642064        0.8832053035       -0.0021550374
        2.1195375431        0.9040641459       -0.0033726535
        2.1195375431        0.9034962919       -0.0033679236
        1.9348642064        0.8832205726       -0.0022263579
        2.1195375431        0.9034383034       -0.0035612336
        2.1195375431        0.9036056580       -0.0032897345
        1.4987393697        0.7820661591       -0.0037470849
        1.2237155711        0.6855799813       -0.0029666960
        1.4987393697        0.7821759983       -0.0038102543
        2.1195375431        0.9036944671       -0.0033637517
        1.9348642064        0.8832584000       -0.0021597174
        1.2237155711        0.6856113086       -0.0028769208
        0.8652975786        0.5285527139       -0.0022660915
        1.2237155711        0.6857335394       -0.0028471767
        1.9348642064        0.8832635502       -0.0021322323
        2.1195375431        0.9034982740       -0.0034002653
        1.4987393697        0.7821689710       -0.0037326058
        1.2237155711        0.6857080985       -0.0029265858
        1.4987393697        0.7820828074       -0.0036086992
        2.1195375431        0.9035461462       -0.0031582012
        2.1195375431        0.9035969537       -0.0033885948
        1.9348642064        0.8832230443       -0.0021919379
        2.1195375431        0.9034308990       -0.0032832347
        1.9348642064        0.8832419153       -0.0023586011
        1.7305951571        0.8541119977       -0.0007955388
        1.9348642064        0.8832370756       -0.0023944824
        1.9348642064        0.8833206333       -0.0022535861
        1.2237155711        0.6858356703       -0.0030540915
        0.8652975786        0.5285369083       -0.0022885652
        1.2237155711        0.6857223439       -0.0030824612
        1.9348642064        0.8833172678       -0.0022814711
        1.7305951571        0.8540507957       -0.0007842566
        0.8652975786        0.5284806458       -0.0022636036
        0.0000000000        0.1084458930       -0.0086388984
        0.8652975786        0.5284824723       -0.0022636163
        1.7305951571        0.8540522116       -0.0007842576
        1.9348642064        0.8833163954       -0.0022814657
        1.2237155711        0.6857223127       -0.0030824755
        0.8652975786        0.5285387718       -0.0022885780
        1.2237155711        0.6858397055       -0.0030541121
        1.9348642064        0.8833223992       -0.0022535902
        1.9348642064        0.8832379570       -0.0023945037
        1.7305951571        0.8541134493       -0.0007955397
        1.9348642064        0.8832436668       -0.0023586005
        2.1195375431        0.9034304074       -0.0032832390
        1.9348642064        0.8832219251       -0.0021919160
        2.1195375431        0.9035966669       -0.0033885857
        2.1195375431        0.9035456558       -0.0031581990
        1.4987393697        0.7820822521       -0.0036087027
        1.2237155711        0.6857079252       -0.0029265763
        1.4987393697        0.7821695151       -0.0037326191
        2.1195375431        0.9034987231       -0.0034002852
        1.9348642064        0.8832628094       -0.0021322223
        1.2237155711        0.6857335369       -0.0028471761
        0.8652975786        0.5285545928       -0.0022660977
        1.2237155711        0.6856154790       -0.0028769247
        1.9348642064        0.8832602741       -0.0021597139
        2.1195375431        0.9036940770       -0.0033637451
        1.4987393697        0.7821763874       -0.0038102645
        1.2237155711        0.6855837014       -0.0029667147
        1.4987393697        0.7820678725       -0.0037471028
        2.1195375431        0.9036066247       -0.0032897376
        2.1195375431        0.9034386923       -0.0035612469
        1.9348642064        0.8832221054       -0.0022263571
        2.1195375431        0.9034973108       -0.0033679173
        2.1195375431        0.9040643446       -0.0033726720
        1.9348642064        0.8832062241       -0.0021550472
        2.1195375431        0.9041830567       -0.0033783266
        1.9348642064        0.8831851486       -0.0021889023
        1.7305951571        0.8555990507       -0.0008020917
        1.9348642064        0.8831786161       -0.0022257078
        2.1195375431        0.9041698482       -0.0034547563
        1.9348642064        0.8832035050       -0.0021902277
        2.1195375431        0.9039482680       -0.0035432811
