#epsqw diagonal term
#1:q+G [au], 2:Re(eps-1), 3:Im(eps-1)
        2.1195375431        0.9311729763       -0.0874226599
        1.9348642064        0.9106304078       -0.1251102998
        2.1195375431        0.9315579828       -0.0878361975
        1.9348642064        0.9107587109       -0.1275983083
        1.7305951571        0.8562980825       -0.2080688810
        1.9348642064        0.9112870631       -0.1271140702
        2.1195375431        0.9311595921       -0.0879463299
        1.9348642064        0.9110535917       -0.1247977571
        2.1195375431        0.9323716663       -0.0869844784
        2.1195375431        0.9316096158       -0.0878924070
        1.9348642064        0.9105233158       -0.1252538950
        2.1195375431        0.9316862077       -0.0876000658
        2.1195375431        0.9312872104       -0.0882046824
        1.4987393697        0.8187294922       -0.2445807382
        1.2237155711        0.7315544080       -0.4764662231
        1.4987393697        0.8184849494       -0.2447646945
        2.1195375431        0.9315646865       -0.0882084096
        1.9348642064        0.9107577410       -0.1245344627
        1.2237155711        0.7533321368       -0.4529619853
        0.8652975786        0.3454395460       -0.4610641502
        1.2237155711        0.7509238570       -0.4505028704
        1.9348642064        0.9115888808       -0.1244245456
        2.1195375431        0.9315118044       -0.0874975723
        1.4987393697        0.8196166145       -0.2446207071
        1.2237155711        0.7322037491       -0.4733696627
        1.4987393697        0.8221653151       -0.2451041408
        2.1195375431        0.9322316732       -0.0871565021
        2.1195375431        0.9316086974       -0.0880203367
        1.9348642064        0.9108447613       -0.1249128578
        2.1195375431        0.9322717907       -0.0871841598
        1.9348642064        0.9115684093       -0.1279240660
        1.7305951571        0.8569219339       -0.2066841767
        1.9348642064        0.9113221647       -0.1283018915
        1.9348642064        0.9111693628       -0.1245888648
        1.2237155711        0.7509682817       -0.4511042445
        0.8652975786        0.3449774499       -0.4572936581
        1.2237155711        0.7515676840       -0.4519169167
        1.9348642064        0.9107730935       -0.1247691122
        1.7305951571        0.8956962429       -0.1921243160
        0.8652975786        0.3274573753       -0.5190572733
        0.0000000000        0.0886371393       -0.5472417317
        0.8652975786        0.3274553662       -0.5190573096
        1.7305951571        0.8956981953       -0.1921251418
        1.9348642064        0.9107712921       -0.1247695029
        1.2237155711        0.7515705657       -0.4519150794
        0.8652975786        0.3449755122       -0.4572935100
        1.2237155711        0.7509754020       -0.4511103510
        1.9348642064        0.9111724862       -0.1245903606
        1.9348642064        0.9113238241       -0.1283015530
        1.7305951571        0.8569235732       -0.2066848335
        1.9348642064        0.9115715747       -0.1279252392
        2.1195375431        0.9322709051       -0.0871840188
        1.9348642064        0.9108430644       -0.1249129360
        2.1195375431        0.9316083463       -0.0880201627
        2.1195375431        0.9322307412       -0.0871565335
        1.4987393697        0.8221647331       -0.2451022249
        1.2237155711        0.7322033969       -0.4733674250
        1.4987393697        0.8196179739       -0.2446216224
        2.1195375431        0.9315128309       -0.0874977083
        1.9348642064        0.9115875818       -0.1244250896
        1.2237155711        0.7509225858       -0.4504988077
        0.8652975786        0.3454388035       -0.4610653573
        1.2237155711        0.7533379527       -0.4529649656
        1.9348642064        0.9107609502       -0.1245356827
        2.1195375431        0.9315639747       -0.0882082231
        1.4987393697        0.8184855910       -0.2447659098
        1.2237155711        0.7315609923       -0.4764703249
        1.4987393697        0.8187341895       -0.2445830239
        2.1195375431        0.9312892597       -0.0882063139
        2.1195375431        0.9316871257       -0.0876005595
        1.9348642064        0.9105263007       -0.1252551918
        2.1195375431        0.9316113968       -0.0878941838
        2.1195375431        0.9323718600       -0.0869839456
        1.9348642064        0.9110544752       -0.1247977997
        2.1195375431        0.9311609140       -0.0879475405
        1.9348642064        0.9112878637       -0.1271133974
        1.7305951571        0.8562996090       -0.2080694999
        1.9348642064        0.9107615384       -0.1275992210
        2.1195375431        0.9315585618       -0.0878374321
        1.9348642064        0.9106333073       -0.1251108439
        2.1195375431        0.9311746288       -0.0874231881
