#epsqw diagonal term
#1:q+G [au], 2:Re(eps-1), 3:Im(eps-1)
        2.1195375431        0.9696618577       -0.1130483440
        1.9348642064        0.9584664666       -0.1652696340
        2.1195375431        0.9698681574       -0.1123232808
        1.9348642064        0.9581504379       -0.1646918883
        1.7305951571        0.9499805086       -0.2401255096
        1.9348642064        0.9585211342       -0.1654296559
        2.1195375431        0.9697053700       -0.1125811409
        1.9348642064        0.9585744877       -0.1662099527
        2.1195375431        0.9704582753       -0.1130232066
        2.1195375431        0.9698331046       -0.1124078507
        1.9348642064        0.9590537942       -0.1649911566
        2.1195375431        0.9698845621       -0.1126136180
        2.1195375431        0.9749480531       -0.1114736284
        1.4987393697        0.9401884758       -0.3866827928
        1.2237155711        0.9487004448       -0.6086376930
        1.4987393697        0.9406222548       -0.3874187874
        2.1195375431        0.9752242945       -0.1112986923
        1.9348642064        0.9559269413       -0.1686564601
        1.2237155711        0.9506131351       -0.5889644044
        0.8652975786        0.7999097555       -0.8795023567
        1.2237155711        0.9493946439       -0.5910875951
        1.9348642064        0.9566099447       -0.1692308295
        2.1195375431        0.9751813563       -0.1120221877
        1.4987393697        0.9402850663       -0.3865519057
        1.2237155711        0.9495257720       -0.6100708503
        1.4987393697        0.9421150048       -0.3896079782
        2.1195375431        0.9756950149       -0.1117803058
        2.1195375431        0.9700160537       -0.1125812371
        1.9348642064        0.9591969889       -0.1660463849
        2.1195375431        0.9703861908       -0.1128101528
        1.9348642064        0.9587540853       -0.1644767001
        1.7305951571        0.9497391511       -0.2407768338
        1.9348642064        0.9588161862       -0.1633246114
        1.9348642064        0.9557090468       -0.1691328518
        1.2237155711        0.9524154705       -0.5883798518
        0.8652975786        0.7953913724       -0.8835478688
        1.2237155711        0.9532783101       -0.5883958340
        1.9348642064        0.9557487813       -0.1682964305
        1.7305951571        0.9052924323       -0.2274769412
        0.8652975786        0.7624849139       -0.8717468322
        0.0000000000        0.9109692054       -1.7134224972
        0.8652975786        0.7629457566       -0.8722505513
        1.7305951571        0.9052875809       -0.2275081619
        1.9348642064        0.9556945941       -0.1682707543
        1.2237155711        0.9532807730       -0.5883837969
        0.8652975786        0.7958356401       -0.8841555644
        1.2237155711        0.9527060888       -0.5886180133
        1.9348642064        0.9557401091       -0.1691724169
        1.9348642064        0.9588524978       -0.1633424248
        1.7305951571        0.9497553036       -0.2407692994
        1.9348642064        0.9587737683       -0.1645096689
        2.1195375431        0.9704035177       -0.1127847835
        1.9348642064        0.9591353625       -0.1660300192
        2.1195375431        0.9699714935       -0.1125429877
        2.1195375431        0.9756990682       -0.1117492176
        1.4987393697        0.9420590539       -0.3895199576
        1.2237155711        0.9495173402       -0.6100661329
        1.4987393697        0.9403449183       -0.3866399574
        2.1195375431        0.9751764314       -0.1120571655
        1.9348642064        0.9565725457       -0.1692128632
        1.2237155711        0.9493903349       -0.5910851217
        0.8652975786        0.8003624314       -0.8801037776
        1.2237155711        0.9509117471       -0.5891943917
        1.9348642064        0.9559492477       -0.1686922170
        2.1195375431        0.9751631705       -0.1112729009
        1.4987393697        0.9406654412       -0.3873778217
        1.2237155711        0.9489708782       -0.6088940767
        1.4987393697        0.9403271143       -0.3867798741
        2.1195375431        0.9749952755       -0.1115164249
        2.1195375431        0.9698683825       -0.1126405563
        1.9348642064        0.9590778530       -0.1650279990
        2.1195375431        0.9698632420       -0.1124410467
        2.1195375431        0.9704650372       -0.1130487983
        1.9348642064        0.9586297972       -0.1662277212
        2.1195375431        0.9697283357       -0.1126167659
        1.9348642064        0.9585501087       -0.1654467561
        1.7305951571        0.9499951133       -0.2401181515
        1.9348642064        0.9581736453       -0.1647246760
        2.1195375431        0.9698906663       -0.1123542718
        1.9348642064        0.9584994000       -0.1653091721
        2.1195375431        0.9696541277       -0.1130785468
