#epsqw diagonal term
#1:q+G [au], 2:Re(eps-1), 3:Im(eps-1)
        2.1195375431        0.9033451118       -0.0034366746
        1.9348642064        0.8831950864       -0.0021860627
        2.1195375431        0.9035641934       -0.0033466570
        1.9348642064        0.8831714220       -0.0022209469
        1.7305951571        0.8540766335       -0.0007941640
        1.9348642064        0.8831785841       -0.0021840538
        2.1195375431        0.9035788585       -0.0032703351
        1.9348642064        0.8831983167       -0.0021507960
        2.1195375431        0.9034633410       -0.0032661149
        2.1195375431        0.9034934548       -0.0033679217
        1.9348642064        0.8832193798       -0.0022269004
        2.1195375431        0.9034379947       -0.0035612090
        2.1195375431        0.9042061537       -0.0033974326
        1.4987393697        0.7820800653       -0.0037452780
        1.2237155711        0.6855788780       -0.0029703630
        1.4987393697        0.7821775153       -0.0038107089
        2.1195375431        0.9042969144       -0.0034717862
        1.9348642064        0.8832635725       -0.0021644192
        1.2237155711        0.6856111631       -0.0028771116
        0.8652975786        0.5285097840       -0.0022849177
        1.2237155711        0.6857334272       -0.0028473017
        1.9348642064        0.8832691438       -0.0021369816
        2.1195375431        0.9040983976       -0.0035066930
        1.4987393697        0.7821580857       -0.0037361644
        1.2237155711        0.6857067890       -0.0029303927
        1.4987393697        0.7820843040       -0.0036090608
        2.1195375431        0.9041442675       -0.0032647480
        2.1195375431        0.9035988934       -0.0033884414
        1.9348642064        0.8832219739       -0.0021924660
        2.1195375431        0.9034302086       -0.0032832401
        1.9348642064        0.8832429891       -0.0023580535
        1.7305951571        0.8541119976       -0.0007955388
        1.9348642064        0.8832382640       -0.0023939278
        1.9348642064        0.8833273401       -0.0022578401
        1.2237155711        0.6858368983       -0.0030502700
        0.8652975786        0.5285369085       -0.0022885652
        1.2237155711        0.6857234222       -0.0030787473
        1.9348642064        0.8833237417       -0.0022856480
        1.7305951571        0.8555700693       -0.0007934981
        0.8652975786        0.5285247394       -0.0022447150
        0.0000000000        0.1085062151       -0.0086650537
        0.8652975786        0.5285265586       -0.0022447293
        1.7305951571        0.8555714729       -0.0007934967
        1.9348642064        0.8833228688       -0.0022856427
        1.2237155711        0.6857233914       -0.0030787614
        0.8652975786        0.5285387719       -0.0022885781
        1.2237155711        0.6858409340       -0.0030502903
        1.9348642064        0.8833291065       -0.0022578446
        1.9348642064        0.8832391456       -0.0023939493
        1.7305951571        0.8541134492       -0.0007955397
        1.9348642064        0.8832447409       -0.0023580526
        2.1195375431        0.9034297188       -0.0032832446
        1.9348642064        0.8832208549       -0.0021924439
        2.1195375431        0.9035986064       -0.0033884327
        2.1195375431        0.9041437714       -0.0032647474
        1.4987393697        0.7820837812       -0.0036090648
        1.2237155711        0.6857066169       -0.0029303824
        1.4987393697        0.7821586234       -0.0037361760
        2.1195375431        0.9040988496       -0.0035067162
        1.9348642064        0.8832684023       -0.0021369715
        1.2237155711        0.6857334257       -0.0028473004
        0.8652975786        0.5285116651       -0.0022849241
        1.2237155711        0.6856153337       -0.0028771150
        1.9348642064        0.8832654461       -0.0021644159
        2.1195375431        0.9042965024       -0.0034717780
        1.4987393697        0.7821779266       -0.0038107184
        1.2237155711        0.6855825978       -0.0029703818
        1.4987393697        0.7820817855       -0.0037452943
        2.1195375431        0.9042071311       -0.0033974378
        2.1195375431        0.9034383838       -0.0035612225
        1.9348642064        0.8832209122       -0.0022268997
        2.1195375431        0.9034944758       -0.0033679162
        2.1195375431        0.9034635333       -0.0032661314
        1.9348642064        0.8831992368       -0.0021508060
        2.1195375431        0.9035794775       -0.0032703385
        1.9348642064        0.8831793678       -0.0021840632
        1.7305951571        0.8540780935       -0.0007941621
        1.9348642064        0.8831732576       -0.0022209437
        2.1195375431        0.9035647466       -0.0033466621
        1.9348642064        0.8831967869       -0.0021860656
        2.1195375431        0.9033459561       -0.0034366757
