#epsqw diagonal term
#1:q+G [au], 2:Re(eps-1), 3:Im(eps-1)
        2.1195375431        0.9277909986       -0.0359992255
        1.9348642064        0.8949928088       -0.0275698152
        2.1195375431        0.9281243656       -0.0356434845
        1.9348642064        0.8950034531       -0.0274371617
        1.7305951571        0.8550047637       -0.0128666470
        1.9348642064        0.8953404385       -0.0270185606
        2.1195375431        0.9281142426       -0.0356722047
        1.9348642064        0.8953925375       -0.0271224152
        2.1195375431        0.9282644442       -0.0353897418
        2.1195375431        0.9297210394       -0.0350367374
        1.9348642064        0.8949968789       -0.0278026612
        2.1195375431        0.9294651783       -0.0353189290
        2.1195375431        0.9280216271       -0.0356065206
        1.4987393697        0.8137536194       -0.0449068980
        1.2237155711        0.6806293481       -0.0378317436
        1.4987393697        0.8136117508       -0.0449416527
        2.1195375431        0.9280962593       -0.0356166530
        1.9348642064        0.8951055021       -0.0273148111
        1.2237155711        0.6811768503       -0.0373885634
        0.8652975786        0.5061498315       -0.0793669434
        1.2237155711        0.6809551986       -0.0368984833
        1.9348642064        0.8954493903       -0.0269456928
        2.1195375431        0.9279186309       -0.0357451347
        1.4987393697        0.8136771971       -0.0448132728
        1.2237155711        0.6804431976       -0.0373116854
        1.4987393697        0.8138304827       -0.0444986386
        2.1195375431        0.9282869238       -0.0353020477
        2.1195375431        0.9297918807       -0.0350637316
        1.9348642064        0.8953953196       -0.0273760030
        2.1195375431        0.9297518694       -0.0347926644
        1.9348642064        0.8951951566       -0.0273200474
        1.7305951571        0.8523195474       -0.0147267637
        1.9348642064        0.8949290393       -0.0278499769
        1.9348642064        0.8953488112       -0.0269327181
        1.2237155711        0.6801625579       -0.0377960447
        0.8652975786        0.5047865545       -0.0930942981
        1.2237155711        0.6804912332       -0.0383358515
        1.9348642064        0.8950702005       -0.0273996856
        1.7305951571        0.8547807148       -0.0128102640
        0.8652975786        0.5046392098       -0.0787917884
        0.0000000000        0.0450470195       -0.1429744060
        0.8652975786        0.5046411201       -0.0787932691
        1.7305951571        0.8547827130       -0.0128106573
        1.9348642064        0.8950689445       -0.0273994221
        1.2237155711        0.6804910686       -0.0383359276
        0.8652975786        0.5047887716       -0.0930957683
        1.2237155711        0.6801671943       -0.0377968636
        1.9348642064        0.8953506400       -0.0269327747
        1.9348642064        0.8949303157       -0.0278502364
        1.7305951571        0.8523216981       -0.0147269981
        1.9348642064        0.8951970141       -0.0273201238
        2.1195375431        0.9297513181       -0.0347925797
        1.9348642064        0.8953940985       -0.0273759226
        2.1195375431        0.9297914411       -0.0350636465
        2.1195375431        0.9282864266       -0.0353019563
        1.4987393697        0.8138296544       -0.0444988082
        1.2237155711        0.6804426567       -0.0373112841
        1.4987393697        0.8136780870       -0.0448133933
        2.1195375431        0.9279193011       -0.0357452992
        1.9348642064        0.8954485566       -0.0269456098
        1.2237155711        0.6809549972       -0.0368979883
        0.8652975786        0.5061514117       -0.0793667284
        1.2237155711        0.6811813235       -0.0373888277
        1.9348642064        0.8951078242       -0.0273150984
        2.1195375431        0.9280957938       -0.0356165501
        1.4987393697        0.8136123647       -0.0449417226
        1.2237155711        0.6806330616       -0.0378322274
        1.4987393697        0.8137552907       -0.0449069057
        2.1195375431        0.9280227371       -0.0356066323
        2.1195375431        0.9294656523       -0.0353189991
        1.9348642064        0.8949988628       -0.0278029621
        2.1195375431        0.9297220190       -0.0350367401
        2.1195375431        0.9282646084       -0.0353897678
        1.9348642064        0.8953935977       -0.0271224894
        2.1195375431        0.9281150073       -0.0356722540
        1.9348642064        0.8953412981       -0.0270186166
        1.7305951571        0.8550056290       -0.0128662499
        1.9348642064        0.8950051214       -0.0274370652
        2.1195375431        0.9281250409       -0.0356435653
        1.9348642064        0.8949942121       -0.0275696216
        2.1195375431        0.9277916730       -0.0359991998
