#epsqw diagonal term
#1:q+G [au], 2:Re(eps-1), 3:Im(eps-1)
        2.1195375431        0.9070651680       -0.0006088921
        1.9348642064        0.8866380974       -0.0005946991
        2.1195375431        0.9071536105       -0.0006046752
        1.9348642064        0.8866350174       -0.0005952406
        1.7305951571        0.8563857994       -0.0005756103
        1.9348642064        0.8866419971       -0.0005942297
        2.1195375431        0.9071615119       -0.0006040474
        1.9348642064        0.8866446775       -0.0005937141
        2.1195375431        0.9071331791       -0.0006054712
        2.1195375431        0.9071575175       -0.0006056533
        1.9348642064        0.8866629397       -0.0005950262
        2.1195375431        0.9070740274       -0.0006091374
        2.1195375431        0.9078669757       -0.0006013303
        1.4987393697        0.7867751553       -0.0009862987
        1.2237155711        0.6915124981       -0.0011991866
        1.4987393697        0.7867788504       -0.0009859720
        2.1195375431        0.9078675126       -0.0006013343
        1.9348642064        0.8866389752       -0.0005938292
        1.2237155711        0.6914862037       -0.0012008746
        0.8652975786        0.5367772653       -0.0016269861
        1.2237155711        0.6915630779       -0.0011985064
        1.9348642064        0.8866460237       -0.0005928585
        2.1195375431        0.9077897492       -0.0006042417
        1.4987393697        0.7867776541       -0.0009853857
        1.2237155711        0.6915895804       -0.0011967549
        1.4987393697        0.7867859362       -0.0009854130
        2.1195375431        0.9078549133       -0.0006008489
        2.1195375431        0.9071667194       -0.0006050266
        1.9348642064        0.8866689750       -0.0005940497
        2.1195375431        0.9071408643       -0.0006055913
        1.9348642064        0.8866535069       -0.0005953679
        1.7305951571        0.8564247793       -0.0005756320
        1.9348642064        0.8866495721       -0.0005963717
        1.9348642064        0.8866401827       -0.0005936179
        1.2237155711        0.6915742130       -0.0011996286
        0.8652975786        0.5368147617       -0.0016273477
        1.2237155711        0.6915039828       -0.0012019029
        1.9348642064        0.8866354858       -0.0005945888
        1.7305951571        0.8579736852       -0.0005926186
        0.8652975786        0.5368529114       -0.0016331540
        0.0000000000        0.1307950353       -0.0022190693
        0.8652975786        0.5368547844       -0.0016331599
        1.7305951571        0.8579750922       -0.0005926171
        1.9348642064        0.8866345984       -0.0005945891
        1.2237155711        0.6915039514       -0.0012019026
        0.8652975786        0.5368166772       -0.0016273537
        1.2237155711        0.6915783036       -0.0011996307
        1.9348642064        0.8866419660       -0.0005936161
        1.9348642064        0.8866504700       -0.0005963713
        1.7305951571        0.8564262415       -0.0005756306
        1.9348642064        0.8866552708       -0.0005953658
        2.1195375431        0.9071403817       -0.0006055916
        1.9348642064        0.8866678510       -0.0005940504
        2.1195375431        0.9071664298       -0.0006050257
        2.1195375431        0.9078544226       -0.0006008495
        1.4987393697        0.7867854212       -0.0009854132
        1.2237155711        0.6915894104       -0.0011967549
        1.4987393697        0.7867781915       -0.0009853854
        2.1195375431        0.9077902059       -0.0006042414
        1.9348642064        0.8866452683       -0.0005928589
        1.2237155711        0.6915630722       -0.0011985062
        0.8652975786        0.5367791730       -0.0016269913
        1.2237155711        0.6914904269       -0.0012008767
        1.9348642064        0.8866408668       -0.0005938272
        2.1195375431        0.9078670929       -0.0006013340
        1.4987393697        0.7867792700       -0.0009859719
        1.2237155711        0.6915162734       -0.0011991889
        1.4987393697        0.7867768841       -0.0009862977
        2.1195375431        0.9078679600       -0.0006013286
        2.1195375431        0.9070744341       -0.0006091370
        1.9348642064        0.8866644950       -0.0005950247
        2.1195375431        0.9071585467       -0.0006056513
        2.1195375431        0.9071333748       -0.0006054719
        1.9348642064        0.8866456068       -0.0005937136
        2.1195375431        0.9071621386       -0.0006040470
        1.9348642064        0.8866427916       -0.0005942291
        1.7305951571        0.8563872549       -0.0005756085
        1.9348642064        0.8866368588       -0.0005952384
        2.1195375431        0.9071541731       -0.0006046748
        1.9348642064        0.8866398069       -0.0005946971
        2.1195375431        0.9070660031       -0.0006088907
