#epsqw diagonal term
#1:q+G [au], 2:Re(eps-1), 3:Im(eps-1)
        2.1195375431        0.9083330231       -0.0005550997
        1.9348642064        0.8870978757       -0.0005598768
        2.1195375431        0.9084172456       -0.0005520163
        1.9348642064        0.8870952052       -0.0005601892
        1.7305951571        0.8583290771       -0.0005761547
        1.9348642064        0.8871005660       -0.0005594993
        2.1195375431        0.9084225148       -0.0005516286
        1.9348642064        0.8871027527       -0.0005592001
        2.1195375431        0.9083928706       -0.0005527250
        2.1195375431        0.9077084029       -0.0005561361
        1.9348642064        0.8871180408       -0.0005601505
        2.1195375431        0.9076294277       -0.0005588279
        2.1195375431        0.9076993319       -0.0005553809
        1.4987393697        0.7875326873       -0.0009267922
        1.2237155711        0.6923704348       -0.0011503063
        1.4987393697        0.7875454003       -0.0009265003
        2.1195375431        0.9076984668       -0.0005554037
        1.9348642064        0.8870847138       -0.0005595860
        1.2237155711        0.6923296261       -0.0011497429
        0.8652975786        0.5380227290       -0.0015821651
        1.2237155711        0.6924019492       -0.0011478820
        1.9348642064        0.8870894192       -0.0005589288
        2.1195375431        0.9076293160       -0.0005576083
        1.4987393697        0.7875523587       -0.0009260239
        1.2237155711        0.6924419276       -0.0011483414
        1.4987393697        0.7875506558       -0.0009263459
        2.1195375431        0.9076895391       -0.0005552772
        2.1195375431        0.9077125937       -0.0005557926
        1.9348642064        0.8871220154       -0.0005594864
        2.1195375431        0.9076893608       -0.0005564155
        1.9348642064        0.8871081056       -0.0005602744
        1.7305951571        0.8567386600       -0.0005600287
        1.9348642064        0.8871060879       -0.0005609526
        1.9348642064        0.8870845825       -0.0005593743
        1.2237155711        0.6924012202       -0.0011455408
        0.8652975786        0.5379677334       -0.0015767888
        1.2237155711        0.6923345989       -0.0011472683
        1.9348642064        0.8870820805       -0.0005600319
        1.7305951571        0.8566830453       -0.0005600986
        0.8652975786        0.5379220403       -0.0015767114
        0.0000000000        0.1334936757       -0.0020675283
        0.8652975786        0.5379239281       -0.0015767172
        1.7305951571        0.8566844742       -0.0005600972
        1.9348642064        0.8870811921       -0.0005600325
        1.2237155711        0.6923345686       -0.0011472682
        0.8652975786        0.5379696555       -0.0015767945
        1.2237155711        0.6924053200       -0.0011455425
        1.9348642064        0.8870863673       -0.0005593722
        1.9348642064        0.8871069877       -0.0005609520
        1.7305951571        0.8567401235       -0.0005600272
        1.9348642064        0.8871098705       -0.0005602722
        2.1195375431        0.9076888759       -0.0005564159
        1.9348642064        0.8871208894       -0.0005594873
        2.1195375431        0.9077123021       -0.0005557919
        2.1195375431        0.9076890545       -0.0005552778
        1.4987393697        0.7875501034       -0.0009263460
        1.2237155711        0.6924417580       -0.0011483417
        1.4987393697        0.7875529045       -0.0009260236
        2.1195375431        0.9076297673       -0.0005576079
        1.9348642064        0.8870886630       -0.0005589294
        1.2237155711        0.6924019437       -0.0011478819
        0.8652975786        0.5380246343       -0.0015821698
        1.2237155711        0.6923338566       -0.0011497444
        1.9348642064        0.8870866082       -0.0005595838
        2.1195375431        0.9076980703       -0.0005554036
        1.4987393697        0.7875457995       -0.0009265002
        1.2237155711        0.6923742159       -0.0011503080
        1.4987393697        0.7875344089       -0.0009267909
        2.1195375431        0.9077003040       -0.0005553793
        2.1195375431        0.9076298338       -0.0005588274
        1.9348642064        0.8871195984       -0.0005601488
        2.1195375431        0.9077094306       -0.0005561343
        2.1195375431        0.9083930764       -0.0005527255
        1.9348642064        0.8871036845       -0.0005591994
        2.1195375431        0.9084231629       -0.0005516281
        1.9348642064        0.8871013622       -0.0005594987
        1.7305951571        0.8583305067       -0.0005761530
        1.9348642064        0.8870970464       -0.0005601869
        2.1195375431        0.9084178318       -0.0005520159
        1.9348642064        0.8870995857       -0.0005598747
        2.1195375431        0.9083338561       -0.0005550982
