#epsqw diagonal term
#1:q+G [au], 2:Re(eps-1), 3:Im(eps-1)
        2.1195375431        0.9068649460       -0.0006300851
        1.9348642064        0.8864787294       -0.0006086367
        2.1195375431        0.9069585001       -0.0006252619
        1.9348642064        0.8864733130       -0.0006093474
        1.7305951571        0.8562790320       -0.0005811887
        1.9348642064        0.8864812490       -0.0006081815
        2.1195375431        0.9069633011       -0.0006246564
        1.9348642064        0.8864859795       -0.0006075061
        2.1195375431        0.9069356963       -0.0006262010
        2.1195375431        0.9076740062       -0.0006238757
        1.9348642064        0.8865091865       -0.0006088943
        2.1195375431        0.9075838244       -0.0006277989
        2.1195375431        0.9069552901       -0.0006249263
        1.4987393697        0.7865015291       -0.0010110815
        1.2237155711        0.6912297961       -0.0012221728
        1.4987393697        0.7864963232       -0.0010107691
        2.1195375431        0.9069580389       -0.0006248815
        1.9348642064        0.8864725898       -0.0006078857
        1.2237155711        0.6911835538       -0.0012180873
        0.8652975786        0.5363868818       -0.0016448764
        1.2237155711        0.6912626388       -0.0012155867
        1.9348642064        0.8864801362       -0.0006067774
        2.1195375431        0.9068803028       -0.0006280388
        1.4987393697        0.7865148390       -0.0010098735
        1.2237155711        0.6913079770       -0.0012194212
        1.4987393697        0.7865142561       -0.0010098966
        2.1195375431        0.9069498239       -0.0006241338
        2.1195375431        0.9076820257       -0.0006232238
        1.9348642064        0.8865162693       -0.0006077668
        2.1195375431        0.9076524644       -0.0006237369
        1.9348642064        0.8864987928       -0.0006093734
        1.7305951571        0.8579152791       -0.0005984293
        1.9348642064        0.8864936596       -0.0006105356
        1.9348642064        0.8864743142       -0.0006076734
        1.2237155711        0.6912818613       -0.0012196288
        0.8652975786        0.5365036767       -0.0016512436
        1.2237155711        0.6912100112       -0.0012221000
        1.9348642064        0.8864692135       -0.0006087811
        1.7305951571        0.8562625264       -0.0005812491
        0.8652975786        0.5363788172       -0.0016451000
        0.0000000000        0.1298228528       -0.0022780195
        0.8652975786        0.5363806955       -0.0016451063
        1.7305951571        0.8562639526       -0.0005812478
        1.9348642064        0.8864683276       -0.0006087814
        1.2237155711        0.6912099822       -0.0012221001
        0.8652975786        0.5365055817       -0.0016512494
        1.2237155711        0.6912859488       -0.0012196311
        1.9348642064        0.8864760970       -0.0006076716
        1.9348642064        0.8864945575       -0.0006105353
        1.7305951571        0.8579167206       -0.0005984276
        1.9348642064        0.8865005553       -0.0006093714
        2.1195375431        0.9076519736       -0.0006237371
        1.9348642064        0.8865151449       -0.0006077675
        2.1195375431        0.9076817127       -0.0006232227
        2.1195375431        0.9069493402       -0.0006241343
        1.4987393697        0.7865137420       -0.0010098967
        1.2237155711        0.6913078055       -0.0012194210
        1.4987393697        0.7865154047       -0.0010098733
        2.1195375431        0.9068807509       -0.0006280384
        1.9348642064        0.8864793822       -0.0006067778
        1.2237155711        0.6912626338       -0.0012155865
        0.8652975786        0.5363887883       -0.0016448816
        1.2237155711        0.6911877758       -0.0012180897
        1.9348642064        0.8864744812       -0.0006078838
        2.1195375431        0.9069576441       -0.0006248811
        1.4987393697        0.7864967148       -0.0010107690
        1.2237155711        0.6912335684       -0.0012221752
        1.4987393697        0.7865032568       -0.0010110805
        2.1195375431        0.9069562626       -0.0006249246
        2.1195375431        0.9075842367       -0.0006277985
        1.9348642064        0.8865107411       -0.0006088929
        2.1195375431        0.9076750469       -0.0006238738
        2.1195375431        0.9069358913       -0.0006262019
        1.9348642064        0.8864869086       -0.0006075057
        2.1195375431        0.9069639272       -0.0006246561
        1.9348642064        0.8864820431       -0.0006081810
        1.7305951571        0.8562804883       -0.0005811869
        1.9348642064        0.8864751537       -0.0006093452
        2.1195375431        0.9069590625       -0.0006252616
        1.9348642064        0.8864804388       -0.0006086347
        2.1195375431        0.9068657788       -0.0006300837
