#epsqw diagonal term
#1:q+G [au], 2:Re(eps-1), 3:Im(eps-1)
        2.1195375431        0.9070653504       -0.0006088936
        1.9348642064        0.8866389909       -0.0005946780
        2.1195375431        0.9071556515       -0.0006046283
        1.9348642064        0.8866341377       -0.0005952619
        1.7305951571        0.8563857996       -0.0005756103
        1.9348642064        0.8866412553       -0.0005942490
        2.1195375431        0.9071599454       -0.0006040985
        1.9348642064        0.8866454527       -0.0005936943
        2.1195375431        0.9071334332       -0.0006054737
        2.1195375431        0.9078731877       -0.0006026585
        1.9348642064        0.8866697374       -0.0005948354
        2.1195375431        0.9077854793       -0.0006062318
        2.1195375431        0.9071521514       -0.0006043074
        1.4987393697        0.7867745761       -0.0009863223
        1.2237155711        0.6915238099       -0.0012019901
        1.4987393697        0.7867690605       -0.0009860933
        2.1195375431        0.9071548968       -0.0006042574
        1.9348642064        0.8866322183       -0.0005940167
        1.2237155711        0.6914749477       -0.0011980754
        0.8652975786        0.5367772641       -0.0016269861
        1.2237155711        0.6915523810       -0.0011957811
        1.9348642064        0.8866389930       -0.0005930509
        2.1195375431        0.9070790528       -0.0006071340
        1.4987393697        0.7867869143       -0.0009852827
        1.2237155711        0.6916001771       -0.0011994694
        1.4987393697        0.7867861176       -0.0009854098
        2.1195375431        0.9071458767       -0.0006037276
        2.1195375431        0.9078806977       -0.0006020777
        1.9348642064        0.8866760363       -0.0005938534
        2.1195375431        0.9078512691       -0.0006026867
        1.9348642064        0.8866598478       -0.0005951918
        1.7305951571        0.8580298134       -0.0005925572
        1.9348642064        0.8866555338       -0.0005962020
        1.9348642064        0.8866339098       -0.0005937921
        1.2237155711        0.6915741389       -0.0011996219
        0.8652975786        0.5368977327       -0.0016332725
        1.2237155711        0.6915038908       -0.0012018954
        1.9348642064        0.8866295864       -0.0005947566
        1.7305951571        0.8563693013       -0.0005756772
        0.8652975786        0.5367693315       -0.0016272161
        0.0000000000        0.1307766872       -0.0022194756
        0.8652975786        0.5367712124       -0.0016272223
        1.7305951571        0.8563707286       -0.0005756759
        1.9348642064        0.8866286998       -0.0005947570
        1.2237155711        0.6915038618       -0.0012018955
        0.8652975786        0.5368996400       -0.0016332782
        1.2237155711        0.6915782286       -0.0011996239
        1.9348642064        0.8866356933       -0.0005937902
        1.9348642064        0.8866564323       -0.0005962015
        1.7305951571        0.8580312557       -0.0005925555
        1.9348642064        0.8866616109       -0.0005951897
        2.1195375431        0.9078507780       -0.0006026870
        1.9348642064        0.8866749112       -0.0005938542
        2.1195375431        0.9078803840       -0.0006020767
        2.1195375431        0.9071453929       -0.0006037282
        1.4987393697        0.7867856040       -0.0009854100
        1.2237155711        0.6916000055       -0.0011994693
        1.4987393697        0.7867874799       -0.0009852825
        2.1195375431        0.9070795011       -0.0006071336
        1.9348642064        0.8866382384       -0.0005930513
        1.2237155711        0.6915523761       -0.0011957810
        0.8652975786        0.5367791718       -0.0016269913
        1.2237155711        0.6914791721       -0.0011980775
        1.9348642064        0.8866341104       -0.0005940148
        2.1195375431        0.9071545017       -0.0006042570
        1.4987393697        0.7867694519       -0.0009860932
        1.2237155711        0.6915275845       -0.0012019922
        1.4987393697        0.7867763048       -0.0009863212
        2.1195375431        0.9071531238       -0.0006043058
        2.1195375431        0.9077858921       -0.0006062314
        1.9348642064        0.8866712927       -0.0005948339
        2.1195375431        0.9078742283       -0.0006026566
        2.1195375431        0.9071336289       -0.0006054744
        1.9348642064        0.8866463822       -0.0005936938
        2.1195375431        0.9071605719       -0.0006040981
        1.9348642064        0.8866420498       -0.0005942485
        1.7305951571        0.8563872552       -0.0005756085
        1.9348642064        0.8866359787       -0.0005952596
        2.1195375431        0.9071562143       -0.0006046280
        1.9348642064        0.8866407007       -0.0005946760
        2.1195375431        0.9070661831       -0.0006088921
