#epsqw diagonal term
#1:q+G [au], 2:Re(eps-1), 3:Im(eps-1)
        2.1195375431        1.0269670434       -0.0063478943
        1.9348642064        1.0347745791       -0.0057387041
        2.1195375431        1.0268194056       -0.0062103218
        1.9348642064        1.0347910079       -0.0056549020
        1.7305951571        1.0455657941       -0.0046107647
        1.9348642064        1.0345364048       -0.0053343273
        2.1195375431        1.0269002853       -0.0062420548
        1.9348642064        1.0345354447       -0.0054087891
        2.1195375431        1.0263963113       -0.0056962063
        2.1195375431        1.0270652549       -0.0062807856
        1.9348642064        1.0348740626       -0.0057284408
        2.1195375431        1.0270047413       -0.0062952732
        2.1195375431        1.0268864744       -0.0062060621
        1.4987393697        1.0566388641       -0.0056952096
        1.2237155711        1.0749771935       -0.0049290165
        1.4987393697        1.0565922543       -0.0056703209
        2.1195375431        1.0268094078       -0.0061688573
        1.9348642064        1.0348145824       -0.0056534769
        1.2237155711        1.0742363614       -0.0049032656
        0.8652975786        1.0991583063       -0.0039749026
        1.2237155711        1.0741074612       -0.0047086649
        1.9348642064        1.0345598770       -0.0053275141
        2.1195375431        1.0269686154       -0.0063231723
        1.4987393697        1.0566401812       -0.0056952261
        1.2237155711        1.0748516104       -0.0047415392
        1.4987393697        1.0562542246       -0.0052154103
        2.1195375431        1.0263937771       -0.0056661376
        2.1195375431        1.0270687984       -0.0062753044
        1.9348642064        1.0346354378       -0.0053988440
        2.1195375431        1.0265116060       -0.0056814923
        1.9348642064        1.0345752262       -0.0053593057
        1.7305951571        1.0467354562       -0.0046187256
        1.9348642064        1.0348240197       -0.0056841717
        1.9348642064        1.0345055601       -0.0053614649
        1.2237155711        1.0748259483       -0.0047224918
        0.8652975786        1.0995913507       -0.0040475167
        1.2237155711        1.0749656103       -0.0049169539
        1.9348642064        1.0347552062       -0.0056920436
        1.7305951571        1.0455843202       -0.0046095143
        0.8652975786        1.0991580719       -0.0039998133
        0.0000000000        1.1670567738       -0.0016040455
        0.8652975786        1.0991559477       -0.0039998525
        1.7305951571        1.0455835403       -0.0046095317
        1.9348642064        1.0347555404       -0.0056920430
        1.2237155711        1.0749655659       -0.0049169565
        0.8652975786        1.0995891802       -0.0040475565
        1.2237155711        1.0748239719       -0.0047225015
        1.9348642064        1.0345048848       -0.0053614721
        1.9348642064        1.0348236307       -0.0056841586
        1.7305951571        1.0467346750       -0.0046187457
        1.9348642064        1.0345745748       -0.0053593106
        2.1195375431        1.0265120495       -0.0056815061
        1.9348642064        1.0346358890       -0.0053988574
        2.1195375431        1.0270689103       -0.0062753256
        2.1195375431        1.0263941730       -0.0056661391
        1.4987393697        1.0562545034       -0.0052154016
        1.2237155711        1.0748517986       -0.0047415355
        1.4987393697        1.0566400096       -0.0056952435
        2.1195375431        1.0269682302       -0.0063231699
        1.9348642064        1.0345601547       -0.0053275100
        1.2237155711        1.0741075245       -0.0047086709
        0.8652975786        1.0991568233       -0.0039749533
        1.2237155711        1.0742344000       -0.0049033052
        1.9348642064        1.0348138579       -0.0056534972
        2.1195375431        1.0268094812       -0.0061688657
        1.4987393697        1.0565920810       -0.0056703272
        1.2237155711        1.0749755449       -0.0049290234
        1.4987393697        1.0566383455       -0.0056952352
        2.1195375431        1.0268863595       -0.0062060779
        2.1195375431        1.0270043908       -0.0062952583
        1.9348642064        1.0348734847       -0.0057284507
        2.1195375431        1.0270651535       -0.0062807880
        2.1195375431        1.0263959268       -0.0056961943
        1.9348642064        1.0345350828       -0.0054087866
        2.1195375431        1.0269001978       -0.0062420536
        1.9348642064        1.0345360753       -0.0053343332
        1.7305951571        1.0455649918       -0.0046107832
        1.9348642064        1.0347903243       -0.0056549241
        2.1195375431        1.0268193502       -0.0062103224
        1.9348642064        1.0347739627       -0.0057387100
        2.1195375431        1.0269665968       -0.0063479117
