#epsqw diagonal term
#1:q+G [au], 2:Re(eps-1), 3:Im(eps-1)
        2.1195375431        0.9311596323       -0.0874821218
        1.9348642064        0.9103755647       -0.1259072102
        2.1195375431        0.9315328711       -0.0879482786
        1.9348642064        0.9109840264       -0.1265784543
        1.7305951571        0.8562976584       -0.2080622011
        1.9348642064        0.9115261012       -0.1262030129
        2.1195375431        0.9311238252       -0.0879056434
        1.9348642064        0.9108454202       -0.1255986408
        2.1195375431        0.9323213060       -0.0870165157
        2.1195375431        0.9318043310       -0.0875596018
        1.9348642064        0.9110390700       -0.1238040568
        2.1195375431        0.9318776080       -0.0871896520
        2.1195375431        0.9311464734       -0.0884711820
        1.4987393697        0.8194403350       -0.2447640434
        1.2237155711        0.7511656140       -0.4555128760
        1.4987393697        0.8188271206       -0.2457929475
        2.1195375431        0.9314214902       -0.0885380516
        1.9348642064        0.9103331212       -0.1261892250
        1.2237155711        0.7336822092       -0.4736926043
        0.8652975786        0.3454405507       -0.4610664821
        1.2237155711        0.7311852953       -0.4703717778
        1.9348642064        0.9111256928       -0.1259081386
        2.1195375431        0.9313724597       -0.0878510377
        1.4987393697        0.8194489572       -0.2444212503
        1.2237155711        0.7518099348       -0.4533387028
        1.4987393697        0.8216303842       -0.2455857999
        2.1195375431        0.9320629136       -0.0875116576
        2.1195375431        0.9317751011       -0.0876048112
        1.9348642064        0.9113469253       -0.1236219760
        2.1195375431        0.9324662197       -0.0867813579
        1.9348642064        0.9121801833       -0.1255714208
        1.7305951571        0.8952031903       -0.1892687961
        1.9348642064        0.9119139443       -0.1257752396
        1.9348642064        0.9103094082       -0.1268908335
        1.2237155711        0.7512589085       -0.4517867786
        0.8652975786        0.3273046188       -0.5151445805
        1.2237155711        0.7516633359       -0.4525321886
        1.9348642064        0.9098834157       -0.1272376296
        1.7305951571        0.8549238019       -0.2098141167
        0.8652975786        0.3460714651       -0.4587092802
        0.0000000000        0.0846496311       -0.5492591582
        0.8652975786        0.3460701594       -0.4587092568
        1.7305951571        0.8549252712       -0.2098147535
        1.9348642064        0.9098813874       -0.1272380072
        1.2237155711        0.7516668581       -0.4525331743
        0.8652975786        0.3273014585       -0.5151447793
        1.2237155711        0.7512663170       -0.4517928148
        1.9348642064        0.9103126359       -0.1268923582
        1.9348642064        0.9119153120       -0.1257748375
        1.7305951571        0.8952053326       -0.1892695127
        1.9348642064        0.9121832812       -0.1255726051
        2.1195375431        0.9324652728       -0.0867811978
        1.9348642064        0.9113453614       -0.1236224201
        2.1195375431        0.9317746179       -0.0876045667
        2.1195375431        0.9320620269       -0.0875116453
        1.4987393697        0.8216297772       -0.2455844331
        1.2237155711        0.7518091938       -0.4533346138
        1.4987393697        0.8194509191       -0.2444236829
        2.1195375431        0.9313733976       -0.0878511793
        1.9348642064        0.9111244472       -0.1259084791
        1.2237155711        0.7311845619       -0.4703693305
        0.8652975786        0.3454396243       -0.4610677437
        1.2237155711        0.7336879384       -0.4736961265
        1.9348642064        0.9103365513       -0.1261903043
        2.1195375431        0.9314208437       -0.0885379868
        1.4987393697        0.8188277599       -0.2457930763
        1.2237155711        0.7511718436       -0.4555166615
        1.4987393697        0.8194453598       -0.2447660884
        2.1195375431        0.9311484602       -0.0884728724
        2.1195375431        0.9318786015       -0.0871900681
        1.9348642064        0.9110419647       -0.1238053947
        2.1195375431        0.9318063808       -0.0875613309
        2.1195375431        0.9323215977       -0.0870160131
        1.9348642064        0.9108465366       -0.1255982698
        2.1195375431        0.9311252580       -0.0879068458
        1.9348642064        0.9115266386       -0.1262025766
        1.7305951571        0.8562992097       -0.2080628164
        1.9348642064        0.9109870412       -0.1265793494
        2.1195375431        0.9315333546       -0.0879495255
        1.9348642064        0.9103782408       -0.1259078347
        2.1195375431        0.9311612443       -0.0874826916
