#epsqw diagonal term
#1:q+G [au], 2:Re(eps-1), 3:Im(eps-1)
        2.1195375431        0.9020983457       -0.0125193162
        1.9348642064        0.8800357665       -0.0149635240
        2.1195375431        0.9020359473       -0.0125154951
        1.9348642064        0.8800816870       -0.0149787137
        1.7305951571        0.8448519060       -0.0104272424
        1.9348642064        0.8801448641       -0.0149775428
        2.1195375431        0.9020574493       -0.0125712569
        1.9348642064        0.8800925584       -0.0150198317
        2.1195375431        0.9019910892       -0.0127928554
        2.1195375431        0.9009740811       -0.0129925512
        1.9348642064        0.8801980748       -0.0152154810
        2.1195375431        0.9010994872       -0.0129564105
        2.1195375431        0.9009857808       -0.0130765792
        1.4987393697        0.7755177716       -0.0188308426
        1.2237155711        0.6700573588       -0.0231525049
        1.4987393697        0.7756715013       -0.0188573020
        2.1195375431        0.9010080628       -0.0131086856
        1.9348642064        0.8802181449       -0.0152075687
        1.2237155711        0.6701625397       -0.0230990936
        0.8652975786        0.4898977661       -0.0278747340
        1.2237155711        0.6699614470       -0.0227553049
        1.9348642064        0.8802720941       -0.0152676480
        2.1195375431        0.9011499850       -0.0130608784
        1.4987393697        0.7757330101       -0.0188848700
        1.2237155711        0.6698487754       -0.0226626577
        1.4987393697        0.7756267662       -0.0189758270
        2.1195375431        0.9010378753       -0.0133774962
        2.1195375431        0.9010103425       -0.0130757309
        1.9348642064        0.8802603368       -0.0152314834
        2.1195375431        0.9009720196       -0.0132993921
        1.9348642064        0.8802914750       -0.0152469266
        1.7305951571        0.8444547941       -0.0104498998
        1.9348642064        0.8802635481       -0.0152186822
        1.9348642064        0.8802787138       -0.0152422171
        1.2237155711        0.6709188555       -0.0239890943
        0.8652975786        0.4913140948       -0.0294715606
        1.2237155711        0.6709971194       -0.0240221031
        1.9348642064        0.8802410842       -0.0152436736
        1.7305951571        0.8442793936       -0.0104308792
        0.8652975786        0.4909944818       -0.0294170259
        0.0000000000        0.0456593027       -0.0637175108
        0.8652975786        0.4909960794       -0.0294169825
        1.7305951571        0.8442808491       -0.0104307686
        1.9348642064        0.8802402771       -0.0152435960
        1.2237155711        0.6709970916       -0.0240221146
        0.8652975786        0.4913157489       -0.0294715145
        1.2237155711        0.6709229882       -0.0239892561
        1.9348642064        0.8802805674       -0.0152421985
        1.9348642064        0.8802643820       -0.0152187519
        1.7305951571        0.8444562896       -0.0104497889
        1.9348642064        0.8802932997       -0.0152469181
        2.1195375431        0.9009714548       -0.0132995199
        1.9348642064        0.8802591673       -0.0152314725
        2.1195375431        0.9010100714       -0.0130756639
        2.1195375431        0.9010373389       -0.0133775540
        1.4987393697        0.7756259119       -0.0189763766
        1.2237155711        0.6698483961       -0.0226627931
        1.4987393697        0.7757335398       -0.0188850395
        2.1195375431        0.9011503666       -0.0130610441
        1.9348642064        0.8802712842       -0.0152676551
        1.2237155711        0.6699612762       -0.0227554602
        0.8652975786        0.4898994979       -0.0278748806
        1.2237155711        0.6701665785       -0.0230992660
        1.9348642064        0.8802199632       -0.0152076562
        2.1195375431        0.9010076734       -0.0131086346
        1.4987393697        0.7756718032       -0.0188575199
        1.2237155711        0.6700609578       -0.0231526342
        1.4987393697        0.7755195398       -0.0188307301
        2.1195375431        0.9009867093       -0.0130766036
        2.1195375431        0.9010998111       -0.0129566268
        1.9348642064        0.8801995449       -0.0152155533
        2.1195375431        0.9009750946       -0.0129925724
        2.1195375431        0.9019912441       -0.0127929821
        1.9348642064        0.8800934176       -0.0150199648
        2.1195375431        0.9020581024       -0.0125712379
        1.9348642064        0.8801456004       -0.0149776666
        1.7305951571        0.8448532845       -0.0104273511
        1.9348642064        0.8800835987       -0.0149787705
        2.1195375431        0.9020365254       -0.0125155145
        1.9348642064        0.8800375467       -0.0149635776
        2.1195375431        0.9020992801       -0.0125191299
