#epsqw diagonal term
#1:q+G [au], 2:Re(eps-1), 3:Im(eps-1)
        2.1195375431        0.8960717146       -0.0195445064
        1.9348642064        0.8767671822       -0.0159007419
        2.1195375431        0.8958921642       -0.0196218777
        1.9348642064        0.8768940029       -0.0159296162
        1.7305951571        0.8518335074       -0.0114806314
        1.9348642064        0.8767439974       -0.0160613335
        2.1195375431        0.8958322511       -0.0195676581
        1.9348642064        0.8766057459       -0.0159823205
        2.1195375431        0.8959641056       -0.0197096054
        2.1195375431        0.8965857017       -0.0206784854
        1.9348642064        0.8769079426       -0.0159147749
        2.1195375431        0.8968321471       -0.0206822158
        2.1195375431        0.8957555225       -0.0195184041
        1.4987393697        0.7695922368       -0.0274507776
        1.2237155711        0.6724009494       -0.0259428524
        1.4987393697        0.7695610646       -0.0273075161
        2.1195375431        0.8957952973       -0.0195469392
        1.9348642064        0.8768453528       -0.0159172787
        1.2237155711        0.6730354893       -0.0255789878
        0.8652975786        0.4943712076       -0.0368558024
        1.2237155711        0.6734358836       -0.0257195487
        1.9348642064        0.8767280802       -0.0160934309
        2.1195375431        0.8960350017       -0.0194875111
        1.4987393697        0.7696631976       -0.0275414629
        1.2237155711        0.6728452645       -0.0262149551
        1.4987393697        0.7700892800       -0.0279158742
        2.1195375431        0.8959288377       -0.0197181897
        2.1195375431        0.8965637681       -0.0206462579
        1.9348642064        0.8767549585       -0.0160081435
        2.1195375431        0.8966326944       -0.0207386222
        1.9348642064        0.8767035968       -0.0159893124
        1.7305951571        0.8519362973       -0.0119320021
        1.9348642064        0.8768643698       -0.0158447336
        1.9348642064        0.8765483165       -0.0159949516
        1.2237155711        0.6726153363       -0.0263760184
        0.8652975786        0.4930158963       -0.0372037397
        1.2237155711        0.6721362796       -0.0262623573
        1.9348642064        0.8766819592       -0.0158280267
        1.7305951571        0.8518313045       -0.0114575835
        0.8652975786        0.4943703421       -0.0366573610
        0.0000000000        0.0865653908       -0.1207388044
        0.8652975786        0.4943713008       -0.0366587455
        1.7305951571        0.8518327341       -0.0114575738
        1.9348642064        0.8766810163       -0.0158280850
        1.2237155711        0.6721362640       -0.0262623984
        0.8652975786        0.4930168291       -0.0372048654
        1.2237155711        0.6726185412       -0.0263766045
        1.9348642064        0.8765499329       -0.0159953302
        1.9348642064        0.8768653342       -0.0158446744
        1.7305951571        0.8519377856       -0.0119320205
        1.9348642064        0.8767052529       -0.0159896345
        2.1195375431        0.8966322904       -0.0207384944
        1.9348642064        0.8767539710       -0.0160077652
        2.1195375431        0.8965634339       -0.0206460783
        2.1195375431        0.8959283554       -0.0197181204
        1.4987393697        0.7700884305       -0.0279159529
        1.2237155711        0.6728459703       -0.0262145580
        1.4987393697        0.7696636300       -0.0275415313
        2.1195375431        0.8960354833       -0.0194875581
        1.9348642064        0.8767273796       -0.0160931331
        1.2237155711        0.6734367205       -0.0257192138
        0.8652975786        0.4943734823       -0.0368546800
        1.2237155711        0.6730396511       -0.0255792504
        1.9348642064        0.8768472759       -0.0159172934
        2.1195375431        0.8957949172       -0.0195467073
        1.4987393697        0.7695613180       -0.0273075686
        1.2237155711        0.6724045320       -0.0259430805
        1.4987393697        0.7695940661       -0.0274508247
        2.1195375431        0.8957564131       -0.0195186151
        2.1195375431        0.8968326642       -0.0206823313
        1.9348642064        0.8769095600       -0.0159147730
        2.1195375431        0.8965867395       -0.0206786473
        2.1195375431        0.8959643230       -0.0197095270
        1.9348642064        0.8766068271       -0.0159820021
        2.1195375431        0.8958328924       -0.0195675862
        1.9348642064        0.8767448698       -0.0160610637
        1.7305951571        0.8518349561       -0.0114806719
        1.9348642064        0.8768958334       -0.0159297313
        2.1195375431        0.8958927180       -0.0196217393
        1.9348642064        0.8767688797       -0.0159009083
        2.1195375431        0.8960725056       -0.0195445138
