#epsqw diagonal term
#1:q+G [au], 2:Re(eps-1), 3:Im(eps-1)
        2.1195375431        0.9305903270       -0.0973156402
        1.9348642064        0.9144141171       -0.1382243335
        2.1195375431        0.9300285438       -0.0975445412
        1.9348642064        0.9162959448       -0.1386358004
        1.7305951571        0.8723748587       -0.1865486545
        1.9348642064        0.9154395537       -0.1386786667
        2.1195375431        0.9300457572       -0.0975632607
        1.9348642064        0.9141633435       -0.1379081442
        2.1195375431        0.9298937117       -0.0970399614
        2.1195375431        0.9295608948       -0.0974843268
        1.9348642064        0.9141943421       -0.1385807624
        2.1195375431        0.9302070839       -0.0972488891
        2.1195375431        0.9308879864       -0.0995358368
        1.4987393697        0.7906259009       -0.2834327128
        1.2237155711        0.7980266915       -0.4409769531
        1.4987393697        0.7907413056       -0.2836475312
        2.1195375431        0.9309169829       -0.0993772863
        1.9348642064        0.9144586441       -0.1425986424
        1.2237155711        0.7987396321       -0.4424301403
        0.8652975786        0.7824914275       -0.7108633247
        1.2237155711        0.8023793479       -0.4443266368
        1.9348642064        0.9133985689       -0.1426436176
        2.1195375431        0.9314749473       -0.0992055378
        1.4987393697        0.7910536298       -0.2845231048
        1.2237155711        0.8008266710       -0.4454948629
        1.4987393697        0.7924489670       -0.2852247502
        2.1195375431        0.9307791942       -0.0988486497
        2.1195375431        0.9297073311       -0.0973050018
        1.9348642064        0.9140390987       -0.1382424803
        2.1195375431        0.9294040170       -0.0970548569
        1.9348642064        0.9149204562       -0.1386561866
        1.7305951571        0.8712690523       -0.1871511274
        1.9348642064        0.9152651186       -0.1388444556
        1.9348642064        0.9132345235       -0.1425018669
        1.2237155711        0.8008233672       -0.4456500181
        0.8652975786        0.7793238158       -0.7118831872
        1.2237155711        0.7987790241       -0.4414677421
        1.9348642064        0.9139594636       -0.1425673890
        1.7305951571        0.8587784767       -0.1644589841
        0.8652975786        0.7783301946       -0.7352612579
        0.0000000000        1.1255147968       -1.3606896624
        0.8652975786        0.7783322051       -0.7353161537
        1.7305951571        0.8587790735       -0.1644587742
        1.9348642064        0.9139606592       -0.1425638602
        1.2237155711        0.7987837036       -0.4414650350
        0.8652975786        0.7793208706       -0.7119409059
        1.2237155711        0.8008600798       -0.4456823234
        1.9348642064        0.9132458549       -0.1425045457
        1.9348642064        0.9152619710       -0.1388456078
        1.7305951571        0.8712713601       -0.1871508157
        1.9348642064        0.9149309447       -0.1386576044
        2.1195375431        0.9294009388       -0.0970558599
        1.9348642064        0.9140403411       -0.1382421575
        2.1195375431        0.9296952512       -0.0973129661
        2.1195375431        0.9307780101       -0.0988475631
        1.4987393697        0.7924546952       -0.2852174110
        1.2237155711        0.8008253218       -0.4454924294
        1.4987393697        0.7910481142       -0.2845303246
        2.1195375431        0.9314775134       -0.0992047719
        1.9348642064        0.9134023479       -0.1426424611
        1.2237155711        0.8023807763       -0.4443218506
        0.8652975786        0.7824790630       -0.7109054159
        1.2237155711        0.7987746102       -0.4424616574
        1.9348642064        0.9144705105       -0.1425971575
        2.1195375431        0.9309039441       -0.0993850385
        1.4987393697        0.7907409988       -0.2836500864
        1.2237155711        0.7980601823       -0.4410024621
        1.4987393697        0.7906409813       -0.2834402534
        2.1195375431        0.9309000044       -0.0995292554
        2.1195375431        0.9302094562       -0.0972485890
        1.9348642064        0.9142050842       -0.1385803615
        2.1195375431        0.9295765471       -0.0974759545
        2.1195375431        0.9298983687       -0.0970359564
        1.9348642064        0.9141629166       -0.1379077221
        2.1195375431        0.9300567840       -0.0975567906
        1.9348642064        0.9154364241       -0.1386766937
        1.7305951571        0.8723771696       -0.1865520690
        1.9348642064        0.9163085847       -0.1386372380
        2.1195375431        0.9300378997       -0.0975392456
        1.9348642064        0.9144250566       -0.1382280285
        2.1195375431        0.9305969944       -0.0973128589
