#epsqw diagonal term
#1:q+G [au], 2:Re(eps-1), 3:Im(eps-1)
        2.1195375431        0.9068647643       -0.0006300838
        1.9348642064        0.8864778260       -0.0006086597
        2.1195375431        0.9069564354       -0.0006253108
        1.9348642064        0.8864742027       -0.0006093241
        1.7305951571        0.8562790317       -0.0005811887
        1.9348642064        0.8864820006       -0.0006081601
        2.1195375431        0.9069648937       -0.0006246036
        1.9348642064        0.8864851944       -0.0006075280
        2.1195375431        0.9069354435       -0.0006261988
        2.1195375431        0.9069592827       -0.0006265450
        1.9348642064        0.8865022541       -0.0006090916
        2.1195375431        0.9068733556       -0.0006303785
        2.1195375431        0.9076691532       -0.0006222780
        1.4987393697        0.7865021222       -0.0010110575
        1.2237155711        0.6912198432       -0.0012194474
        1.4987393697        0.7865061476       -0.0010106472
        2.1195375431        0.9076696694       -0.0006222880
        1.9348642064        0.8864794788       -0.0006076920
        1.2237155711        0.6911934524       -0.0012208082
        0.8652975786        0.5363868830       -0.0016448764
        1.2237155711        0.6912720198       -0.0012182315
        1.9348642064        0.8864873010       -0.0006065790
        2.1195375431        0.9075900046       -0.0006254752
        1.4987393697        0.7865055524       -0.0010099787
        1.2237155711        0.6912986906       -0.0012167879
        1.4987393697        0.7865140731       -0.0010099006
        2.1195375431        0.9076578669       -0.0006215837
        2.1195375431        0.9069690173       -0.0006258455
        1.9348642064        0.8865090708       -0.0006079696
        2.1195375431        0.9069430375       -0.0006263151
        1.9348642064        0.8864923257       -0.0006095535
        1.7305951571        0.8563179456       -0.0005812173
        1.9348642064        0.8864875738       -0.0006107095
        1.9348642064        0.8864807124       -0.0006074952
        1.2237155711        0.6912819330       -0.0012196360
        0.8652975786        0.5364241292       -0.0016452609
        1.2237155711        0.6912101009       -0.0012221081
        1.9348642064        0.8864752360       -0.0006086092
        1.7305951571        0.8578591992       -0.0005984803
        0.8652975786        0.5364589663       -0.0016510966
        0.0000000000        0.1298415946       -0.0022776840
        0.8652975786        0.5364608369       -0.0016511027
        1.7305951571        0.8578606055       -0.0005984788
        1.9348642064        0.8864743493       -0.0006086095
        1.2237155711        0.6912100696       -0.0012221078
        0.8652975786        0.5364260422       -0.0016452669
        1.2237155711        0.6912860214       -0.0012196384
        1.9348642064        0.8864824950       -0.0006074934
        1.9348642064        0.8864884711       -0.0006107092
        1.7305951571        0.8563194067       -0.0005812159
        1.9348642064        0.8864940889       -0.0006095516
        2.1195375431        0.9069425552       -0.0006263153
        1.9348642064        0.8865079476       -0.0006079702
        2.1195375431        0.9069687284       -0.0006258444
        2.1195375431        0.9076573763       -0.0006215842
        1.4987393697        0.7865135576       -0.0010099008
        1.2237155711        0.6912985205       -0.0012167879
        1.4987393697        0.7865060900       -0.0010099784
        2.1195375431        0.9075904609       -0.0006254749
        1.9348642064        0.8864865463       -0.0006065793
        1.2237155711        0.6912720140       -0.0012182313
        0.8652975786        0.5363887895       -0.0016448816
        1.2237155711        0.6911976732       -0.0012208105
        1.9348642064        0.8864813698       -0.0006076901
        2.1195375431        0.9076692502       -0.0006222875
        1.4987393697        0.7865065674       -0.0010106472
        1.2237155711        0.6912236163       -0.0012194498
        1.4987393697        0.7865038499       -0.0010110566
        2.1195375431        0.9076701376       -0.0006222763
        2.1195375431        0.9068737620       -0.0006303781
        1.9348642064        0.8865038088       -0.0006090902
        2.1195375431        0.9069603121       -0.0006265430
        2.1195375431        0.9069356385       -0.0006261996
        1.9348642064        0.8864861233       -0.0006075275
        2.1195375431        0.9069655200       -0.0006246033
        1.9348642064        0.8864827948       -0.0006081597
        1.7305951571        0.8562804880       -0.0005811869
        1.9348642064        0.8864760437       -0.0006093218
        2.1195375431        0.9069569977       -0.0006253105
        1.9348642064        0.8864795352       -0.0006086578
        2.1195375431        0.9068655995       -0.0006300824
