#epsqw diagonal term
#1:q+G [au], 2:Re(eps-1), 3:Im(eps-1)
        2.1195375431        0.9233010139       -0.0247819080
        1.9348642064        0.8945542387       -0.0301141460
        2.1195375431        0.9234168446       -0.0244773568
        1.9348642064        0.8946766087       -0.0300478778
        1.7305951571        0.8443294783       -0.0439625208
        1.9348642064        0.8946596169       -0.0299563503
        2.1195375431        0.9234846916       -0.0245133565
        1.9348642064        0.8946406577       -0.0300136575
        2.1195375431        0.9235506174       -0.0249601210
        2.1195375431        0.9235737808       -0.0275026917
        1.9348642064        0.8956333223       -0.0305167478
        2.1195375431        0.9234289667       -0.0275242136
        2.1195375431        0.9236207213       -0.0274850491
        1.4987393697        0.7691086182       -0.0374693555
        1.2237155711        0.6502988986       -0.0782141885
        1.4987393697        0.7689535531       -0.0373883682
        2.1195375431        0.9236677147       -0.0275501971
        1.9348642064        0.8957705074       -0.0305602249
        1.2237155711        0.6501750500       -0.0779070426
        0.8652975786        0.5017632345       -0.1108513852
        1.2237155711        0.6493564693       -0.0780884380
        1.9348642064        0.8957816724       -0.0304763848
        2.1195375431        0.9235184928       -0.0275468841
        1.4987393697        0.7687943408       -0.0375643863
        1.2237155711        0.6494319360       -0.0787181680
        1.4987393697        0.7690002225       -0.0382799802
        2.1195375431        0.9237138968       -0.0275897554
        2.1195375431        0.9236594461       -0.0275585206
        1.9348642064        0.8957158174       -0.0304403355
        2.1195375431        0.9237036358       -0.0275149078
        1.9348642064        0.8957275236       -0.0317329939
        1.7305951571        0.8427921970       -0.0250585986
        1.9348642064        0.8957538495       -0.0319718968
        1.9348642064        0.8955926477       -0.0322730658
        1.2237155711        0.6487130126       -0.0753197233
        0.8652975786        0.4839026260       -0.1371303423
        1.2237155711        0.6496342880       -0.0749302129
        1.9348642064        0.8955774715       -0.0324615358
        1.7305951571        0.8428051796       -0.0249213340
        0.8652975786        0.4826862062       -0.1375445563
        0.0000000000       -0.0400503385       -0.3309171874
        0.8652975786        0.4826884168       -0.1375459015
        1.7305951571        0.8428066737       -0.0249213862
        1.9348642064        0.8955765043       -0.0324615303
        1.2237155711        0.6496343470       -0.0749300809
        0.8652975786        0.4839046792       -0.1371315718
        1.2237155711        0.6487172520       -0.0753207629
        1.9348642064        0.8955947509       -0.0322731155
        1.9348642064        0.8957551506       -0.0319718969
        1.7305951571        0.8427936500       -0.0250586823
        1.9348642064        0.8957294827       -0.0317331523
        2.1195375431        0.9237032328       -0.0275148085
        1.9348642064        0.8957144458       -0.0304403927
        2.1195375431        0.9236590103       -0.0275583660
        2.1195375431        0.9237135924       -0.0275896600
        1.4987393697        0.7689997421       -0.0382798630
        1.2237155711        0.6494317123       -0.0787178771
        1.4987393697        0.7687948938       -0.0375643939
        2.1195375431        0.9235188739       -0.0275467903
        1.9348642064        0.8957808749       -0.0304764177
        1.2237155711        0.6493563098       -0.0780882990
        0.8652975786        0.5017647896       -0.1108523308
        1.2237155711        0.6501794956       -0.0779080907
        1.9348642064        0.8957725936       -0.0305602505
        2.1195375431        0.9236671698       -0.0275499862
        1.4987393697        0.7689539685       -0.0373884389
        1.2237155711        0.6503025881       -0.0782152284
        1.4987393697        0.7691105466       -0.0374694662
        2.1195375431        0.9236218484       -0.0274852175
        2.1195375431        0.9234293164       -0.0275241866
        1.9348642064        0.8956350519       -0.0305166668
        2.1195375431        0.9235750460       -0.0275028847
        2.1195375431        0.9235509684       -0.0249601977
        1.9348642064        0.8946417072       -0.0300136961
        2.1195375431        0.9234854163       -0.0245133679
        1.9348642064        0.8946606073       -0.0299563935
        1.7305951571        0.8443309172       -0.0439625864
        1.9348642064        0.8946786133       -0.0300479404
        2.1195375431        0.9234174538       -0.0244773224
        1.9348642064        0.8945561364       -0.0301141906
        2.1195375431        0.9233020051       -0.0247819401
