#epsqw diagonal term
#1:q+G [au], 2:Re(eps-1), 3:Im(eps-1)
        2.1195375431        1.0018044765       -0.0000054441
        1.9348642064        1.0023063944       -0.0000070356
        2.1195375431        1.0018055501       -0.0000054446
        1.9348642064        1.0023062799       -0.0000070363
        1.7305951571        1.0030064273       -0.0000091694
        1.9348642064        1.0023070329       -0.0000070370
        2.1195375431        1.0018055231       -0.0000054451
        1.9348642064        1.0023074707       -0.0000070380
        2.1195375431        1.0018052536       -0.0000054460
        2.1195375431        1.0018052369       -0.0000054442
        1.9348642064        1.0023054352       -0.0000070335
        2.1195375431        1.0018045030       -0.0000054440
        2.1195375431        1.0018062086       -0.0000054507
        1.4987393697        1.0040284112       -0.0000140691
        1.2237155711        1.0055713384       -0.0000210167
        1.4987393697        1.0040290728       -0.0000140683
        2.1195375431        1.0018064088       -0.0000054504
        1.9348642064        1.0023074858       -0.0000070388
        1.2237155711        1.0055780481       -0.0000210462
        0.8652975786        1.0078600943       -0.0000330918
        1.2237155711        1.0055743850       -0.0000210384
        1.9348642064        1.0023077669       -0.0000070400
        2.1195375431        1.0018060294       -0.0000054509
        1.4987393697        1.0040296027       -0.0000140697
        1.2237155711        1.0055710135       -0.0000210217
        1.4987393697        1.0040282393       -0.0000140738
        2.1195375431        1.0018061513       -0.0000054519
        2.1195375431        1.0018052968       -0.0000054444
        1.9348642064        1.0023065243       -0.0000070367
        2.1195375431        1.0018052108       -0.0000054455
        1.9348642064        1.0023062584       -0.0000070363
        1.7305951571        1.0030065057       -0.0000091707
        1.9348642064        1.0023056644       -0.0000070340
        1.9348642064        1.0023085407       -0.0000070401
        1.2237155711        1.0055761512       -0.0000210408
        0.8652975786        1.0078674892       -0.0000331083
        1.2237155711        1.0055757441       -0.0000210381
        1.9348642064        1.0023074185       -0.0000070381
        1.7305951571        1.0030132166       -0.0000092131
        0.8652975786        1.0078666457       -0.0000331104
        0.0000000000        1.0132078871       -0.0000921392
        0.8652975786        1.0078642211       -0.0000331102
        1.7305951571        1.0030134787       -0.0000092128
        1.9348642064        1.0023075091       -0.0000070380
        1.2237155711        1.0055758433       -0.0000210382
        0.8652975786        1.0078651870       -0.0000331083
        1.2237155711        1.0055758913       -0.0000210417
        1.9348642064        1.0023088921       -0.0000070405
        1.9348642064        1.0023056062       -0.0000070341
        1.7305951571        1.0030067401       -0.0000091703
        1.9348642064        1.0023066164       -0.0000070367
        2.1195375431        1.0018054760       -0.0000054456
        1.9348642064        1.0023061373       -0.0000070363
        2.1195375431        1.0018050184       -0.0000054442
        2.1195375431        1.0018063930       -0.0000054519
        1.4987393697        1.0040280460       -0.0000140724
        1.2237155711        1.0055710822       -0.0000210203
        1.4987393697        1.0040286181       -0.0000140690
        2.1195375431        1.0018055176       -0.0000054504
        1.9348642064        1.0023073760       -0.0000070395
        1.2237155711        1.0055745064       -0.0000210370
        0.8652975786        1.0078621458       -0.0000330909
        1.2237155711        1.0055778131       -0.0000210457
        1.9348642064        1.0023073687       -0.0000070388
        2.1195375431        1.0018061235       -0.0000054502
        1.4987393697        1.0040280996       -0.0000140676
        1.2237155711        1.0055712116       -0.0000210162
        1.4987393697        1.0040293014       -0.0000140696
        2.1195375431        1.0018064591       -0.0000054508
        2.1195375431        1.0018039874       -0.0000054436
        1.9348642064        1.0023053473       -0.0000070336
        2.1195375431        1.0018055025       -0.0000054443
        2.1195375431        1.0018054618       -0.0000054460
        1.9348642064        1.0023070139       -0.0000070373
        2.1195375431        1.0018052313       -0.0000054449
        1.9348642064        1.0023065750       -0.0000070363
        1.7305951571        1.0030060480       -0.0000091695
        1.9348642064        1.0023062550       -0.0000070359
        2.1195375431        1.0018052468       -0.0000054444
        1.9348642064        1.0023063955       -0.0000070352
        2.1195375431        1.0018049169       -0.0000054444
