#epsqw diagonal term
#1:q+G [au], 2:Re(eps-1), 3:Im(eps-1)
        2.1195375431        0.9284778934       -0.0190765082
        1.9348642064        0.8986405406       -0.0184499695
        2.1195375431        0.9284974025       -0.0188969034
        1.9348642064        0.8976047554       -0.0189521872
        1.7305951571        0.8475352459       -0.0146235058
        1.9348642064        0.8975475592       -0.0190777040
        2.1195375431        0.9284860762       -0.0189029735
        1.9348642064        0.8985748732       -0.0185582748
        2.1195375431        0.9286392921       -0.0191602252
        2.1195375431        0.9286976134       -0.0189839601
        1.9348642064        0.8986262044       -0.0182629438
        2.1195375431        0.9285573347       -0.0190025508
        2.1195375431        0.9277813357       -0.0182526263
        1.4987393697        0.8284779647       -0.1376864981
        1.2237155711        0.7502729887       -0.1653813564
        1.4987393697        0.8282189354       -0.1372651868
        2.1195375431        0.9277843269       -0.0181990581
        1.9348642064        0.8981659427       -0.0216723321
        1.2237155711        0.7547292344       -0.1713006026
        0.8652975786        0.7403443411       -0.1546266215
        1.2237155711        0.7545148643       -0.1717517313
        1.9348642064        0.8982492864       -0.0217880599
        2.1195375431        0.9276994164       -0.0182218426
        1.4987393697        0.8284285756       -0.1374307572
        1.2237155711        0.7498740995       -0.1663160590
        1.4987393697        0.8289813485       -0.1387646929
        2.1195375431        0.9278921265       -0.0183654729
        2.1195375431        0.9287014188       -0.0189559921
        1.9348642064        0.8985824740       -0.0183676109
        2.1195375431        0.9287321211       -0.0191198336
        1.9348642064        0.8977439683       -0.0191320079
        1.7305951571        0.8477054135       -0.0147540000
        1.9348642064        0.8977215238       -0.0190417819
        1.9348642064        0.8982687675       -0.0218505325
        1.2237155711        0.7523351699       -0.1712572870
        0.8652975786        0.7390497855       -0.1562718708
        1.2237155711        0.7530976659       -0.1704845854
        1.9348642064        0.8981001741       -0.0217786130
        1.7305951571        0.8693423831       -0.0479776343
        0.8652975786        0.7322241547       -0.1512552514
        0.0000000000        0.4341208479       -1.0650514881
        0.8652975786        0.7322253576       -0.1512552538
        1.7305951571        0.8693438559       -0.0479776553
        1.9348642064        0.8980992077       -0.0217784865
        1.2237155711        0.7530978061       -0.1704840740
        0.8652975786        0.7390510069       -0.1562716794
        1.2237155711        0.7523392683       -0.1712577887
        1.9348642064        0.8982707852       -0.0218506562
        1.9348642064        0.8977225407       -0.0190417696
        1.7305951571        0.8477069146       -0.0147541697
        1.9348642064        0.8977459381       -0.0191320479
        2.1195375431        0.9287315632       -0.0191198200
        1.9348642064        0.8985812683       -0.0183677486
        2.1195375431        0.9287009615       -0.0189559981
        2.1195375431        0.9278915928       -0.0183654129
        1.4987393697        0.8289805940       -0.1387647535
        1.2237155711        0.7498739904       -0.1663163133
        1.4987393697        0.8284293550       -0.1374306965
        2.1195375431        0.9276999430       -0.0182218839
        1.9348642064        0.8982485286       -0.0217880913
        1.2237155711        0.7545148253       -0.1717514012
        0.8652975786        0.7403454831       -0.1546262727
        1.2237155711        0.7547331341       -0.1713003095
        1.9348642064        0.8981680616       -0.0216723924
        2.1195375431        0.9277836530       -0.0181989748
        1.4987393697        0.8282191648       -0.1372659222
        1.2237155711        0.7502769514       -0.1653822633
        1.4987393697        0.8284794531       -0.1376862372
        2.1195375431        0.9277825615       -0.0182527495
        2.1195375431        0.9285578385       -0.0190025899
        1.9348642064        0.8986279545       -0.0182630873
        2.1195375431        0.9286989545       -0.0189841556
        2.1195375431        0.9286395366       -0.0191601091
        1.9348642064        0.8985760336       -0.0185581082
        2.1195375431        0.9284869964       -0.0189030459
        1.9348642064        0.8975484443       -0.0190776101
        1.7305951571        0.8475367185       -0.0146236895
        1.9348642064        0.8976068192       -0.0189521376
        2.1195375431        0.9284982254       -0.0188970219
        1.9348642064        0.8986425057       -0.0184501088
        2.1195375431        0.9284788070       -0.0190765123
