#epsqw diagonal term
#1:q+G [au], 2:Re(eps-1), 3:Im(eps-1)
        2.1195375431        0.9186835858       -0.0240486866
        1.9348642064        0.8891324778       -0.0270470553
        2.1195375431        0.9186816860       -0.0240482988
        1.9348642064        0.8892508090       -0.0268621954
        1.7305951571        0.8376651597       -0.0373280678
        1.9348642064        0.8891844162       -0.0272576603
        2.1195375431        0.9186711377       -0.0240044838
        1.9348642064        0.8891137498       -0.0273671629
        2.1195375431        0.9186099065       -0.0241924994
        2.1195375431        0.9185859709       -0.0247859603
        1.9348642064        0.8885085246       -0.0281012470
        2.1195375431        0.9186075254       -0.0248704117
        2.1195375431        0.9184126639       -0.0247840699
        1.4987393697        0.7805012429       -0.0293802920
        1.2237155711        0.6623734925       -0.0528413846
        1.4987393697        0.7803760790       -0.0293247322
        2.1195375431        0.9183898142       -0.0247953925
        1.9348642064        0.8882075660       -0.0281754260
        1.2237155711        0.6622622298       -0.0527121916
        0.8652975786        0.5270531357       -0.1032384904
        1.2237155711        0.6618662944       -0.0535911805
        1.9348642064        0.8882126934       -0.0286503980
        2.1195375431        0.9184620936       -0.0248622213
        1.4987393697        0.7805203357       -0.0294080687
        1.2237155711        0.6621380143       -0.0537304792
        1.4987393697        0.7807149932       -0.0293424447
        2.1195375431        0.9183424382       -0.0250092895
        2.1195375431        0.9185521308       -0.0247210810
        1.9348642064        0.8885266953       -0.0284803106
        2.1195375431        0.9184787512       -0.0249358943
        1.9348642064        0.8884728617       -0.0284014390
        1.7305951571        0.8453804888       -0.0247520293
        1.9348642064        0.8884866013       -0.0280326885
        1.9348642064        0.8882635800       -0.0286169366
        1.2237155711        0.6643245290       -0.0526370812
        0.8652975786        0.5129981582       -0.1021822709
        1.2237155711        0.6645472148       -0.0518082040
        1.9348642064        0.8882434054       -0.0282420310
        1.7305951571        0.8459631721       -0.0249326674
        0.8652975786        0.5141338199       -0.1020467003
        0.0000000000       -0.0506148755       -0.2139544096
        0.8652975786        0.5141355740       -0.1020473795
        1.7305951571        0.8459646099       -0.0249327195
        1.9348642064        0.8882425037       -0.0282420680
        1.2237155711        0.6645472307       -0.0518082110
        0.8652975786        0.5129999024       -0.1021829079
        1.2237155711        0.6643285796       -0.0526376466
        1.9348642064        0.8882656303       -0.0286170799
        1.9348642064        0.8884876888       -0.0280326476
        1.7305951571        0.8453819661       -0.0247521370
        1.9348642064        0.8884748702       -0.0284014934
        2.1195375431        0.9184782531       -0.0249358875
        1.9348642064        0.8885254436       -0.0284802843
        2.1195375431        0.9185517696       -0.0247211102
        2.1195375431        0.9183419215       -0.0250092902
        1.4987393697        0.7807144874       -0.0293424072
        1.2237155711        0.6621378630       -0.0537304410
        1.4987393697        0.7805209173       -0.0294081442
        2.1195375431        0.9184625566       -0.0248622438
        1.9348642064        0.8882118432       -0.0286503647
        1.2237155711        0.6618664134       -0.0535911429
        0.8652975786        0.5270549381       -0.1032390811
        1.2237155711        0.6622664139       -0.0527127489
        1.9348642064        0.8882096394       -0.0281755475
        2.1195375431        0.9183893556       -0.0247953646
        1.4987393697        0.7803764637       -0.0293247588
        1.2237155711        0.6623771451       -0.0528419009
        1.4987393697        0.7805030091       -0.0293803545
        2.1195375431        0.9184137213       -0.0247840229
        2.1195375431        0.9186079139       -0.0248703893
        1.9348642064        0.8885102037       -0.0281013291
        2.1195375431        0.9185870573       -0.0247859644
        2.1195375431        0.9186101814       -0.0241925247
        1.9348642064        0.8891147511       -0.0273671674
        2.1195375431        0.9186718254       -0.0240045465
        1.9348642064        0.8891852739       -0.0272576776
        1.7305951571        0.8376665762       -0.0373281483
        1.9348642064        0.8892528328       -0.0268622835
        2.1195375431        0.9186823223       -0.0240483644
        1.9348642064        0.8891343191       -0.0270471374
        2.1195375431        0.9186844667       -0.0240486441
