#epsqw diagonal term
#1:q+G [au], 2:Re(eps-1), 3:Im(eps-1)
        2.1195375431        0.9293560480       -0.0354226086
        1.9348642064        0.8948947516       -0.0278075282
        2.1195375431        0.9295452614       -0.0350803472
        1.9348642064        0.8948946693       -0.0277062645
        1.7305951571        0.8523421338       -0.0147719325
        1.9348642064        0.8952094549       -0.0272959532
        2.1195375431        0.9295962631       -0.0351179632
        1.9348642064        0.8952811193       -0.0273794529
        2.1195375431        0.9296878077       -0.0348054926
        2.1195375431        0.9282349036       -0.0356645592
        1.9348642064        0.8951030053       -0.0275808800
        2.1195375431        0.9278858591       -0.0359171314
        2.1195375431        0.9280347055       -0.0355884015
        1.4987393697        0.8137969097       -0.0449775654
        1.2237155711        0.6806558866       -0.0378607002
        1.4987393697        0.8136367889       -0.0449042142
        2.1195375431        0.9280798100       -0.0356443550
        1.9348642064        0.8951530505       -0.0273286098
        1.2237155711        0.6807504858       -0.0377954623
        0.8652975786        0.5045319399       -0.0931000164
        1.2237155711        0.6805392433       -0.0373697971
        1.9348642064        0.8954932270       -0.0269431508
        2.1195375431        0.9279344757       -0.0357290204
        1.4987393697        0.8137216386       -0.0448322596
        1.2237155711        0.6804708074       -0.0373366956
        1.4987393697        0.8138509418       -0.0445093424
        2.1195375431        0.9282673766       -0.0353150208
        2.1195375431        0.9282934202       -0.0356996935
        1.9348642064        0.8955049393       -0.0271371418
        2.1195375431        0.9282715736       -0.0354077695
        1.9348642064        0.8953182518       -0.0270392653
        1.7305951571        0.8549928826       -0.0129364687
        1.9348642064        0.8950431826       -0.0275817538
        1.9348642064        0.8952970676       -0.0269362142
        1.2237155711        0.6805868756       -0.0373628148
        0.8652975786        0.5063445924       -0.0794850739
        1.2237155711        0.6808920268       -0.0379233295
        1.9348642064        0.8950165562       -0.0273945836
        1.7305951571        0.8547806660       -0.0128102095
        0.8652975786        0.5046393822       -0.0787918648
        0.0000000000        0.0459123629       -0.1454555143
        0.8652975786        0.5046411495       -0.0787933310
        1.7305951571        0.8547826420       -0.0128105745
        1.9348642064        0.8950153293       -0.0273942198
        1.2237155711        0.6808920284       -0.0379233333
        0.8652975786        0.5063465295       -0.0794865964
        1.2237155711        0.6805914111       -0.0373636357
        1.9348642064        0.8952989467       -0.0269362295
        1.9348642064        0.8950444030       -0.0275821210
        1.7305951571        0.8549949164       -0.0129368607
        1.9348642064        0.8953200837       -0.0270393677
        2.1195375431        0.9282710317       -0.0354077309
        1.9348642064        0.8955036841       -0.0271370869
        2.1195375431        0.9282929465       -0.0356996365
        2.1195375431        0.9282669638       -0.0353148972
        1.4987393697        0.8138500768       -0.0445094997
        1.2237155711        0.6804702913       -0.0373362815
        1.4987393697        0.8137225088       -0.0448323821
        2.1195375431        0.9279351982       -0.0357289707
        1.9348642064        0.8954923473       -0.0269431366
        1.2237155711        0.6805389086       -0.0373694046
        0.8652975786        0.5045331498       -0.0930998880
        1.2237155711        0.6807549997       -0.0377956337
        1.9348642064        0.8951554617       -0.0273288783
        2.1195375431        0.9280792479       -0.0356444659
        1.4987393697        0.8136374004       -0.0449043687
        1.2237155711        0.6806597994       -0.0378609767
        1.4987393697        0.8137985387       -0.0449776668
        2.1195375431        0.9280357885       -0.0355885603
        2.1195375431        0.9278864945       -0.0359172658
        1.9348642064        0.8951050392       -0.0275811767
        2.1195375431        0.9282360659       -0.0356646330
        2.1195375431        0.9296880547       -0.0348055908
        1.9348642064        0.8952821372       -0.0273795433
        2.1195375431        0.9295970210       -0.0351180787
        1.9348642064        0.8952102876       -0.0272959729
        1.7305951571        0.8523428513       -0.0147716534
        1.9348642064        0.8948962882       -0.0277060799
        2.1195375431        0.9295459874       -0.0350804562
        1.9348642064        0.8948961756       -0.0278073399
        2.1195375431        0.9293568344       -0.0354226004
