#epsqw diagonal term
#1:q+G [au], 2:Re(eps-1), 3:Im(eps-1)
        2.1195375431        1.0035142363       -0.0000110596
        1.9348642064        1.0044799958       -0.0000142345
        2.1195375431        1.0035147326       -0.0000110603
        1.9348642064        1.0044796602       -0.0000142351
        1.7305951571        1.0058239244       -0.0000184771
        1.9348642064        1.0044802027       -0.0000142377
        2.1195375431        1.0035147162       -0.0000110602
        1.9348642064        1.0044807916       -0.0000142368
        2.1195375431        1.0035152554       -0.0000110618
        2.1195375431        1.0035138120       -0.0000110575
        1.9348642064        1.0044784956       -0.0000142300
        2.1195375431        1.0035132936       -0.0000110575
        2.1195375431        1.0035179225       -0.0000110819
        1.4987393697        1.0077784373       -0.0000281019
        1.2237155711        1.0107242521       -0.0000416745
        1.4987393697        1.0077780433       -0.0000281019
        2.1195375431        1.0035178682       -0.0000110821
        1.9348642064        1.0044816946       -0.0000142416
        1.2237155711        1.0107387221       -0.0000417626
        0.8652975786        1.0151032875       -0.0000652412
        1.2237155711        1.0107384653       -0.0000417588
        1.9348642064        1.0044822371       -0.0000142443
        2.1195375431        1.0035173029       -0.0000110817
        1.4987393697        1.0077780338       -0.0000281017
        1.2237155711        1.0107246805       -0.0000416701
        1.4987393697        1.0077793024       -0.0000281040
        2.1195375431        1.0035183117       -0.0000110835
        2.1195375431        1.0035137938       -0.0000110575
        1.9348642064        1.0044791249       -0.0000142324
        2.1195375431        1.0035143778       -0.0000110592
        1.9348642064        1.0044788365       -0.0000142331
        1.7305951571        1.0058217137       -0.0000184692
        1.9348642064        1.0044781329       -0.0000142305
        1.9348642064        1.0044823293       -0.0000142437
        1.2237155711        1.0107382528       -0.0000417539
        0.8652975786        1.0150988426       -0.0000652253
        1.2237155711        1.0107372731       -0.0000417576
        1.9348642064        1.0044816620       -0.0000142413
        1.7305951571        1.0058479439       -0.0000186375
        0.8652975786        1.0151102541       -0.0000652784
        0.0000000000        1.0254178609       -0.0001801236
        0.8652975786        1.0151109365       -0.0000652746
        1.7305951571        1.0058476865       -0.0000186372
        1.9348642064        1.0044817296       -0.0000142415
        1.2237155711        1.0107372954       -0.0000417576
        0.8652975786        1.0150994844       -0.0000652214
        1.2237155711        1.0107379842       -0.0000417527
        1.9348642064        1.0044822845       -0.0000142435
        1.9348642064        1.0044780507       -0.0000142303
        1.7305951571        1.0058214401       -0.0000184689
        1.9348642064        1.0044787805       -0.0000142329
        2.1195375431        1.0035144908       -0.0000110595
        1.9348642064        1.0044791403       -0.0000142325
        2.1195375431        1.0035138456       -0.0000110575
        2.1195375431        1.0035184150       -0.0000110838
        1.4987393697        1.0077798206       -0.0000281044
        1.2237155711        1.0107246783       -0.0000416704
        1.4987393697        1.0077782106       -0.0000281019
        2.1195375431        1.0035172301       -0.0000110812
        1.9348642064        1.0044822355       -0.0000142443
        1.2237155711        1.0107383854       -0.0000417590
        0.8652975786        1.0151021029       -0.0000652433
        1.2237155711        1.0107383727       -0.0000417616
        1.9348642064        1.0044815590       -0.0000142413
        2.1195375431        1.0035179132       -0.0000110820
        1.4987393697        1.0077782079       -0.0000281021
        1.2237155711        1.0107239344       -0.0000416736
        1.4987393697        1.0077781250       -0.0000281014
        2.1195375431        1.0035178402       -0.0000110819
        2.1195375431        1.0035132151       -0.0000110571
        1.9348642064        1.0044783851       -0.0000142297
        2.1195375431        1.0035137327       -0.0000110575
        2.1195375431        1.0035152976       -0.0000110619
        1.9348642064        1.0044806738       -0.0000142365
        2.1195375431        1.0035147206       -0.0000110600
        1.9348642064        1.0044801014       -0.0000142375
        1.7305951571        1.0058239295       -0.0000184768
        1.9348642064        1.0044795605       -0.0000142348
        2.1195375431        1.0035147400       -0.0000110601
        1.9348642064        1.0044798915       -0.0000142343
        2.1195375431        1.0035142275       -0.0000110598
