#epsqw diagonal term
#1:q+G [au], 2:Re(eps-1), 3:Im(eps-1)
        2.1195375431        1.0647234024       -0.0425214661
        1.9348642064        1.0879584574       -0.0476933380
        2.1195375431        1.0649134039       -0.0423127054
        1.9348642064        1.0888826169       -0.0504089160
        1.7305951571        1.1178156563       -0.0499417562
        1.9348642064        1.0893591526       -0.0494503869
        2.1195375431        1.0647436367       -0.0422615058
        1.9348642064        1.0883513969       -0.0465313929
        2.1195375431        1.0654066159       -0.0404545413
        2.1195375431        1.0649361006       -0.0430778088
        1.9348642064        1.0877599785       -0.0488712539
        2.1195375431        1.0646594457       -0.0430232636
        2.1195375431        1.0701800840       -0.0517581550
        1.4987393697        1.1633994071       -0.0689295844
        1.2237155711        1.2249293567       -0.0674016489
        1.4987393697        1.1634451563       -0.0688644740
        2.1195375431        1.0700226222       -0.0517128629
        1.9348642064        1.0920931101       -0.0604563451
        1.2237155711        1.2464951884       -0.0931982699
        0.8652975786        1.3269019707       -0.0600625237
        1.2237155711        1.2482488763       -0.0923706629
        1.9348642064        1.0925318591       -0.0595197321
        2.1195375431        1.0697392667       -0.0517533660
        1.4987393697        1.1631192799       -0.0687095752
        1.2237155711        1.2259692354       -0.0662426762
        1.4987393697        1.1645760887       -0.0663613881
        2.1195375431        1.0707402770       -0.0498098181
        2.1195375431        1.0646023803       -0.0429795409
        1.9348642064        1.0881174988       -0.0477578058
        2.1195375431        1.0654341073       -0.0410693137
        1.9348642064        1.0894589867       -0.0503791247
        1.7305951571        1.1168829776       -0.0518268273
        1.9348642064        1.0885927290       -0.0513981904
        1.9348642064        1.0929991024       -0.0592607878
        1.2237155711        1.2486706868       -0.0921933247
        0.8652975786        1.3267586592       -0.0601657948
        1.2237155711        1.2467674705       -0.0931882871
        1.9348642064        1.0921304167       -0.0603007082
        1.7305951571        1.1445287822       -0.0847514523
        0.8652975786        1.3546029872       -0.1033028478
        0.0000000000        1.8062627627       -0.3302795097
        0.8652975786        1.3545928558       -0.1033008680
        1.7305951571        1.1445231238       -0.0847510224
        1.9348642064        1.0921322461       -0.0603006562
        1.2237155711        1.2467665668       -0.0931877612
        0.8652975786        1.3267500303       -0.0601651669
        1.2237155711        1.2486624816       -0.0921927777
        1.9348642064        1.0929963605       -0.0592611879
        1.9348642064        1.0885906970       -0.0513985214
        1.7305951571        1.1168780855       -0.0518269029
        1.9348642064        1.0894565150       -0.0503792098
        2.1195375431        1.0654343662       -0.0410690610
        1.9348642064        1.0881194460       -0.0477576920
        2.1195375431        1.0646013945       -0.0429790137
        2.1195375431        1.0707403837       -0.0498092765
        1.4987393697        1.1645770692       -0.0663611545
        1.2237155711        1.2259694881       -0.0662429654
        1.4987393697        1.1631180947       -0.0687100670
        2.1195375431        1.0697391116       -0.0517539638
        1.9348642064        1.0925334576       -0.0595196471
        1.2237155711        1.2482485691       -0.0923701087
        0.8652975786        1.3268934486       -0.0600620236
        1.2237155711        1.2464858748       -0.0931975043
        1.9348642064        1.0920899084       -0.0604564470
        2.1195375431        1.0700216661       -0.0517122967
        1.4987393697        1.1634442851       -0.0688644009
        1.2237155711        1.2249223574       -0.0674012656
        1.4987393697        1.1633967228       -0.0689299221
        2.1195375431        1.0701785371       -0.0517588093
        2.1195375431        1.0646592713       -0.0430236836
        1.9348642064        1.0877581342       -0.0488714787
        2.1195375431        1.0649346941       -0.0430779377
        2.1195375431        1.0654080744       -0.0404550743
        1.9348642064        1.0883494674       -0.0465318364
        2.1195375431        1.0647425217       -0.0422619430
        1.9348642064        1.0893577479       -0.0494506339
        1.7305951571        1.1178109148       -0.0499420277
        1.9348642064        1.0888797192       -0.0504089361
        2.1195375431        1.0649129483       -0.0423129817
        1.9348642064        1.0879560571       -0.0476935294
        2.1195375431        1.0647223902       -0.0425216563
