#epsqw diagonal term
#1:q+G [au], 2:Re(eps-1), 3:Im(eps-1)
        2.1195375431        0.9261990603       -0.0232269694
        1.9348642064        0.8994512126       -0.0267795260
        2.1195375431        0.9261285942       -0.0241420401
        1.9348642064        0.9005327312       -0.0280352364
        1.7305951571        0.8465022428       -0.0327505401
        1.9348642064        0.9004738435       -0.0281561097
        2.1195375431        0.9261546850       -0.0241668478
        1.9348642064        0.8993133559       -0.0269229735
        2.1195375431        0.9259361554       -0.0239892442
        2.1195375431        0.9251124977       -0.0230221089
        1.9348642064        0.8976878111       -0.0271473843
        2.1195375431        0.9250373585       -0.0222020335
        2.1195375431        0.9261660021       -0.0242260716
        1.4987393697        0.7479241675       -0.0470799186
        1.2237155711        0.6291297691       -0.0872702604
        1.4987393697        0.7476080386       -0.0469666301
        2.1195375431        0.9261397770       -0.0242512446
        1.9348642064        0.9006856262       -0.0281191701
        1.2237155711        0.6294656415       -0.0833567327
        0.8652975786        0.4230429125       -0.2209375062
        1.2237155711        0.6287904275       -0.0851902718
        1.9348642064        0.9006162869       -0.0282358936
        2.1195375431        0.9261719126       -0.0232898564
        1.4987393697        0.7478521744       -0.0470726219
        1.2237155711        0.6286492094       -0.0877025048
        1.4987393697        0.7474277734       -0.0459723804
        2.1195375431        0.9259172889       -0.0240750994
        2.1195375431        0.9251117481       -0.0230419371
        1.9348642064        0.8975553468       -0.0273287960
        2.1195375431        0.9248664092       -0.0228573589
        1.9348642064        0.8973411214       -0.0273311811
        1.7305951571        0.8496990459       -0.0531194250
        1.9348642064        0.8975221620       -0.0272210617
        1.9348642064        0.8992738439       -0.0267490677
        1.2237155711        0.6281068204       -0.0870228279
        0.8652975786        0.4096009260       -0.1981133958
        1.2237155711        0.6286073173       -0.0866140906
        1.9348642064        0.8994499265       -0.0267012186
        1.7305951571        0.8466127864       -0.0327282606
        0.8652975786        0.4203284888       -0.2210168565
        0.0000000000       -0.2373189487       -0.4412632718
        0.8652975786        0.4203305868       -0.2210186271
        1.7305951571        0.8466143566       -0.0327283797
        1.9348642064        0.8994489591       -0.0267011908
        1.2237155711        0.6286073383       -0.0866139415
        0.8652975786        0.4096027373       -0.1981144318
        1.2237155711        0.6281113626       -0.0870234842
        1.9348642064        0.8992759826       -0.0267491203
        1.9348642064        0.8975230484       -0.0272210001
        1.7305951571        0.8497007033       -0.0531195140
        1.9348642064        0.8973430331       -0.0273312343
        2.1195375431        0.9248658029       -0.0228571871
        1.9348642064        0.8975540230       -0.0273286953
        2.1195375431        0.9251113180       -0.0230418679
        2.1195375431        0.9259166687       -0.0240750042
        1.4987393697        0.7474270398       -0.0459723766
        1.2237155711        0.6286488122       -0.0877022959
        1.4987393697        0.7478525982       -0.0470727291
        2.1195375431        0.9261724307       -0.0232900323
        1.9348642064        0.9006153680       -0.0282358922
        1.2237155711        0.6287902609       -0.0851901680
        0.8652975786        0.4230449588       -0.2209391348
        1.2237155711        0.6294705365       -0.0833578941
        1.9348642064        0.9006878949       -0.0281194343
        2.1195375431        0.9261393166       -0.0242512205
        1.4987393697        0.7476084043       -0.0469666749
        1.2237155711        0.6291338509       -0.0872712464
        1.4987393697        0.7479262384       -0.0470802597
        2.1195375431        0.9261668218       -0.0242262651
        2.1195375431        0.9250378833       -0.0222021536
        1.9348642064        0.8976896776       -0.0271476385
        2.1195375431        0.9251136499       -0.0230223079
        2.1195375431        0.9259363829       -0.0239892986
        1.9348642064        0.8993145054       -0.0269228962
        2.1195375431        0.9261551955       -0.0241670427
        1.9348642064        0.9004747650       -0.0281561486
        1.7305951571        0.8465038428       -0.0327506637
        1.9348642064        0.9005347414       -0.0280355111
        2.1195375431        0.9261291091       -0.0241421461
        1.9348642064        0.8994531062       -0.0267797483
        2.1195375431        0.9261999497       -0.0232272881
