#epsqw diagonal term
#1:q+G [au], 2:Re(eps-1), 3:Im(eps-1)
        2.1195375431        0.9277647486       -0.0184260922
        1.9348642064        0.8983975522       -0.0220037065
        2.1195375431        0.9278578311       -0.0182785253
        1.9348642064        0.8982117543       -0.0217245951
        1.7305951571        0.8697218890       -0.0481976967
        1.9348642064        0.8983076449       -0.0218504712
        2.1195375431        0.9278326694       -0.0182828474
        1.9348642064        0.8984681578       -0.0221338637
        2.1195375431        0.9279175535       -0.0185298396
        2.1195375431        0.9286998289       -0.0189856166
        1.9348642064        0.8977604416       -0.0191233211
        2.1195375431        0.9285590560       -0.0190042662
        2.1195375431        0.9284581629       -0.0188457545
        1.4987393697        0.8285707218       -0.1380920624
        1.2237155711        0.7518028873       -0.1700576005
        1.4987393697        0.8282933226       -0.1373414955
        2.1195375431        0.9284597352       -0.0188110768
        1.9348642064        0.8976300441       -0.0189526533
        1.2237155711        0.7547987273       -0.1713571179
        0.8652975786        0.7304372787       -0.1506357725
        1.2237155711        0.7545791272       -0.1717985185
        1.9348642064        0.8975597441       -0.0190701176
        2.1195375431        0.9284467380       -0.0188644013
        1.4987393697        0.8285278073       -0.1371268444
        1.2237155711        0.7510926897       -0.1708720062
        1.4987393697        0.8291027399       -0.1387901190
        2.1195375431        0.9286357788       -0.0189684157
        2.1195375431        0.9287018471       -0.0189554007
        1.9348642064        0.8976971939       -0.0192479067
        2.1195375431        0.9287329984       -0.0191192457
        1.9348642064        0.8986224584       -0.0182159172
        1.7305951571        0.8477048660       -0.0147547961
        1.9348642064        0.8986259464       -0.0181532375
        1.9348642064        0.8984308412       -0.0182085403
        1.2237155711        0.7511823998       -0.1666905907
        0.8652975786        0.7390496065       -0.1562719923
        1.2237155711        0.7516270016       -0.1657958846
        1.9348642064        0.8984487013       -0.0181675284
        1.7305951571        0.8475107155       -0.0146686279
        0.8652975786        0.7423100203       -0.1553221932
        0.0000000000        0.4467944915       -1.0684234999
        0.8652975786        0.7423112352       -0.1553222088
        1.7305951571        0.8475121494       -0.0146687700
        1.9348642064        0.8984477344       -0.0181675891
        1.2237155711        0.7516269041       -0.1657955447
        0.8652975786        0.7390507789       -0.1562718570
        1.2237155711        0.7511866304       -0.1666909501
        1.9348642064        0.8984328511       -0.0182086108
        1.9348642064        0.8986268433       -0.0181531185
        1.7305951571        0.8477063649       -0.0147549408
        1.9348642064        0.8986243944       -0.0182159271
        2.1195375431        0.9287324361       -0.0191191990
        1.9348642064        0.8976959049       -0.0192479454
        2.1195375431        0.9287013897       -0.0189553967
        2.1195375431        0.9286352681       -0.0189683701
        1.4987393697        0.8291023971       -0.1387893646
        1.2237155711        0.7510923389       -0.1708725912
        1.4987393697        0.8285286013       -0.1371267610
        2.1195375431        0.9284472398       -0.0188644170
        1.9348642064        0.8975589272       -0.0190702188
        1.2237155711        0.7545786759       -0.1717985355
        0.8652975786        0.7304384150       -0.1506356208
        1.2237155711        0.7548025665       -0.1713568463
        1.9348642064        0.8976321882       -0.0189526981
        2.1195375431        0.9284591417       -0.0188109966
        1.4987393697        0.8282940006       -0.1373415222
        1.2237155711        0.7518066000       -0.1700586377
        1.4987393697        0.8285722196       -0.1380916647
        2.1195375431        0.9284593371       -0.0188458720
        2.1195375431        0.9285595408       -0.0190042867
        1.9348642064        0.8977622885       -0.0191234558
        2.1195375431        0.9287011621       -0.0189858028
        2.1195375431        0.9279178254       -0.0185297382
        1.9348642064        0.8984692054       -0.0221339993
        2.1195375431        0.9278336638       -0.0182829384
        1.9348642064        0.8983084606       -0.0218504726
        1.7305951571        0.8697233742       -0.0481977476
        1.9348642064        0.8982137940       -0.0217245802
        2.1195375431        0.9278587441       -0.0182786508
        1.9348642064        0.8983995586       -0.0220039004
        2.1195375431        0.9277656772       -0.0184261295
