#epsqw diagonal term
#1:q+G [au], 2:Re(eps-1), 3:Im(eps-1)
        2.1195375431        1.1579274595       -0.1476549801
        1.9348642064        1.2598856933       -0.1835144684
        2.1195375431        1.1577005656       -0.1460306486
        1.9348642064        1.2282170915       -0.1818114328
        1.7305951571        1.3499881903       -0.2403980945
        1.9348642064        1.2262186378       -0.1814167751
        2.1195375431        1.1590127188       -0.1472995617
        1.9348642064        1.2590018690       -0.1841359302
        2.1195375431        1.1584337754       -0.1462779333
        2.1195375431        1.1584974560       -0.1471908344
        1.9348642064        1.2605052528       -0.1835918714
        2.1195375431        1.1577249702       -0.1478589131
        2.1195375431        1.0215589728       -0.1165518388
        1.4987393697        1.4642037997       -0.3116927613
        1.2237155711        1.7662035874       -0.4301777685
        1.4987393697        1.4644294912       -0.3135270785
        2.1195375431        1.0210112853       -0.1162026087
        1.9348642064        1.1273245652       -0.1404473822
        1.2237155711        1.2857927974       -0.3665228916
        0.8652975786        2.2057724091       -0.6542470163
        1.2237155711        1.2802116479       -0.3611123458
        1.9348642064        1.1253991161       -0.1401906795
        2.1195375431        1.0218509648       -0.1168869594
        1.4987393697        1.4636103044       -0.3134326474
        1.2237155711        1.7665425986       -0.4315168862
        1.4987393697        1.4600162088       -0.3144621612
        2.1195375431        1.0214749651       -0.1164703474
        2.1195375431        1.1590037989       -0.1477656094
        1.9348642064        1.2595930414       -0.1843366202
        2.1195375431        1.1590714237       -0.1472099870
        1.9348642064        1.2275580470       -0.1812764845
        1.7305951571        1.3494370037       -0.2407900615
        1.9348642064        1.2288311314       -0.1817764009
        1.9348642064        1.1257669709       -0.1401066304
        1.2237155711        1.2829465473       -0.3649524402
        0.8652975786        2.2107033568       -0.6557743685
        1.2237155711        1.2844069493       -0.3676475469
        1.9348642064        1.1273365684       -0.1407871381
        1.7305951571        0.8496680383       -0.1740587525
        0.8652975786        1.2629610289       -0.3123699508
        0.0000000000       -0.6071710816       -0.9359617469
        0.8652975786        1.2629653708       -0.3123578223
        1.7305951571        0.8496158864       -0.1740333274
        1.9348642064        1.1273619688       -0.1407957256
        1.2237155711        1.2844405208       -0.3676197771
        0.8652975786        2.2106578643       -0.6557417132
        1.2237155711        1.2829081003       -0.3649762024
        1.9348642064        1.1257357049       -0.1400950325
        1.9348642064        1.2288175591       -0.1817448742
        1.7305951571        1.3493633150       -0.2407423390
        1.9348642064        1.2275268498       -0.1812805034
        2.1195375431        1.1590861659       -0.1472099059
        1.9348642064        1.2596146853       -0.1843639210
        2.1195375431        1.1590025120       -0.1477737425
        2.1195375431        1.0214934199       -0.1164757053
        1.4987393697        1.4600264974       -0.3144559113
        1.2237155711        1.7665250381       -0.4315252688
        1.4987393697        1.4636163762       -0.3134339553
        2.1195375431        1.0218335020       -0.1168747688
        1.9348642064        1.1254180249       -0.1402019915
        1.2237155711        1.2802268685       -0.3611013974
        0.8652975786        2.2057249490       -0.6542139008
        1.2237155711        1.2857742452       -0.3665475805
        1.9348642064        1.1273019240       -0.1404364521
        2.1195375431        1.0210052990       -0.1161924133
        1.4987393697        1.4644312061       -0.3135352145
        1.2237155711        1.7661618681       -0.4302447882
        1.4987393697        1.4642057146       -0.3117045091
        2.1195375431        1.0215411759       -0.1165367542
        2.1195375431        1.1577136709       -0.1478661041
        1.9348642064        1.2604721777       -0.1835980813
        2.1195375431        1.1584874372       -0.1471952357
        2.1195375431        1.1584435357       -0.1462796760
        1.9348642064        1.2589689402       -0.1841159057
        2.1195375431        1.1590021018       -0.1472893644
        1.9348642064        1.2261988929       -0.1813919034
        1.7305951571        1.3499128407       -0.2403492481
        1.9348642064        1.2281973614       -0.1818073342
        2.1195375431        1.1576974020       -0.1460261302
        1.9348642064        1.2598546372       -0.1835189789
        2.1195375431        1.1579088099       -0.1476607407
