#epsqw diagonal term
#1:q+G [au], 2:Re(eps-1), 3:Im(eps-1)
        2.1195375431        0.9305702135       -0.0973220860
        1.9348642064        0.9143556731       -0.1382135790
        2.1195375431        0.9300394676       -0.0974857817
        1.9348642064        0.9163326884       -0.1386372058
        1.7305951571        0.8723743041       -0.1865530711
        1.9348642064        0.9154861976       -0.1386851676
        2.1195375431        0.9299650205       -0.0976936894
        1.9348642064        0.9141261804       -0.1378904505
        2.1195375431        0.9298693549       -0.0970678124
        2.1195375431        0.9298067386       -0.0992924480
        1.9348642064        0.9136542481       -0.1418803141
        2.1195375431        0.9302829075       -0.0992877104
        2.1195375431        0.9305275794       -0.0978875289
        1.4987393697        0.7917950951       -0.2832529651
        1.2237155711        0.8015121012       -0.4376675379
        1.4987393697        0.7918584849       -0.2837211202
        2.1195375431        0.9306696285       -0.0975709180
        1.9348642064        0.9149441954       -0.1396332522
        1.2237155711        0.7944756292       -0.4452383415
        0.8652975786        0.7824877000       -0.7108572854
        1.2237155711        0.7978129313       -0.4472999225
        1.9348642064        0.9139253247       -0.1396918857
        2.1195375431        0.9313093503       -0.0974202547
        1.4987393697        0.7915798745       -0.2841052487
        1.2237155711        0.8046164804       -0.4416726889
        1.4987393697        0.7929061645       -0.2851925004
        2.1195375431        0.9304622276       -0.0971221829
        2.1195375431        0.9298571061       -0.0991581397
        1.9348642064        0.9134721087       -0.1415204807
        2.1195375431        0.9296213631       -0.0989374230
        1.9348642064        0.9142833174       -0.1417810569
        1.7305951571        0.8594503483       -0.1641565551
        1.9348642064        0.9146812320       -0.1420083526
        1.9348642064        0.9136830135       -0.1394584948
        1.2237155711        0.7995219214       -0.4452062698
        0.8652975786        0.7766118540       -0.7347301892
        1.2237155711        0.7975216249       -0.4409499500
        1.9348642064        0.9142915578       -0.1395565670
        1.7305951571        0.8715821455       -0.1876917119
        0.8652975786        0.7841074057       -0.7119265888
        0.0000000000        1.1435510070       -1.3408118129
        0.8652975786        0.7841052115       -0.7119877736
        1.7305951571        0.8715838348       -0.1876922672
        1.9348642064        0.9142932874       -0.1395538097
        1.2237155711        0.7975203182       -0.4409512516
        0.8652975786        0.7766122822       -0.7347819187
        1.2237155711        0.7995561297       -0.4452382966
        1.9348642064        0.9136951291       -0.1394616119
        1.9348642064        0.9146788685       -0.1420099447
        1.7305951571        0.8594519298       -0.1641552179
        1.9348642064        0.9142933043       -0.1417813162
        2.1195375431        0.9296190109       -0.0989384023
        1.9348642064        0.9134723720       -0.1415172957
        2.1195375431        0.9298444766       -0.0991647922
        2.1195375431        0.9304609542       -0.0971210050
        1.4987393697        0.7929114919       -0.2851868140
        1.2237155711        0.8046151381       -0.4416680118
        1.4987393697        0.7915810124       -0.2841113535
        2.1195375431        0.9313111793       -0.0974194060
        1.9348642064        0.9139284646       -0.1396922797
        1.2237155711        0.7978120116       -0.4472976082
        0.8652975786        0.7824748638       -0.7108996790
        1.2237155711        0.7945080799       -0.4452701046
        1.9348642064        0.9149565300       -0.1396331122
        2.1195375431        0.9306572469       -0.0975805189
        1.4987393697        0.7918519475       -0.2837235116
        1.2237155711        0.8015492202       -0.4376946734
        1.4987393697        0.7918122841       -0.2832617551
        2.1195375431        0.9305420404       -0.0978806503
        2.1195375431        0.9302847034       -0.0992876149
        1.9348642064        0.9136641098       -0.1418795862
        2.1195375431        0.9298208056       -0.0992843868
        2.1195375431        0.9298734617       -0.0970640129
        1.9348642064        0.9141252766       -0.1378910840
        2.1195375431        0.9299759791       -0.0976873032
        1.9348642064        0.9154832904       -0.1386818123
        1.7305951571        0.8723766507       -0.1865564583
        1.9348642064        0.9163455417       -0.1386387606
        2.1195375431        0.9300497003       -0.0974800753
        1.9348642064        0.9143664032       -0.1382173744
        2.1195375431        0.9305759537       -0.0973197454
