#epsqw diagonal term
#1:q+G [au], 2:Re(eps-1), 3:Im(eps-1)
        2.1195375431        0.9010555258       -0.0129530167
        1.9348642064        0.8801784887       -0.0151508544
        2.1195375431        0.9010157476       -0.0130450426
        1.9348642064        0.8802177004       -0.0151730577
        1.7305951571        0.8442806850       -0.0104307735
        1.9348642064        0.8802698998       -0.0152062134
        2.1195375431        0.9010004473       -0.0130721573
        1.9348642064        0.8802209683       -0.0152293499
        2.1195375431        0.9009204333       -0.0132999018
        2.1195375431        0.9010002614       -0.0130208967
        1.9348642064        0.8802073296       -0.0152149342
        2.1195375431        0.9010985079       -0.0129568705
        2.1195375431        0.9020442369       -0.0125726449
        1.4987393697        0.7756486989       -0.0188451140
        1.2237155711        0.6711093961       -0.0240830289
        1.4987393697        0.7756737521       -0.0188638836
        2.1195375431        0.9020366408       -0.0125758200
        1.9348642064        0.8800820760       -0.0150182972
        1.2237155711        0.6701729512       -0.0231061154
        0.8652975786        0.4909105194       -0.0294265534
        1.2237155711        0.6699751592       -0.0227568904
        1.9348642064        0.8801471504       -0.0150431322
        2.1195375431        0.9021990136       -0.0126228253
        1.4987393697        0.7756065058       -0.0188864142
        1.2237155711        0.6708051977       -0.0237941129
        1.4987393697        0.7756290824       -0.0189857006
        2.1195375431        0.9021147340       -0.0128670309
        2.1195375431        0.9009839928       -0.0130511742
        1.9348642064        0.8802688539       -0.0152178228
        2.1195375431        0.9009706862       -0.0133006044
        1.9348642064        0.8802833796       -0.0152608811
        1.7305951571        0.8444547954       -0.0104499157
        1.9348642064        0.8802545049       -0.0152191670
        1.9348642064        0.8801510563       -0.0150323195
        1.2237155711        0.6699708085       -0.0228804650
        0.8652975786        0.4913141556       -0.0294716278
        1.2237155711        0.6699535699       -0.0231057349
        1.9348642064        0.8800999538       -0.0150551927
        1.7305951571        0.8448510693       -0.0104334826
        0.8652975786        0.4899734070       -0.0278767485
        0.0000000000        0.0461187578       -0.0636889388
        0.8652975786        0.4899750881       -0.0278767153
        1.7305951571        0.8448525083       -0.0104334084
        1.9348642064        0.8800991293       -0.0150551225
        1.2237155711        0.6699534971       -0.0231056672
        0.8652975786        0.4913158106       -0.0294715832
        1.2237155711        0.6699749243       -0.0228805581
        1.9348642064        0.8801529060       -0.0150323164
        1.9348642064        0.8802553294       -0.0152192483
        1.7305951571        0.8444562915       -0.0104498040
        1.9348642064        0.8802852013       -0.0152608735
        2.1195375431        0.9009701287       -0.0133007327
        1.9348642064        0.8802676834       -0.0152178073
        2.1195375431        0.9009837495       -0.0130511021
        2.1195375431        0.9021142140       -0.0128670977
        1.4987393697        0.7756282583       -0.0189862210
        1.2237155711        0.6708048177       -0.0237942038
        1.4987393697        0.7756069832       -0.0188866121
        2.1195375431        0.9021994266       -0.0126229833
        1.9348642064        0.8801463250       -0.0150431270
        1.2237155711        0.6699749632       -0.0227569790
        0.8652975786        0.4909122981       -0.0294267553
        1.2237155711        0.6701770533       -0.0231063667
        1.9348642064        0.8800838860       -0.0150183715
        2.1195375431        0.9020362323       -0.0125757895
        1.4987393697        0.7756740673       -0.0188641242
        1.2237155711        0.6711130402       -0.0240832231
        1.4987393697        0.7756504437       -0.0188449827
        2.1195375431        0.9020451931       -0.0125726338
        2.1195375431        0.9010988380       -0.0129570882
        1.9348642064        0.8802088065       -0.0152150071
        2.1195375431        0.9010012701       -0.0130209346
        2.1195375431        0.9009205550       -0.0133000372
        1.9348642064        0.8802218301       -0.0152294995
        2.1195375431        0.9010010899       -0.0130721280
        1.9348642064        0.8802706394       -0.0152063495
        1.7305951571        0.8442820812       -0.0104309085
        1.9348642064        0.8802196128       -0.0151731042
        2.1195375431        0.9010162948       -0.0130450536
        1.9348642064        0.8801802744       -0.0151509076
        2.1195375431        0.9010564621       -0.0129528342
