#epsqw diagonal term
#1:q+G [au], 2:Re(eps-1), 3:Im(eps-1)
        2.1195375431        0.9696692402       -0.1130188016
        1.9348642064        0.9577146080       -0.1646794569
        2.1195375431        0.9698615144       -0.1123294277
        1.9348642064        0.9589179464       -0.1651435555
        1.7305951571        0.9499807501       -0.2401267348
        1.9348642064        0.9593681842       -0.1658953277
        2.1195375431        0.9697046207       -0.1125123913
        1.9348642064        0.9577643938       -0.1656088472
        2.1195375431        0.9704689802       -0.1129989541
        2.1195375431        0.9750608314       -0.1121244672
        1.9348642064        0.9567658910       -0.1686473356
        2.1195375431        0.9753775137       -0.1124201135
        2.1195375431        0.9700447061       -0.1118644868
        1.4987393697        0.9401498454       -0.3882728151
        1.2237155711        0.9560729495       -0.5940413404
        1.4987393697        0.9400412612       -0.3887739534
        2.1195375431        0.9703102104       -0.1117867975
        1.9348642064        0.9582560794       -0.1649709243
        1.2237155711        0.9442001633       -0.6043159791
        0.8652975786        0.7999027890       -0.8795039638
        1.2237155711        0.9432247433       -0.6070459876
        1.9348642064        0.9588519951       -0.1655969824
        2.1195375431        0.9700615138       -0.1123921930
        1.4987393697        0.9405100632       -0.3879546939
        1.2237155711        0.9566405284       -0.5949629518
        1.4987393697        0.9417604315       -0.3907667450
        2.1195375431        0.9707204269       -0.1122993746
        2.1195375431        0.9751926372       -0.1122996064
        1.9348642064        0.9569305803       -0.1696849122
        2.1195375431        0.9757418696       -0.1124811807
        1.9348642064        0.9575018820       -0.1685265399
        1.7305951571        0.9037348881       -0.2298984233
        1.9348642064        0.9574888492       -0.1673825512
        1.9348642064        0.9573943144       -0.1649923880
        1.2237155711        0.9524339238       -0.5883954763
        0.8652975786        0.7667969363       -0.8861432560
        1.2237155711        0.9532298108       -0.5881088445
        1.9348642064        0.9574535979       -0.1640662822
        1.7305951571        0.9511316092       -0.2396731983
        0.8652975786        0.7931394428       -0.8662696867
        0.0000000000        0.9157174264       -1.7291921568
        0.8652975786        0.7936001867       -0.8668677976
        1.7305951571        0.9511456927       -0.2396615880
        1.9348642064        0.9574042973       -0.1640452749
        1.2237155711        0.9532346153       -0.5880877338
        0.8652975786        0.7672505093       -0.8866577247
        1.2237155711        0.9527104235       -0.5886398710
        1.9348642064        0.9574281905       -0.1650248200
        1.9348642064        0.9575285395       -0.1673994939
        1.7305951571        0.9037302332       -0.2299323505
        1.9348642064        0.9575175228       -0.1685617525
        2.1195375431        0.9757474300       -0.1124481589
        1.9348642064        0.9568677239       -0.1696607705
        2.1195375431        0.9751320362       -0.1122638743
        2.1195375431        0.9707344881       -0.1122751525
        1.4987393697        0.9417033050       -0.3906725743
        1.2237155711        0.9566198752       -0.5949679449
        1.4987393697        0.9405479532       -0.3879034939
        2.1195375431        0.9700453518       -0.1124214280
        1.9348642064        0.9588132402       -0.1655800934
        1.2237155711        0.9432163579       -0.6070416014
        0.8652975786        0.8003562048       -0.8801053964
        1.2237155711        0.9445059102       -0.6045499493
        1.9348642064        0.9582769346       -0.1650070103
        2.1195375431        0.9702654920       -0.1117595004
        1.4987393697        0.9401025279       -0.3888735465
        1.2237155711        0.9563534053       -0.5942897105
        1.4987393697        0.9402860909       -0.3883778035
        2.1195375431        0.9700761570       -0.1119049382
        2.1195375431        0.9753721994       -0.1124533842
        1.9348642064        0.9567927947       -0.1686910273
        2.1195375431        0.9751094836       -0.1121613831
        2.1195375431        0.9704760876       -0.1130245262
        1.9348642064        0.9578155857       -0.1656289369
        2.1195375431        0.9697273929       -0.1125495651
        1.9348642064        0.9594014510       -0.1659103702
        1.7305951571        0.9499953855       -0.2401193998
        1.9348642064        0.9589366752       -0.1651790618
        2.1195375431        0.9698841329       -0.1123587285
        1.9348642064        0.9577523508       -0.1647165421
        2.1195375431        0.9696609731       -0.1130488140
