#epsqw diagonal term
#1:q+G [au], 2:Re(eps-1), 3:Im(eps-1)
        2.1195375431        0.9082843195       -0.0005591337
        1.9348642064        0.8870576680       -0.0005627108
        2.1195375431        0.9083692306       -0.0005559593
        1.9348642064        0.8870548953       -0.0005630410
        1.7305951571        0.8582984685       -0.0005775943
        1.9348642064        0.8870604218       -0.0005623270
        2.1195375431        0.9083746173       -0.0005555548
        1.9348642064        0.8870627048       -0.0005620111
        2.1195375431        0.9083447231       -0.0005566812
        2.1195375431        0.9076603274       -0.0005600625
        1.9348642064        0.8870777271       -0.0005630006
        2.1195375431        0.9075808025       -0.0005628209
        2.1195375431        0.9076515248       -0.0005592638
        1.4987393697        0.7874647592       -0.0009315869
        1.2237155711        0.6922944013       -0.0011546245
        1.4987393697        0.7874775395       -0.0009312849
        2.1195375431        0.9076506525       -0.0005592885
        1.9348642064        0.8870446124       -0.0005624025
        1.2237155711        0.6922538381       -0.0011540189
        0.8652975786        0.5379167506       -0.0015866604
        1.2237155711        0.6923265553       -0.0011521175
        1.9348642064        0.8870494744       -0.0005617228
        2.1195375431        0.9075810851       -0.0005615412
        1.4987393697        0.7874846409       -0.0009307889
        1.2237155711        0.6923663098       -0.0011526153
        1.4987393697        0.7874829410       -0.0009311009
        2.1195375431        0.9076418564       -0.0005591304
        2.1195375431        0.9076646244       -0.0005597043
        1.9348642064        0.8870818592       -0.0005623138
        2.1195375431        0.9076413159       -0.0005603239
        1.9348642064        0.8870677026       -0.0005631427
        1.7305951571        0.8567101442       -0.0005614004
        1.9348642064        0.8870655203       -0.0005638449
        1.9348642064        0.8870444948       -0.0005621923
        1.2237155711        0.6923260182       -0.0011498308
        0.8652975786        0.5378626776       -0.0015812634
        1.2237155711        0.6922590376       -0.0011515957
        1.9348642064        0.8870418347       -0.0005628727
        1.7305951571        0.8566545404       -0.0005614687
        0.8652975786        0.5378170054       -0.0015811825
        0.0000000000        0.1332447242       -0.0020803208
        0.8652975786        0.5378188924       -0.0015811883
        1.7305951571        0.8566559685       -0.0005614673
        1.9348642064        0.8870409465       -0.0005628732
        1.2237155711        0.6922590073       -0.0011515956
        0.8652975786        0.5378645990       -0.0015812690
        1.2237155711        0.6923301166       -0.0011498325
        1.9348642064        0.8870462793       -0.0005621903
        1.9348642064        0.8870664200       -0.0005638443
        1.7305951571        0.8567116070       -0.0005613989
        1.9348642064        0.8870694672       -0.0005631405
        2.1195375431        0.9076408314       -0.0005603243
        1.9348642064        0.8870807336       -0.0005623147
        2.1195375431        0.9076643331       -0.0005597036
        2.1195375431        0.9076413722       -0.0005591310
        1.4987393697        0.7874823905       -0.0009311011
        1.2237155711        0.6923661411       -0.0011526156
        1.4987393697        0.7874851867       -0.0009307886
        2.1195375431        0.9075815364       -0.0005615408
        1.9348642064        0.8870487185       -0.0005617234
        1.2237155711        0.6923265506       -0.0011521174
        0.8652975786        0.5379186557       -0.0015866652
        1.2237155711        0.6922580679       -0.0011540205
        1.9348642064        0.8870465066       -0.0005624004
        2.1195375431        0.9076502562       -0.0005592884
        1.4987393697        0.7874779387       -0.0009312848
        1.2237155711        0.6922981818       -0.0011546262
        1.4987393697        0.7874664807       -0.0009315856
        2.1195375431        0.9076524970       -0.0005592622
        2.1195375431        0.9075812086       -0.0005628204
        1.9348642064        0.8870792844       -0.0005629990
        2.1195375431        0.9076613551       -0.0005600607
        2.1195375431        0.9083449289       -0.0005566818
        1.9348642064        0.8870636367       -0.0005620104
        2.1195375431        0.9083752654       -0.0005555543
        1.9348642064        0.8870612181       -0.0005623263
        1.7305951571        0.8582998987       -0.0005775926
        1.9348642064        0.8870567365       -0.0005630386
        2.1195375431        0.9083698168       -0.0005559588
        1.9348642064        0.8870593779       -0.0005627087
        2.1195375431        0.9082851525       -0.0005591322
