#epsqw diagonal term
#1:q+G [au], 2:Re(eps-1), 3:Im(eps-1)
        2.1195375431        1.0273115435       -0.0296592240
        1.9348642064        1.0471568110       -0.0341335192
        2.1195375431        1.0273052624       -0.0300704555
        1.9348642064        1.0471723275       -0.0338456437
        1.7305951571        1.0754960894       -0.0373577502
        1.9348642064        1.0471857852       -0.0339773424
        2.1195375431        1.0273422414       -0.0300456218
        1.9348642064        1.0472549264       -0.0343473495
        2.1195375431        1.0269873335       -0.0296348659
        2.1195375431        1.0290588434       -0.0307819061
        1.9348642064        1.0481756280       -0.0351868473
        2.1195375431        1.0291027649       -0.0305064060
        2.1195375431        1.0272566846       -0.0303282907
        1.4987393697        1.0913194395       -0.0443957504
        1.2237155711        1.1443104949       -0.0382483853
        1.4987393697        1.0913295271       -0.0444627970
        2.1195375431        1.0272397704       -0.0303188251
        1.9348642064        1.0466814408       -0.0344866127
        1.2237155711        1.1373411579       -0.0361302720
        0.8652975786        1.2129076442       -0.0260759798
        1.2237155711        1.1374165395       -0.0359757260
        1.9348642064        1.0466897128       -0.0346109984
        2.1195375431        1.0272549681       -0.0299039525
        1.4987393697        1.0912774263       -0.0442776288
        1.2237155711        1.1443771126       -0.0380932176
        1.4987393697        1.0910562882       -0.0436804519
        2.1195375431        1.0269082404       -0.0299023720
        2.1195375431        1.0290750102       -0.0307518718
        1.9348642064        1.0482784856       -0.0354048049
        2.1195375431        1.0287746036       -0.0304943379
        1.9348642064        1.0485983335       -0.0350781865
        1.7305951571        1.0847005110       -0.0408042238
        1.9348642064        1.0485283533       -0.0348027500
        1.9348642064        1.0471070138       -0.0346247380
        1.2237155711        1.1444672490       -0.0381265680
        0.8652975786        1.2198915381       -0.0295012609
        1.2237155711        1.1443682063       -0.0381310238
        1.9348642064        1.0470430589       -0.0343574536
        1.7305951571        1.0744579658       -0.0383568409
        0.8652975786        1.2121522116       -0.0266967676
        0.0000000000        1.4431983797       -0.0411263409
        0.8652975786        1.2121462526       -0.0266966860
        1.7305951571        1.0744549341       -0.0383555806
        1.9348642064        1.0470450094       -0.0343597235
        1.2237155711        1.1443682698       -0.0381322375
        0.8652975786        1.2198850238       -0.0295011295
        1.2237155711        1.1444591867       -0.0381268422
        1.9348642064        1.0471077463       -0.0346224426
        1.9348642064        1.0485268765       -0.0348029205
        1.7305951571        1.0846967648       -0.0408038628
        1.9348642064        1.0485993876       -0.0350763534
        2.1195375431        1.0287695426       -0.0304967994
        1.9348642064        1.0482802758       -0.0354053823
        2.1195375431        1.0290756890       -0.0307515832
        2.1195375431        1.0269034907       -0.0299060076
        1.4987393697        1.0910542106       -0.0436813986
        1.2237155711        1.1443768237       -0.0380932774
        1.4987393697        1.0912792057       -0.0442764135
        2.1195375431        1.0272600809       -0.0298996008
        1.9348642064        1.0466906645       -0.0346125295
        1.2237155711        1.1374167967       -0.0359760323
        0.8652975786        1.2129017440       -0.0260756816
        1.2237155711        1.1373328405       -0.0361310774
        1.9348642064        1.0466821392       -0.0344842078
        2.1195375431        1.0272409668       -0.0303203072
        1.4987393697        1.0913320529       -0.0444608738
        1.2237155711        1.1443027548       -0.0382479575
        1.4987393697        1.0913223129       -0.0443947784
        2.1195375431        1.0272586651       -0.0303274942
        2.1195375431        1.0291080479       -0.0305022615
        1.9348642064        1.0481763544       -0.0351843634
        2.1195375431        1.0290607527       -0.0307807619
        2.1195375431        1.0269921521       -0.0296314091
        1.9348642064        1.0472527380       -0.0343474944
        2.1195375431        1.0273408508       -0.0300472050
        1.9348642064        1.0471847828       -0.0339768596
        1.7305951571        1.0754923250       -0.0373575777
        1.9348642064        1.0471734444       -0.0338445071
        2.1195375431        1.0273043849       -0.0300694034
        1.9348642064        1.0471565128       -0.0341312126
        2.1195375431        1.0273191506       -0.0296555386
