#epsqw diagonal term
#1:q+G [au], 2:Re(eps-1), 3:Im(eps-1)
        2.1195375431        1.0106107043       -0.0000405295
        1.9348642064        1.0133451094       -0.0000507200
        2.1195375431        1.0106117882       -0.0000405307
        1.9348642064        1.0133464989       -0.0000507347
        1.7305951571        1.0170909691       -0.0000639314
        1.9348642064        1.0133492558       -0.0000507453
        2.1195375431        1.0106117060       -0.0000405307
        1.9348642064        1.0133479190       -0.0000507309
        2.1195375431        1.0106148187       -0.0000405428
        2.1195375431        1.0106091352       -0.0000405219
        1.9348642064        1.0133401213       -0.0000507029
        2.1195375431        1.0106080499       -0.0000405194
        2.1195375431        1.0106389258       -0.0000407613
        1.4987393697        1.0225879160       -0.0000936743
        1.2237155711        1.0306744163       -0.0001339900
        1.4987393697        1.0225881143       -0.0000936744
        2.1195375431        1.0106389637       -0.0000407607
        1.9348642064        1.0133601862       -0.0000508117
        1.2237155711        1.0307947285       -0.0001349125
        0.8652975786        1.0426754556       -0.0002034682
        1.2237155711        1.0307970143       -0.0001349098
        1.9348642064        1.0133628918       -0.0000508224
        2.1195375431        1.0106377456       -0.0000407586
        1.4987393697        1.0225879061       -0.0000936740
        1.2237155711        1.0306767533       -0.0001339876
        1.4987393697        1.0225945351       -0.0000936933
        2.1195375431        1.0106418891       -0.0000407725
        2.1195375431        1.0106089959       -0.0000405210
        1.9348642064        1.0133429057       -0.0000507141
        2.1195375431        1.0106122665       -0.0000405339
        1.9348642064        1.0133452728       -0.0000507319
        1.7305951571        1.0170834211       -0.0000639063
        1.9348642064        1.0133421249       -0.0000507193
        1.9348642064        1.0133636682       -0.0000508232
        1.2237155711        1.0307932982       -0.0001348960
        0.8652975786        1.0426656750       -0.0002034241
        1.2237155711        1.0307900710       -0.0001348956
        1.9348642064        1.0133605737       -0.0000508110
        1.7305951571        1.0172879242       -0.0000655400
        0.8652975786        1.0427483660       -0.0002039618
        0.0000000000        1.0719800900       -0.0005427875
        0.8652975786        1.0427466508       -0.0002039571
        1.7305951571        1.0172875275       -0.0000655389
        1.9348642064        1.0133607887       -0.0000508115
        1.2237155711        1.0307900615       -0.0001348955
        0.8652975786        1.0426639585       -0.0002034195
        1.2237155711        1.0307919548       -0.0001348920
        1.9348642064        1.0133633024       -0.0000508222
        1.9348642064        1.0133418862       -0.0000507187
        1.7305951571        1.0170830223       -0.0000639052
        1.9348642064        1.0133449134       -0.0000507309
        2.1195375431        1.0106123969       -0.0000405342
        1.9348642064        1.0133431782       -0.0000507149
        2.1195375431        1.0106090022       -0.0000405211
        2.1195375431        1.0106420039       -0.0000407727
        1.4987393697        1.0225945711       -0.0000936937
        1.2237155711        1.0306772040       -0.0001339884
        1.4987393697        1.0225877013       -0.0000936737
        2.1195375431        1.0106376044       -0.0000407583
        1.9348642064        1.0133630917       -0.0000508229
        1.2237155711        1.0307974204       -0.0001349105
        0.8652975786        1.0426754768       -0.0002034666
        1.2237155711        1.0307937662       -0.0001349092
        1.9348642064        1.0133598012       -0.0000508106
        2.1195375431        1.0106389525       -0.0000407608
        1.4987393697        1.0225879252       -0.0000936741
        1.2237155711        1.0306735657       -0.0001339870
        1.4987393697        1.0225877277       -0.0000936735
        2.1195375431        1.0106388451       -0.0000407610
        2.1195375431        1.0106079154       -0.0000405191
        1.9348642064        1.0133398045       -0.0000507021
        2.1195375431        1.0106090708       -0.0000405216
        2.1195375431        1.0106147749       -0.0000405427
        1.9348642064        1.0133478062       -0.0000507305
        2.1195375431        1.0106115839       -0.0000405304
        1.9348642064        1.0133491588       -0.0000507449
        1.7305951571        1.0170906163       -0.0000639302
        1.9348642064        1.0133462281       -0.0000507337
        2.1195375431        1.0106116827       -0.0000405304
        1.9348642064        1.0133448781       -0.0000507191
        2.1195375431        1.0106106046       -0.0000405292
