#epsqw diagonal term
#1:q+G [au], 2:Re(eps-1), 3:Im(eps-1)
        2.1195375431        0.9046645672       -0.0018691002
        1.9348642064        0.8843941334       -0.0012168594
        2.1195375431        0.9048181383       -0.0018106655
        1.9348642064        0.8843783889       -0.0012337812
        1.7305951571        0.8566362158       -0.0007023555
        1.9348642064        0.8844056289       -0.0012222110
        2.1195375431        0.9048412708       -0.0018298714
        1.9348642064        0.8844201649       -0.0012054259
        2.1195375431        0.9047950102       -0.0018476780
        2.1195375431        0.9041189624       -0.0018453929
        1.9348642064        0.8844006345       -0.0012292690
        2.1195375431        0.9039734507       -0.0018322751
        2.1195375431        0.9041390176       -0.0018238934
        1.4987393697        0.7828026142       -0.0024158292
        1.2237155711        0.6876772706       -0.0019991965
        1.4987393697        0.7828142508       -0.0023812678
        2.1195375431        0.9041280071       -0.0018078331
        1.9348642064        0.8843928896       -0.0012263142
        1.2237155711        0.6876696970       -0.0019972793
        0.8652975786        0.5322580182       -0.0018999023
        1.2237155711        0.6877742935       -0.0019873761
        1.9348642064        0.8844178955       -0.0012151624
        2.1195375431        0.9040281174       -0.0018472261
        1.4987393697        0.7828449167       -0.0024094922
        1.2237155711        0.6877841107       -0.0019883793
        1.4987393697        0.7828616860       -0.0024017754
        2.1195375431        0.9041647583       -0.0018204870
        2.1195375431        0.9041309261       -0.0018466667
        1.9348642064        0.8844255458       -0.0012178795
        2.1195375431        0.9041208814       -0.0018218431
        1.9348642064        0.8843706184       -0.0012269533
        1.7305951571        0.8551553803       -0.0006651296
        1.9348642064        0.8843469034       -0.0012384525
        1.9348642064        0.8843849565       -0.0012145943
        1.2237155711        0.6877417686       -0.0019926184
        0.8652975786        0.5322427642       -0.0018945561
        1.2237155711        0.6876450606       -0.0020021105
        1.9348642064        0.8843620496       -0.0012257640
        1.7305951571        0.8551018266       -0.0006638100
        0.8652975786        0.5322013842       -0.0018915326
        0.0000000000        0.1185808162       -0.0042942577
        0.8652975786        0.5322032371       -0.0018915408
        1.7305951571        0.8551032486       -0.0006638094
        1.9348642064        0.8843611738       -0.0012257616
        1.2237155711        0.6876450318       -0.0020021110
        0.8652975786        0.5322446528       -0.0018945641
        1.2237155711        0.6877458258       -0.0019926283
        1.9348642064        0.8843867313       -0.0012145944
        1.9348642064        0.8843477905       -0.0012384572
        1.7305951571        0.8551568375       -0.0006651288
        1.9348642064        0.8843723739       -0.0012269528
        2.1195375431        0.9041204019       -0.0018218394
        1.9348642064        0.8844244317       -0.0012178755
        2.1195375431        0.9041306494       -0.0018466599
        2.1195375431        0.9041642772       -0.0018204848
        1.4987393697        0.7828611397       -0.0024017741
        1.2237155711        0.6877839420       -0.0019883804
        1.4987393697        0.7828454585       -0.0024094926
        2.1195375431        0.9040285651       -0.0018472292
        1.9348642064        0.8844171488       -0.0012151605
        1.2237155711        0.6877742904       -0.0019873777
        0.8652975786        0.5322599061       -0.0018999076
        1.2237155711        0.6876738859       -0.0019972906
        1.9348642064        0.8843947710       -0.0012263147
        2.1195375431        0.9041276206       -0.0018078289
        1.4987393697        0.7828146461       -0.0023812682
        1.2237155711        0.6876810147       -0.0019992073
        1.4987393697        0.7828043244       -0.0024158337
        2.1195375431        0.9041399901       -0.0018238885
        2.1195375431        0.9039738546       -0.0018322775
        1.9348642064        0.8844021800       -0.0012292701
        2.1195375431        0.9041199922       -0.0018453874
        2.1195375431        0.9047952009       -0.0018476877
        1.9348642064        0.8844210869       -0.0012054304
        2.1195375431        0.9048419152       -0.0018298705
        1.9348642064        0.8844064168       -0.0012222152
        1.7305951571        0.8566376465       -0.0007023535
        1.9348642064        0.8843802248       -0.0012337809
        2.1195375431        0.9048187210       -0.0018106648
        1.9348642064        0.8843958383       -0.0012168594
        2.1195375431        0.9046653977       -0.0018690994
