#epsqw diagonal term
#1:q+G [au], 2:Re(eps-1), 3:Im(eps-1)
        2.1195375431        0.9082495818       -0.0005620546
        1.9348642064        0.8870290538       -0.0005647529
        2.1195375431        0.9083349883       -0.0005588136
        1.9348642064        0.8870262063       -0.0005650962
        1.7305951571        0.8582767676       -0.0005786205
        1.9348642064        0.8870318532       -0.0005643646
        2.1195375431        0.9083404598       -0.0005583969
        1.9348642064        0.8870342072       -0.0005640364
        2.1195375431        0.9083103865       -0.0005595452
        2.1195375431        0.9076260447       -0.0005629049
        1.9348642064        0.8870490367       -0.0005650547
        2.1195375431        0.9075461249       -0.0005657115
        2.1195375431        0.9076174364       -0.0005620743
        1.4987393697        0.7874163918       -0.0009350506
        1.2237155711        0.6922403865       -0.0011577259
        1.4987393697        0.7874292206       -0.0009347411
        2.1195375431        0.9076165585       -0.0005621003
        1.9348642064        0.8870160753       -0.0005644320
        1.2237155711        0.6922000006       -0.0011570895
        0.8652975786        0.5378416407       -0.0015898612
        1.2237155711        0.6922730018       -0.0011551587
        1.9348642064        0.8870210508       -0.0005637358
        2.1195375431        0.9075466923       -0.0005643880
        1.4987393697        0.7874364248       -0.0009342309
        1.2237155711        0.6923125958       -0.0011556847
        1.4987393697        0.7874347324       -0.0009345354
        2.1195375431        0.9076078600       -0.0005619188
        2.1195375431        0.9076304181       -0.0005625361
        1.9348642064        0.8870532837       -0.0005643511
        2.1195375431        0.9076070580       -0.0005631527
        1.9348642064        0.8870389478       -0.0005652102
        1.7305951571        0.8566899255       -0.0005623784
        1.9348642064        0.8870366456       -0.0005659300
        1.9348642064        0.8870159676       -0.0005642230
        1.2237155711        0.6922725946       -0.0011529122
        0.8652975786        0.5377882219       -0.0015844500
        1.2237155711        0.6922053528       -0.0011547043
        1.9348642064        0.8870131927       -0.0005649200
        1.7305951571        0.8566343299       -0.0005624455
        0.8652975786        0.5377425641       -0.0015843664
        0.0000000000        0.1330679761       -0.0020894990
        0.8652975786        0.5377444499       -0.0015843723
        1.7305951571        0.8566357577       -0.0005624441
        1.9348642064        0.8870123046       -0.0005649205
        1.2237155711        0.6922053225       -0.0011547042
        0.8652975786        0.5377901422       -0.0015844556
        1.2237155711        0.6922766920       -0.0011529140
        1.9348642064        0.8870177520       -0.0005642210
        1.9348642064        0.8870375450       -0.0005659294
        1.7305951571        0.8566913880       -0.0005623768
        1.9348642064        0.8870407123       -0.0005652081
        2.1195375431        0.9076065733       -0.0005631531
        1.9348642064        0.8870521582       -0.0005643520
        2.1195375431        0.9076301268       -0.0005625353
        2.1195375431        0.9076073757       -0.0005619194
        1.4987393697        0.7874341808       -0.0009345355
        1.2237155711        0.6923124276       -0.0011556850
        1.4987393697        0.7874369704       -0.0009342306
        2.1195375431        0.9075471436       -0.0005643876
        1.9348642064        0.8870202950       -0.0005637363
        1.2237155711        0.6922729975       -0.0011551587
        0.8652975786        0.5378435464       -0.0015898660
        1.2237155711        0.6922042301       -0.0011570911
        1.9348642064        0.8870179692       -0.0005644298
        2.1195375431        0.9076161622       -0.0005621002
        1.4987393697        0.7874296195       -0.0009347410
        1.2237155711        0.6922441666       -0.0011577276
        1.4987393697        0.7874181133       -0.0009350493
        2.1195375431        0.9076184086       -0.0005620727
        2.1195375431        0.9075465310       -0.0005657111
        1.9348642064        0.8870505938       -0.0005650530
        2.1195375431        0.9076270725       -0.0005629030
        2.1195375431        0.9083105921       -0.0005595458
        1.9348642064        0.8870351389       -0.0005640357
        2.1195375431        0.9083411078       -0.0005583964
        1.9348642064        0.8870326495       -0.0005643639
        1.7305951571        0.8582781980       -0.0005786188
        1.9348642064        0.8870280476       -0.0005650938
        2.1195375431        0.9083355744       -0.0005588132
        1.9348642064        0.8870307637       -0.0005647509
        2.1195375431        0.9082504147       -0.0005620531
