#epsqw diagonal term
#1:q+G [au], 2:Re(eps-1), 3:Im(eps-1)
        2.1195375431        0.9763693511       -0.0648945504
        1.9348642064        0.9562898709       -0.0901925130
        2.1195375431        0.9759219666       -0.0654245126
        1.9348642064        0.9538447633       -0.0903203517
        1.7305951571        0.9511075571       -0.1151331941
        1.9348642064        0.9544166309       -0.0908763006
        2.1195375431        0.9758215869       -0.0653598251
        1.9348642064        0.9568565025       -0.0910675165
        2.1195375431        0.9758371613       -0.0653373899
        2.1195375431        0.9821316040       -0.0619288628
        1.9348642064        0.9620163605       -0.0936954936
        2.1195375431        0.9825476820       -0.0616282500
        2.1195375431        0.9758997822       -0.0651784148
        1.4987393697        0.9634931689       -0.1785596306
        1.2237155711        0.9801483774       -0.2560540621
        1.4987393697        0.9627700642       -0.1778667429
        2.1195375431        0.9760004086       -0.0652472825
        1.9348642064        0.9543398271       -0.0898538167
        1.2237155711        0.9667321291       -0.2790629076
        0.8652975786        1.0249995859       -0.3146519453
        1.2237155711        0.9662030257       -0.2796856422
        1.9348642064        0.9547874292       -0.0903428295
        2.1195375431        0.9765765713       -0.0647684267
        1.4987393697        0.9635050254       -0.1788587680
        1.2237155711        0.9800901598       -0.2569928970
        1.4987393697        0.9616883843       -0.1764664282
        2.1195375431        0.9759581359       -0.0651008062
        2.1195375431        0.9821294218       -0.0619420264
        1.9348642064        0.9624849572       -0.0942945763
        2.1195375431        0.9818588039       -0.0618788631
        1.9348642064        0.9626645872       -0.0948313320
        1.7305951571        0.9591496398       -0.1006091571
        1.9348642064        0.9622340084       -0.0942345176
        1.9348642064        0.9571726976       -0.0904488070
        1.2237155711        0.9799636445       -0.2574920287
        0.8652975786        1.1029789399       -0.3486009467
        1.2237155711        0.9801270270       -0.2565564954
        1.9348642064        0.9567134950       -0.0896938404
        1.7305951571        0.9521137048       -0.1139947264
        0.8652975786        1.0298011412       -0.3112968551
        0.0000000000        1.0109044597       -0.1756030433
        0.8652975786        1.0298037690       -0.3112975038
        1.7305951571        0.9521256925       -0.1139967939
        1.9348642064        0.9567137809       -0.0896929703
        1.2237155711        0.9801287606       -0.2565567711
        0.8652975786        1.1029860246       -0.3486027162
        1.2237155711        0.9799796395       -0.2574973653
        1.9348642064        0.9571766834       -0.0904511579
        1.9348642064        0.9622356217       -0.0942342137
        1.7305951571        0.9591629236       -0.1006106922
        1.9348642064        0.9626693963       -0.0948340103
        2.1195375431        0.9818529999       -0.0618775070
        1.9348642064        0.9624820849       -0.0942938111
        2.1195375431        0.9821335498       -0.0619435648
        2.1195375431        0.9759522796       -0.0651002711
        1.4987393697        0.9616815914       -0.1764651208
        1.2237155711        0.9800891928       -0.2569913038
        1.4987393697        0.9635131271       -0.1788603994
        2.1195375431        0.9765814138       -0.0647703310
        1.9348642064        0.9547852008       -0.0903427731
        1.2237155711        0.9662048253       -0.2796877686
        0.8652975786        1.0250030594       -0.3146522624
        1.2237155711        0.9667514290       -0.2790701696
        1.9348642064        0.9543434484       -0.0898566624
        2.1195375431        0.9760045577       -0.0652492677
        1.4987393697        0.9627774654       -0.1778692476
        1.2237155711        0.9801631904       -0.2560634340
        1.4987393697        0.9635038623       -0.1785655292
        2.1195375431        0.9758970439       -0.0651800128
        2.1195375431        0.9825511581       -0.0616298166
        1.9348642064        0.9620194901       -0.0936991713
        2.1195375431        0.9821286784       -0.0619305963
        2.1195375431        0.9758426630       -0.0653360979
        1.9348642064        0.9568573986       -0.0910684792
        2.1195375431        0.9758176817       -0.0653604410
        1.9348642064        0.9544193753       -0.0908763929
        1.7305951571        0.9511212521       -0.1151351377
        1.9348642064        0.9538488275       -0.0903224574
        2.1195375431        0.9759179778       -0.0654245695
        1.9348642064        0.9562937084       -0.0901963915
        2.1195375431        0.9763750568       -0.0648976303
