#epsqw diagonal term
#1:q+G [au], 2:Re(eps-1), 3:Im(eps-1)
        2.1195375431        0.9075366297       -0.0005655708
        1.9348642064        0.8870233822       -0.0005649071
        2.1195375431        0.9076198316       -0.0005623675
        1.9348642064        0.8870196790       -0.0005652664
        1.7305951571        0.8566507888       -0.0005623725
        1.9348642064        0.8870250449       -0.0005645401
        2.1195375431        0.9076229962       -0.0005620102
        1.9348642064        0.8870281552       -0.0005641975
        2.1195375431        0.9075989138       -0.0005630516
        2.1195375431        0.9083411804       -0.0005593537
        1.9348642064        0.8870546162       -0.0005649033
        2.1195375431        0.9082590619       -0.0005621973
        2.1195375431        0.9076156050       -0.0005621224
        1.4987393697        0.7874258103       -0.0009349449
        1.2237155711        0.6922405256       -0.0011577384
        1.4987393697        0.7874196923       -0.0009348483
        2.1195375431        0.9076183207       -0.0005620593
        1.9348642064        0.8870151809       -0.0005644505
        1.2237155711        0.6921853350       -0.0011541574
        0.8652975786        0.5377501258       -0.0015841414
        1.2237155711        0.6922589642       -0.0011522936
        1.9348642064        0.8870202981       -0.0005637522
        2.1195375431        0.9075467340       -0.0005643880
        1.4987393697        0.7874360371       -0.0009342406
        1.2237155711        0.6923127279       -0.0011556971
        1.4987393697        0.7874349695       -0.0009345264
        2.1195375431        0.9076077752       -0.0005619252
        2.1195375431        0.9083475344       -0.0005589322
        1.9348642064        0.8870592351       -0.0005641932
        2.1195375431        0.9083187201       -0.0005596450
        1.9348642064        0.8870457191       -0.0005650351
        1.7305951571        0.8583143277       -0.0005786396
        1.9348642064        0.8870431595       -0.0005657601
        1.9348642064        0.8870167389       -0.0005642062
        1.2237155711        0.6922867301       -0.0011557871
        0.8652975786        0.5378800727       -0.0015901758
        1.2237155711        0.6922201782       -0.0011576486
        1.9348642064        0.8870140849       -0.0005649018
        1.7305951571        0.8566343300       -0.0005624455
        0.8652975786        0.5377425635       -0.0015843664
        0.0000000000        0.1331134237       -0.0020896934
        0.8652975786        0.5377444494       -0.0015843723
        1.7305951571        0.8566357579       -0.0005624441
        1.9348642064        0.8870131967       -0.0005649023
        1.2237155711        0.6922201493       -0.0011576487
        0.8652975786        0.5378819845       -0.0015901812
        1.2237155711        0.6922908258       -0.0011557886
        1.9348642064        0.8870185236       -0.0005642043
        1.9348642064        0.8870440596       -0.0005657595
        1.7305951571        0.8583157700       -0.0005786380
        1.9348642064        0.8870474831       -0.0005650330
        2.1195375431        0.9083182284       -0.0005596454
        1.9348642064        0.8870581086       -0.0005641941
        2.1195375431        0.9083472189       -0.0005589314
        2.1195375431        0.9076072911       -0.0005619258
        1.4987393697        0.7874344541       -0.0009345267
        1.2237155711        0.6923125555       -0.0011556970
        1.4987393697        0.7874366033       -0.0009342404
        2.1195375431        0.9075471826       -0.0005643875
        1.9348642064        0.8870195425       -0.0005637527
        1.2237155711        0.6922589588       -0.0011522935
        0.8652975786        0.5377520378       -0.0015841465
        1.2237155711        0.6921895655       -0.0011541591
        1.9348642064        0.8870170746       -0.0005644484
        2.1195375431        0.9076179243       -0.0005620591
        1.4987393697        0.7874200843       -0.0009348482
        1.2237155711        0.6922443055       -0.0011577401
        1.4987393697        0.7874275402       -0.0009349437
        2.1195375431        0.9076165774       -0.0005621208
        2.1195375431        0.9082594749       -0.0005621968
        1.9348642064        0.8870561730       -0.0005649017
        2.1195375431        0.9083422208       -0.0005593518
        2.1195375431        0.9075991108       -0.0005630521
        1.9348642064        0.8870290861       -0.0005641968
        2.1195375431        0.9076236233       -0.0005620098
        1.9348642064        0.8870258405       -0.0005645394
        1.7305951571        0.8566522445       -0.0005623707
        1.9348642064        0.8870215206       -0.0005652641
        2.1195375431        0.9076203950       -0.0005623671
        1.9348642064        0.8870250927       -0.0005649050
        2.1195375431        0.9075374626       -0.0005655693
