#epsqw diagonal term
#1:q+G [au], 2:Re(eps-1), 3:Im(eps-1)
        2.1195375431        1.0054270185       -0.0666905770
        1.9348642064        1.0262017087       -0.1016745158
        2.1195375431        1.0053526530       -0.0665485997
        1.9348642064        1.0261327382       -0.1023152519
        1.7305951571        1.0351165181       -0.1061336278
        1.9348642064        1.0261267995       -0.1023619662
        2.1195375431        1.0057392479       -0.0662377739
        1.9348642064        1.0263592523       -0.1014113074
        2.1195375431        1.0062919407       -0.0668047030
        2.1195375431        1.0013594136       -0.0682699172
        1.9348642064        1.0239484370       -0.1011784030
        2.1195375431        1.0008928311       -0.0684240173
        2.1195375431        1.0023920541       -0.0688744996
        1.4987393697        1.1132026717       -0.1408460732
        1.2237155711        1.2197465573       -0.2611473493
        1.4987393697        1.1127860273       -0.1411078504
        2.1195375431        1.0020471734       -0.0689841956
        1.9348642064        1.0256889902       -0.1025942145
        1.2237155711        1.2227987872       -0.2615194906
        0.8652975786        1.4439394084       -0.5019838279
        1.2237155711        1.2218144945       -0.2626892410
        1.9348642064        1.0256007765       -0.1025410444
        2.1195375431        1.0019080491       -0.0689635704
        1.4987393697        1.1128671240       -0.1406020769
        1.2237155711        1.2186918975       -0.2624584472
        1.4987393697        1.1159808545       -0.1411690782
        2.1195375431        1.0027206786       -0.0692115820
        2.1195375431        1.0014161546       -0.0680648698
        1.9348642064        1.0242564781       -0.1012767456
        2.1195375431        1.0022514465       -0.0684982387
        1.9348642064        1.0241317725       -0.0998424282
        1.7305951571        1.0368410146       -0.1063670321
        1.9348642064        1.0237833747       -0.0998216427
        1.9348642064        1.0257049860       -0.1003101983
        1.2237155711        1.2079514875       -0.2772521485
        0.8652975786        1.4515603854       -0.4572968831
        1.2237155711        1.2085815022       -0.2755372361
        1.9348642064        1.0255893488       -0.1007355287
        1.7305951571        1.0379329694       -0.1077680565
        0.8652975786        1.4584079547       -0.4712143036
        0.0000000000        1.7286948023       -0.3537017782
        0.8652975786        1.4583558332       -0.4711427917
        1.7305951571        1.0379519693       -0.1077624097
        1.9348642064        1.0255943376       -0.1007436623
        1.2237155711        1.2085835455       -0.2755396874
        0.8652975786        1.4515082617       -0.4572260246
        1.2237155711        1.2078616630       -0.2771963889
        1.9348642064        1.0256974265       -0.1002933630
        1.9348642064        1.0237808155       -0.0998152285
        1.7305951571        1.0368604634       -0.1063615245
        1.9348642064        1.0241269876       -0.0998265780
        2.1195375431        1.0022443906       -0.0685038674
        1.9348642064        1.0242638666       -0.1012864232
        2.1195375431        1.0014210408       -0.0680720654
        2.1195375431        1.0027135909       -0.0692164217
        1.4987393697        1.1159854583       -0.1411717142
        1.2237155711        1.2186926407       -0.2624588838
        1.4987393697        1.1128597674       -0.1405968822
        2.1195375431        1.0019163577       -0.0689579195
        1.9348642064        1.0256032947       -0.1025497642
        1.2237155711        1.2218206867       -0.2626891772
        0.8652975786        1.4438960903       -0.5019241738
        1.2237155711        1.2227139319       -0.2614613772
        1.9348642064        1.0256838698       -0.1025785815
        2.1195375431        1.0020532193       -0.0689909986
        1.4987393697        1.1127793875       -0.1411020193
        1.2237155711        1.2196652711       -0.2610888368
        1.4987393697        1.1131859124       -0.1408331883
        2.1195375431        1.0023936802       -0.0688631920
        2.1195375431        1.0009007527       -0.0684179858
        1.9348642064        1.0239446793       -0.1011623148
        2.1195375431        1.0013601976       -0.0682594233
        2.1195375431        1.0062962587       -0.0668016386
        1.9348642064        1.0263513223       -0.1014026438
        2.1195375431        1.0057313810       -0.0662300375
        1.9348642064        1.0261241849       -0.1023549415
        1.7305951571        1.0351356826       -0.1061285015
        1.9348642064        1.0261260961       -0.1022993161
        2.1195375431        1.0053445993       -0.0665413199
        1.9348642064        1.0261936176       -0.1016572463
        2.1195375431        1.0054382267       -0.0666835479
