#epsqw diagonal term
#1:q+G [au], 2:Re(eps-1), 3:Im(eps-1)
        2.1195375431        0.9050055089       -0.0244511338
        1.9348642064        0.8680840275       -0.0287942296
        2.1195375431        0.9050689031       -0.0243871215
        1.9348642064        0.8679569237       -0.0262562635
        1.7305951571        0.8064129554       -0.0322037780
        1.9348642064        0.8679330099       -0.0262358189
        2.1195375431        0.9050744694       -0.0243351927
        1.9348642064        0.8681248897       -0.0285737935
        2.1195375431        0.9051775371       -0.0246814025
        2.1195375431        0.9043922810       -0.0248887949
        1.9348642064        0.8694112129       -0.0268167133
        2.1195375431        0.9044456426       -0.0247660072
        2.1195375431        0.9050989083       -0.0244247786
        1.4987393697        0.7716146660       -0.0680033596
        1.2237155711        0.6646323298       -0.1027518954
        1.4987393697        0.7712284362       -0.0681471437
        2.1195375431        0.9050881089       -0.0244849687
        1.9348642064        0.8679212254       -0.0263534216
        1.2237155711        0.6634412557       -0.0963647065
        0.8652975786        0.5617950920       -0.1317785185
        1.2237155711        0.6637654478       -0.0964753552
        1.9348642064        0.8679352042       -0.0263149963
        2.1195375431        0.9050201458       -0.0245227573
        1.4987393697        0.7716185476       -0.0680248480
        1.2237155711        0.6643351750       -0.1032444501
        1.4987393697        0.7711973935       -0.0677150435
        2.1195375431        0.9052393120       -0.0247467383
        2.1195375431        0.9043863655       -0.0248821952
        1.9348642064        0.8694315252       -0.0268134268
        2.1195375431        0.9046461788       -0.0249874648
        1.9348642064        0.8694138202       -0.0269064787
        1.7305951571        0.8443307071       -0.0520925882
        1.9348642064        0.8694076563       -0.0268891665
        1.9348642064        0.8679972910       -0.0285927203
        1.2237155711        0.6643917588       -0.1025005613
        0.8652975786        0.5607234361       -0.1337497195
        1.2237155711        0.6646269627       -0.1019662695
        1.9348642064        0.8679246144       -0.0287958561
        1.7305951571        0.8065573612       -0.0324559612
        0.8652975786        0.5614769636       -0.1322621761
        0.0000000000        0.3973805324       -0.5936706570
        0.8652975786        0.5614787048       -0.1322627981
        1.7305951571        0.8065589076       -0.0324559160
        1.9348642064        0.8679236232       -0.0287957695
        1.2237155711        0.6646269339       -0.1019661679
        0.8652975786        0.5607252476       -0.1337505013
        1.2237155711        0.6643957913       -0.1025017075
        1.9348642064        0.8679992936       -0.0285927737
        1.9348642064        0.8694086610       -0.0268893657
        1.7305951571        0.8443321553       -0.0520925531
        1.9348642064        0.8694157665       -0.0269067155
        2.1195375431        0.9046457071       -0.0249874418
        1.9348642064        0.8694302696       -0.0268132031
        2.1195375431        0.9043860388       -0.0248821883
        2.1195375431        0.9052387949       -0.0247467116
        1.4987393697        0.7711970270       -0.0677152665
        1.2237155711        0.6643349897       -0.1032443594
        1.4987393697        0.7716192555       -0.0680252360
        2.1195375431        0.9050206616       -0.0245227069
        1.9348642064        0.8679343565       -0.0263150242
        1.2237155711        0.6637654919       -0.0964751824
        0.8652975786        0.5617969536       -0.1317795366
        1.2237155711        0.6634454390       -0.0963655812
        1.9348642064        0.8679232813       -0.0263534884
        2.1195375431        0.9050876001       -0.0244848882
        1.4987393697        0.7712289420       -0.0681470539
        1.2237155711        0.6646360410       -0.1027530355
        1.4987393697        0.7716162655       -0.0680034267
        2.1195375431        0.9051000159       -0.0244247955
        2.1195375431        0.9044460963       -0.0247659467
        1.9348642064        0.8694129540       -0.0268169928
        2.1195375431        0.9043934379       -0.0248888149
        2.1195375431        0.9051778334       -0.0246813504
        1.9348642064        0.8681259494       -0.0285739726
        2.1195375431        0.9050752207       -0.0243352297
        1.9348642064        0.8679338843       -0.0262358393
        1.7305951571        0.8064145614       -0.0322038677
        1.9348642064        0.8679589583       -0.0262563460
        2.1195375431        0.9050695374       -0.0243871868
        1.9348642064        0.8680859163       -0.0287943545
        2.1195375431        0.9050064372       -0.0244511762
