#epsqw diagonal term
#1:q+G [au], 2:Re(eps-1), 3:Im(eps-1)
        2.1195375431        1.0013035740       -0.0000038872
        1.9348642064        1.0016683539       -0.0000050249
        2.1195375431        1.0013031470       -0.0000038872
        1.9348642064        1.0016673562       -0.0000050242
        1.7305951571        1.0021788495       -0.0000065781
        1.9348642064        1.0016697534       -0.0000050273
        2.1195375431        1.0013029175       -0.0000038873
        1.9348642064        1.0016685856       -0.0000050270
        2.1195375431        1.0013050414       -0.0000038878
        2.1195375431        1.0013020394       -0.0000038837
        1.9348642064        1.0016663060       -0.0000050217
        2.1195375431        1.0013024890       -0.0000038834
        2.1195375431        1.0013027986       -0.0000038846
        1.4987393697        1.0029107374       -0.0000100847
        1.2237155711        1.0040354308       -0.0000151106
        1.4987393697        1.0029099004       -0.0000100846
        2.1195375431        1.0013026205       -0.0000038845
        1.9348642064        1.0016667919       -0.0000050234
        1.2237155711        1.0040329718       -0.0000151079
        0.8652975786        1.0057129931       -0.0000238403
        1.2237155711        1.0040404977       -0.0000151168
        1.9348642064        1.0016688502       -0.0000050266
        2.1195375431        1.0013029098       -0.0000038840
        1.4987393697        1.0029106571       -0.0000100844
        1.2237155711        1.0040390034       -0.0000151153
        1.4987393697        1.0029174205       -0.0000100870
        2.1195375431        1.0013046936       -0.0000038853
        2.1195375431        1.0013012571       -0.0000038834
        1.9348642064        1.0016668978       -0.0000050245
        2.1195375431        1.0013037609       -0.0000038841
        1.9348642064        1.0016670898       -0.0000050239
        1.7305951571        1.0021697131       -0.0000065526
        1.9348642064        1.0016662777       -0.0000050217
        1.9348642064        1.0016684716       -0.0000050258
        1.2237155711        1.0040374698       -0.0000150988
        0.8652975786        1.0056764526       -0.0000238137
        1.2237155711        1.0040325260       -0.0000150968
        1.9348642064        1.0016679161       -0.0000050240
        1.7305951571        1.0021744190       -0.0000065561
        0.8652975786        1.0056991962       -0.0000238282
        0.0000000000        1.0095861009       -0.0000665285
        0.8652975786        1.0057035923       -0.0000238316
        1.7305951571        1.0021746279       -0.0000065564
        1.9348642064        1.0016678320       -0.0000050239
        1.2237155711        1.0040324795       -0.0000150968
        0.8652975786        1.0056808106       -0.0000238167
        1.2237155711        1.0040365112       -0.0000151012
        1.9348642064        1.0016682628       -0.0000050260
        1.9348642064        1.0016663817       -0.0000050218
        1.7305951571        1.0021699077       -0.0000065529
        1.9348642064        1.0016669917       -0.0000050243
        2.1195375431        1.0013036293       -0.0000038841
        1.9348642064        1.0016670248       -0.0000050241
        2.1195375431        1.0013018030       -0.0000038836
        2.1195375431        1.0013046405       -0.0000038853
        1.4987393697        1.0029167230       -0.0000100865
        1.2237155711        1.0040397531       -0.0000151124
        1.4987393697        1.0029112643       -0.0000100848
        2.1195375431        1.0013031085       -0.0000038845
        1.9348642064        1.0016689498       -0.0000050262
        1.2237155711        1.0040414338       -0.0000151143
        0.8652975786        1.0057083557       -0.0000238360
        1.2237155711        1.0040328116       -0.0000151074
        1.9348642064        1.0016668592       -0.0000050234
        2.1195375431        1.0013031075       -0.0000038846
        1.4987393697        1.0029105242       -0.0000100849
        1.2237155711        1.0040352780       -0.0000151102
        1.4987393697        1.0029100698       -0.0000100843
        2.1195375431        1.0013023171       -0.0000038844
        2.1195375431        1.0013027515       -0.0000038839
        1.9348642064        1.0016663475       -0.0000050218
        2.1195375431        1.0013014745       -0.0000038835
        2.1195375431        1.0013049674       -0.0000038878
        1.9348642064        1.0016686542       -0.0000050265
        2.1195375431        1.0013033868       -0.0000038874
        1.9348642064        1.0016697818       -0.0000050269
        1.7305951571        1.0021785265       -0.0000065776
        1.9348642064        1.0016671986       -0.0000050238
        2.1195375431        1.0013036131       -0.0000038872
        1.9348642064        1.0016682694       -0.0000050246
        2.1195375431        1.0013033061       -0.0000038866
