#epsqw diagonal term
#1:q+G [au], 2:Re(eps-1), 3:Im(eps-1)
        2.1195375431        0.9004670846       -0.0070905856
        1.9348642064        0.8778605714       -0.0061577168
        2.1195375431        0.9007620474       -0.0070253096
        1.9348642064        0.8778637654       -0.0061582315
        1.7305951571        0.8498254526       -0.0023231281
        1.9348642064        0.8778058240       -0.0061639675
        2.1195375431        0.9006857210       -0.0070459719
        1.9348642064        0.8778134070       -0.0061615610
        2.1195375431        0.9004836177       -0.0069378967
        2.1195375431        0.8997190373       -0.0069844223
        1.9348642064        0.8777810776       -0.0062044574
        2.1195375431        0.8995174024       -0.0071550532
        2.1195375431        0.8996573881       -0.0071424262
        1.4987393697        0.7741946072       -0.0097100251
        1.2237155711        0.6734488511       -0.0102511299
        1.4987393697        0.7742294314       -0.0097750904
        2.1195375431        0.8996592537       -0.0071717788
        1.9348642064        0.8776725236       -0.0063721693
        1.2237155711        0.6732994529       -0.0104412802
        0.8652975786        0.5105001134       -0.0060160923
        1.2237155711        0.6735118249       -0.0103430739
        1.9348642064        0.8776116833       -0.0063743926
        2.1195375431        0.8993908476       -0.0073148265
        1.4987393697        0.7741412258       -0.0097993995
        1.2237155711        0.6736527482       -0.0101637636
        1.4987393697        0.7738168825       -0.0098032862
        2.1195375431        0.8993871581       -0.0071274946
        2.1195375431        0.8996468711       -0.0070401753
        1.9348642064        0.8777326991       -0.0062063096
        2.1195375431        0.8995007458       -0.0069644675
        1.9348642064        0.8777207768       -0.0062052568
        1.7305951571        0.8485879809       -0.0023903135
        1.9348642064        0.8777802753       -0.0062001810
        1.9348642064        0.8776151317       -0.0063716124
        1.2237155711        0.6733290096       -0.0105513662
        0.8652975786        0.5103072152       -0.0063001807
        1.2237155711        0.6731378963       -0.0106645280
        1.9348642064        0.8776776896       -0.0063673289
        1.7305951571        0.8485459615       -0.0023790174
        0.8652975786        0.5102987651       -0.0063189132
        0.0000000000        0.0760750670       -0.0170292837
        0.8652975786        0.5103007337       -0.0063186895
        1.7305951571        0.8485474481       -0.0023790775
        1.9348642064        0.8776768030       -0.0063673235
        1.2237155711        0.6731378820       -0.0106645089
        0.8652975786        0.5103091518       -0.0062999407
        1.2237155711        0.6733329553       -0.0105511994
        1.9348642064        0.8776169046       -0.0063716717
        1.9348642064        0.8777812241       -0.0062001738
        1.7305951571        0.8485894760       -0.0023903677
        1.9348642064        0.8777225036       -0.0062053210
        2.1195375431        0.8995002360       -0.0069643930
        1.9348642064        0.8777316293       -0.0062062472
        2.1195375431        0.8996466494       -0.0070401000
        2.1195375431        0.8993866411       -0.0071274122
        1.4987393697        0.7738164268       -0.0098030752
        1.2237155711        0.6736526046       -0.0101639213
        1.4987393697        0.7741417278       -0.0097994001
        2.1195375431        0.8993911305       -0.0073147144
        1.9348642064        0.8776109452       -0.0063743451
        1.2237155711        0.6735118187       -0.0103432744
        0.8652975786        0.5105018307       -0.0060162718
        1.2237155711        0.6733035913       -0.0104414001
        1.9348642064        0.8776744503       -0.0063721890
        2.1195375431        0.8996590024       -0.0071717050
        1.4987393697        0.7742298705       -0.0097750822
        1.2237155711        0.6734525745       -0.0102512228
        1.4987393697        0.7741963029       -0.0097100391
        2.1195375431        0.8996582253       -0.0071424753
        2.1195375431        0.8995176652       -0.0071549323
        1.9348642064        0.8777826995       -0.0062044668
        2.1195375431        0.8997199296       -0.0069844733
        2.1195375431        0.9004837460       -0.0069378898
        1.9348642064        0.8778143185       -0.0061615518
        2.1195375431        0.9006864408       -0.0070459478
        1.9348642064        0.8778066034       -0.0061639601
        1.7305951571        0.8498269028       -0.0023229763
        1.9348642064        0.8778654807       -0.0061582694
        2.1195375431        0.9007627650       -0.0070252719
        1.9348642064        0.8778621897       -0.0061577369
        2.1195375431        0.9004679614       -0.0070908248
