#epsqw diagonal term
#1:q+G [au], 2:Re(eps-1), 3:Im(eps-1)
        2.1195375431        0.9075710851       -0.0005626852
        1.9348642064        0.8870511498       -0.0005628805
        2.1195375431        0.9076519996       -0.0005595920
        1.9348642064        0.8870492519       -0.0005631920
        1.7305951571        0.8566709963       -0.0005613957
        1.9348642064        0.8870543605       -0.0005624852
        2.1195375431        0.9076585621       -0.0005591584
        1.9348642064        0.8870559253       -0.0005621864
        2.1195375431        0.9076328948       -0.0005602216
        2.1195375431        0.9076581491       -0.0005601096
        1.9348642064        0.8870768517       -0.0005630182
        2.1195375431        0.9075805425       -0.0005628193
        2.1195375431        0.9083662920       -0.0005556881
        1.4987393697        0.7874747124       -0.0009314601
        1.2237155711        0.6922792547       -0.0011516701
        1.4987393697        0.7874777102       -0.0009312733
        2.1195375431        0.9083668625       -0.0005556752
        1.9348642064        0.8870501146       -0.0005622558
        1.2237155711        0.6922541043       -0.0011540404
        0.8652975786        0.5378245393       -0.0015809586
        1.2237155711        0.6923267867       -0.0011521378
        1.9348642064        0.8870553858       -0.0005615691
        2.1195375431        0.9082936894       -0.0005580001
        1.4987393697        0.7874750612       -0.0009308986
        1.2237155711        0.6923520008       -0.0011497407
        1.4987393697        0.7874829973       -0.0009310946
        2.1195375431        0.9083526717       -0.0005556099
        2.1195375431        0.9076660519       -0.0005596578
        1.9348642064        0.8870810989       -0.0005623301
        2.1195375431        0.9076408445       -0.0005603275
        1.9348642064        0.8870684577       -0.0005631265
        1.7305951571        0.8567101441       -0.0005614004
        1.9348642064        0.8870663914       -0.0005638275
        1.9348642064        0.8870511890       -0.0005620206
        1.2237155711        0.6923405219       -0.0011527214
        0.8652975786        0.5378626781       -0.0015812634
        1.2237155711        0.6922742567       -0.0011545560
        1.9348642064        0.8870482827       -0.0005627058
        1.7305951571        0.8582798062       -0.0005776926
        0.8652975786        0.5379101808       -0.0015869013
        0.0000000000        0.1333071172       -0.0020800847
        0.8652975786        0.5379120597       -0.0015869069
        1.7305951571        0.8582812135       -0.0005776910
        1.9348642064        0.8870473935       -0.0005627063
        1.2237155711        0.6922742249       -0.0011545558
        0.8652975786        0.5378645996       -0.0015812690
        1.2237155711        0.6923446196       -0.0011527231
        1.9348642064        0.8870529734       -0.0005620186
        1.9348642064        0.8870672911       -0.0005638269
        1.7305951571        0.8567116069       -0.0005613989
        1.9348642064        0.8870702227       -0.0005631243
        2.1195375431        0.9076403613       -0.0005603279
        1.9348642064        0.8870799735       -0.0005623310
        2.1195375431        0.9076657606       -0.0005596570
        2.1195375431        0.9083521807       -0.0005556106
        1.4987393697        0.7874824817       -0.0009310949
        1.2237155711        0.6923518297       -0.0011497408
        1.4987393697        0.7874755994       -0.0009308982
        2.1195375431        0.9082941466       -0.0005579997
        1.9348642064        0.8870546293       -0.0005615697
        1.2237155711        0.6923267797       -0.0011521375
        0.8652975786        0.5378264509       -0.0015809637
        1.2237155711        0.6922583339       -0.0011540420
        1.9348642064        0.8870520081       -0.0005622537
        2.1195375431        0.9083664414       -0.0005556751
        1.4987393697        0.7874781307       -0.0009312732
        1.2237155711        0.6922830359       -0.0011516719
        1.4987393697        0.7874764424       -0.0009314589
        2.1195375431        0.9083672763       -0.0005556864
        2.1195375431        0.9075809494       -0.0005628188
        1.9348642064        0.8870784087       -0.0005630166
        2.1195375431        0.9076591780       -0.0005601077
        2.1195375431        0.9076330921       -0.0005602221
        1.9348642064        0.8870568561       -0.0005621858
        2.1195375431        0.9076591895       -0.0005591580
        1.9348642064        0.8870551564       -0.0005624845
        1.7305951571        0.8566724516       -0.0005613939
        1.9348642064        0.8870510939       -0.0005631897
        2.1195375431        0.9076525629       -0.0005595916
        1.9348642064        0.8870528599       -0.0005628784
        2.1195375431        0.9075719205       -0.0005626837
