#epsqw diagonal term
#1:q+G [au], 2:Re(eps-1), 3:Im(eps-1)
        2.1195375431        1.0180450393       -0.0001759439
        1.9348642064        1.0219653653       -0.0001934924
        2.1195375431        1.0180414783       -0.0001749847
        1.9348642064        1.0219518127       -0.0001921554
        1.7305951571        1.0268883970       -0.0001713667
        1.9348642064        1.0219566863       -0.0001925206
        2.1195375431        1.0180446122       -0.0001751343
        1.9348642064        1.0219722076       -0.0001937785
        2.1195375431        1.0180528298       -0.0001757402
        2.1195375431        1.0180932622       -0.0001738858
        1.9348642064        1.0219787008       -0.0001925526
        2.1195375431        1.0180901332       -0.0001746423
        2.1195375431        1.0180528839       -0.0001765377
        1.4987393697        1.0349830376       -0.0002181485
        1.2237155711        1.0468242259       -0.0002945227
        1.4987393697        1.0349823247       -0.0002180891
        2.1195375431        1.0180491166       -0.0001762661
        1.9348642064        1.0219605822       -0.0001930103
        1.2237155711        1.0465535529       -0.0002906457
        0.8652975786        1.0634033062       -0.0003741331
        1.2237155711        1.0465605663       -0.0002915920
        1.9348642064        1.0219656822       -0.0001935087
        2.1195375431        1.0180518519       -0.0001770397
        1.4987393697        1.0349826088       -0.0002181538
        1.2237155711        1.0468313191       -0.0002951487
        1.4987393697        1.0349959276       -0.0002184130
        2.1195375431        1.0180605727       -0.0001770365
        2.1195375431        1.0180923946       -0.0001737586
        1.9348642064        1.0219845965       -0.0001925088
        2.1195375431        1.0181019256       -0.0001744895
        1.9348642064        1.0219843067       -0.0001922849
        1.7305951571        1.0273036268       -0.0001745522
        1.9348642064        1.0219775301       -0.0001921718
        1.9348642064        1.0219774632       -0.0001942912
        1.2237155711        1.0468284790       -0.0002947354
        0.8652975786        1.0635508218       -0.0003744602
        1.2237155711        1.0468205582       -0.0002940152
        1.9348642064        1.0219696649       -0.0001937218
        1.7305951571        1.0268950535       -0.0001716191
        0.8652975786        1.0634178443       -0.0003751880
        0.0000000000        1.1057887076       -0.0008451955
        0.8652975786        1.0634166414       -0.0003752118
        1.7305951571        1.0268944243       -0.0001715689
        1.9348642064        1.0219699384       -0.0001937521
        1.2237155711        1.0468205599       -0.0002940159
        0.8652975786        1.0635496394       -0.0003744854
        1.2237155711        1.0468270123       -0.0002947535
        1.9348642064        1.0219770747       -0.0001942769
        1.9348642064        1.0219771571       -0.0001921350
        1.7305951571        1.0273029790       -0.0001745014
        1.9348642064        1.0219839188       -0.0001922698
        2.1195375431        1.0181018586       -0.0001744920
        1.9348642064        1.0219849837       -0.0001925406
        2.1195375431        1.0180925334       -0.0001737923
        2.1195375431        1.0180604883       -0.0001770392
        1.4987393697        1.0349961238       -0.0002184017
        1.2237155711        1.0468315021       -0.0002951483
        1.4987393697        1.0349826060       -0.0002181658
        2.1195375431        1.0180519207       -0.0001770367
        1.9348642064        1.0219659447       -0.0001935382
        1.2237155711        1.0465606983       -0.0002915922
        0.8652975786        1.0634021640       -0.0003741580
        1.2237155711        1.0465521573       -0.0002906653
        1.9348642064        1.0219601273       -0.0001929958
        2.1195375431        1.0180491403       -0.0001762925
        1.4987393697        1.0349823342       -0.0002181010
        1.2237155711        1.0468230102       -0.0002945428
        1.4987393697        1.0349826320       -0.0002181860
        2.1195375431        1.0180526747       -0.0001765331
        2.1195375431        1.0180901778       -0.0001746342
        1.9348642064        1.0219784357       -0.0001925448
        2.1195375431        1.0180931785       -0.0001738891
        2.1195375431        1.0180529367       -0.0001757229
        1.9348642064        1.0219719578       -0.0001937465
        2.1195375431        1.0180444762       -0.0001751176
        1.9348642064        1.0219564238       -0.0001924860
        1.7305951571        1.0268877118       -0.0001713154
        1.9348642064        1.0219514215       -0.0001921409
        2.1195375431        1.0180413530       -0.0001749639
        1.9348642064        1.0219650938       -0.0001934831
        2.1195375431        1.0180451019       -0.0001759591
