#epsqw diagonal term
#1:q+G [au], 2:Re(eps-1), 3:Im(eps-1)
        2.1195375431        0.8960679693       -0.0195346205
        1.9348642064        0.8768563271       -0.0159597295
        2.1195375431        0.8959137150       -0.0196172328
        1.9348642064        0.8767993971       -0.0158666322
        1.7305951571        0.8518335430       -0.0114806331
        1.9348642064        0.8766496645       -0.0159900466
        2.1195375431        0.8958042877       -0.0195652717
        1.9348642064        0.8766945030       -0.0160507746
        2.1195375431        0.8959620053       -0.0197038236
        2.1195375431        0.8958909848       -0.0195458382
        1.9348642064        0.8769054215       -0.0159106546
        2.1195375431        0.8961172142       -0.0195274483
        2.1195375431        0.8963774625       -0.0206913860
        1.4987393697        0.7695965520       -0.0274409704
        1.2237155711        0.6728684826       -0.0252373771
        1.4987393697        0.7695483128       -0.0272857692
        2.1195375431        0.8964427159       -0.0207188404
        1.9348642064        0.8768496025       -0.0159193416
        1.2237155711        0.6725445505       -0.0262764648
        0.8652975786        0.4943712341       -0.0368557394
        1.2237155711        0.6729315524       -0.0264467379
        1.9348642064        0.8767338156       -0.0160969047
        2.1195375431        0.8966829002       -0.0206984391
        1.4987393697        0.7696796875       -0.0275284158
        1.2237155711        0.6733195737       -0.0254824826
        1.4987393697        0.7700859995       -0.0278992428
        2.1195375431        0.8965259149       -0.0209038617
        2.1195375431        0.8958521386       -0.0195138850
        1.9348642064        0.8767512764       -0.0160023122
        2.1195375431        0.8959716041       -0.0196197402
        1.9348642064        0.8766024011       -0.0159149833
        1.7305951571        0.8518957681       -0.0114662296
        1.9348642064        0.8767667215       -0.0157822737
        1.9348642064        0.8766483211       -0.0160673544
        1.2237155711        0.6726263057       -0.0263587493
        0.8652975786        0.4943904590       -0.0369177384
        1.2237155711        0.6721332072       -0.0262460526
        1.9348642064        0.8767820225       -0.0158905561
        1.7305951571        0.8518805805       -0.0119118486
        0.8652975786        0.4930563332       -0.0369438118
        0.0000000000        0.0851600818       -0.1200572927
        0.8652975786        0.4930572192       -0.0369449822
        1.7305951571        0.8518820332       -0.0119118728
        1.9348642064        0.8767810794       -0.0158906220
        1.2237155711        0.6721332255       -0.0262461113
        0.8652975786        0.4943914565       -0.0369191038
        1.2237155711        0.6726294997       -0.0263593525
        1.9348642064        0.8766499449       -0.0160677423
        1.9348642064        0.8767676852       -0.0157822221
        1.7305951571        0.8518972329       -0.0114662105
        1.9348642064        0.8766040508       -0.0159153029
        2.1195375431        0.8959711781       -0.0196195508
        1.9348642064        0.8767502767       -0.0160019455
        2.1195375431        0.8958518637       -0.0195137205
        2.1195375431        0.8965254492       -0.0209038384
        1.4987393697        0.7700851626       -0.0278993414
        1.2237155711        0.6733202657       -0.0254820039
        1.4987393697        0.7696800880       -0.0275284700
        2.1195375431        0.8966834759       -0.0206985526
        1.9348642064        0.8767331140       -0.0160966003
        1.2237155711        0.6729323735       -0.0264464784
        0.8652975786        0.4943735076       -0.0368546168
        1.2237155711        0.6725486789       -0.0262766983
        1.9348642064        0.8768515256       -0.0159193525
        2.1195375431        0.8964422852       -0.0207186104
        1.4987393697        0.7695485672       -0.0272858464
        1.2237155711        0.6728721134       -0.0252376506
        1.4987393697        0.7695983998       -0.0274410107
        2.1195375431        0.8963783579       -0.0206915808
        2.1195375431        0.8961176603       -0.0195275398
        1.9348642064        0.8769070471       -0.0159106621
        2.1195375431        0.8958919947       -0.0195460176
        2.1195375431        0.8959622233       -0.0197037200
        1.9348642064        0.8766955717       -0.0160504254
        2.1195375431        0.8958049635       -0.0195651886
        1.9348642064        0.8766505599       -0.0159897919
        1.7305951571        0.8518349921       -0.0114806734
        1.9348642064        0.8768012322       -0.0158667418
        2.1195375431        0.8959142670       -0.0196171116
        1.9348642064        0.8768580315       -0.0159599150
        2.1195375431        0.8960687505       -0.0195346185
