#epsqw diagonal term
#1:q+G [au], 2:Re(eps-1), 3:Im(eps-1)
        2.1195375431        0.9043366874       -0.0247456361
        1.9348642064        0.8694320295       -0.0268343212
        2.1195375431        0.9044476516       -0.0246600304
        1.9348642064        0.8694268868       -0.0267782935
        1.7305951571        0.8440563441       -0.0517241990
        1.9348642064        0.8693940997       -0.0268248065
        2.1195375431        0.9044579195       -0.0246213197
        1.9348642064        0.8694513116       -0.0268391310
        2.1195375431        0.9045139226       -0.0250147318
        2.1195375431        0.9050110993       -0.0245614057
        1.9348642064        0.8681415360       -0.0287343343
        2.1195375431        0.9051213305       -0.0244200080
        2.1195375431        0.9050860779       -0.0244436587
        1.4987393697        0.7712255309       -0.0683314665
        1.2237155711        0.6645014943       -0.1026471969
        1.4987393697        0.7716378257       -0.0676732303
        2.1195375431        0.9050704033       -0.0244583208
        1.9348642064        0.8680298677       -0.0287337727
        1.2237155711        0.6640994871       -0.1017975181
        0.8652975786        0.5602970789       -0.1336052636
        1.2237155711        0.6640987359       -0.1021662752
        1.9348642064        0.8680478566       -0.0285608689
        2.1195375431        0.9050061617       -0.0245157221
        1.4987393697        0.7716299451       -0.0679565352
        1.2237155711        0.6642145035       -0.1031427669
        1.4987393697        0.7712009633       -0.0676352269
        2.1195375431        0.9052205236       -0.0247465314
        2.1195375431        0.9050072807       -0.0245432900
        1.9348642064        0.8681807228       -0.0285002274
        2.1195375431        0.9053089677       -0.0245972280
        1.9348642064        0.8680014148       -0.0262786826
        1.7305951571        0.8064520058       -0.0320737990
        1.9348642064        0.8679676012       -0.0263390021
        1.9348642064        0.8678630690       -0.0262777234
        1.2237155711        0.6639735863       -0.0967041821
        0.8652975786        0.5623503708       -0.1319213261
        1.2237155711        0.6638908941       -0.0964383878
        1.9348642064        0.8677947936       -0.0263504914
        1.7305951571        0.8065575448       -0.0324567021
        0.8652975786        0.5614772864       -0.1322616885
        0.0000000000        0.3917373012       -0.5865519805
        0.8652975786        0.5614792302       -0.1322623233
        1.7305951571        0.8065590707       -0.0324566640
        1.9348642064        0.8677937817       -0.0263503611
        1.2237155711        0.6638908158       -0.0964381977
        0.8652975786        0.5623522705       -0.1319220751
        1.2237155711        0.6639777385       -0.0967052923
        1.9348642064        0.8678651135       -0.0262777820
        1.9348642064        0.8679686588       -0.0263391510
        1.7305951571        0.8064535925       -0.0320737761
        1.9348642064        0.8680033589       -0.0262789289
        2.1195375431        0.9053084646       -0.0245971941
        1.9348642064        0.8681794831       -0.0285000564
        2.1195375431        0.9050069552       -0.0245432127
        2.1195375431        0.9052199710       -0.0247465115
        1.4987393697        0.7712004823       -0.0676350231
        1.2237155711        0.6642141844       -0.1031428971
        1.4987393697        0.7716305113       -0.0679565602
        2.1195375431        0.9050066754       -0.0245157012
        1.9348642064        0.8680470005       -0.0285608758
        1.2237155711        0.6640986202       -0.1021660685
        0.8652975786        0.5602989281       -0.1336064294
        1.2237155711        0.6641037178       -0.1017984003
        1.9348642064        0.8680319920       -0.0287338292
        2.1195375431        0.9050698965       -0.0244582284
        1.4987393697        0.7716382809       -0.0676732580
        1.2237155711        0.6645054493       -0.1026482731
        1.4987393697        0.7712271172       -0.0683316058
        2.1195375431        0.9050872083       -0.0244437073
        2.1195375431        0.9051217758       -0.0244199631
        1.9348642064        0.8681433051       -0.0287345635
        2.1195375431        0.9050122670       -0.0245614996
        2.1195375431        0.9045142427       -0.0250146860
        1.9348642064        0.8694524034       -0.0268393568
        2.1195375431        0.9044586820       -0.0246213246
        1.9348642064        0.8693950065       -0.0268248557
        1.7305951571        0.8440577858       -0.0517241195
        1.9348642064        0.8694289209       -0.0267784156
        2.1195375431        0.9044483266       -0.0246599983
        1.9348642064        0.8694339577       -0.0268344369
        2.1195375431        0.9043375985       -0.0247456811
