#epsqw diagonal term
#1:q+G [au], 2:Re(eps-1), 3:Im(eps-1)
        2.1195375431        0.9021718945       -0.0039841021
        1.9348642064        0.8807098899       -0.0029051059
        2.1195375431        0.9020309349       -0.0042178123
        1.9348642064        0.8807239832       -0.0028793820
        1.7305951571        0.8508596580       -0.0013155371
        1.9348642064        0.8806789252       -0.0028603683
        2.1195375431        0.9019915525       -0.0041838687
        1.9348642064        0.8806716728       -0.0028951204
        2.1195375431        0.9022244041       -0.0039048302
        2.1195375431        0.9031177073       -0.0040286362
        1.9348642064        0.8807708744       -0.0028526703
        2.1195375431        0.9029962824       -0.0040977127
        2.1195375431        0.9018827022       -0.0041787704
        1.4987393697        0.7775875719       -0.0055287332
        1.2237155711        0.6786165873       -0.0045736427
        1.4987393697        0.7774587184       -0.0056548410
        2.1195375431        0.9018076788       -0.0042335008
        1.9348642064        0.8804358850       -0.0029586228
        1.2237155711        0.6781824730       -0.0047157902
        0.8652975786        0.5176438562       -0.0036341736
        1.2237155711        0.6782620246       -0.0046846957
        1.9348642064        0.8803820384       -0.0029346630
        2.1195375431        0.9017735451       -0.0041781137
        1.4987393697        0.7774124751       -0.0056072200
        1.2237155711        0.6786826678       -0.0045444024
        1.4987393697        0.7775790341       -0.0053717838
        2.1195375431        0.9019188351       -0.0040121624
        2.1195375431        0.9029792809       -0.0040625279
        1.9348642064        0.8807307779       -0.0028424261
        2.1195375431        0.9031523931       -0.0039251941
        1.9348642064        0.8807359303       -0.0027857127
        1.7305951571        0.8521873406       -0.0013158802
        1.9348642064        0.8807848638       -0.0028040789
        1.9348642064        0.8803855348       -0.0029437339
        1.2237155711        0.6783397618       -0.0045974438
        0.8652975786        0.5177552968       -0.0036014226
        1.2237155711        0.6782731031       -0.0046132517
        1.9348642064        0.8804418155       -0.0029664426
        1.7305951571        0.8508711673       -0.0013319322
        0.8652975786        0.5176726328       -0.0036762820
        0.0000000000        0.0927662230       -0.0078357439
        0.8652975786        0.5176742963       -0.0036764781
        1.7305951571        0.8508725325       -0.0013319858
        1.9348642064        0.8804409892       -0.0029663852
        1.2237155711        0.6782730917       -0.0046132452
        0.8652975786        0.5177570369       -0.0036015714
        1.2237155711        0.6783437062       -0.0045975574
        1.9348642064        0.8803872633       -0.0029437681
        1.9348642064        0.8807857044       -0.0028041271
        1.7305951571        0.8521887895       -0.0013158459
        1.9348642064        0.8807376581       -0.0027857496
        2.1195375431        0.9031519515       -0.0039251789
        1.9348642064        0.8807297007       -0.0028425036
        2.1195375431        0.9029789729       -0.0040625638
        2.1195375431        0.9019183615       -0.0040121701
        1.4987393697        0.7775785668       -0.0053717837
        1.2237155711        0.6786825822       -0.0045445654
        1.4987393697        0.7774130525       -0.0056072535
        2.1195375431        0.9017740393       -0.0041781326
        1.9348642064        0.8803813328       -0.0029346920
        1.2237155711        0.6782621074       -0.0046847996
        0.8652975786        0.5176458121       -0.0036340064
        1.2237155711        0.6781865848       -0.0047160213
        1.9348642064        0.8804377071       -0.0029587515
        2.1195375431        0.9018072681       -0.0042335603
        1.4987393697        0.7774590786       -0.0056548969
        1.2237155711        0.6786203193       -0.0045738656
        1.4987393697        0.7775893489       -0.0055287308
        2.1195375431        0.9018837089       -0.0041787568
        2.1195375431        0.9029967085       -0.0040977848
        1.9348642064        0.8807723775       -0.0028528298
        2.1195375431        0.9031187827       -0.0040286252
        2.1195375431        0.9022245674       -0.0039047900
        1.9348642064        0.8806726128       -0.0028951426
        2.1195375431        0.9019921648       -0.0041838506
        1.9348642064        0.8806797376       -0.0028603860
        1.7305951571        0.8508611597       -0.0013154857
        1.9348642064        0.8807258570       -0.0028793579
        2.1195375431        0.9020314445       -0.0042178147
        1.9348642064        0.8807116347       -0.0029050957
        2.1195375431        0.9021727208       -0.0039840543
