#epsqw diagonal term
#1:q+G [au], 2:Re(eps-1), 3:Im(eps-1)
        2.1195375431        0.9076196586       -0.0005587013
        1.9348642064        0.8870913949       -0.0005600438
        2.1195375431        0.9076998947       -0.0005556987
        1.9348642064        0.8870895969       -0.0005603380
        1.7305951571        0.8566994945       -0.0005600256
        1.9348642064        0.8870945406       -0.0005596552
        2.1195375431        0.9077063351       -0.0005552823
        1.9348642064        0.8870960114       -0.0005593727
        2.1195375431        0.9076809129       -0.0005563154
        2.1195375431        0.9077062311       -0.0005561828
        1.9348642064        0.8871171673       -0.0005601678
        2.1195375431        0.9076291673       -0.0005588263
        2.1195375431        0.9084142273       -0.0005517548
        1.4987393697        0.7875426286       -0.0009266661
        1.2237155711        0.6923548661       -0.0011473389
        1.4987393697        0.7875455679       -0.0009264891
        2.1195375431        0.9084147993       -0.0005517406
        1.9348642064        0.8870901815       -0.0005594416
        1.2237155711        0.6923298951       -0.0011497641
        0.8652975786        0.5379295292       -0.0015764893
        1.2237155711        0.6924021834       -0.0011479020
        1.9348642064        0.8870952954       -0.0005587774
        2.1195375431        0.9083420519       -0.0005540170
        1.4987393697        0.7875427864       -0.0009261335
        1.2237155711        0.6924272093       -0.0011454528
        1.4987393697        0.7875507096       -0.0009263399
        2.1195375431        0.9084004866       -0.0005517065
        2.1195375431        0.9077140140       -0.0005557466
        1.9348642064        0.8871212570       -0.0005595025
        2.1195375431        0.9076888898       -0.0005564190
        1.9348642064        0.8871088588       -0.0005602585
        1.7305951571        0.8567386599       -0.0005600287
        1.9348642064        0.8871069571       -0.0005609355
        1.9348642064        0.8870912392       -0.0005592052
        1.2237155711        0.6924161354       -0.0011484452
        0.8652975786        0.5379677339       -0.0015767888
        1.2237155711        0.6923502409       -0.0011502416
        1.9348642064        0.8870884917       -0.0005598677
        1.7305951571        0.8583104234       -0.0005762530
        0.8652975786        0.5380162070       -0.0015824039
        0.0000000000        0.1335558728       -0.0020673119
        0.8652975786        0.5380180867       -0.0015824095
        1.7305951571        0.8583118314       -0.0005762514
        1.9348642064        0.8870876023       -0.0005598682
        1.2237155711        0.6923502091       -0.0011502414
        0.8652975786        0.5379696561       -0.0015767945
        1.2237155711        0.6924202346       -0.0011484469
        1.9348642064        0.8870930240       -0.0005592032
        1.9348642064        0.8871078570       -0.0005609349
        1.7305951571        0.8567401234       -0.0005600272
        1.9348642064        0.8871106240       -0.0005602563
        2.1195375431        0.9076884062       -0.0005564194
        1.9348642064        0.8871201313       -0.0005595034
        2.1195375431        0.9077137224       -0.0005557459
        2.1195375431        0.9083999952       -0.0005517071
        1.4987393697        0.7875501922       -0.0009263401
        1.2237155711        0.6924270374       -0.0011454528
        1.4987393697        0.7875433246       -0.0009261332
        2.1195375431        0.9083425091       -0.0005540166
        1.9348642064        0.8870945386       -0.0005587780
        1.2237155711        0.6924021755       -0.0011479018
        0.8652975786        0.5379314411       -0.0015764944
        1.2237155711        0.6923341253       -0.0011497656
        1.9348642064        0.8870920753       -0.0005594394
        2.1195375431        0.9084143780       -0.0005517404
        1.4987393697        0.7875459884       -0.0009264890
        1.2237155711        0.6923586479       -0.0011473406
        1.4987393697        0.7875443588       -0.0009266648
        2.1195375431        0.9084152116       -0.0005517531
        2.1195375431        0.9076295743       -0.0005588259
        1.9348642064        0.8871187245       -0.0005601661
        2.1195375431        0.9077072601       -0.0005561808
        2.1195375431        0.9076811101       -0.0005563159
        1.9348642064        0.8870969421       -0.0005593720
        2.1195375431        0.9077069626       -0.0005552819
        1.9348642064        0.8870953363       -0.0005596545
        1.7305951571        0.8567009492       -0.0005600238
        1.9348642064        0.8870914389       -0.0005603356
        2.1195375431        0.9077004580       -0.0005556983
        1.9348642064        0.8870931051       -0.0005600417
        2.1195375431        0.9076204940       -0.0005586998
