#epsqw diagonal term
#1:q+G [au], 2:Re(eps-1), 3:Im(eps-1)
        2.1195375431        0.9075712699       -0.0005626869
        1.9348642064        0.8870520217       -0.0005628633
        2.1195375431        0.9076539790       -0.0005595500
        1.9348642064        0.8870483942       -0.0005632094
        1.7305951571        0.8566709965       -0.0005613957
        1.9348642064        0.8870536402       -0.0005625007
        2.1195375431        0.9076570650       -0.0005592046
        1.9348642064        0.8870566787       -0.0005621705
        2.1195375431        0.9076331535       -0.0005602244
        2.1195375431        0.9083755576       -0.0005564746
        1.9348642064        0.8870832818       -0.0005628509
        2.1195375431        0.9082938366       -0.0005592699
        2.1195375431        0.9076496980       -0.0005593116
        1.4987393697        0.7874741719       -0.0009314815
        1.2237155711        0.6922945418       -0.0011546369
        1.4987393697        0.7874680160       -0.0009313922
        2.1195375431        0.9076524106       -0.0005592478
        1.9348642064        0.8870437195       -0.0005624209
        1.2237155711        0.6922388770       -0.0011510770
        0.8652975786        0.5378245381       -0.0015809586
        1.2237155711        0.6923122301       -0.0011492421
        1.9348642064        0.8870487231       -0.0005617390
        2.1195375431        0.9075811267       -0.0005615412
        1.4987393697        0.7874842537       -0.0009307987
        1.2237155711        0.6923664432       -0.0011526276
        1.4987393697        0.7874831763       -0.0009310923
        2.1195375431        0.9076417722       -0.0005591368
        2.1195375431        0.9083818297       -0.0005560641
        1.9348642064        0.8870877853       -0.0005621575
        2.1195375431        0.9083530744       -0.0005567795
        1.9348642064        0.8870744472       -0.0005629695
        1.7305951571        0.8583360399       -0.0005776124
        1.9348642064        0.8870720080       -0.0005636768
        1.9348642064        0.8870452647       -0.0005621758
        1.2237155711        0.6923404422       -0.0011527157
        0.8652975786        0.5379552266       -0.0015869711
        1.2237155711        0.6922741596       -0.0011545497
        1.9348642064        0.8870427256       -0.0005628547
        1.7305951571        0.8566545405       -0.0005614687
        0.8652975786        0.5378170049       -0.0015811825
        0.0000000000        0.1332901392       -0.0020805274
        0.8652975786        0.5378188919       -0.0015811883
        1.7305951571        0.8566559686       -0.0005614673
        1.9348642064        0.8870418372       -0.0005628553
        1.2237155711        0.6922741307       -0.0011545498
        0.8652975786        0.5379571395       -0.0015869765
        1.2237155711        0.6923445389       -0.0011527173
        1.9348642064        0.8870470494       -0.0005621738
        1.9348642064        0.8870729083       -0.0005636762
        1.7305951571        0.8583374824       -0.0005776108
        1.9348642064        0.8870762113       -0.0005629673
        2.1195375431        0.9083525828       -0.0005567799
        1.9348642064        0.8870866587       -0.0005621584
        2.1195375431        0.9083815141       -0.0005560633
        2.1195375431        0.9076412882       -0.0005591374
        1.4987393697        0.7874826620       -0.0009310925
        1.2237155711        0.6923662703       -0.0011526275
        1.4987393697        0.7874848201       -0.0009307984
        2.1195375431        0.9075815752       -0.0005615407
        1.9348642064        0.8870479674       -0.0005617395
        1.2237155711        0.6923122243       -0.0011492420
        0.8652975786        0.5378264497       -0.0015809637
        1.2237155711        0.6922431079       -0.0011510787
        1.9348642064        0.8870456134       -0.0005624187
        2.1195375431        0.9076520141       -0.0005592476
        1.4987393697        0.7874684082       -0.0009313921
        1.2237155711        0.6922983220       -0.0011546386
        1.4987393697        0.7874759018       -0.0009314803
        2.1195375431        0.9076506705       -0.0005593100
        2.1195375431        0.9082942495       -0.0005592694
        1.9348642064        0.8870848388       -0.0005628493
        2.1195375431        0.9083765979       -0.0005564727
        2.1195375431        0.9076333507       -0.0005602249
        1.9348642064        0.8870576096       -0.0005621698
        2.1195375431        0.9076576922       -0.0005592041
        1.9348642064        0.8870544360       -0.0005625000
        1.7305951571        0.8566724519       -0.0005613939
        1.9348642064        0.8870502359       -0.0005632070
        2.1195375431        0.9076545426       -0.0005595497
        1.9348642064        0.8870537321       -0.0005628612
        2.1195375431        0.9075721029       -0.0005626853
