#epsqw diagonal term
#1:q+G [au], 2:Re(eps-1), 3:Im(eps-1)
        2.1195375431        0.9073339068       -0.0005831998
        1.9348642064        0.8868560740       -0.0005772493
        2.1195375431        0.9074182441       -0.0005796238
        1.9348642064        0.8868536537       -0.0005776564
        1.7305951571        0.8565345934       -0.0005680764
        1.9348642064        0.8868596055       -0.0005768201
        2.1195375431        0.9074254194       -0.0005791019
        1.9348642064        0.8868616630       -0.0005764315
        2.1195375431        0.9073985292       -0.0005803227
        2.1195375431        0.9074234132       -0.0005803295
        1.9348642064        0.8868814036       -0.0005774643
        2.1195375431        0.9073430988       -0.0005833824
        2.1195375431        0.9081322217       -0.0005759467
        1.4987393697        0.7871449499       -0.0009559705
        1.2237155711        0.6919149706       -0.0011733666
        1.4987393697        0.7871482527       -0.0009557279
        2.1195375431        0.9081327805       -0.0005759414
        1.9348642064        0.8868559241       -0.0005765116
        1.2237155711        0.6918891201       -0.0011754424
        0.8652975786        0.5373228683       -0.0016026684
        1.2237155711        0.6919637523       -0.0011733317
        1.9348642064        0.8868619978       -0.0005757037
        2.1195375431        0.9080574902       -0.0005785204
        1.4987393697        0.7871462691       -0.0009552558
        1.2237155711        0.6919897260       -0.0011712138
        1.4987393697        0.7871543242       -0.0009553878
        2.1195375431        0.9081192614       -0.0005757017
        2.1195375431        0.9074319148       -0.0005797980
        1.9348642064        0.8868864570       -0.0005766535
        2.1195375431        0.9074063506       -0.0005804382
        1.9348642064        0.8868725597       -0.0005776702
        1.7305951571        0.8565736626       -0.0005680889
        1.9348642064        0.8868696507       -0.0005785003
        1.9348642064        0.8868570727       -0.0005762850
        1.2237155711        0.6919763503       -0.0011741395
        0.8652975786        0.5373607033       -0.0016029995
        1.2237155711        0.6919082426       -0.0011761703
        1.9348642064        0.8868533577       -0.0005770921
        1.7305951571        0.8581333375       -0.0005847085
        0.8652975786        0.5374036476       -0.0016087325
        0.0000000000        0.1321112146       -0.0021438069
        0.8652975786        0.5374055236       -0.0016087383
        1.7305951571        0.8581347440       -0.0005847069
        1.9348642064        0.8868524694       -0.0005770925
        1.2237155711        0.6919082109       -0.0011761701
        0.8652975786        0.5373626218       -0.0016030053
        1.2237155711        0.6919804446       -0.0011741414
        1.9348642064        0.8868588562       -0.0005762830
        1.9348642064        0.8868705496       -0.0005784998
        1.7305951571        0.8565751244       -0.0005680874
        1.9348642064        0.8868743237       -0.0005776681
        2.1195375431        0.9074058678       -0.0005804385
        1.9348642064        0.8868853326       -0.0005766543
        2.1195375431        0.9074316243       -0.0005797972
        2.1195375431        0.9081187707       -0.0005757023
        1.4987393697        0.7871538101       -0.0009553881
        1.2237155711        0.6919895555       -0.0011712139
        1.4987393697        0.7871468072       -0.0009552555
        2.1195375431        0.9080579473       -0.0005785200
        1.9348642064        0.8868612422       -0.0005757042
        1.2237155711        0.6919637461       -0.0011733315
        0.8652975786        0.5373247780       -0.0016026735
        1.2237155711        0.6918933467       -0.0011754442
        1.9348642064        0.8868578168       -0.0005765095
        2.1195375431        0.9081323600       -0.0005759411
        1.4987393697        0.7871486731       -0.0009557278
        1.2237155711        0.6919187491       -0.0011733686
        1.4987393697        0.7871466791       -0.0009559694
        2.1195375431        0.9081332059       -0.0005759451
        2.1195375431        0.9073435058       -0.0005833820
        1.9348642064        0.8868829598       -0.0005774627
        2.1195375431        0.9074244422       -0.0005803275
        2.1195375431        0.9073987259       -0.0005803233
        1.9348642064        0.8868625935       -0.0005764308
        2.1195375431        0.9074260465       -0.0005791015
        1.9348642064        0.8868604011       -0.0005768195
        1.7305951571        0.8565360495       -0.0005680746
        1.9348642064        0.8868554954       -0.0005776541
        2.1195375431        0.9074188071       -0.0005796234
        1.9348642064        0.8868577838       -0.0005772473
        2.1195375431        0.9073347419       -0.0005831983
