#epsqw diagonal term
#1:q+G [au], 2:Re(eps-1), 3:Im(eps-1)
        2.1195375431        1.0049719153       -0.0000162297
        1.9348642064        1.0063241133       -0.0000208065
        2.1195375431        1.0049724907       -0.0000162307
        1.9348642064        1.0063239160       -0.0000208079
        1.7305951571        1.0082006260       -0.0000268966
        1.9348642064        1.0063252724       -0.0000208118
        2.1195375431        1.0049723711       -0.0000162304
        1.9348642064        1.0063254449       -0.0000208100
        2.1195375431        1.0049734925       -0.0000162332
        2.1195375431        1.0049710584       -0.0000162268
        1.9348642064        1.0063217949       -0.0000208000
        2.1195375431        1.0049707130       -0.0000162262
        2.1195375431        1.0049785174       -0.0000162756
        1.4987393697        1.0109329814       -0.0000406130
        1.2237155711        1.0150306590       -0.0000598357
        1.4987393697        1.0109324389       -0.0000406124
        2.1195375431        1.0049786651       -0.0000162758
        1.9348642064        1.0063275550       -0.0000208218
        1.2237155711        1.0150597459       -0.0000600179
        0.8652975786        1.0211206793       -0.0000931649
        1.2237155711        1.0150606527       -0.0000600126
        1.9348642064        1.0063288016       -0.0000208254
        2.1195375431        1.0049780938       -0.0000162748
        1.4987393697        1.0109324258       -0.0000406122
        1.2237155711        1.0150316648       -0.0000598301
        1.4987393697        1.0109350428       -0.0000406158
        2.1195375431        1.0049796278       -0.0000162782
        2.1195375431        1.0049711043       -0.0000162267
        1.9348642064        1.0063229405       -0.0000208034
        2.1195375431        1.0049722886       -0.0000162297
        1.9348642064        1.0063230999       -0.0000208059
        1.7305951571        1.0081967139       -0.0000268859
        1.9348642064        1.0063217502       -0.0000208018
        1.9348642064        1.0063290390       -0.0000208254
        1.2237155711        1.0150589010       -0.0000600070
        0.8652975786        1.0211176798       -0.0000931481
        1.2237155711        1.0150570251       -0.0000600098
        1.9348642064        1.0063276143       -0.0000208212
        1.7305951571        1.0082472939       -0.0000272272
        0.8652975786        1.0211389252       -0.0000932506
        0.0000000000        1.0355874207       -0.0002553805
        0.8652975786        1.0211359057       -0.0000932445
        1.7305951571        1.0082470423       -0.0000272266
        1.9348642064        1.0063278727       -0.0000208218
        1.2237155711        1.0150570471       -0.0000600098
        0.8652975786        1.0211146750       -0.0000931422
        1.2237155711        1.0150576887       -0.0000600036
        1.9348642064        1.0063288381       -0.0000208248
        1.9348642064        1.0063214874       -0.0000208012
        1.7305951571        1.0081964665       -0.0000268854
        1.9348642064        1.0063229088       -0.0000208052
        2.1195375431        1.0049724434       -0.0000162300
        1.9348642064        1.0063230843       -0.0000208039
        2.1195375431        1.0049710463       -0.0000162266
        2.1195375431        1.0049797713       -0.0000162785
        1.4987393697        1.0109356308       -0.0000406170
        1.2237155711        1.0150324202       -0.0000598320
        1.4987393697        1.0109328834       -0.0000406129
        2.1195375431        1.0049780289       -0.0000162747
        1.9348642064        1.0063289127       -0.0000208258
        1.2237155711        1.0150613801       -0.0000600146
        0.8652975786        1.0211228534       -0.0000931683
        1.2237155711        1.0150592583       -0.0000600165
        1.9348642064        1.0063272171       -0.0000208210
        2.1195375431        1.0049786026       -0.0000162758
        1.4987393697        1.0109329172       -0.0000406131
        1.2237155711        1.0150302507       -0.0000598343
        1.4987393697        1.0109323142       -0.0000406118
        2.1195375431        1.0049785364       -0.0000162755
        2.1195375431        1.0049706506       -0.0000162260
        1.9348642064        1.0063214855       -0.0000207992
        2.1195375431        1.0049710805       -0.0000162267
        2.1195375431        1.0049735537       -0.0000162333
        1.9348642064        1.0063253974       -0.0000208100
        2.1195375431        1.0049722482       -0.0000162301
        1.9348642064        1.0063252363       -0.0000208118
        1.7305951571        1.0082005048       -0.0000268962
        1.9348642064        1.0063239198       -0.0000208078
        2.1195375431        1.0049723754       -0.0000162304
        1.9348642064        1.0063241382       -0.0000208065
        2.1195375431        1.0049718502       -0.0000162296
