#epsqw diagonal term
#1:q+G [au], 2:Re(eps-1), 3:Im(eps-1)
        2.1195375431        1.0224930906       -0.0025424720
        1.9348642064        1.0273925691       -0.0022195789
        2.1195375431        1.0224618213       -0.0025122390
        1.9348642064        1.0273857295       -0.0022009678
        1.7305951571        1.0344747145       -0.0014032445
        1.9348642064        1.0273424038       -0.0021691632
        2.1195375431        1.0224619062       -0.0025129125
        1.9348642064        1.0273475012       -0.0021898342
        2.1195375431        1.0224396670       -0.0024387710
        2.1195375431        1.0223304665       -0.0025905962
        1.9348642064        1.0272990009       -0.0022432909
        2.1195375431        1.0223312603       -0.0025933403
        2.1195375431        1.0223250840       -0.0025836693
        1.4987393697        1.0441947590       -0.0016912055
        1.2237155711        1.0583878812       -0.0017577110
        1.4987393697        1.0441942963       -0.0016888548
        2.1195375431        1.0223147068       -0.0025721668
        1.9348642064        1.0272946535       -0.0022292373
        1.2237155711        1.0583855618       -0.0017588280
        0.8652975786        1.0786395878       -0.0016652922
        1.2237155711        1.0583890005       -0.0017544734
        1.9348642064        1.0272597628       -0.0021991949
        2.1195375431        1.0223300738       -0.0025872180
        1.4987393697        1.0441934446       -0.0016889691
        1.2237155711        1.0583903638       -0.0017549715
        1.4987393697        1.0441781485       -0.0016714634
        2.1195375431        1.0223028525       -0.0024983898
        2.1195375431        1.0223200926       -0.0025797404
        1.9348642064        1.0272662614       -0.0022151692
        2.1195375431        1.0223118638       -0.0025049888
        1.9348642064        1.0272548597       -0.0022702760
        1.7305951571        1.0337549223       -0.0014320744
        1.9348642064        1.0272889336       -0.0022899353
        1.9348642064        1.0272570786       -0.0022737004
        1.2237155711        1.0579562351       -0.0017530155
        0.8652975786        1.0782917521       -0.0017418769
        1.2237155711        1.0579624479       -0.0017507692
        1.9348642064        1.0272950979       -0.0022932571
        1.7305951571        1.0337629205       -0.0014331462
        0.8652975786        1.0783090061       -0.0017274061
        0.0000000000        1.1317018266       -0.0013012939
        0.8652975786        1.0783075509       -0.0017274184
        1.7305951571        1.0337622217       -0.0014331455
        1.9348642064        1.0272954307       -0.0022932596
        1.2237155711        1.0579624243       -0.0017507713
        0.8652975786        1.0782903098       -0.0017418986
        1.2237155711        1.0579546948       -0.0017530172
        1.9348642064        1.0272563990       -0.0022736877
        1.9348642064        1.0272885890       -0.0022899329
        1.7305951571        1.0337542108       -0.0014320730
        1.9348642064        1.0272542019       -0.0022702672
        2.1195375431        1.0223122774       -0.0025049942
        1.9348642064        1.0272666568       -0.0022151732
        2.1195375431        1.0223201373       -0.0025797384
        2.1195375431        1.0223032491       -0.0024984007
        1.4987393697        1.0441783211       -0.0016714639
        1.2237155711        1.0583904615       -0.0017549718
        1.4987393697        1.0441933120       -0.0016889684
        2.1195375431        1.0223296432       -0.0025872080
        1.9348642064        1.0272600273       -0.0021991965
        1.2237155711        1.0583889944       -0.0017544755
        0.8652975786        1.0786382050       -0.0016653053
        1.2237155711        1.0583839723       -0.0017588350
        1.9348642064        1.0272939457       -0.0022292244
        2.1195375431        1.0223147533       -0.0025721629
        1.4987393697        1.0441941712       -0.0016888502
        1.2237155711        1.0583865085       -0.0017577117
        1.4987393697        1.0441942103       -0.0016911997
        2.1195375431        1.0223248502       -0.0025836462
        2.1195375431        1.0223308575       -0.0025933278
        1.9348642064        1.0272983855       -0.0022432759
        2.1195375431        1.0223302130       -0.0025905759
        2.1195375431        1.0224393037       -0.0024387674
        1.9348642064        1.0273471667       -0.0021898272
        2.1195375431        1.0224617425       -0.0025129000
        1.9348642064        1.0273421087       -0.0021691556
        1.7305951571        1.0344740512       -0.0014032416
        1.9348642064        1.0273850732       -0.0022009530
        2.1195375431        1.0224616611       -0.0025122193
        1.9348642064        1.0273919367       -0.0022195590
        2.1195375431        1.0224925403       -0.0025424410
