#epsqw diagonal term
#1:q+G [au], 2:Re(eps-1), 3:Im(eps-1)
        2.1195375431        0.9316946649       -0.0747232662
        1.9348642064        0.9166457546       -0.1107427452
        2.1195375431        0.9323378583       -0.0745923120
        1.9348642064        0.9165856911       -0.1108590039
        1.7305951571        0.9203882406       -0.1815549728
        1.9348642064        0.9177568827       -0.1099890688
        2.1195375431        0.9325291849       -0.0749533949
        1.9348642064        0.9175959100       -0.1101264301
        2.1195375431        0.9330316580       -0.0752330106
        2.1195375431        0.9327455720       -0.0742524392
        1.9348642064        0.9072631452       -0.1128085547
        2.1195375431        0.9318364557       -0.0742015966
        2.1195375431        0.9327197654       -0.0747456395
        1.4987393697        0.8611540909       -0.2161263476
        1.2237155711        0.7061327985       -0.3955023187
        1.4987393697        0.8600438915       -0.2158228722
        2.1195375431        0.9325557010       -0.0744747631
        1.9348642064        0.9166674354       -0.1114059913
        1.2237155711        0.7139870480       -0.4221334522
        0.8652975786        0.3853677430       -0.6467420273
        1.2237155711        0.7125256637       -0.4240849325
        1.9348642064        0.9179550681       -0.1105849582
        2.1195375431        0.9317720840       -0.0747159065
        1.4987393697        0.8612095742       -0.2160766535
        1.2237155711        0.7043606790       -0.3991739176
        1.4987393697        0.8597249235       -0.2160131301
        2.1195375431        0.9329844829       -0.0750137521
        2.1195375431        0.9326892341       -0.0743515112
        1.9348642064        0.9085543732       -0.1126236744
        2.1195375431        0.9331384934       -0.0749440477
        1.9348642064        0.9089830209       -0.1123360669
        1.7305951571        0.9008011329       -0.1247933949
        1.9348642064        0.9074599679       -0.1125314858
        1.9348642064        0.9178323976       -0.1102805918
        1.2237155711        0.7061099014       -0.3976674767
        0.8652975786        0.3932285516       -0.5546753643
        1.2237155711        0.7067830955       -0.3947914373
        1.9348642064        0.9166230898       -0.1109140699
        1.7305951571        0.9217518862       -0.1825289394
        0.8652975786        0.3810357714       -0.6430577794
        0.0000000000       -0.1889181059       -0.6955432343
        0.8652975786        0.3810281400       -0.6430636057
        1.7305951571        0.9217544407       -0.1825295722
        1.9348642064        0.9166213778       -0.1109138808
        1.2237155711        0.7067835045       -0.3947919918
        0.8652975786        0.3932230497       -0.5546836917
        1.2237155711        0.7061148137       -0.3976791168
        1.9348642064        0.9178357463       -0.1102819700
        1.9348642064        0.9074604659       -0.1125314979
        1.7305951571        0.9008031004       -0.1247932633
        1.9348642064        0.9089860152       -0.1123366663
        2.1195375431        0.9331378022       -0.0749442079
        1.9348642064        0.9085526380       -0.1126229954
        2.1195375431        0.9326882226       -0.0743509103
        2.1195375431        0.9329835334       -0.0750139369
        1.4987393697        0.8597250787       -0.2160128719
        1.2237155711        0.7043603976       -0.3991738478
        1.4987393697        0.8612131857       -0.2160773556
        2.1195375431        0.9317726939       -0.0747156383
        1.9348642064        0.9179537968       -0.1105848963
        1.2237155711        0.7125257606       -0.4240848087
        0.8652975786        0.3853586884       -0.6467480415
        1.2237155711        0.7139928257       -0.4221445841
        1.9348642064        0.9166710262       -0.1114074481
        2.1195375431        0.9325544409       -0.0744744495
        1.4987393697        0.8600436618       -0.2158232170
        1.2237155711        0.7061369398       -0.3955128349
        1.4987393697        0.8611572742       -0.2161273151
        2.1195375431        0.9327218532       -0.0747458210
        2.1195375431        0.9318368801       -0.0742012557
        1.9348642064        0.9072661938       -0.1128095848
        2.1195375431        0.9327479540       -0.0742528399
        2.1195375431        0.9330318664       -0.0752330218
        1.9348642064        0.9175976035       -0.1101267696
        2.1195375431        0.9325306838       -0.0749537767
        1.9348642064        0.9177584913       -0.1099892826
        1.7305951571        0.9203915886       -0.1815553096
        1.9348642064        0.9165889588       -0.1108602744
        2.1195375431        0.9323392190       -0.0745928461
        1.9348642064        0.9166492329       -0.1107440353
        2.1195375431        0.9316958571       -0.0747230577
