#epsqw diagonal term
#1:q+G [au], 2:Re(eps-1), 3:Im(eps-1)
        2.1195375431        0.9212868156       -0.0252238519
        1.9348642064        0.8911428267       -0.0283439867
        2.1195375431        0.9211691834       -0.0253932763
        1.9348642064        0.8918809177       -0.0286785440
        1.7305951571        0.8504180933       -0.0228982318
        1.9348642064        0.8920316052       -0.0282475556
        2.1195375431        0.9212634311       -0.0254440895
        1.9348642064        0.8912605616       -0.0279555697
        2.1195375431        0.9213957437       -0.0253041235
        2.1195375431        0.9211833414       -0.0253195791
        1.9348642064        0.8912053864       -0.0285402427
        2.1195375431        0.9213906738       -0.0254106163
        2.1195375431        0.9223677716       -0.0251878111
        1.4987393697        0.7782094875       -0.0347626628
        1.2237155711        0.6607132693       -0.0608024867
        1.4987393697        0.7784672983       -0.0348650215
        2.1195375431        0.9222268602       -0.0250935064
        1.9348642064        0.8919680578       -0.0276626321
        1.2237155711        0.6592026583       -0.0651256429
        0.8652975786        0.5029051192       -0.1290037506
        1.2237155711        0.6599243603       -0.0647318042
        1.9348642064        0.8918972862       -0.0272059717
        2.1195375431        0.9224710431       -0.0251049556
        1.4987393697        0.7781503931       -0.0347616813
        1.2237155711        0.6611436512       -0.0603053617
        1.4987393697        0.7779777891       -0.0348639209
        2.1195375431        0.9225485424       -0.0251191422
        2.1195375431        0.9211676852       -0.0253315069
        1.9348642064        0.8913285605       -0.0281669161
        2.1195375431        0.9216021899       -0.0255354374
        1.9348642064        0.8920670681       -0.0284288039
        1.7305951571        0.8503570433       -0.0226063897
        1.9348642064        0.8918624794       -0.0287189483
        1.9348642064        0.8918959605       -0.0272556772
        1.2237155711        0.6597537459       -0.0642540167
        0.8652975786        0.5029483455       -0.1260453729
        1.2237155711        0.6593483275       -0.0647011761
        1.9348642064        0.8917681669       -0.0274897137
        1.7305951571        0.8474025366       -0.0413266875
        0.8652975786        0.5218311848       -0.1234340893
        0.0000000000       -0.0589456350       -0.3701637671
        0.8652975786        0.5218330041       -0.1234348677
        1.7305951571        0.8474039868       -0.0413267909
        1.9348642064        0.8917672796       -0.0274897623
        1.2237155711        0.6593483130       -0.0647012448
        0.8652975786        0.5029500342       -0.1260462889
        1.2237155711        0.6597577560       -0.0642548663
        1.9348642064        0.8918979473       -0.0272558208
        1.9348642064        0.8918635568       -0.0287189555
        1.7305951571        0.8503585376       -0.0226064432
        1.9348642064        0.8920689835       -0.0284289822
        2.1195375431        0.9216017884       -0.0255353501
        1.9348642064        0.8913274995       -0.0281671880
        2.1195375431        0.9211673210       -0.0253314412
        2.1195375431        0.9225480671       -0.0251190953
        1.4987393697        0.7779772319       -0.0348638830
        1.2237155711        0.6611435008       -0.0603053080
        1.4987393697        0.7781509909       -0.0347616919
        2.1195375431        0.9224715121       -0.0251049830
        1.9348642064        0.8918965288       -0.0272059813
        1.2237155711        0.6599243967       -0.0647318522
        0.8652975786        0.5029068230       -0.1290047199
        1.2237155711        0.6592069504       -0.0651264970
        1.9348642064        0.8919701983       -0.0276627221
        2.1195375431        0.9222264156       -0.0250934269
        1.4987393697        0.7784677094       -0.0348651234
        1.2237155711        0.6607169856       -0.0608032603
        1.4987393697        0.7782113105       -0.0347627927
        2.1195375431        0.9223688650       -0.0251878595
        2.1195375431        0.9213911745       -0.0254105922
        1.9348642064        0.8912071034       -0.0285406107
        2.1195375431        0.9211844396       -0.0253195562
        2.1195375431        0.9213960365       -0.0253041763
        1.9348642064        0.8912615904       -0.0279553843
        2.1195375431        0.9212641659       -0.0254441497
        1.9348642064        0.8920325342       -0.0282475255
        1.7305951571        0.8504195598       -0.0228982880
        1.9348642064        0.8918829161       -0.0286786983
        2.1195375431        0.9211697743       -0.0253933499
        1.9348642064        0.8911446510       -0.0283442488
        2.1195375431        0.9212876528       -0.0252238476
