#epsqw diagonal term
#1:q+G [au], 2:Re(eps-1), 3:Im(eps-1)
        1.9878840013        0.8834297755       -0.0214466710
        1.9878840013        0.8836567535       -0.0213024873
        1.9878840013        0.8838062611       -0.0214961328
        1.5665896092        0.7949608399       -0.0284593826
        1.5665896092        0.7946095492       -0.0283533722
        1.9878840013        0.8838997007       -0.0213797115
        1.9878840013        0.8839353460       -0.0213400782
        1.5665896092        0.7948239968       -0.0283840232
        1.5665896092        0.7949524491       -0.0289592809
        1.9878840013        0.8837845972       -0.0213191981
        1.9878840013        0.8837922100       -0.0212443695
        1.9878840013        0.8837389259       -0.0213147195
        1.9240849348        0.8734025286       -0.0222501435
        1.4847973051        0.7682046650       -0.0361806637
        1.4847973051        0.7684533090       -0.0361671848
        1.9240849348        0.8733133392       -0.0222688063
        1.4847973051        0.7682587690       -0.0364563650
        0.8409180925        0.4663435903       -0.0510888573
        0.8409180925        0.4676424798       -0.0505347601
        1.4847973051        0.7685419875       -0.0365044417
        1.4847973051        0.7683744376       -0.0361627016
        0.8409180925        0.4676149693       -0.0508593786
        0.8409180925        0.4662156604       -0.0515426599
        1.4847973051        0.7679015779       -0.0363924369
        1.9240849348        0.8732268256       -0.0223259612
        1.4847973051        0.7685049253       -0.0364466705
        1.4847973051        0.7680407536       -0.0364111063
        1.9240849348        0.8734747436       -0.0225775069
        2.2248601459        0.9178925818       -0.0189916144
        2.2248601459        0.9173834883       -0.0188963944
        1.8580965717        0.8648761202       -0.0226388059
        1.3982285474        0.7430299323       -0.0400237999
        1.3982285474        0.7428460651       -0.0399124832
        1.8580965717        0.8646596604       -0.0228373258
        2.2248601459        0.9179401963       -0.0189967709
        1.3982285474        0.7430382521       -0.0400381570
        0.6764342332        0.3670163078       -0.0930046391
        0.6764342332        0.3685777339       -0.0901605108
        1.3982285474        0.7425476418       -0.0398167458
        2.2248601459        0.9177478976       -0.0190848121
        2.2248601459        0.9174000142       -0.0189089601
        1.3982285474        0.7428871376       -0.0399875648
        0.6764342332        0.3686892198       -0.0896947181
        0.6764342332        0.3667026362       -0.0885295836
        1.3982285474        0.7421615183       -0.0396320897
        2.2248601459        0.9177518433       -0.0190092330
        1.8580965717        0.8647071970       -0.0227971455
        1.3982285474        0.7424784114       -0.0397620661
        1.3982285474        0.7419918598       -0.0395034649
        1.8580965717        0.8648418735       -0.0232448010
        2.2248601459        0.9177900362       -0.0191405771
        2.2248601459        0.9178800073       -0.0190482979
        2.1680458257        0.9093733566       -0.0167039494
        1.7896767594        0.8514714131       -0.0246709947
        1.7896767594        0.8516439460       -0.0248656345
        2.1680458257        0.9091908141       -0.0165692843
        1.7896767594        0.8515525323       -0.0248415964
        1.3059338055        0.7123502692       -0.0409777383
        1.3059338055        0.7128483838       -0.0413709003
        1.7896767594        0.8513686126       -0.0247724038
        1.7896767594        0.8517800880       -0.0251486365
        1.3059338055        0.7126636639       -0.0413801178
        1.3059338055        0.7128401210       -0.0421744987
        1.7896767594        0.8514131775       -0.0249909460
        2.1680458257        0.9091786108       -0.0165675078
        1.7896767594        0.8512360928       -0.0244826314
        1.7896767594        0.8512611540       -0.0246881002
        2.1680458257        0.9092126262       -0.0166835568
        2.1097020490        0.8994803107       -0.0225730591
        2.1097020490        0.8993652465       -0.0220549100
        2.1097020490        0.8992371656       -0.0220380297
        2.1097020490        0.8992788286       -0.0222455638
