#epsqw diagonal term
#1:q+G [au], 2:Re(eps-1), 3:Im(eps-1)
        1.9878840013        0.8892149059       -0.0007009066
        1.9878840013        0.8892222199       -0.0007010886
        1.9878840013        0.8891787968       -0.0007015237
        1.5665896092        0.8064381639       -0.0009775225
        1.5665896092        0.8064730199       -0.0009762370
        1.9878840013        0.8891838423       -0.0007003870
        1.9878840013        0.8891873343       -0.0007016374
        1.5665896092        0.8064714834       -0.0009764053
        1.5665896092        0.8064540510       -0.0009766041
        1.9878840013        0.8891790419       -0.0007010787
        1.9878840013        0.8892177137       -0.0006997312
        1.9878840013        0.8892140262       -0.0007004825
        1.9240849348        0.8801863704       -0.0007551601
        1.4847973051        0.7816368177       -0.0010648886
        1.4847973051        0.7815863332       -0.0010675634
        1.9240849348        0.8801847159       -0.0007567351
        1.4847973051        0.7815791497       -0.0010648687
        0.8409180925        0.4998439837       -0.0019670899
        0.8409180925        0.4998053821       -0.0019700969
        1.4847973051        0.7815898773       -0.0010646948
        1.4847973051        0.7815302448       -0.0010675929
        0.8409180925        0.4998025806       -0.0019701213
        0.8409180925        0.4997247394       -0.0019704425
        1.4847973051        0.7815612250       -0.0010652014
        1.9240849348        0.8801871389       -0.0007565286
        1.4847973051        0.7816471043       -0.0010646855
        1.4847973051        0.7816156024       -0.0010651889
        1.9240849348        0.8801742394       -0.0007568720
        2.2248601459        0.9206447897       -0.0005283047
        2.2248601459        0.9206408541       -0.0005284150
        1.8580965717        0.8701052234       -0.0007541992
        1.3982285474        0.7525263596       -0.0012062883
        1.3982285474        0.7525320114       -0.0012073509
        1.8580965717        0.8701342495       -0.0007531556
        2.2248601459        0.9206215151       -0.0005283384
        1.3982285474        0.7524806630       -0.0012060504
        0.6764342332        0.4086421817       -0.0023321749
        0.6764342332        0.4086709623       -0.0023309112
        1.3982285474        0.7524889634       -0.0012059490
        2.2248601459        0.9206266731       -0.0005278335
        2.2248601459        0.9206174637       -0.0005284271
        1.3982285474        0.7524839363       -0.0012071697
        0.6764342332        0.4086738657       -0.0023307731
        0.6764342332        0.4087118892       -0.0023288603
        1.3982285474        0.7525117474       -0.0012053236
        2.2248601459        0.9206309376       -0.0005274446
        1.8580965717        0.8701334207       -0.0007531952
        1.3982285474        0.7525397367       -0.0012060131
        1.3982285474        0.7525601679       -0.0012054671
        1.8580965717        0.8701306636       -0.0007514000
        2.2248601459        0.9206511518       -0.0005277874
        2.2248601459        0.9206539224       -0.0005274483
        2.1680458257        0.9110636337       -0.0006830647
        1.7896767594        0.8577330595       -0.0008140894
        1.7896767594        0.8577302166       -0.0008141680
        2.1680458257        0.9110655354       -0.0006826370
        1.7896767594        0.8576752677       -0.0008150448
        1.3059338055        0.7168172246       -0.0012848206
        1.3059338055        0.7168294690       -0.0012859203
        1.7896767594        0.8576724030       -0.0008160529
        1.7896767594        0.8576728152       -0.0008151569
        1.3059338055        0.7168318660       -0.0012858064
        1.3059338055        0.7168255163       -0.0012858533
        1.7896767594        0.8576969803       -0.0008150534
        2.1680458257        0.9110661110       -0.0006826079
        1.7896767594        0.8577301615       -0.0008150805
        1.7896767594        0.8577563168       -0.0008140196
        2.1680458257        0.9110957348       -0.0006809279
        2.1097020490        0.9065809938       -0.0006233787
        2.1097020490        0.9065722581       -0.0006234484
        2.1097020490        0.9065710404       -0.0006234984
        2.1097020490        0.9065698601       -0.0006231509
