#epsqw diagonal term
#1:q+G [au], 2:Re(eps-1), 3:Im(eps-1)
        1.9878840013        1.0795987148       -0.0456685842
        1.9878840013        1.0796185710       -0.0455805542
        1.9878840013        1.0796695585       -0.0456507480
        1.5665896092        1.1470530986       -0.0513140731
        1.5665896092        1.1470215943       -0.0515371503
        1.9878840013        1.0801042610       -0.0450077974
        1.9878840013        1.0796331776       -0.0455520364
        1.5665896092        1.1470256877       -0.0514408937
        1.5665896092        1.1473655621       -0.0504017575
        1.9878840013        1.0802753778       -0.0434696603
        1.9878840013        1.0800390249       -0.0448707583
        1.9878840013        1.0802404136       -0.0433543333
        1.9240849348        1.0884045022       -0.0479431609
        1.4847973051        1.1638569211       -0.0562736811
        1.4847973051        1.1638280395       -0.0558106173
        1.9240849348        1.0877339429       -0.0482170662
        1.4847973051        1.1639232147       -0.0564897532
        0.8409180925        1.3026368040       -0.0533288219
        0.8409180925        1.3029107411       -0.0534196830
        1.4847973051        1.1638649262       -0.0563806679
        1.4847973051        1.1637957588       -0.0560090161
        0.8409180925        1.3026951145       -0.0533049959
        0.8409180925        1.3039286513       -0.0526445496
        1.4847973051        1.1645227220       -0.0549865732
        1.9240849348        1.0876425547       -0.0482068171
        1.4847973051        1.1637577482       -0.0560435264
        1.4847973051        1.1645008231       -0.0546708505
        1.9240849348        1.0885838271       -0.0457971396
        2.2248601459        1.0538373629       -0.0322385879
        2.2248601459        1.0535888085       -0.0327992178
        1.8580965717        1.1001558456       -0.0519011911
        1.3982285474        1.1820896384       -0.0549033958
        1.3982285474        1.1814391207       -0.0558316969
        1.8580965717        1.0988381906       -0.0539489712
        2.2248601459        1.0538841128       -0.0322082008
        1.3982285474        1.1821912375       -0.0551747715
        0.6764342332        1.3444852846       -0.0539938168
        0.6764342332        1.3430382063       -0.0543058718
        1.3982285474        1.1816339924       -0.0556445151
        2.2248601459        1.0536618103       -0.0328563484
        2.2248601459        1.0536349549       -0.0327707489
        1.3982285474        1.1815864389       -0.0561195194
        0.6764342332        1.3432239844       -0.0543992059
        0.6764342332        1.3433364456       -0.0543963157
        1.3982285474        1.1818620925       -0.0559025348
        2.2248601459        1.0538337873       -0.0326460142
        1.8580965717        1.0988937841       -0.0539599365
        1.3982285474        1.1815592256       -0.0554374526
        1.3982285474        1.1817307235       -0.0556891074
        1.8580965717        1.0998637854       -0.0532565475
        2.2248601459        1.0536148816       -0.0329158800
        2.2248601459        1.0537679782       -0.0327167500
        2.1680458257        1.0559418436       -0.0313217894
        1.7896767594        1.1091863002       -0.0525900781
        1.7896767594        1.1088054487       -0.0544264948
        2.1680458257        1.0556446742       -0.0333905721
        1.7896767594        1.1092142964       -0.0527313458
        1.3059338055        1.2004057723       -0.0553437239
        1.3059338055        1.1998001690       -0.0562446631
        1.7896767594        1.1083614222       -0.0549727157
        1.7896767594        1.1088937446       -0.0545965212
        1.3059338055        1.1998638132       -0.0563476424
        1.3059338055        1.1997715962       -0.0559741666
        1.7896767594        1.1082991360       -0.0551271180
        2.1680458257        1.0556898922       -0.0333954812
        1.7896767594        1.1083675894       -0.0549869617
        1.7896767594        1.1082087248       -0.0551267651
        2.1680458257        1.0557364809       -0.0335315083
        2.1097020490        1.0643959500       -0.0348673985
        2.1097020490        1.0643370726       -0.0355758222
        2.1097020490        1.0643012143       -0.0356374215
        2.1097020490        1.0642461273       -0.0358351214
