#epsqw diagonal term
#1:q+G [au], 2:Re(eps-1), 3:Im(eps-1)
        1.9878840013        0.8900541137       -0.0006317764
        1.9878840013        0.8900620121       -0.0006318278
        1.9878840013        0.8900193353       -0.0006323002
        1.5665896092        0.8075334651       -0.0008960140
        1.5665896092        0.8075657323       -0.0008952197
        1.9878840013        0.8900219636       -0.0006315642
        1.9878840013        0.8900282988       -0.0006323041
        1.5665896092        0.8075645220       -0.0008952906
        1.5665896092        0.8075472573       -0.0008954777
        1.9878840013        0.8900186768       -0.0006320423
        1.9878840013        0.8900544588       -0.0006310591
        1.9878840013        0.8900524079       -0.0006315630
        1.9240849348        0.8811066060       -0.0006765282
        1.4847973051        0.7828274536       -0.0009783874
        1.4847973051        0.7827828758       -0.0009800754
        1.9240849348        0.8811085687       -0.0006775322
        1.4847973051        0.7827696333       -0.0009784745
        0.8409180925        0.5023523422       -0.0018011655
        0.8409180925        0.5023214063       -0.0018031354
        1.4847973051        0.7827801642       -0.0009784509
        1.4847973051        0.7827267366       -0.0009801434
        0.8409180925        0.5023188181       -0.0018032084
        0.8409180925        0.5022414127       -0.0018036431
        1.4847973051        0.7827520817       -0.0009787799
        1.9240849348        0.8811105884       -0.0006774216
        1.4847973051        0.7828374650       -0.0009783223
        1.4847973051        0.7828065251       -0.0009786973
        1.9240849348        0.8810983299       -0.0006777313
        2.2248601459        0.9212747613       -0.0004788806
        2.2248601459        0.9212709487       -0.0004789974
        1.8580965717        0.8709834221       -0.0006852064
        1.3982285474        0.7539108486       -0.0011023876
        1.3982285474        0.7539192326       -0.0011029978
        1.8580965717        0.8710100580       -0.0006844997
        2.2248601459        0.9212514855       -0.0004789130
        1.3982285474        0.7538644640       -0.0011022508
        0.6764342332        0.4119060321       -0.0021225311
        0.6764342332        0.4119325976       -0.0021216869
        1.3982285474        0.7538726658       -0.0011021911
        2.2248601459        0.9212553846       -0.0004787216
        2.2248601459        0.9212474957       -0.0004790186
        1.3982285474        0.7538705962       -0.0011029023
        0.6764342332        0.4119351453       -0.0021215867
        0.6764342332        0.4119687527       -0.0021203817
        1.3982285474        0.7538941395       -0.0011018088
        2.2248601459        0.9212589552       -0.0004784310
        1.8580965717        0.8710093246       -0.0006845318
        1.3982285474        0.7539237400       -0.0011022181
        1.3982285474        0.7539430261       -0.0011018728
        1.8580965717        0.8710027238       -0.0006836896
        2.2248601459        0.9212798436       -0.0004786802
        2.2248601459        0.9212820334       -0.0004784192
        2.1680458257        0.9119700488       -0.0005950183
        1.7896767594        0.8586861405       -0.0007382221
        1.7896767594        0.8586834558       -0.0007381354
        2.1680458257        0.9119709835       -0.0005947723
        1.7896767594        0.8586303445       -0.0007389767
        1.3059338055        0.7182497064       -0.0011939990
        1.3059338055        0.7182645691       -0.0011945918
        1.7896767594        0.8586296274       -0.0007394509
        1.7896767594        0.8586281107       -0.0007389089
        1.3059338055        0.7182666835       -0.0011945210
        1.3059338055        0.7182605341       -0.0011943689
        1.7896767594        0.8586521476       -0.0007387219
        2.1680458257        0.9119714844       -0.0005947493
        1.7896767594        0.8586853576       -0.0007386973
        1.7896767594        0.8587093241       -0.0007379138
        2.1680458257        0.9119975433       -0.0005936260
        2.1097020490        0.9073378394       -0.0005637219
        2.1097020490        0.9073291023       -0.0005638844
        2.1097020490        0.9073279942       -0.0005639253
        2.1097020490        0.9073259861       -0.0005638379
