#epsqw diagonal term
#1:q+G [au], 2:Re(eps-1), 3:Im(eps-1)
        1.9878840013        0.8813613051       -0.0063991149
        1.9878840013        0.8814230241       -0.0064812833
        1.9878840013        0.8812800253       -0.0064126196
        1.5665896092        0.7959397608       -0.0073506537
        1.5665896092        0.7959648620       -0.0073402448
        1.9878840013        0.8812429877       -0.0063723800
        1.9878840013        0.8813544372       -0.0064937517
        1.5665896092        0.7959688100       -0.0073442614
        1.5665896092        0.7959435978       -0.0072551376
        1.9878840013        0.8811766918       -0.0063898717
        1.9878840013        0.8813165999       -0.0063590019
        1.9878840013        0.8812488413       -0.0063747510
        1.9240849348        0.8718438646       -0.0075888224
        1.4847973051        0.7700282190       -0.0081235646
        1.4847973051        0.7700726031       -0.0083333441
        1.9240849348        0.8718398853       -0.0077188714
        1.4847973051        0.7699501233       -0.0081377149
        0.8409180925        0.4779019998       -0.0142169735
        0.8409180925        0.4778955046       -0.0142939810
        1.4847973051        0.7698889432       -0.0083361164
        1.4847973051        0.7700101045       -0.0083403149
        0.8409180925        0.4778876980       -0.0143041599
        0.8409180925        0.4778999305       -0.0142241218
        1.4847973051        0.7697928474       -0.0081471160
        1.9240849348        0.8718429826       -0.0077179021
        1.4847973051        0.7699684981       -0.0083249526
        1.4847973051        0.7698585233       -0.0081317375
        1.9240849348        0.8717423257       -0.0076168985
        2.2248601459        0.9141841316       -0.0046796505
        2.2248601459        0.9141263904       -0.0046578596
        1.8580965717        0.8612500365       -0.0071655161
        1.3982285474        0.7393615923       -0.0096986106
        1.3982285474        0.7395592368       -0.0099731147
        1.8580965717        0.8611751416       -0.0071680853
        2.2248601459        0.9141635310       -0.0046826325
        1.3982285474        0.7393204874       -0.0096831929
        0.6764342332        0.3787448677       -0.0174812227
        0.6764342332        0.3786909605       -0.0174933029
        1.3982285474        0.7394128826       -0.0100574028
        2.2248601459        0.9140515907       -0.0046713792
        2.2248601459        0.9141028853       -0.0046593432
        1.3982285474        0.7395074669       -0.0099587489
        0.6764342332        0.3786893859       -0.0174837748
        0.6764342332        0.3789504338       -0.0177179352
        1.3982285474        0.7393386794       -0.0098671562
        2.2248601459        0.9140816610       -0.0047029756
        1.8580965717        0.8611688202       -0.0071667193
        1.3982285474        0.7394521505       -0.0100587991
        1.3982285474        0.7393860293       -0.0098770197
        1.8580965717        0.8611936355       -0.0071641465
        2.2248601459        0.9140730198       -0.0046697251
        2.2248601459        0.9141045384       -0.0047009171
        2.1680458257        0.9044381591       -0.0081945127
        1.7896767594        0.8484885175       -0.0076945400
        1.7896767594        0.8486026080       -0.0077182815
        2.1680458257        0.9044964567       -0.0083308743
        1.7896767594        0.8483819795       -0.0077197091
        1.3059338055        0.7006958487       -0.0106479037
        1.3059338055        0.7007941065       -0.0107456986
        1.7896767594        0.8484316870       -0.0077991066
        1.7896767594        0.8484960340       -0.0077402556
        1.3059338055        0.7007989307       -0.0107427544
        1.3059338055        0.7009275878       -0.0106945560
        1.7896767594        0.8484549886       -0.0077183080
        2.1680458257        0.9045005279       -0.0083313711
        1.7896767594        0.8485372453       -0.0077786132
        1.7896767594        0.8485718372       -0.0076928864
        2.1680458257        0.9045297634       -0.0082849652
        2.1097020490        0.8986398367       -0.0064424775
        2.1097020490        0.8985417882       -0.0064815502
        2.1097020490        0.8985412994       -0.0064852873
        2.1097020490        0.8985132270       -0.0064667241
