#epsqw diagonal term
#1:q+G [au], 2:Re(eps-1), 3:Im(eps-1)
        1.9878840013        1.0015534383       -0.0000046576
        1.9878840013        1.0015536108       -0.0000046586
        1.9878840013        1.0015535981       -0.0000046587
        1.5665896092        1.0026833971       -0.0000088392
        1.5665896092        1.0026843334       -0.0000088408
        1.9878840013        1.0015549323       -0.0000046624
        1.9878840013        1.0015538444       -0.0000046594
        1.5665896092        1.0026842105       -0.0000088404
        1.5665896092        1.0026826402       -0.0000088423
        1.9878840013        1.0015544460       -0.0000046617
        1.9878840013        1.0015544256       -0.0000046610
        1.9878840013        1.0015539894       -0.0000046605
        1.9240849348        1.0016888353       -0.0000051685
        1.4847973051        1.0029636415       -0.0000101139
        1.4847973051        1.0029648282       -0.0000101147
        1.9240849348        1.0016888568       -0.0000051671
        1.4847973051        1.0029650562       -0.0000101162
        0.8409180925        1.0057812744       -0.0000261494
        0.8409180925        1.0057791040       -0.0000261496
        1.4847973051        1.0029642293       -0.0000101164
        1.4847973051        1.0029656018       -0.0000101164
        0.8409180925        1.0057790393       -0.0000261463
        0.8409180925        1.0057712140       -0.0000261660
        1.4847973051        1.0029659623       -0.0000101192
        1.9240849348        1.0016887884       -0.0000051668
        1.4847973051        1.0029625522       -0.0000101133
        1.4847973051        1.0029645952       -0.0000101172
        1.9240849348        1.0016892367       -0.0000051689
        2.2248601459        1.0011307061       -0.0000032700
        2.2248601459        1.0011306680       -0.0000032691
        1.8580965717        1.0018481038       -0.0000056516
        1.3982285474        1.0032891660       -0.0000113505
        1.3982285474        1.0032889318       -0.0000113469
        1.8580965717        1.0018484833       -0.0000056492
        2.2248601459        1.0011313842       -0.0000032709
        1.3982285474        1.0032897645       -0.0000113512
        0.6764342332        1.0064180526       -0.0000319825
        0.6764342332        1.0064169077       -0.0000319643
        1.3982285474        1.0032906853       -0.0000113493
        2.2248601459        1.0011314136       -0.0000032703
        2.2248601459        1.0011313703       -0.0000032705
        1.3982285474        1.0032902222       -0.0000113492
        0.6764342332        1.0064172775       -0.0000319662
        0.6764342332        1.0064171803       -0.0000319852
        1.3982285474        1.0032909616       -0.0000113528
        2.2248601459        1.0011313887       -0.0000032709
        1.8580965717        1.0018485537       -0.0000056492
        1.3982285474        1.0032895184       -0.0000113473
        1.3982285474        1.0032894544       -0.0000113503
        1.8580965717        1.0018484366       -0.0000056523
        2.2248601459        1.0011308561       -0.0000032694
        2.2248601459        1.0011307990       -0.0000032699
        2.1680458257        1.0012187071       -0.0000035660
        1.7896767594        1.0020203013       -0.0000063356
        1.7896767594        1.0020199443       -0.0000063351
        2.1680458257        1.0012190402       -0.0000035648
        1.7896767594        1.0020208482       -0.0000063377
        1.3059338055        1.0036646803       -0.0000132309
        1.3059338055        1.0036624207       -0.0000132270
        1.7896767594        1.0020210640       -0.0000063352
        1.7896767594        1.0020206859       -0.0000063376
        1.3059338055        1.0036627059       -0.0000132271
        1.3059338055        1.0036671547       -0.0000132260
        1.7896767594        1.0020210032       -0.0000063358
        2.1680458257        1.0012192823       -0.0000035652
        1.7896767594        1.0020206739       -0.0000063336
        1.7896767594        1.0020205919       -0.0000063341
        2.1680458257        1.0012185672       -0.0000035642
        2.1097020490        1.0013223365       -0.0000038994
        2.1097020490        1.0013221304       -0.0000038988
        2.1097020490        1.0013222989       -0.0000038989
        2.1097020490        1.0013219930       -0.0000038972
