#epsqw diagonal term
#1:q+G [au], 2:Re(eps-1), 3:Im(eps-1)
        1.9878840013        0.8836353239       -0.0246365161
        1.9878840013        0.8833432661       -0.0245807799
        1.9878840013        0.8837059789       -0.0243943403
        1.5665896092        0.7909375554       -0.0383254846
        1.5665896092        0.7911800500       -0.0387265229
        1.9878840013        0.8835105401       -0.0242387485
        1.9878840013        0.8834593273       -0.0243917075
        1.5665896092        0.7911917742       -0.0387445547
        1.5665896092        0.7915290928       -0.0388883257
        1.9878840013        0.8837054091       -0.0244594590
        1.9878840013        0.8833885003       -0.0244200197
        1.9878840013        0.8835544187       -0.0245661644
        1.9240849348        0.8746714321       -0.0259901403
        1.4847973051        0.7707440447       -0.0419576637
        1.4847973051        0.7705275171       -0.0420474379
        1.9240849348        0.8746790585       -0.0259522308
        1.4847973051        0.7705224627       -0.0419425785
        0.8409180925        0.4556589475       -0.0574184794
        0.8409180925        0.4548792102       -0.0566624109
        1.4847973051        0.7702152326       -0.0416803473
        1.4847973051        0.7703653981       -0.0421345782
        0.8409180925        0.4551470920       -0.0568165956
        0.8409180925        0.4559067165       -0.0578093357
        1.4847973051        0.7705301369       -0.0422202927
        1.9240849348        0.8747400620       -0.0259684620
        1.4847973051        0.7704216029       -0.0417049771
        1.4847973051        0.7706655347       -0.0420468124
        1.9240849348        0.8748269860       -0.0256876037
        2.2248601459        0.9175022392       -0.0201202478
        2.2248601459        0.9177938684       -0.0204690399
        1.8580965717        0.8692179386       -0.0226045691
        1.3982285474        0.7452836874       -0.0393825592
        1.3982285474        0.7451633426       -0.0401007667
        1.8580965717        0.8693359465       -0.0228497090
        2.2248601459        0.9174775783       -0.0201686948
        1.3982285474        0.7449621870       -0.0394745726
        0.6764342332        0.3699801859       -0.0948565107
        0.6764342332        0.3668086032       -0.0926750488
        1.3982285474        0.7452708890       -0.0396691239
        2.2248601459        0.9180414420       -0.0204947273
        2.2248601459        0.9176910239       -0.0205192634
        1.3982285474        0.7448293882       -0.0400383127
        0.6764342332        0.3664304176       -0.0923709224
        0.6764342332        0.3668911723       -0.0939481368
        1.3982285474        0.7451415559       -0.0403644096
        2.2248601459        0.9176868494       -0.0205249195
        1.8580965717        0.8693105360       -0.0228521583
        1.3982285474        0.7456334283       -0.0397343175
        1.3982285474        0.7454843887       -0.0405342518
        1.8580965717        0.8695087666       -0.0223527806
        2.2248601459        0.9181286069       -0.0204565292
        2.2248601459        0.9177582010       -0.0204905662
        2.1680458257        0.9056908905       -0.0179157431
        1.7896767594        0.8520117615       -0.0284986057
        1.7896767594        0.8520572005       -0.0283997748
        2.1680458257        0.9056120320       -0.0179072405
        1.7896767594        0.8522669201       -0.0285582645
        1.3059338055        0.7101375960       -0.0396058719
        1.3059338055        0.7101430799       -0.0392465115
        1.7896767594        0.8523687636       -0.0286345975
        1.7896767594        0.8522277549       -0.0283888742
        1.3059338055        0.7100945687       -0.0392996627
        1.3059338055        0.7099273642       -0.0393380444
        1.7896767594        0.8522571395       -0.0288308621
        2.1680458257        0.9055411625       -0.0178987636
        1.7896767594        0.8521175066       -0.0285134092
        1.7896767594        0.8520377417       -0.0288270803
        2.1680458257        0.9055984993       -0.0178011189
        2.1097020490        0.9008204125       -0.0272655627
        2.1097020490        0.9004757397       -0.0274593334
        2.1097020490        0.9005257424       -0.0274476368
        2.1097020490        0.9003617271       -0.0276626009
