#epsqw diagonal term
#1:q+G [au], 2:Re(eps-1), 3:Im(eps-1)
        1.9878840013        0.8896902402       -0.0006594135
        1.9878840013        0.8896979087       -0.0006595146
        1.9878840013        0.8896548757       -0.0006599822
        1.5665896092        0.8070564868       -0.0009289573
        1.5665896092        0.8070897904       -0.0009279905
        1.9878840013        0.8896584943       -0.0006591000
        1.9878840013        0.8896636764       -0.0006600279
        1.5665896092        0.8070884604       -0.0009280920
        1.5665896092        0.8070711218       -0.0009282756
        1.9878840013        0.8896545744       -0.0006596529
        1.9878840013        0.8896915788       -0.0006585345
        1.9878840013        0.8896888483       -0.0006591240
        1.9240849348        0.8807084122       -0.0007078159
        1.4847973051        0.7823083877       -0.0010133551
        1.4847973051        0.7822613948       -0.0010154089
        1.9240849348        0.8807088833       -0.0007090400
        1.4847973051        0.7822506034       -0.0010134076
        0.8409180925        0.5012563296       -0.0018680103
        0.8409180925        0.5012222030       -0.0018704007
        1.4847973051        0.7822611730       -0.0010133459
        1.4847973051        0.7822052661       -0.0010154630
        0.8409180925        0.5012195014       -0.0018704656
        0.8409180925        0.5011418634       -0.0018708504
        1.4847973051        0.7822328798       -0.0010137095
        1.9240849348        0.8807110597       -0.0007088981
        1.4847973051        0.7823184780       -0.0010132532
        1.4847973051        0.7822873155       -0.0010136483
        1.9240849348        0.8806985121       -0.0007092156
        2.2248601459        0.9210007907       -0.0004989664
        2.2248601459        0.9209969215       -0.0004990837
        1.8580965717        0.8706017306       -0.0007131406
        1.3982285474        0.7533083260       -0.0011444040
        1.3982285474        0.7533155949       -0.0011451976
        1.8580965717        0.8706293622       -0.0007123044
        2.2248601459        0.9209775158       -0.0004989998
        1.3982285474        0.7532622257       -0.0011442302
        0.6764342332        0.4104779190       -0.0022077141
        0.6764342332        0.4105053753       -0.0022067554
        1.3982285474        0.7532704532       -0.0011441694
        2.2248601459        0.9209818959       -0.0004986960
        2.2248601459        0.9209734942       -0.0004991016
        1.3982285474        0.7532671892       -0.0011450705
        0.6764342332        0.4105080752       -0.0022066400
        0.6764342332        0.4105434825       -0.0022051609
        1.3982285474        0.7532924607       -0.0011437009
        2.2248601459        0.9209857576       -0.0004983737
        1.8580965717        0.8706285870       -0.0007123399
        1.3982285474        0.7533214015       -0.0011442106
        1.3982285474        0.7533411580       -0.0011437935
        1.8580965717        0.8706234599       -0.0007111762
        2.2248601459        0.9210063626       -0.0004986526
        2.2248601459        0.9210087978       -0.0004983673
        2.1680458257        0.9115807890       -0.0006294136
        1.7896767594        0.8582721978       -0.0007687054
        1.7896767594        0.8582694957       -0.0007686786
        2.1680458257        0.9115821141       -0.0006291108
        1.7896767594        0.8582155433       -0.0007695437
        1.3059338055        0.7176215010       -0.0012316962
        1.3059338055        0.7176353119       -0.0012324834
        1.7896767594        0.8582140056       -0.0007702085
        1.7896767594        0.8582132687       -0.0007695405
        1.3059338055        0.7176375428       -0.0012323961
        1.3059338055        0.7176313662       -0.0012323125
        1.7896767594        0.8582373925       -0.0007693775
        2.1680458257        0.9115826472       -0.0006290847
        1.7896767594        0.8582706032       -0.0007693659
        1.7896767594        0.8582954952       -0.0007684766
        2.1680458257        0.9116101769       -0.0006277544
        2.1097020490        0.9070086922       -0.0005879641
        2.1097020490        0.9069999262       -0.0005880972
        2.1097020490        0.9069987702       -0.0005881424
        2.1097020490        0.9069970618       -0.0005879627
