#epsqw diagonal term
#1:q+G [au], 2:Re(eps-1), 3:Im(eps-1)
        1.9878840013        0.8829837127       -0.0047083832
        1.9878840013        0.8829786794       -0.0047464907
        1.9878840013        0.8829186336       -0.0047109592
        1.5665896092        0.7982488441       -0.0054538472
        1.5665896092        0.7982752157       -0.0054339914
        1.9878840013        0.8829547721       -0.0046289521
        1.9878840013        0.8829192716       -0.0047541648
        1.5665896092        0.7982753562       -0.0054345623
        1.5665896092        0.7982907746       -0.0054173868
        1.9878840013        0.8829241432       -0.0046380095
        1.9878840013        0.8830145702       -0.0046243884
        1.9878840013        0.8829848865       -0.0046344829
        1.9240849348        0.8734231697       -0.0054860874
        1.4847973051        0.7725511802       -0.0057966812
        1.4847973051        0.7724798898       -0.0059581878
        1.9240849348        0.8734244225       -0.0055693579
        1.4847973051        0.7724734670       -0.0057955095
        0.8409180925        0.4825397235       -0.0110235983
        0.8409180925        0.4826066932       -0.0111425108
        1.4847973051        0.7723853030       -0.0058255572
        1.4847973051        0.7724124741       -0.0059606859
        0.8409180925        0.4825985185       -0.0111536572
        0.8409180925        0.4825629859       -0.0111529946
        1.4847973051        0.7724064132       -0.0057432250
        1.9240849348        0.8734298336       -0.0055730216
        1.4847973051        0.7724640562       -0.0058286550
        1.4847973051        0.7724747927       -0.0057406933
        1.9240849348        0.8734133119       -0.0055185500
        2.2248601459        0.9156845335       -0.0033583991
        2.2248601459        0.9156845878       -0.0033187996
        1.8580965717        0.8631390205       -0.0047907975
        1.3982285474        0.7423637299       -0.0072095736
        1.3982285474        0.7422975836       -0.0074236858
        1.8580965717        0.8631388783       -0.0047162597
        2.2248601459        0.9156616374       -0.0033590980
        1.3982285474        0.7423259519       -0.0072001913
        0.6764342332        0.3853774757       -0.0135584828
        0.6764342332        0.3854048596       -0.0135436142
        1.3982285474        0.7421881734       -0.0073900293
        2.2248601459        0.9156264134       -0.0032918796
        2.2248601459        0.9156593506       -0.0033179037
        1.3982285474        0.7422542573       -0.0074146852
        0.6764342332        0.3854133486       -0.0135344543
        0.6764342332        0.3852345949       -0.0136783639
        1.3982285474        0.7422659907       -0.0072558564
        2.2248601459        0.9156240509       -0.0033120445
        1.8580965717        0.8631378949       -0.0047133620
        1.3982285474        0.7422396957       -0.0073850182
        1.3982285474        0.7423139381       -0.0072618060
        1.8580965717        0.8630864275       -0.0047296093
        2.2248601459        0.9156513113       -0.0032899354
        2.2248601459        0.9156493063       -0.0033119391
        2.1680458257        0.9053490309       -0.0063278314
        1.7896767594        0.8502483245       -0.0053234054
        1.7896767594        0.8502843300       -0.0053712248
        2.1680458257        0.9052884390       -0.0063883823
        1.7896767594        0.8501596160       -0.0053325635
        1.3059338055        0.7039263430       -0.0063984666
        1.3059338055        0.7039316504       -0.0065294037
        1.7896767594        0.8501846833       -0.0053642203
        1.7896767594        0.8501958267       -0.0053788746
        1.3059338055        0.7039341046       -0.0065256356
        1.3059338055        0.7040215583       -0.0065660128
        1.7896767594        0.8502477770       -0.0053134112
        2.1680458257        0.9052862160       -0.0063878510
        1.7896767594        0.8502713578       -0.0053559810
        1.7896767594        0.8503408287       -0.0053074454
        2.1680458257        0.9053020929       -0.0063107456
        2.1097020490        0.9001653293       -0.0041968187
        2.1097020490        0.9001212104       -0.0041547086
        2.1097020490        0.9001172936       -0.0041577959
        2.1097020490        0.9000785107       -0.0041324815
