#epsqw diagonal term
#1:q+G [au], 2:Re(eps-1), 3:Im(eps-1)
        1.9878840013        0.8825923133       -0.0168683528
        1.9878840013        0.8824809637       -0.0168910946
        1.9878840013        0.8827865770       -0.0170812723
        1.5665896092        0.7950518165       -0.0245867594
        1.5665896092        0.7955095878       -0.0242476940
        1.9878840013        0.8828406918       -0.0170814320
        1.9878840013        0.8826838305       -0.0171164199
        1.5665896092        0.7954455844       -0.0243540428
        1.5665896092        0.7952665254       -0.0246616344
        1.9878840013        0.8829425371       -0.0171127174
        1.9878840013        0.8827320725       -0.0169903162
        1.9878840013        0.8827090627       -0.0170175885
        1.9240849348        0.8743257489       -0.0164298325
        1.4847973051        0.7673571775       -0.0244364399
        1.4847973051        0.7672514753       -0.0243600938
        1.9240849348        0.8742249143       -0.0162949796
        1.4847973051        0.7671133572       -0.0242467726
        0.8409180925        0.4733867206       -0.0451312180
        0.8409180925        0.4734167400       -0.0452330466
        1.4847973051        0.7672300961       -0.0245406597
        1.4847973051        0.7671612163       -0.0242118765
        0.8409180925        0.4732252154       -0.0450986768
        0.8409180925        0.4730201872       -0.0455974257
        1.4847973051        0.7673787001       -0.0245980630
        1.9240849348        0.8742179000       -0.0161593753
        1.4847973051        0.7673547289       -0.0244824588
        1.4847973051        0.7674037977       -0.0246490091
        1.9240849348        0.8742973597       -0.0163325111
        2.2248601459        0.9151850882       -0.0134821325
        2.2248601459        0.9153086811       -0.0135340027
        1.8580965717        0.8661467313       -0.0175119064
        1.3982285474        0.7426437156       -0.0275599326
        1.3982285474        0.7429364278       -0.0275044812
        1.8580965717        0.8659971782       -0.0173605448
        2.2248601459        0.9151620847       -0.0134638109
        1.3982285474        0.7426302388       -0.0275049676
        0.6764342332        0.3669916472       -0.0726388913
        0.6764342332        0.3681680632       -0.0729015507
        1.3982285474        0.7423596313       -0.0273409535
        2.2248601459        0.9151754910       -0.0133465411
        2.2248601459        0.9152692128       -0.0134825944
        1.3982285474        0.7428031958       -0.0274861926
        0.6764342332        0.3684535825       -0.0730724744
        0.6764342332        0.3679155780       -0.0727550584
        1.3982285474        0.7427204089       -0.0276008991
        2.2248601459        0.9152177149       -0.0132619783
        1.8580965717        0.8659900571       -0.0175010361
        1.3982285474        0.7424800579       -0.0274090327
        1.3982285474        0.7428768628       -0.0276455726
        1.8580965717        0.8659983389       -0.0174866652
        2.2248601459        0.9151875542       -0.0133913355
        2.2248601459        0.9151651437       -0.0133354531
        2.1680458257        0.9104988696       -0.0139220466
        1.7896767594        0.8505899238       -0.0194418362
        1.7896767594        0.8502830078       -0.0195579204
        2.1680458257        0.9104284023       -0.0138322321
        1.7896767594        0.8506579172       -0.0196145432
        1.3059338055        0.7023996344       -0.0441021819
        1.3059338055        0.7025114047       -0.0439124928
        1.7896767594        0.8505273976       -0.0194141727
        1.7896767594        0.8502548962       -0.0197247590
        1.3059338055        0.7025766483       -0.0438354759
        1.3059338055        0.7018079629       -0.0435601397
        1.7896767594        0.8503311806       -0.0194804444
        2.1680458257        0.9104422294       -0.0138298763
        1.7896767594        0.8505466385       -0.0192917959
        1.7896767594        0.8503989009       -0.0193257649
        2.1680458257        0.9104595304       -0.0139021330
        2.1097020490        0.8995721493       -0.0158712625
        2.1097020490        0.8998602663       -0.0159498756
        2.1097020490        0.8998614490       -0.0158907248
        2.1097020490        0.8998280089       -0.0160632041
