#epsqw diagonal term
#1:q+G [au], 2:Re(eps-1), 3:Im(eps-1)
        1.9878840013        1.0084586612       -0.0000292191
        1.9878840013        1.0084588249       -0.0000292191
        1.9878840013        1.0084604545       -0.0000292261
        1.5665896092        1.0143235274       -0.0000531533
        1.5665896092        1.0143241400       -0.0000531500
        1.9878840013        1.0084617434       -0.0000292310
        1.9878840013        1.0084605080       -0.0000292257
        1.5665896092        1.0143240723       -0.0000531498
        1.5665896092        1.0143262248       -0.0000531561
        1.9878840013        1.0084628008       -0.0000292330
        1.9878840013        1.0084600510       -0.0000292244
        1.9878840013        1.0084610797       -0.0000292263
        1.9240849348        1.0091785418       -0.0000322031
        1.4847973051        1.0157826690       -0.0000602517
        1.4847973051        1.0157825822       -0.0000602571
        1.9240849348        1.0091771604       -0.0000321971
        1.4847973051        1.0157890081       -0.0000602717
        0.8409180925        1.0300488884       -0.0001467272
        0.8409180925        1.0300487268       -0.0001467272
        1.4847973051        1.0157892987       -0.0000602704
        1.4847973051        1.0157891171       -0.0000602776
        0.8409180925        1.0300487410       -0.0001467281
        0.8409180925        1.0300529884       -0.0001467417
        1.4847973051        1.0157911285       -0.0000602775
        1.9240849348        1.0091770869       -0.0000321970
        1.4847973051        1.0157829856       -0.0000602506
        1.4847973051        1.0157848877       -0.0000602581
        1.9240849348        1.0091797264       -0.0000322046
        2.2248601459        1.0062126468       -0.0000209273
        2.2248601459        1.0062118628       -0.0000209242
        1.8580965717        1.0100281144       -0.0000351359
        1.3982285474        1.0174701851       -0.0000671735
        1.3982285474        1.0174681699       -0.0000671689
        1.8580965717        1.0100251129       -0.0000351259
        2.2248601459        1.0062164066       -0.0000209372
        1.3982285474        1.0174779591       -0.0000671954
        0.6764342332        1.0333485611       -0.0001777776
        0.6764342332        1.0333447681       -0.0001777864
        1.3982285474        1.0174750774       -0.0000671927
        2.2248601459        1.0062149799       -0.0000209320
        2.2248601459        1.0062156834       -0.0000209343
        1.3982285474        1.0174760267       -0.0000671915
        0.6764342332        1.0333447155       -0.0001777862
        0.6764342332        1.0333464461       -0.0001777885
        1.3982285474        1.0174753887       -0.0000671886
        2.2248601459        1.0062157569       -0.0000209348
        1.8580965717        1.0100251577       -0.0000351260
        1.3982285474        1.0174669073       -0.0000671691
        1.3982285474        1.0174678842       -0.0000671669
        1.8580965717        1.0100266365       -0.0000351324
        2.2248601459        1.0062111357       -0.0000209217
        2.2248601459        1.0062119951       -0.0000209248
        2.1680458257        1.0066890258       -0.0000227255
        1.7896767594        1.0109170956       -0.0000390636
        1.7896767594        1.0109155943       -0.0000390609
        2.1680458257        1.0066863881       -0.0000227185
        1.7896767594        1.0109204991       -0.0000390757
        1.3059338055        1.0193627759       -0.0000774461
        1.3059338055        1.0193599994       -0.0000774389
        1.7896767594        1.0109174515       -0.0000390676
        1.7896767594        1.0109189693       -0.0000390730
        1.3059338055        1.0193598622       -0.0000774383
        1.3059338055        1.0193595504       -0.0000774455
        1.7896767594        1.0109173376       -0.0000390671
        2.1680458257        1.0066864722       -0.0000227186
        1.7896767594        1.0109139945       -0.0000390551
        1.7896767594        1.0109139488       -0.0000390549
        2.1680458257        1.0066866267       -0.0000227187
        2.1097020490        1.0072296666       -0.0000247064
        2.1097020490        1.0072288110       -0.0000247028
        2.1097020490        1.0072287934       -0.0000247028
        2.1097020490        1.0072282500       -0.0000247012
