#epsqw diagonal term
#1:q+G [au], 2:Re(eps-1), 3:Im(eps-1)
        1.9878840013        0.8911206565       -0.0005639663
        1.9878840013        0.8911290214       -0.0005639163
        1.9878840013        0.8910875984       -0.0005643502
        1.5665896092        0.8089470638       -0.0008137185
        1.5665896092        0.8089768198       -0.0008132350
        1.9878840013        0.8910877166       -0.0005639090
        1.9878840013        0.8910968471       -0.0005642716
        1.5665896092        0.8089758455       -0.0008132626
        1.5665896092        0.8089588917       -0.0008134682
        1.9878840013        0.8910861552       -0.0005642289
        1.9878840013        0.8911185602       -0.0005635552
        1.9878840013        0.8911183357       -0.0005638843
        1.9240849348        0.8822677261       -0.0006005846
        1.4847973051        0.7843703716       -0.0008906655
        1.4847973051        0.7843317978       -0.0008916063
        1.9240849348        0.8822734204       -0.0006011139
        1.4847973051        0.7843126294       -0.0008907969
        0.8409180925        0.5056362432       -0.0016347628
        0.8409180925        0.5056134423       -0.0016357921
        1.4847973051        0.7843232384       -0.0008907822
        1.4847973051        0.7842757102       -0.0008916948
        0.8409180925        0.5056112663       -0.0016358485
        0.8409180925        0.5055349698       -0.0016363811
        1.4847973051        0.7842957525       -0.0008911105
        1.9240849348        0.8822750811       -0.0006010544
        1.4847973051        0.7843803198       -0.0008906175
        1.4847973051        0.7843500993       -0.0008910048
        1.9240849348        0.8822637891       -0.0006013351
        2.2248601459        0.9220822636       -0.0004283260
        2.2248601459        0.9220786378       -0.0004284381
        1.8580965717        0.8721072302       -0.0006155082
        1.3982285474        0.7556925969       -0.0009978683
        1.3982285474        0.7557036285       -0.0009980740
        1.8580965717        0.8721312899       -0.0006150850
        2.2248601459        0.9220589771       -0.0004283552
        1.3982285474        0.7556454714       -0.0009978082
        0.6764342332        0.4161957362       -0.0019070839
        0.6764342332        0.4162198469       -0.0019063746
        1.3982285474        0.7556535949       -0.0009976985
        2.2248601459        0.9220619238       -0.0004283620
        2.2248601459        0.9220551180       -0.0004284654
        1.3982285474        0.7556544049       -0.0009980436
        0.6764342332        0.4162219688       -0.0019063105
        0.6764342332        0.4162511861       -0.0019056589
        1.3982285474        0.7556737520       -0.0009974934
        2.2248601459        0.9220646707       -0.0004281334
        1.8580965717        0.8721306782       -0.0006151070
        1.3982285474        0.7557050044       -0.0009976943
        1.3982285474        0.7557231058       -0.0009975010
        1.8580965717        0.8721209260       -0.0006147964
        2.2248601459        0.9220863692       -0.0004283257
        2.2248601459        0.9220878456       -0.0004281116
        2.1680458257        0.9130843853       -0.0005144843
        1.7896767594        0.8599039996       -0.0006627363
        1.7896767594        0.8599009969       -0.0006625674
        2.1680458257        0.9130843015       -0.0005143332
        1.7896767594        0.8598506178       -0.0006632755
        1.3059338055        0.7201411665       -0.0010950050
        1.3059338055        0.7201584376       -0.0010951962
        1.7896767594        0.8598515493       -0.0006634195
        1.7896767594        0.8598481210       -0.0006631183
        1.3059338055        0.7201602574       -0.0010951602
        1.3059338055        0.7201537922       -0.0010949181
        1.7896767594        0.8598717338       -0.0006629200
        2.1680458257        0.9130847140       -0.0005143188
        1.7896767594        0.8599048638       -0.0006628867
        1.7896767594        0.8599263172       -0.0006623460
        2.1680458257        0.9131070160       -0.0005136268
        2.1097020490        0.9083077146       -0.0005025530
        2.1097020490        0.9082992458       -0.0005027470
        2.1097020490        0.9082982738       -0.0005027755
        2.1097020490        0.9082957976       -0.0005028434
