#epsqw diagonal term
#1:q+G [au], 2:Re(eps-1), 3:Im(eps-1)
        1.9878840013        0.8903368199       -0.0006121319
        1.9878840013        0.8903448703       -0.0006121503
        1.9878840013        0.8903025004       -0.0006126189
        1.5665896092        0.8079060055       -0.0008723730
        1.5665896092        0.8079375386       -0.0008716837
        1.9878840013        0.8903044103       -0.0006119769
        1.9878840013        0.8903115661       -0.0006125954
        1.5665896092        0.8079364048       -0.0008717382
        1.5665896092        0.8079192082       -0.0008719307
        1.9878840013        0.8903015976       -0.0006124066
        1.9878840013        0.8903364559       -0.0006115152
        1.9878840013        0.8903349101       -0.0006119647
        1.9240849348        0.8814152065       -0.0006544068
        1.4847973051        0.7832334394       -0.0009532467
        1.4847973051        0.7831906000       -0.0009546963
        1.9240849348        0.8814182474       -0.0006552624
        1.4847973051        0.7831756162       -0.0009533522
        0.8409180925        0.5032125007       -0.0017533244
        0.8409180925        0.5031838978       -0.0017550035
        1.4847973051        0.7831861488       -0.0009533414
        1.4847973051        0.7831344638       -0.0009547724
        0.8409180925        0.5031814105       -0.0017550759
        0.8409180925        0.5031042357       -0.0017555446
        1.4847973051        0.7831582183       -0.0009536625
        1.9240849348        0.8814201601       -0.0006551698
        1.4847973051        0.7832434174       -0.0009531955
        1.4847973051        0.7832126508       -0.0009535693
        1.9240849348        0.8814081399       -0.0006554739
        2.2248601459        0.9214882588       -0.0004643984
        2.2248601459        0.9214844923       -0.0004645140
        1.8580965717        0.8712806821       -0.0006651521
        1.3982285474        0.7543809772       -0.0010722750
        1.3982285474        0.7543901539       -0.0010727591
        1.8580965717        0.8713065875       -0.0006645331
        2.2248601459        0.9214649812       -0.0004644297
        1.3982285474        0.7543343837       -0.0010721623
        0.6764342332        0.4130283913       -0.0020610462
        0.6764342332        0.4130543022       -0.0020602560
        1.3982285474        0.7543425746       -0.0010720938
        2.2248601459        0.9214685671       -0.0004643071
        2.2248601459        0.9214610202       -0.0004645373
        1.3982285474        0.7543413493       -0.0010726842
        0.6764342332        0.4130567343       -0.0020601665
        0.6764342332        0.4130890553       -0.0020591411
        1.3982285474        0.7543636642       -0.0010717674
        2.2248601459        0.9214719170       -0.0004640359
        1.8580965717        0.8713058865       -0.0006645625
        1.3982285474        0.7543937426       -0.0010721112
        1.3982285474        0.7544126866       -0.0010718132
        1.8580965717        0.8712983022       -0.0006639082
        2.2248601459        0.9214930213       -0.0004642673
        2.2248601459        0.9214950229       -0.0004640208
        2.1680458257        0.9122690263       -0.0005711472
        1.7896767594        0.8590083550       -0.0007164446
        1.7896767594        0.8590056349       -0.0007163239
        2.1680458257        0.9122696767       -0.0005709335
        1.7896767594        0.8589532154       -0.0007171377
        1.3059338055        0.7187442810       -0.0011662111
        1.3059338055        0.7187598762       -0.0011666755
        1.7896767594        0.8589530346       -0.0007174965
        1.7896767594        0.8589509621       -0.0007170334
        1.3059338055        0.7187619059       -0.0011666155
        1.3059338055        0.7187557272       -0.0011664258
        1.7896767594        0.8589749078       -0.0007168368
        2.1680458257        0.9122701528       -0.0005709129
        1.7896767594        0.8590081048       -0.0007168068
        1.7896767594        0.8590313779       -0.0007160959
        2.1680458257        0.9122951415       -0.0005699257
        2.1097020490        0.9075943200       -0.0005462229
        2.1097020490        0.9075856302       -0.0005464002
        2.1097020490        0.9075845588       -0.0005464377
        2.1097020490        0.9075823716       -0.0005464057
