#epsqw diagonal term
#1:q+G [au], 2:Re(eps-1), 3:Im(eps-1)
        1.9878840013        1.0029873003       -0.0000092195
        1.9878840013        1.0029873042       -0.0000092193
        1.9878840013        1.0029879504       -0.0000092220
        1.5665896092        1.0051376977       -0.0000173652
        1.5665896092        1.0051374785       -0.0000173640
        1.9878840013        1.0029879916       -0.0000092230
        1.9878840013        1.0029878939       -0.0000092217
        1.5665896092        1.0051373213       -0.0000173638
        1.5665896092        1.0051377321       -0.0000173648
        1.9878840013        1.0029882299       -0.0000092230
        1.9878840013        1.0029873680       -0.0000092206
        1.9878840013        1.0029875637       -0.0000092205
        1.9240849348        1.0032484802       -0.0000102169
        1.4847973051        1.0056760992       -0.0000198288
        1.4847973051        1.0056757239       -0.0000198296
        1.9240849348        1.0032476738       -0.0000102144
        1.4847973051        1.0056779606       -0.0000198353
        0.8409180925        1.0110056947       -0.0000506601
        0.8409180925        1.0109998007       -0.0000506569
        1.4847973051        1.0056777974       -0.0000198338
        1.4847973051        1.0056778983       -0.0000198358
        0.8409180925        1.0109988459       -0.0000506568
        0.8409180925        1.0109988036       -0.0000506586
        1.4847973051        1.0056783836       -0.0000198353
        1.9240849348        1.0032476151       -0.0000102144
        1.4847973051        1.0056756643       -0.0000198278
        1.4847973051        1.0056761859       -0.0000198291
        1.9240849348        1.0032486890       -0.0000102165
        2.2248601459        1.0021786844       -0.0000064954
        2.2248601459        1.0021782063       -0.0000064944
        1.8580965717        1.0035541085       -0.0000111680
        1.3982285474        1.0062982130       -0.0000222231
        1.3982285474        1.0062983939       -0.0000222220
        1.8580965717        1.0035528090       -0.0000111648
        2.2248601459        1.0021798106       -0.0000064980
        1.3982285474        1.0063009582       -0.0000222296
        0.6764342332        1.0122275954       -0.0000618408
        0.6764342332        1.0122263287       -0.0000618450
        1.3982285474        1.0063002980       -0.0000222288
        2.2248601459        1.0021791293       -0.0000064960
        2.2248601459        1.0021794235       -0.0000064970
        1.3982285474        1.0063009350       -0.0000222281
        0.6764342332        1.0122262852       -0.0000618434
        0.6764342332        1.0122290036       -0.0000618494
        1.3982285474        1.0063003167       -0.0000222270
        2.2248601459        1.0021794676       -0.0000064971
        1.8580965717        1.0035529292       -0.0000111649
        1.3982285474        1.0062975194       -0.0000222219
        1.3982285474        1.0062981366       -0.0000222211
        1.8580965717        1.0035532153       -0.0000111669
        2.2248601459        1.0021778935       -0.0000064933
        2.2248601459        1.0021783701       -0.0000064946
        2.1680458257        1.0023471826       -0.0000070753
        1.7896767594        1.0038782932       -0.0000124989
        1.7896767594        1.0038778205       -0.0000124988
        2.1680458257        1.0023462208       -0.0000070737
        1.7896767594        1.0038796625       -0.0000125032
        1.3059338055        1.0069999746       -0.0000258420
        1.3059338055        1.0069995030       -0.0000258414
        1.7896767594        1.0038791599       -0.0000125019
        1.7896767594        1.0038791698       -0.0000125031
        1.3059338055        1.0069995727       -0.0000258411
        1.3059338055        1.0070000995       -0.0000258435
        1.7896767594        1.0038790800       -0.0000125013
        2.1680458257        1.0023462916       -0.0000070737
        1.7896767594        1.0038779075       -0.0000124975
        1.7896767594        1.0038777897       -0.0000124970
        2.1680458257        1.0023466741       -0.0000070741
        2.1097020490        1.0025440252       -0.0000077319
        2.1097020490        1.0025437316       -0.0000077310
        2.1097020490        1.0025437184       -0.0000077310
        2.1097020490        1.0025436440       -0.0000077304
