#epsqw diagonal term
#1:q+G [au], 2:Re(eps-1), 3:Im(eps-1)
        1.9878840013        0.8797863372       -0.0163147074
        1.9878840013        0.8799331360       -0.0161697100
        1.9878840013        0.8796330097       -0.0164812587
        1.5665896092        0.7911114645       -0.0181907259
        1.5665896092        0.7912711189       -0.0181339785
        1.9878840013        0.8794628897       -0.0164386468
        1.9878840013        0.8797579057       -0.0162758312
        1.5665896092        0.7912478285       -0.0181063785
        1.5665896092        0.7911186057       -0.0182201026
        1.9878840013        0.8795254983       -0.0163932368
        1.9878840013        0.8795633970       -0.0163087497
        1.9878840013        0.8796646094       -0.0162545382
        1.9240849348        0.8712652893       -0.0185827257
        1.4847973051        0.7651999461       -0.0200170931
        1.4847973051        0.7652516450       -0.0202146927
        1.9240849348        0.8714765376       -0.0185906521
        1.4847973051        0.7651456178       -0.0200135952
        0.8409180925        0.4657359257       -0.0301517880
        0.8409180925        0.4660475279       -0.0301995179
        1.4847973051        0.7652369794       -0.0197363143
        1.4847973051        0.7651761048       -0.0202031517
        0.8409180925        0.4661057797       -0.0302529403
        0.8409180925        0.4657059983       -0.0302955362
        1.4847973051        0.7649740837       -0.0203432793
        1.9240849348        0.8714713436       -0.0185750161
        1.4847973051        0.7652976283       -0.0197206256
        1.4847973051        0.7650462603       -0.0203520989
        1.9240849348        0.8712959887       -0.0190468915
        2.2248601459        0.9120664911       -0.0135360215
        2.2248601459        0.9121578904       -0.0135585443
        1.8580965717        0.8590966871       -0.0174801419
        1.3982285474        0.7332259855       -0.0253459671
        1.3982285474        0.7333939959       -0.0250807258
        1.8580965717        0.8591749267       -0.0174598024
        2.2248601459        0.9120529111       -0.0135551187
        1.3982285474        0.7332013013       -0.0254054532
        0.6764342332        0.3577751463       -0.0375508240
        0.6764342332        0.3580992805       -0.0376204519
        1.3982285474        0.7333128533       -0.0248684594
        2.2248601459        0.9120713032       -0.0134938800
        2.2248601459        0.9121608213       -0.0135735861
        1.3982285474        0.7334317238       -0.0251116417
        0.6764342332        0.3580620058       -0.0376770172
        0.6764342332        0.3576349723       -0.0374500898
        1.3982285474        0.7334700166       -0.0252327537
        2.2248601459        0.9121380580       -0.0134659353
        1.8580965717        0.8591948541       -0.0174690749
        1.3982285474        0.7333613548       -0.0248573237
        1.3982285474        0.7334505213       -0.0252084861
        1.8580965717        0.8590227285       -0.0177170843
        2.2248601459        0.9121024425       -0.0134698713
        2.2248601459        0.9121501150       -0.0134427894
        2.1680458257        0.9036777667       -0.0188930067
        1.7896767594        0.8470770527       -0.0186784763
        1.7896767594        0.8471422643       -0.0186656327
        2.1680458257        0.9038763413       -0.0184878660
        1.7896767594        0.8469699743       -0.0187986129
        1.3059338055        0.6953342331       -0.0227488954
        1.3059338055        0.6959831182       -0.0229085076
        1.7896767594        0.8471535098       -0.0186574737
        1.7896767594        0.8470398357       -0.0187842262
        1.3059338055        0.6959573531       -0.0229153924
        1.3059338055        0.6963180106       -0.0231189569
        1.7896767594        0.8472159377       -0.0186789510
        2.1680458257        0.9038856949       -0.0184737448
        1.7896767594        0.8472412884       -0.0185397454
        1.7896767594        0.8473088263       -0.0185528734
        2.1680458257        0.9038354356       -0.0183200771
        2.1097020490        0.8985276069       -0.0155059721
        2.1097020490        0.8984941055       -0.0154621504
        2.1097020490        0.8985111166       -0.0154556962
        2.1097020490        0.8983636592       -0.0155402865
