#epsqw diagonal term
#1:q+G [au], 2:Re(eps-1), 3:Im(eps-1)
        1.9878840013        0.8885764241       -0.0007739843
        1.9878840013        0.8885832021       -0.0007743528
        1.9878840013        0.8885393929       -0.0007746195
        1.5665896092        0.8056169369       -0.0010584767
        1.5665896092        0.8056543791       -0.0010564761
        1.9878840013        0.8885466725       -0.0007729176
        1.9878840013        0.8885475267       -0.0007748941
        1.5665896092        0.8056524259       -0.0010568413
        1.5665896092        0.8056348134       -0.0010571927
        1.9878840013        0.8885405464       -0.0007740164
        1.9878840013        0.8885816352       -0.0007720953
        1.9878840013        0.8885764751       -0.0007733223
        1.9240849348        0.8794814047       -0.0008397023
        1.4847973051        0.7807479563       -0.0011522962
        1.4847973051        0.7806921437       -0.0011563743
        1.9240849348        0.8794766383       -0.0008419952
        1.4847973051        0.7806906071       -0.0011520938
        0.8409180925        0.4979816026       -0.0021335746
        0.8409180925        0.4979365839       -0.0021374040
        1.4847973051        0.7807018817       -0.0011515531
        1.4847973051        0.7806361575       -0.0011563658
        0.8409180925        0.4979338049       -0.0021372340
        0.8409180925        0.4978558235       -0.0021375803
        1.4847973051        0.7806724257       -0.0011528372
        1.9240849348        0.8794795114       -0.0008416070
        1.4847973051        0.7807587931       -0.0011517879
        1.4847973051        0.7807266054       -0.0011529651
        1.9240849348        0.8794661878       -0.0008421651
        2.2248601459        0.9201712431       -0.0005763777
        2.2248601459        0.9201672214       -0.0005763863
        1.8580965717        0.8694434674       -0.0008221332
        1.3982285474        0.7514866990       -0.0013082681
        1.3982285474        0.7514898985       -0.0013096452
        1.8580965717        0.8694745026       -0.0008206461
        2.2248601459        0.9201479711       -0.0005764013
        1.3982285474        0.7514416196       -0.0013078841
        0.6764342332        0.4062326923       -0.0025349305
        0.6764342332        0.4062639039       -0.0025325076
        1.3982285474        0.7514501850       -0.0013075885
        2.2248601459        0.9201544911       -0.0005754672
        2.2248601459        0.9201438876       -0.0005763849
        1.3982285474        0.7514423318       -0.0013093499
        0.6764342332        0.4062670888       -0.0025323357
        0.6764342332        0.4063090740       -0.0025297669
        1.3982285474        0.7514741588       -0.0013064702
        2.2248601459        0.9201593675       -0.0005748440
        1.8580965717        0.8694736051       -0.0008206893
        1.3982285474        0.7515007033       -0.0013076948
        1.3982285474        0.7515221379       -0.0013067310
        1.8580965717        0.8694751036       -0.0008172425
        2.2248601459        0.9201789878       -0.0005754210
        2.2248601459        0.9201822641       -0.0005748706
        2.1680458257        0.9103510609       -0.0007853391
        1.7896767594        0.8570126463       -0.0008929715
        1.7896767594        0.8570093673       -0.0008931732
        2.1680458257        0.9103539062       -0.0007844669
        1.7896767594        0.8569533160       -0.0008940953
        1.3059338055        0.7157718194       -0.0013661298
        1.3059338055        0.7157816002       -0.0013677895
        1.7896767594        0.8569481110       -0.0008958103
        1.7896767594        0.8569503586       -0.0008943584
        1.3059338055        0.7157842479       -0.0013676267
        1.3059338055        0.7157773681       -0.0013679205
        1.7896767594        0.8569743909       -0.0008943978
        2.1680458257        0.9103545341       -0.0007844417
        1.7896767594        0.8570074705       -0.0008946298
        1.7896767594        0.8570354140       -0.0008931598
        2.1680458257        0.9103872980       -0.0007819624
        2.1097020490        0.9060123382       -0.0006822147
        2.1097020490        0.9060037998       -0.0006821265
        2.1097020490        0.9060025048       -0.0006821784
        2.1097020490        0.9060023151       -0.0006814668
