#epsqw diagonal term
#1:q+G [au], 2:Re(eps-1), 3:Im(eps-1)
        1.9878840013        0.8670154277       -0.0388757549
        1.9878840013        0.8667923608       -0.0388812085
        1.9878840013        0.8668962393       -0.0389033386
        1.5665896092        0.7512006233       -0.0659040336
        1.5665896092        0.7514199749       -0.0657435952
        1.9878840013        0.8668086968       -0.0391018399
        1.9878840013        0.8668077706       -0.0389685762
        1.5665896092        0.7513500666       -0.0658060884
        1.5665896092        0.7515575752       -0.0654417740
        1.9878840013        0.8670205082       -0.0388250823
        1.9878840013        0.8669000618       -0.0389789191
        1.9878840013        0.8670286062       -0.0387147742
        1.9240849348        0.8573138769       -0.0408733631
        1.4847973051        0.7228662349       -0.0760623607
        1.4847973051        0.7233315000       -0.0760210399
        1.9240849348        0.8579685916       -0.0409067763
        1.4847973051        0.7234090028       -0.0760196844
        0.8409180925        0.4701820665       -0.2113706232
        0.8409180925        0.4716059409       -0.2138436216
        1.4847973051        0.7239720581       -0.0760428395
        1.4847973051        0.7235673155       -0.0761727452
        0.8409180925        0.4705023759       -0.2133657052
        0.8409180925        0.4731905144       -0.2151154741
        1.4847973051        0.7235066136       -0.0769835983
        1.9240849348        0.8580558058       -0.0410281533
        1.4847973051        0.7234704126       -0.0760427229
        1.4847973051        0.7233215976       -0.0769590779
        1.9240849348        0.8577748456       -0.0410244565
        2.2248601459        0.9114291732       -0.0278046429
        2.2248601459        0.9116328095       -0.0278513165
        1.8580965717        0.8367660933       -0.0445443578
        1.3982285474        0.6877309755       -0.0905942432
        1.3982285474        0.6873728600       -0.0902892162
        1.8580965717        0.8370253068       -0.0449929723
        2.2248601459        0.9110633852       -0.0278471573
        1.3982285474        0.6876186044       -0.0904789024
        0.6764342332        0.4438318209       -0.2990850833
        0.6764342332        0.4427635005       -0.3010360943
        1.3982285474        0.6877594737       -0.0899199038
        2.2248601459        0.9112470669       -0.0275671165
        2.2248601459        0.9112639746       -0.0278792322
        1.3982285474        0.6877730392       -0.0904239433
        0.6764342332        0.4436619904       -0.3016128490
        0.6764342332        0.4439871550       -0.3023736378
        1.3982285474        0.6886824214       -0.0913673404
        2.2248601459        0.9112495233       -0.0275391461
        1.8580965717        0.8370442524       -0.0450406729
        1.3982285474        0.6877271891       -0.0900982847
        1.3982285474        0.6882990400       -0.0912838820
        1.8580965717        0.8367532354       -0.0447964559
        2.2248601459        0.9115857637       -0.0276448599
        2.2248601459        0.9115766757       -0.0276336900
        2.1680458257        0.9036905920       -0.0335049454
        1.7896767594        0.8238353152       -0.0479478020
        1.7896767594        0.8237021559       -0.0483246650
        2.1680458257        0.9038455792       -0.0335482601
        1.7896767594        0.8238553725       -0.0478998974
        1.3059338055        0.6505212460       -0.1094838238
        1.3059338055        0.6506074532       -0.1093719599
        1.7896767594        0.8238698062       -0.0481313652
        1.7896767594        0.8235240600       -0.0483288301
        1.3059338055        0.6506859869       -0.1092568594
        1.3059338055        0.6505642239       -0.1105971621
        1.7896767594        0.8240000152       -0.0480068725
        2.1680458257        0.9038694119       -0.0335854344
        1.7896767594        0.8238512853       -0.0480989743
        1.7896767594        0.8241954715       -0.0481181321
        2.1680458257        0.9036521094       -0.0336197335
        2.1097020490        0.8958774079       -0.0278770035
        2.1097020490        0.8961842784       -0.0275223233
        2.1097020490        0.8961584607       -0.0275953788
        2.1097020490        0.8963431013       -0.0272846101
