#epsqw diagonal term
#1:q+G [au], 2:Re(eps-1), 3:Im(eps-1)
        1.9878840013        1.0041774781       -0.0000132058
        1.9878840013        1.0041774594       -0.0000132058
        1.9878840013        1.0041784039       -0.0000132093
        1.5665896092        1.0071647456       -0.0000247106
        1.5665896092        1.0071643350       -0.0000247088
        1.9878840013        1.0041790629       -0.0000132119
        1.9878840013        1.0041782981       -0.0000132092
        1.5665896092        1.0071642832       -0.0000247087
        1.5665896092        1.0071644371       -0.0000247111
        1.9878840013        1.0041794074       -0.0000132124
        1.9878840013        1.0041781623       -0.0000132086
        1.9878840013        1.0041784693       -0.0000132090
        1.9240849348        1.0045410691       -0.0000146204
        1.4847973051        1.0079091828       -0.0000281715
        1.4847973051        1.0079087898       -0.0000281743
        1.9240849348        1.0045402629       -0.0000146171
        1.4847973051        1.0079120745       -0.0000281806
        0.8409180925        1.0152782817       -0.0000712587
        0.8409180925        1.0152755466       -0.0000712553
        1.4847973051        1.0079125260       -0.0000281793
        1.4847973051        1.0079118533       -0.0000281837
        0.8409180925        1.0152755327       -0.0000712567
        0.8409180925        1.0152699929       -0.0000712614
        1.4847973051        1.0079128220       -0.0000281834
        1.9240849348        1.0045403145       -0.0000146170
        1.4847973051        1.0079095173       -0.0000281701
        1.4847973051        1.0079099569       -0.0000281744
        1.9240849348        1.0045415100       -0.0000146202
        2.2248601459        1.0030510748       -0.0000093349
        2.2248601459        1.0030507355       -0.0000093334
        1.8580965717        1.0049665447       -0.0000159763
        1.3982285474        1.0087722981       -0.0000315401
        1.3982285474        1.0087712653       -0.0000315377
        1.8580965717        1.0049652320       -0.0000159715
        2.2248601459        1.0030527651       -0.0000093388
        1.3982285474        1.0087759825       -0.0000315498
        0.6764342332        1.0169720625       -0.0000868432
        0.6764342332        1.0169789219       -0.0000868520
        1.3982285474        1.0087764523       -0.0000315503
        2.2248601459        1.0030521620       -0.0000093367
        2.2248601459        1.0030524728       -0.0000093373
        1.3982285474        1.0087748699       -0.0000315477
        0.6764342332        1.0169785286       -0.0000868523
        0.6764342332        1.0169730793       -0.0000868607
        1.3982285474        1.0087749916       -0.0000315485
        2.2248601459        1.0030524453       -0.0000093380
        1.8580965717        1.0049652113       -0.0000159716
        1.3982285474        1.0087725664       -0.0000315399
        1.3982285474        1.0087716045       -0.0000315387
        1.8580965717        1.0049662514       -0.0000159750
        2.2248601459        1.0030504536       -0.0000093327
        2.2248601459        1.0030507903       -0.0000093342
        2.1680458257        1.0032866456       -0.0000101600
        1.7896767594        1.0054176335       -0.0000178578
        1.7896767594        1.0054167402       -0.0000178570
        2.1680458257        1.0032853940       -0.0000101574
        1.7896767594        1.0054194486       -0.0000178639
        1.3059338055        1.0097441249       -0.0000366129
        1.3059338055        1.0097441978       -0.0000366095
        1.7896767594        1.0054184734       -0.0000178608
        1.7896767594        1.0054184655       -0.0000178630
        1.3059338055        1.0097440159       -0.0000366093
        1.3059338055        1.0097459599       -0.0000366150
        1.7896767594        1.0054185605       -0.0000178611
        2.1680458257        1.0032854362       -0.0000101575
        1.7896767594        1.0054167237       -0.0000178547
        1.7896767594        1.0054168782       -0.0000178550
        2.1680458257        1.0032857945       -0.0000101576
        2.1097020490        1.0035605884       -0.0000110943
        2.1097020490        1.0035603322       -0.0000110928
        2.1097020490        1.0035603580       -0.0000110929
        2.1097020490        1.0035600982       -0.0000110920
