#epsqw diagonal term
#1:q+G [au], 2:Re(eps-1), 3:Im(eps-1)
        1.9878840013        0.8907317956       -0.0005868378
        1.9878840013        0.8907400231       -0.0005868178
        1.9878840013        0.8906981154       -0.0005872725
        1.5665896092        0.8084291564       -0.0008416882
        1.5665896092        0.8084597528       -0.0008411153
        1.9878840013        0.8906990891       -0.0005867410
        1.9878840013        0.8907072905       -0.0005872176
        1.5665896092        0.8084587073       -0.0008411536
        1.5665896092        0.8084416221       -0.0008413537
        1.9878840013        0.8906969175       -0.0005871118
        1.9878840013        0.8907305201       -0.0005863357
        1.9878840013        0.8907296533       -0.0005867202
        1.9240849348        0.8818453327       -0.0006260680
        1.4847973051        0.7838043464       -0.0009205447
        1.4847973051        0.7837637511       -0.0009217136
        1.9240849348        0.8818497700       -0.0006267451
        1.4847973051        0.7837465497       -0.0009206669
        0.8409180925        0.5044267206       -0.0016913070
        0.8409180925        0.5044011603       -0.0016926316
        1.4847973051        0.7837571129       -0.0009206591
        1.4847973051        0.7837076325       -0.0009217975
        0.8409180925        0.5043988260       -0.0016926976
        0.8409180925        0.5043220519       -0.0016932042
        1.4847973051        0.7837293973       -0.0009209815
        1.9240849348        0.8818515485       -0.0006266714
        1.4847973051        0.7838143020       -0.0009204996
        1.4847973051        0.7837837951       -0.0009208796
        1.9240849348        0.8818398839       -0.0006269655
        2.2248601459        0.9217872623       -0.0004455437
        2.2248601459        0.9217835643       -0.0004456576
        1.8580965717        0.8716968071       -0.0006391500
        1.3982285474        0.7550404787       -0.0010332847
        1.3982285474        0.7550506504       -0.0010336159
        1.8580965717        0.8717217495       -0.0006386375
        2.2248601459        0.9217639814       -0.0004455739
        1.3982285474        0.7549936094       -0.0010332007
        0.6764342332        0.4146144473       -0.0019807708
        0.6764342332        0.4146394537       -0.0019800289
        1.3982285474        0.7550017739       -0.0010331127
        2.2248601459        0.9217672063       -0.0004455260
        2.2248601459        0.9217600678       -0.0004456831
        1.3982285474        0.7550016272       -0.0010335654
        0.6764342332        0.4146417278       -0.0019799530
        0.6764342332        0.4146724064       -0.0019791363
        1.3982285474        0.7550223715       -0.0010328528
        2.2248601459        0.9217702515       -0.0004452776
        1.8580965717        0.8717210939       -0.0006386631
        1.3982285474        0.7550530667       -0.0010331183
        1.3982285474        0.7550715680       -0.0010328775
        1.8580965717        0.8717123271       -0.0006382082
        2.2248601459        0.9217916548       -0.0004454881
        2.2248601459        0.9217933929       -0.0004452588
        2.1680458257        0.9126822222       -0.0005410713
        1.7896767594        0.8594592918       -0.0006882887
        1.7896767594        0.8594564596       -0.0006881363
        2.1680458257        0.9126824946       -0.0005408925
        1.7896767594        0.8594050504       -0.0006889013
        1.3059338055        0.7194437657       -0.0011293299
        1.3059338055        0.7194602674       -0.0011296428
        1.7896767594        0.8594054909       -0.0006891355
        1.7896767594        0.8594027058       -0.0006887627
        1.3059338055        0.7194621871       -0.0011295959
        1.3059338055        0.7194558966       -0.0011293717
        1.7896767594        0.8594264947       -0.0006885617
        2.1680458257        0.9126829379       -0.0005408752
        1.7896767594        0.8594596625       -0.0006885284
        1.7896767594        0.8594820002       -0.0006879084
        2.1680458257        0.9127065237       -0.0005400497
        2.1097020490        0.9079534694       -0.0005234111
        2.1097020490        0.9079448770       -0.0005236004
        2.1097020490        0.9079438564       -0.0005236333
        2.1097020490        0.9079414885       -0.0005236601
