#epsqw diagonal term
#1:q+G [au], 2:Re(eps-1), 3:Im(eps-1)
        1.9878840013        1.0058984686       -0.0000193121
        1.9878840013        1.0058986382       -0.0000193119
        1.9878840013        1.0058997545       -0.0000193169
        1.5665896092        1.0100671013       -0.0000357613
        1.5665896092        1.0100676492       -0.0000357588
        1.9878840013        1.0059010863       -0.0000193209
        1.9878840013        1.0058998376       -0.0000193167
        1.5665896092        1.0100675857       -0.0000357587
        1.5665896092        1.0100690280       -0.0000357627
        1.9878840013        1.0059016347       -0.0000193215
        1.9878840013        1.0058998700       -0.0000193162
        1.9878840013        1.0059003659       -0.0000193167
        1.9240849348        1.0064079167       -0.0000213455
        1.4847973051        1.0111058758       -0.0000406785
        1.4847973051        1.0111058094       -0.0000406820
        1.9240849348        1.0064068119       -0.0000213417
        1.4847973051        1.0111102150       -0.0000406919
        0.8409180925        1.0213284537       -0.0001013733
        0.8409180925        1.0213283740       -0.0001013738
        1.4847973051        1.0111104782       -0.0000406909
        1.4847973051        1.0111102575       -0.0000406959
        0.8409180925        1.0213288464       -0.0001013752
        0.8409180925        1.0213319758       -0.0001013849
        1.4847973051        1.0111117681       -0.0000406953
        1.9240849348        1.0064067825       -0.0000213416
        1.4847973051        1.0111062206       -0.0000406777
        1.4847973051        1.0111075038       -0.0000406824
        1.9240849348        1.0064086438       -0.0000213460
        2.2248601459        1.0043176021       -0.0000137195
        2.2248601459        1.0043169261       -0.0000137176
        1.8580965717        1.0070059423       -0.0000233127
        1.3982285474        1.0123093291       -0.0000454696
        1.3982285474        1.0123072814       -0.0000454667
        1.8580965717        1.0070036246       -0.0000233064
        2.2248601459        1.0043201023       -0.0000137255
        1.3982285474        1.0123144307       -0.0000454838
        0.6764342332        1.0236947982       -0.0001232621
        0.6764342332        1.0236909266       -0.0001232700
        1.3982285474        1.0123120404       -0.0000454827
        2.2248601459        1.0043191300       -0.0000137222
        2.2248601459        1.0043194988       -0.0000137237
        1.3982285474        1.0123127005       -0.0000454812
        0.6764342332        1.0236912441       -0.0001232697
        0.6764342332        1.0236892453       -0.0001232642
        1.3982285474        1.0123120984       -0.0000454791
        2.2248601459        1.0043195785       -0.0000137239
        1.8580965717        1.0070036252       -0.0000233065
        1.3982285474        1.0123066011       -0.0000454676
        1.3982285474        1.0123069236       -0.0000454649
        1.8580965717        1.0070051228       -0.0000233109
        2.2248601459        1.0043165782       -0.0000137160
        2.2248601459        1.0043170558       -0.0000137179
        2.1680458257        1.0046497262       -0.0000149163
        1.7896767594        1.0076363311       -0.0000260072
        1.7896767594        1.0076353666       -0.0000260059
        2.1680458257        1.0046478658       -0.0000149122
        1.7896767594        1.0076388278       -0.0000260158
        1.3059338055        1.0136630291       -0.0000526428
        1.3059338055        1.0136602869       -0.0000526369
        1.7896767594        1.0076362799       -0.0000260098
        1.7896767594        1.0076378462       -0.0000260144
        1.3059338055        1.0136602122       -0.0000526364
        1.3059338055        1.0136597052       -0.0000526422
        1.7896767594        1.0076363445       -0.0000260100
        2.1680458257        1.0046479663       -0.0000149123
        1.7896767594        1.0076338633       -0.0000260012
        1.7896767594        1.0076338700       -0.0000260015
        2.1680458257        1.0046479757       -0.0000149122
        2.1097020490        1.0050334748       -0.0000162658
        2.1097020490        1.0050326716       -0.0000162630
        2.1097020490        1.0050327416       -0.0000162631
        2.1097020490        1.0050322106       -0.0000162619
