#epsqw diagonal term
#1:q+G [au], 2:Re(eps-1), 3:Im(eps-1)
        1.9878840013        0.9038455593       -0.0367426827
        1.9878840013        0.9040336070       -0.0368827269
        1.9878840013        0.9037972575       -0.0365672154
        1.5665896092        0.8331774350       -0.0387067898
        1.5665896092        0.8335689019       -0.0381094229
        1.9878840013        0.9044981353       -0.0371996449
        1.9878840013        0.9042838566       -0.0368107208
        1.5665896092        0.8335209550       -0.0380874249
        1.5665896092        0.8331595205       -0.0377964905
        1.9878840013        0.9042257788       -0.0374046153
        1.9878840013        0.9044364213       -0.0373320103
        1.9878840013        0.9039648776       -0.0374873277
        1.9240849348        0.8934858175       -0.0364476636
        1.4847973051        0.7993944430       -0.0354993929
        1.4847973051        0.7997351953       -0.0356809708
        1.9240849348        0.8935384060       -0.0366176526
        1.4847973051        0.7992201884       -0.0355738745
        0.8409180925        0.5023469835       -0.0751345640
        0.8409180925        0.5010670350       -0.0760954787
        1.4847973051        0.7996741933       -0.0355765375
        1.4847973051        0.7999166655       -0.0359012799
        0.8409180925        0.5010749708       -0.0761659090
        0.8409180925        0.5005870788       -0.0781595935
        1.4847973051        0.7995412371       -0.0361224809
        1.9240849348        0.8937962312       -0.0368248387
        1.4847973051        0.7997320790       -0.0355163544
        1.4847973051        0.7994350810       -0.0359927614
        1.9240849348        0.8939013337       -0.0371990434
        2.2248601459        0.9231495301       -0.0152065438
        2.2248601459        0.9230475550       -0.0151501251
        1.8580965717        0.8772246411       -0.0357407375
        1.3982285474        0.7685734179       -0.0322693410
        1.3982285474        0.7690706553       -0.0321992521
        1.8580965717        0.8774064799       -0.0353648144
        2.2248601459        0.9231865104       -0.0154730625
        1.3982285474        0.7687315171       -0.0326286161
        0.6764342332        0.3900097974       -0.0781485211
        0.6764342332        0.3893535531       -0.0778236280
        1.3982285474        0.7691168923       -0.0324390288
        2.2248601459        0.9230916748       -0.0152920372
        2.2248601459        0.9230302737       -0.0154218137
        1.3982285474        0.7689767974       -0.0324007317
        0.6764342332        0.3894018186       -0.0776855930
        0.6764342332        0.3888253411       -0.0778152433
        1.3982285474        0.7686030974       -0.0323184371
        2.2248601459        0.9230215771       -0.0155210648
        1.8580965717        0.8772303301       -0.0352824889
        1.3982285474        0.7690230169       -0.0321831426
        1.3982285474        0.7686689440       -0.0321078116
        1.8580965717        0.8777193176       -0.0354987309
        2.2248601459        0.9230300717       -0.0150669196
        2.2248601459        0.9229999253       -0.0152675599
        2.1680458257        0.9246315428       -0.0401859224
        1.7896767594        0.8697435694       -0.0364444217
        1.7896767594        0.8700739325       -0.0365380027
        2.1680458257        0.9251533212       -0.0405207115
        1.7896767594        0.8694253359       -0.0361286763
        1.3059338055        0.7313413660       -0.0404609462
        1.3059338055        0.7314751805       -0.0397023004
        1.7896767594        0.8696426955       -0.0365244771
        1.7896767594        0.8695496823       -0.0360665167
        1.3059338055        0.7314440880       -0.0397564390
        1.3059338055        0.7316296169       -0.0391745997
        1.7896767594        0.8694526030       -0.0362230865
        2.1680458257        0.9249462085       -0.0403995037
        1.7896767594        0.8699269165       -0.0369400973
        1.7896767594        0.8699275409       -0.0367772825
        2.1680458257        0.9252830039       -0.0405793129
        2.1097020490        0.9201004174       -0.0222770848
        2.1097020490        0.9201351737       -0.0226429101
        2.1097020490        0.9201333350       -0.0226697117
        2.1097020490        0.9201202056       -0.0229367321
