#epsqw diagonal term
#1:q+G [au], 2:Re(eps-1), 3:Im(eps-1)
        1.9878840013        1.0641487582       -0.0336574896
        1.9878840013        1.0643263275       -0.0336295710
        1.9878840013        1.0636747777       -0.0331943669
        1.5665896092        1.1088013742       -0.0583164297
        1.5665896092        1.1086047360       -0.0582906324
        1.9878840013        1.0638494033       -0.0331278057
        1.9878840013        1.0636271406       -0.0332123705
        1.5665896092        1.1081519482       -0.0583531144
        1.5665896092        1.1081133820       -0.0584738980
        1.9878840013        1.0635826413       -0.0333708750
        1.9878840013        1.0637841541       -0.0336706265
        1.9878840013        1.0637489281       -0.0338691399
        1.9240849348        1.0651581531       -0.0315490807
        1.4847973051        1.1103337833       -0.0503299008
        1.4847973051        1.1111937064       -0.0503042960
        1.9240849348        1.0658142456       -0.0315902723
        1.4847973051        1.1098798481       -0.0509580883
        0.8409180925        1.1681536134       -0.0218360528
        0.8409180925        1.1683777950       -0.0218090573
        1.4847973051        1.1103324225       -0.0509298509
        1.4847973051        1.1104962094       -0.0509863154
        0.8409180925        1.1679449805       -0.0218666157
        0.8409180925        1.1678555167       -0.0219791185
        1.4847973051        1.1098133695       -0.0511339569
        1.9240849348        1.0654980897       -0.0316454762
        1.4847973051        1.1101670392       -0.0503655230
        1.4847973051        1.1098580100       -0.0505485470
        1.9240849348        1.0651126898       -0.0318547802
        2.2248601459        1.0733203535       -0.0727007906
        2.2248601459        1.0735233439       -0.0726176306
        1.8580965717        1.0738301161       -0.0377070384
        1.3982285474        1.1226638524       -0.0598470967
        1.3982285474        1.1232361178       -0.0597442094
        1.8580965717        1.0744376804       -0.0375894458
        2.2248601459        1.0730942534       -0.0744948466
        1.3982285474        1.1226027156       -0.0608568975
        0.6764342332        1.1835023650       -0.0190544894
        0.6764342332        1.1837892688       -0.0189528782
        1.3982285474        1.1234456761       -0.0608144035
        2.2248601459        1.0734307679       -0.0744279438
        2.2248601459        1.0733218909       -0.0744071088
        1.3982285474        1.1232929464       -0.0607567202
        0.6764342332        1.1840721586       -0.0189257651
        0.6764342332        1.1835556826       -0.0189558014
        1.3982285474        1.1226550507       -0.0607965142
        2.2248601459        1.0731196219       -0.0744710540
        1.8580965717        1.0746361896       -0.0375647936
        1.3982285474        1.1239235095       -0.0597493090
        1.3982285474        1.1229810374       -0.0597711205
        1.8580965717        1.0738743993       -0.0375663153
        2.2248601459        1.0737837018       -0.0726227665
        2.2248601459        1.0734268740       -0.0726659503
        2.1680458257        1.0447867899       -0.0218017368
        1.7896767594        1.0777578126       -0.0379773822
        1.7896767594        1.0778437708       -0.0377083854
        2.1680458257        1.0449052761       -0.0215568550
        1.7896767594        1.0776093997       -0.0376741546
        1.3059338055        1.1268949395       -0.0490171128
        1.3059338055        1.1269600626       -0.0488808331
        1.7896767594        1.0778180271       -0.0374990089
        1.7896767594        1.0779950202       -0.0373685985
        1.3059338055        1.1275393583       -0.0488334452
        1.3059338055        1.1276954347       -0.0488917910
        1.7896767594        1.0777356147       -0.0374937895
        2.1680458257        1.0452258316       -0.0215104149
        1.7896767594        1.0787033332       -0.0377361644
        1.7896767594        1.0783122793       -0.0377788593
        2.1680458257        1.0448755801       -0.0215581759
        2.1097020490        1.0761389135       -0.0699800204
        2.1097020490        1.0761672751       -0.0698770086
        2.1097020490        1.0763810237       -0.0698546767
        2.1097020490        1.0765560555       -0.0698415728
