#epsqw diagonal term
#1:q+G [au], 2:Re(eps-1), 3:Im(eps-1)
        1.9878840013        0.9010201276       -0.0308029163
        1.9878840013        0.9011011937       -0.0311028479
        1.9878840013        0.9009988021       -0.0310414310
        1.5665896092        0.8030653376       -0.0397487345
        1.5665896092        0.8027097684       -0.0397041192
        1.9878840013        0.9010954876       -0.0313419066
        1.9878840013        0.9012120850       -0.0311714820
        1.5665896092        0.8026891628       -0.0396652999
        1.5665896092        0.8032331049       -0.0399274593
        1.9878840013        0.9012292387       -0.0308758827
        1.9878840013        0.9010917578       -0.0309622924
        1.9878840013        0.9010663825       -0.0306911995
        1.9240849348        0.8911078537       -0.0308953877
        1.4847973051        0.7690182392       -0.0448836813
        1.4847973051        0.7692438900       -0.0452033752
        1.9240849348        0.8905890225       -0.0306989853
        1.4847973051        0.7691088615       -0.0450661241
        0.8409180925        0.4196471460       -0.1919575360
        0.8409180925        0.4193937958       -0.1922301001
        1.4847973051        0.7691932347       -0.0451633829
        1.4847973051        0.7691353261       -0.0452039843
        0.8409180925        0.4195782444       -0.1925726470
        0.8409180925        0.4196504227       -0.1944962659
        1.4847973051        0.7692536006       -0.0447817939
        1.9240849348        0.8906442542       -0.0306487718
        1.4847973051        0.7692350287       -0.0450240622
        1.4847973051        0.7694610940       -0.0447138493
        1.9240849348        0.8904671555       -0.0302736482
        2.2248601459        0.9381473277       -0.0236388615
        2.2248601459        0.9379734664       -0.0236373030
        1.8580965717        0.8757656194       -0.0355919538
        1.3982285474        0.7343937600       -0.0549611527
        1.3982285474        0.7341873489       -0.0555323815
        1.8580965717        0.8757911042       -0.0354551735
        2.2248601459        0.9382209801       -0.0236302159
        1.3982285474        0.7341480971       -0.0550617022
        0.6764342332        0.3151827557       -0.3101693806
        0.6764342332        0.3153810625       -0.3056384248
        1.3982285474        0.7341971895       -0.0548850483
        2.2248601459        0.9380236973       -0.0234236530
        2.2248601459        0.9380608896       -0.0236235973
        1.3982285474        0.7342933953       -0.0554963025
        0.6764342332        0.3156226456       -0.3047184258
        0.6764342332        0.3183934962       -0.3060100704
        1.3982285474        0.7347063319       -0.0550279411
        2.2248601459        0.9380157992       -0.0237338324
        1.8580965717        0.8758620784       -0.0354486515
        1.3982285474        0.7343613453       -0.0546390229
        1.3982285474        0.7346572084       -0.0549309023
        1.8580965717        0.8758987561       -0.0357594648
        2.2248601459        0.9379954375       -0.0233898296
        2.2248601459        0.9379507945       -0.0236956260
        2.1680458257        0.9265595321       -0.0236024200
        1.7896767594        0.8619168927       -0.0346461538
        1.7896767594        0.8622328142       -0.0349022564
        2.1680458257        0.9263018185       -0.0232713512
        1.7896767594        0.8620352279       -0.0347982338
        1.3059338055        0.6885746875       -0.0702461897
        1.3059338055        0.6881222316       -0.0701620989
        1.7896767594        0.8621501024       -0.0352356624
        1.7896767594        0.8622957503       -0.0351688198
        1.3059338055        0.6880123667       -0.0701468291
        1.3059338055        0.6881142601       -0.0709791396
        1.7896767594        0.8626766347       -0.0350202629
        2.1680458257        0.9263157234       -0.0233277801
        1.7896767594        0.8620512153       -0.0351656924
        1.7896767594        0.8624966519       -0.0349424499
        2.1680458257        0.9262541146       -0.0233943804
        2.1097020490        0.9242771594       -0.0246540958
        2.1097020490        0.9239843516       -0.0246327451
        2.1097020490        0.9240667743       -0.0246482986
        2.1097020490        0.9239584450       -0.0243983531
