#epsqw diagonal term
#1:q+G [au], 2:Re(eps-1), 3:Im(eps-1)
        1.9878840013        0.8905581010       -0.0005976804
        1.9878840013        0.8905662564       -0.0005976763
        1.9878840013        0.8905241402       -0.0005981381
        1.5665896092        0.8081987249       -0.0008548741
        1.5665896092        0.8082297226       -0.0008542538
        1.9878840013        0.8905255173       -0.0005975607
        1.9878840013        0.8905332728       -0.0005980961
        1.5665896092        0.8082286407       -0.0008542984
        1.5665896092        0.8082115041       -0.0008544953
        1.9878840013        0.8905230670       -0.0005979564
        1.9878840013        0.8905572167       -0.0005971311
        1.9878840013        0.8905560552       -0.0005975429
        1.9240849348        0.8816563220       -0.0006381958
        1.4847973051        0.7835527716       -0.0009346075
        1.4847973051        0.7835112155       -0.0009358931
        1.9240849348        0.8816601621       -0.0006389476
        1.4847973051        0.7834949592       -0.0009347235
        0.8409180925        0.5038909750       -0.0017179526
        0.8409180925        0.5038641067       -0.0017194259
        1.4847973051        0.7835055061       -0.0009347160
        1.4847973051        0.7834550872       -0.0009359740
        0.8409180925        0.5038617042       -0.0017194953
        0.8409180925        0.5037847430       -0.0017199866
        1.4847973051        0.7834776948       -0.0009350368
        1.9240849348        0.8816619976       -0.0006388663
        1.4847973051        0.7835627347       -0.0009345612
        1.4847973051        0.7835321106       -0.0009349380
        1.9240849348        0.8816501738       -0.0006391652
        2.2248601459        0.9216556825       -0.0004536521
        2.2248601459        0.9216519540       -0.0004537668
        1.8580965717        0.8715137085       -0.0006503176
        1.3982285474        0.7547500899       -0.0010500243
        1.3982285474        0.7547598397       -0.0010504194
        1.8580965717        0.8715390670       -0.0006497603
        2.2248601459        0.9216324032       -0.0004536828
        1.3982285474        0.7547033394       -0.0010499283
        0.6764342332        0.4139144314       -0.0020153353
        0.6764342332        0.4139398347       -0.0020145749
        1.3982285474        0.7547115170       -0.0010498494
        2.2248601459        0.9216357765       -0.0004536047
        2.2248601459        0.9216284679       -0.0004537914
        1.3982285474        0.7547109104       -0.0010503587
        0.6764342332        0.4139421777       -0.0020144931
        0.6764342332        0.4139735581       -0.0020135903
        1.3982285474        0.7547323242       -0.0010495618
        2.2248601459        0.9216389554       -0.0004533468
        1.8580965717        0.8715383915       -0.0006497876
        1.3982285474        0.7547627559       -0.0010498600
        1.3982285474        0.7547814462       -0.0010495952
        1.8580965717        0.8715301182       -0.0006492527
        2.2248601459        0.9216602275       -0.0004535660
        2.2248601459        0.9216620816       -0.0004533295
        2.1680458257        0.9125011321       -0.0005538751
        1.7896767594        0.8592608871       -0.0007003727
        1.7896767594        0.8592581123       -0.0007002321
        2.1680458257        0.9125015682       -0.0005536821
        1.7896767594        0.8592062535       -0.0007010200
        1.3059338055        0.7191350028       -0.0011452846
        1.3059338055        0.7191511223       -0.0011456604
        1.7896767594        0.8592064376       -0.0007013043
        1.7896767594        0.8592039573       -0.0007008942
        1.3059338055        0.7191530892       -0.0011456080
        1.3059338055        0.7191468559       -0.0011453967
        1.7896767594        0.8592278184       -0.0007006941
        2.1680458257        0.9125020257       -0.0005536634
        1.7896767594        0.8592610009       -0.0007006617
        1.7896767594        0.8592837448       -0.0007000032
        2.1680458257        0.9125262152       -0.0005527704
        2.1097020490        0.9077954314       -0.0005332253
        2.1097020490        0.9077867920       -0.0005334104
        2.1097020490        0.9077857492       -0.0005334453
        2.1097020490        0.9077834515       -0.0005334487
