#epsqw diagonal term
#1:q+G [au], 2:Re(eps-1), 3:Im(eps-1)
        1.9878840013        0.8912297948       -0.0005578615
        1.9878840013        0.8912381914       -0.0005578043
        1.9878840013        0.8911969092       -0.0005582315
        1.5665896092        0.8090929073       -0.0008062178
        1.5665896092        0.8091224403       -0.0008057559
        1.9878840013        0.8911967982       -0.0005578130
        1.9878840013        0.8912061723       -0.0005581473
        1.5665896092        0.8091214838       -0.0008057812
        1.5665896092        0.8091045703       -0.0008059879
        1.9878840013        0.8911954054       -0.0005581195
        1.9878840013        0.8912274803       -0.0005574729
        1.9878840013        0.8912274326       -0.0005577875
        1.9240849348        0.8823860998       -0.0005938054
        1.4847973051        0.7845299111       -0.0008826417
        1.4847973051        0.7844918710       -0.0008835258
        1.9240849348        0.8823921255       -0.0005942978
        1.4847973051        0.7844721879       -0.0008827747
        0.8409180925        0.5059782191       -0.0016195840
        0.8409180925        0.5059561511       -0.0016205392
        1.4847973051        0.7844828104       -0.0008827570
        1.4847973051        0.7844357939       -0.0008836151
        0.8409180925        0.5059540206       -0.0016205925
        0.8409180925        0.5058778740       -0.0016211306
        1.4847973051        0.7844553944       -0.0008830870
        1.9240849348        0.8823937554       -0.0005942416
        1.4847973051        0.7845398578       -0.0008825920
        1.4847973051        0.7845097244       -0.0008829810
        1.9240849348        0.8823825733       -0.0005945180
        2.2248601459        0.9221651498       -0.0004237068
        2.2248601459        0.9221615449       -0.0004238183
        1.8580965717        0.8722225351       -0.0006091817
        1.3982285474        0.7558761077       -0.0009883940
        1.3982285474        0.7558873586       -0.0009885686
        1.8580965717        0.8722463551       -0.0006087811
        2.2248601459        0.9221418611       -0.0004237358
        1.3982285474        0.7558289125       -0.0009883400
        0.6764342332        0.4166429966       -0.0018872317
        0.6764342332        0.4166668492       -0.0018865301
        1.3982285474        0.7558370184       -0.0009882244
        2.2248601459        0.9221447421       -0.0004237552
        2.2248601459        0.9221380183       -0.0004238461
        1.3982285474        0.7558380809       -0.0009885432
        0.6764342332        0.4166689288       -0.0018864692
        0.6764342332        0.4166977628       -0.0018858578
        1.3982285474        0.7558570605       -0.0009880329
        2.2248601459        0.9221474053       -0.0004235318
        1.8580965717        0.8722457558       -0.0006088022
        1.3982285474        0.7558884601       -0.0009882176
        1.3982285474        0.7559064563       -0.0009880363
        1.8580965717        0.8722357554       -0.0006085250
        2.2248601459        0.9221691873       -0.0004237192
        2.2248601459        0.9221705894       -0.0004235093
        2.1680458257        0.9131964967       -0.0005074821
        1.7896767594        0.8600289337       -0.0006559034
        1.7896767594        0.8600258732       -0.0006557319
        2.1680458257        0.9131963134       -0.0005073379
        1.7896767594        0.8599757882       -0.0006564230
        1.3059338055        0.7203383444       -0.0010856973
        1.3059338055        0.7203558108       -0.0010858586
        1.7896767594        0.8599768376       -0.0006565463
        1.7896767594        0.8599732384       -0.0006562628
        1.3059338055        0.7203576036       -0.0010858253
        1.3059338055        0.7203510782       -0.0010855805
        1.7896767594        0.8599967988       -0.0006560660
        2.1680458257        0.9131967174       -0.0005073242
        1.7896767594        0.8600299166       -0.0006560332
        1.7896767594        0.8600511289       -0.0006555132
        2.1680458257        0.9132186759       -0.0005066658
        2.1097020490        0.9084072217       -0.0004969534
        2.1097020490        0.9083987921       -0.0004971478
        2.1097020490        0.9083978334       -0.0004971752
        2.1097020490        0.9083953375       -0.0004972521
