#epsqw diagonal term
#1:q+G [au], 2:Re(eps-1), 3:Im(eps-1)
        1.9878840013        0.8684163328       -0.1247816753
        1.9878840013        0.8687259008       -0.1252175547
        1.9878840013        0.8679640901       -0.1249985395
        1.5665896092        0.7275378017       -0.2110977089
        1.5665896092        0.7273055579       -0.2114844626
        1.9878840013        0.8686345977       -0.1243452229
        1.9878840013        0.8684408387       -0.1253458380
        1.5665896092        0.7275274223       -0.2112815118
        1.5665896092        0.7275430650       -0.2102566491
        1.9878840013        0.8672320169       -0.1252237498
        1.9878840013        0.8680983223       -0.1249923663
        1.9878840013        0.8672842999       -0.1261768561
        1.9240849348        0.8470194131       -0.1267604251
        1.4847973051        0.7026017770       -0.2103728954
        1.4847973051        0.7035040927       -0.2102443112
        1.9240849348        0.8476754944       -0.1269683758
        1.4847973051        0.7023977362       -0.2100943833
        0.8409180925        0.4714277409       -0.3427900259
        0.8409180925        0.4701576425       -0.3464871403
        1.4847973051        0.7027519763       -0.2101291253
        1.4847973051        0.7029082955       -0.2103132872
        0.8409180925        0.4688710208       -0.3453040077
        0.8409180925        0.4706450282       -0.3472833493
        1.4847973051        0.7015403553       -0.2109450845
        1.9240849348        0.8473641026       -0.1278158834
        1.4847973051        0.7028858237       -0.2105743007
        1.4847973051        0.7017889611       -0.2110073449
        1.9240849348        0.8455346865       -0.1273138792
        2.2248601459        0.9157769298       -0.0928799222
        2.2248601459        0.9159758722       -0.0928227667
        1.8580965717        0.8380085619       -0.1400499978
        1.3982285474        0.6564576402       -0.2519067980
        1.3982285474        0.6571898290       -0.2517723240
        1.8580965717        0.8392520094       -0.1410919742
        2.2248601459        0.9160059252       -0.0909845256
        1.3982285474        0.6566023532       -0.2519913706
        0.6764342332        0.4601491706       -0.4069995644
        0.6764342332        0.4555775493       -0.4035424934
        1.3982285474        0.6585081074       -0.2523788872
        2.2248601459        0.9164681313       -0.0912879874
        2.2248601459        0.9158980453       -0.0908345571
        1.3982285474        0.6569413827       -0.2518952868
        0.6764342332        0.4574779202       -0.4028733088
        0.6764342332        0.4559751248       -0.4047937220
        1.3982285474        0.6562966427       -0.2529363257
        2.2248601459        0.9162546495       -0.0910678831
        1.8580965717        0.8392486732       -0.1407078147
        1.3982285474        0.6590646351       -0.2520498731
        1.3982285474        0.6559312671       -0.2529308973
        1.8580965717        0.8386404165       -0.1399297892
        2.2248601459        0.9168800504       -0.0930234050
        2.2248601459        0.9162596727       -0.0928444174
        2.1680458257        0.9056371088       -0.1029136262
        1.7896767594        0.8213410900       -0.1491140767
        1.7896767594        0.8224598907       -0.1482906769
        2.1680458257        0.9070392651       -0.1034790738
        1.7896767594        0.8214602775       -0.1485649222
        1.3059338055        0.6222309908       -0.2591516662
        1.3059338055        0.6214241481       -0.2587511632
        1.7896767594        0.8229650015       -0.1487729908
        1.7896767594        0.8228714315       -0.1480752844
        1.3059338055        0.6214218582       -0.2586846028
        1.3059338055        0.6223984787       -0.2595101082
        1.7896767594        0.8220512418       -0.1489968371
        2.1680458257        0.9071222955       -0.1031276237
        1.7896767594        0.8228643447       -0.1481376275
        1.7896767594        0.8226558507       -0.1481734692
        2.1680458257        0.9067496163       -0.1033559446
        2.1097020490        0.8945719566       -0.1053827083
        2.1097020490        0.8952180495       -0.1056551426
        2.1097020490        0.8955218251       -0.1057418788
        2.1097020490        0.8952721637       -0.1055719910
