#epsqw diagonal term
#1:q+G [au], 2:Re(eps-1), 3:Im(eps-1)
        1.9878840013        0.9023619199       -0.1234733994
        1.9878840013        0.9021102877       -0.1236874785
        1.9878840013        0.9025428887       -0.1235319491
        1.5665896092        0.8091702797       -0.2370565595
        1.5665896092        0.8081558797       -0.2362460286
        1.9878840013        0.9036103828       -0.1237893844
        1.9878840013        0.9022113147       -0.1234070798
        1.5665896092        0.8084192038       -0.2357638810
        1.5665896092        0.8107575524       -0.2376189822
        1.9878840013        0.9038777133       -0.1228796807
        1.9878840013        0.9036635159       -0.1236093943
        1.9878840013        0.9039220208       -0.1226373002
        1.9240849348        0.8920094622       -0.1275157150
        1.4847973051        0.7634079466       -0.2751563959
        1.4847973051        0.7615289006       -0.2740752817
        1.9240849348        0.8906418061       -0.1276482024
        1.4847973051        0.7623219365       -0.2759049094
        0.8409180925        0.4216660265       -0.4167612317
        0.8409180925        0.4218257905       -0.4167535788
        1.4847973051        0.7614652043       -0.2754228359
        1.4847973051        0.7614288111       -0.2746446223
        0.8409180925        0.4212881491       -0.4167707582
        0.8409180925        0.4172893884       -0.4138984768
        1.4847973051        0.7652318274       -0.2761243897
        1.9240849348        0.8906964543       -0.1275385630
        1.4847973051        0.7628700461       -0.2741158248
        1.4847973051        0.7655867958       -0.2754279159
        1.9240849348        0.8940691712       -0.1260520118
        2.2248601459        0.9453520344       -0.0742740401
        2.2248601459        0.9450623388       -0.0739295844
        1.8580965717        0.8777906084       -0.1485056181
        1.3982285474        0.7479117982       -0.3167713718
        1.3982285474        0.7452803450       -0.3127664405
        1.8580965717        0.8757670168       -0.1493344042
        2.2248601459        0.9452985377       -0.0743036218
        1.3982285474        0.7468986143       -0.3174512122
        0.6764342332        0.3376115362       -0.4553726303
        0.6764342332        0.3388577636       -0.4625807270
        1.3982285474        0.7447748886       -0.3129876290
        2.2248601459        0.9452973421       -0.0744451171
        2.2248601459        0.9450648111       -0.0738602271
        1.3982285474        0.7436290831       -0.3133592359
        0.6764342332        0.3389773239       -0.4633369533
        0.6764342332        0.3408086832       -0.4580340631
        1.3982285474        0.7454209008       -0.3123580490
        2.2248601459        0.9452374621       -0.0738536566
        1.8580965717        0.8757642837       -0.1494882775
        1.3982285474        0.7458924396       -0.3127365040
        1.3982285474        0.7469952257       -0.3119072778
        1.8580965717        0.8775629555       -0.1490694386
        2.2248601459        0.9453290764       -0.0746114959
        2.2248601459        0.9452780632       -0.0740737323
        2.1680458257        0.9505378994       -0.0727346614
        1.7896767594        0.8659592226       -0.1542544977
        1.7896767594        0.8653808729       -0.1550866590
        2.1680458257        0.9506084523       -0.0740642020
        1.7896767594        0.8660222363       -0.1544247568
        1.3059338055        0.7058410546       -0.3501721910
        1.3059338055        0.7031953541       -0.3469988204
        1.7896767594        0.8643038759       -0.1537490609
        1.7896767594        0.8653440649       -0.1553028781
        1.3059338055        0.7026265344       -0.3478059714
        1.3059338055        0.7030225060       -0.3475035993
        1.7896767594        0.8646141563       -0.1536573071
        2.1680458257        0.9508624236       -0.0738521814
        1.7896767594        0.8640725923       -0.1539863229
        1.7896767594        0.8644455820       -0.1537716871
        2.1680458257        0.9503812550       -0.0739326812
        2.1097020490        0.9294992427       -0.0888380701
        2.1097020490        0.9300353813       -0.0881170527
        2.1097020490        0.9299410538       -0.0880615873
        2.1097020490        0.9301540804       -0.0887291217
