#epsqw diagonal term
#1:q+G [au], 2:Re(eps-1), 3:Im(eps-1)
        1.9878840013        0.8853768654       -0.0023324563
        1.9878840013        0.8853721929       -0.0023405511
        1.9878840013        0.8853321453       -0.0023302861
        1.5665896092        0.8015795062       -0.0029013071
        1.5665896092        0.8016005646       -0.0028800311
        1.9878840013        0.8853445310       -0.0023263317
        1.9878840013        0.8853288055       -0.0023387405
        1.5665896092        0.8016029948       -0.0028819974
        1.5665896092        0.8015880090       -0.0028728672
        1.9878840013        0.8853365310       -0.0023173929
        1.9878840013        0.8853837607       -0.0023285742
        1.9878840013        0.8853770775       -0.0023194956
        1.9240849348        0.8759337542       -0.0026598001
        1.4847973051        0.7762329753       -0.0030313509
        1.4847973051        0.7761350728       -0.0030639275
        1.9240849348        0.8758919596       -0.0026932534
        1.4847973051        0.7761711016       -0.0030204037
        0.8409180925        0.4891192794       -0.0063165188
        0.8409180925        0.4889720912       -0.0063988256
        1.4847973051        0.7761734601       -0.0029995267
        1.4847973051        0.7760779612       -0.0030536183
        0.8409180925        0.4889632901       -0.0064006444
        0.8409180925        0.4888815226       -0.0063777922
        1.4847973051        0.7761689194       -0.0030044751
        1.9240849348        0.8758921314       -0.0026920882
        1.4847973051        0.7762360450       -0.0030080749
        1.4847973051        0.7762260407       -0.0030114787
        1.9240849348        0.8758954290       -0.0026902658
        2.2248601459        0.9176653883       -0.0016389094
        2.2248601459        0.9176714859       -0.0016471318
        1.8580965717        0.8659775495       -0.0023612324
        1.3982285474        0.7461738983       -0.0038136721
        1.3982285474        0.7461343748       -0.0038068320
        1.8580965717        0.8660391772       -0.0023470259
        2.2248601459        0.9176414950       -0.0016399104
        1.3982285474        0.7461324318       -0.0038125758
        0.6764342332        0.3944829438       -0.0074669503
        0.6764342332        0.3944775386       -0.0074957883
        1.3982285474        0.7461240875       -0.0037587066
        2.2248601459        0.9176632660       -0.0016213827
        2.2248601459        0.9176477163       -0.0016465763
        1.3982285474        0.7460902485       -0.0038053045
        0.6764342332        0.3944791063       -0.0074945109
        0.6764342332        0.3945766887       -0.0073880051
        1.3982285474        0.7461686136       -0.0037823805
        2.2248601459        0.9176686003       -0.0016186283
        1.8580965717        0.8660376076       -0.0023475253
        1.3982285474        0.7461693613       -0.0037607368
        1.3982285474        0.7462108966       -0.0037838502
        1.8580965717        0.8660305970       -0.0022948846
        2.2248601459        0.9176884934       -0.0016209296
        2.2248601459        0.9176921104       -0.0016200651
        2.1680458257        0.9067731417       -0.0030963286
        1.7896767594        0.8532733549       -0.0025104777
        1.7896767594        0.8532685069       -0.0025380291
        2.1680458257        0.9067738623       -0.0030788206
        1.7896767594        0.8532066750       -0.0025151018
        1.3059338055        0.7101470595       -0.0027640293
        1.3059338055        0.7101282389       -0.0027766274
        1.7896767594        0.8532076719       -0.0025577771
        1.7896767594        0.8532036923       -0.0025435204
        1.3059338055        0.7101320385       -0.0027744472
        1.3059338055        0.7101097004       -0.0027913007
        1.7896767594        0.8532482715       -0.0025571848
        2.1680458257        0.9067766627       -0.0030778347
        1.7896767594        0.8532724040       -0.0025525342
        1.7896767594        0.8533149972       -0.0025516144
        2.1680458257        0.9068323402       -0.0030537874
        2.1097020490        0.9029786675       -0.0018225875
        2.1097020490        0.9029688194       -0.0018185770
        2.1097020490        0.9029661521       -0.0018184579
        2.1097020490        0.9029763175       -0.0017989616
