#epsqw diagonal term
#1:q+G [au], 2:Re(eps-1), 3:Im(eps-1)
        1.9878840013        1.0342279317       -0.0318726893
        1.9878840013        1.0342034733       -0.0319628785
        1.9878840013        1.0346263128       -0.0318629840
        1.5665896092        1.0894541658       -0.0364198291
        1.5665896092        1.0895637308       -0.0367520410
        1.9878840013        1.0347284394       -0.0320977659
        1.9878840013        1.0346053695       -0.0319026877
        1.5665896092        1.0896510445       -0.0368581472
        1.5665896092        1.0894965956       -0.0365570772
        1.9878840013        1.0345190739       -0.0316179846
        1.9878840013        1.0343603342       -0.0320439319
        1.9878840013        1.0341337714       -0.0316190675
        1.9240849348        1.0398152719       -0.0342871287
        1.4847973051        1.0980458707       -0.0380066398
        1.4847973051        1.0978779762       -0.0376354924
        1.9240849348        1.0397036859       -0.0341144849
        1.4847973051        1.0978939112       -0.0380868792
        0.8409180925        1.1967525097       -0.0269550767
        0.8409180925        1.1967031000       -0.0269129199
        1.4847973051        1.0978499005       -0.0379554652
        1.4847973051        1.0977100075       -0.0375978255
        0.8409180925        1.1967132858       -0.0269036916
        0.8409180925        1.1967855544       -0.0265550020
        1.4847973051        1.0977470924       -0.0376450175
        1.9240849348        1.0396747562       -0.0340139190
        1.4847973051        1.0980666561       -0.0379397631
        1.4847973051        1.0979977506       -0.0377534942
        1.9240849348        1.0395207952       -0.0337193491
        2.2248601459        1.0279092798       -0.0261147890
        2.2248601459        1.0279163870       -0.0260369069
        1.8580965717        1.0460273180       -0.0349509032
        1.3982285474        1.1125488376       -0.0377808039
        1.3982285474        1.1124630292       -0.0377235447
        1.8580965717        1.0459763722       -0.0351647249
        2.2248601459        1.0275091423       -0.0263877903
        1.3982285474        1.1121263087       -0.0376601906
        0.6764342332        1.2225568190       -0.0230152652
        0.6764342332        1.2224475406       -0.0231508304
        1.3982285474        1.1119410969       -0.0374541664
        2.2248601459        1.0275089856       -0.0261767491
        2.2248601459        1.0275203921       -0.0263338317
        1.3982285474        1.1120647639       -0.0376687302
        0.6764342332        1.2224389065       -0.0231565370
        0.6764342332        1.2225119224       -0.0232713331
        1.3982285474        1.1122116609       -0.0378901159
        2.2248601459        1.0275489786       -0.0264742083
        1.8580965717        1.0459781349       -0.0352060193
        1.3982285474        1.1122726221       -0.0374803765
        1.3982285474        1.1125564982       -0.0378506740
        1.8580965717        1.0461466157       -0.0353142489
        2.2248601459        1.0278647212       -0.0258367177
        2.2248601459        1.0279082198       -0.0261245298
        2.1680458257        1.0178241732       -0.0277626870
        1.7896767594        1.0519358059       -0.0371641687
        1.7896767594        1.0521083452       -0.0376202863
        2.1680458257        1.0182966893       -0.0280742581
        1.7896767594        1.0522556592       -0.0371534666
        1.3059338055        1.1236560319       -0.0369335410
        1.3059338055        1.1237054121       -0.0372793529
        1.7896767594        1.0522742108       -0.0373961489
        1.7896767594        1.0524250685       -0.0377070246
        1.3059338055        1.1236471941       -0.0372060772
        1.3059338055        1.1235752356       -0.0369937001
        1.7896767594        1.0522840427       -0.0375183671
        2.1680458257        1.0183803187       -0.0282635088
        1.7896767594        1.0519536806       -0.0374662617
        1.7896767594        1.0519474836       -0.0374994692
        2.1680458257        1.0182955552       -0.0281450824
        2.1097020490        1.0340381404       -0.0297338022
        2.1097020490        1.0341337494       -0.0298610643
        2.1097020490        1.0340636880       -0.0297761783
        2.1097020490        1.0340578644       -0.0294797930
