#epsqw diagonal term
#1:q+G [au], 2:Re(eps-1), 3:Im(eps-1)
        1.9878840013        0.9230799030       -0.0977885996
        1.9878840013        0.9233730264       -0.0978197715
        1.9878840013        0.9226808080       -0.0981204484
        1.5665896092        0.8773145026       -0.2085188018
        1.5665896092        0.8771261558       -0.2060827854
        1.9878840013        0.9223267546       -0.0990591198
        1.9878840013        0.9230542901       -0.0980766092
        1.5665896092        0.8777743157       -0.2059466932
        1.5665896092        0.8765341042       -0.2064710078
        1.9878840013        0.9222628168       -0.0979567801
        1.9878840013        0.9227886996       -0.0989010322
        1.9878840013        0.9223107254       -0.0980227722
        1.9240849348        0.9135740047       -0.1097899834
        1.4847973051        0.8647338374       -0.2466446773
        1.4847973051        0.8656182488       -0.2494584533
        1.9240849348        0.9142416274       -0.1083801520
        1.4847973051        0.8632536112       -0.2474354278
        0.8409180925        0.5627657385       -0.7095952158
        0.8409180925        0.5612636964       -0.7143475130
        1.4847973051        0.8619193379       -0.2495480113
        1.4847973051        0.8643361852       -0.2504477940
        0.8409180925        0.5597728832       -0.7119585100
        0.8409180925        0.5638731859       -0.7231598407
        1.4847973051        0.8611526388       -0.2479598869
        1.9240849348        0.9148396350       -0.1080166272
        1.4847973051        0.8642346111       -0.2490323891
        1.4847973051        0.8640771882       -0.2469547733
        1.9240849348        0.9130464785       -0.1089746895
        2.2248601459        0.9418405036       -0.0587831885
        2.2248601459        0.9417752335       -0.0585744475
        1.8580965717        0.9033252949       -0.1209904878
        1.3982285474        0.8487128782       -0.2733895121
        1.3982285474        0.8485164009       -0.2734517548
        1.8580965717        0.9038532122       -0.1206212585
        2.2248601459        0.9414764186       -0.0594302886
        1.3982285474        0.8458556148       -0.2746521707
        0.6764342332        0.5140797506       -0.8843281315
        0.6764342332        0.5144277288       -0.8680170031
        1.3982285474        0.8477879187       -0.2755416740
        2.2248601459        0.9412716531       -0.0587248310
        2.2248601459        0.9413359032       -0.0591706739
        1.3982285474        0.8466550105       -0.2736789176
        0.6764342332        0.5126074565       -0.8704013323
        0.6764342332        0.5231473264       -0.8703378881
        1.3982285474        0.8447350991       -0.2729882801
        2.2248601459        0.9412459724       -0.0590654492
        1.8580965717        0.9033386667       -0.1203618288
        1.3982285474        0.8508824324       -0.2748685160
        1.3982285474        0.8464181334       -0.2739050294
        1.8580965717        0.9043051925       -0.1214730225
        2.2248601459        0.9418672958       -0.0580995717
        2.2248601459        0.9419333708       -0.0585744292
        2.1680458257        0.9370918795       -0.0687028318
        1.7896767594        0.8927031735       -0.1393827760
        1.7896767594        0.8931244290       -0.1410998758
        2.1680458257        0.9364054525       -0.0676641953
        1.7896767594        0.8918982100       -0.1395149164
        1.3059338055        0.8280005629       -0.3392923454
        1.3059338055        0.8278551512       -0.3384383394
        1.7896767594        0.8919402579       -0.1404316516
        1.7896767594        0.8916941677       -0.1412662123
        1.3059338055        0.8273183428       -0.3380977985
        1.3059338055        0.8293093999       -0.3390766629
        1.7896767594        0.8915216280       -0.1399992287
        2.1680458257        0.9365277796       -0.0676495765
        1.7896767594        0.8927844298       -0.1407294448
        1.7896767594        0.8928877970       -0.1400956101
        2.1680458257        0.9366995545       -0.0680268218
        2.1097020490        0.9287356296       -0.0729613217
        2.1097020490        0.9282726254       -0.0723686691
        2.1097020490        0.9286110649       -0.0722736009
        2.1097020490        0.9285909378       -0.0724794783
