#epsqw diagonal term
#1:q+G [au], 2:Re(eps-1), 3:Im(eps-1)
        1.9878840013        0.8912472461       -0.0005568973
        1.9878840013        0.8912556475       -0.0005568390
        1.9878840013        0.8912143879       -0.0005572650
        1.5665896092        0.8091162483       -0.0008050317
        1.5665896092        0.8091457451       -0.0008045732
        1.9878840013        0.8912142404       -0.0005568500
        1.9878840013        0.8912236528       -0.0005571800
        1.5665896092        0.8091447914       -0.0008045981
        1.5665896092        0.8091278854       -0.0008048049
        1.9878840013        0.8912128737       -0.0005571545
        1.9878840013        0.8912448969       -0.0005565121
        1.9878840013        0.8912448766       -0.0005568245
        1.9240849348        0.8824050194       -0.0005927355
        1.4847973051        0.7845554467       -0.0008813725
        1.4847973051        0.7845174917       -0.0008822478
        1.9240849348        0.8824110977       -0.0005932221
        1.4847973051        0.7844977263       -0.0008815056
        0.8409180925        0.5060330009       -0.0016171829
        0.8409180925        0.5060110498       -0.0016181266
        1.4847973051        0.7845083510       -0.0008814875
        1.4847973051        0.7844614158       -0.0008823372
        0.8409180925        0.5060089265       -0.0016181794
        0.8409180925        0.5059328031       -0.0016187182
        1.4847973051        0.7844809461       -0.0008818178
        1.9240849348        0.8824127223       -0.0005931664
        1.4847973051        0.7845653929       -0.0008813224
        1.4847973051        0.7845352741       -0.0008817116
        1.9240849348        0.8824015574       -0.0005934421
        2.2248601459        0.9221784054       -0.0004229764
        2.2248601459        0.9221748035       -0.0004230878
        1.8580965717        0.8722409743       -0.0006081819
        1.3982285474        0.7559054686       -0.0009868968
        1.3982285474        0.7559167534       -0.0009870666
        1.8580965717        0.8722647579       -0.0006077849
        2.2248601459        0.9221551159       -0.0004230053
        1.3982285474        0.7558582620       -0.0009868437
        0.6764342332        0.4167146482       -0.0018840886
        0.6764342332        0.4167384627       -0.0018833883
        1.3982285474        0.7558663660       -0.0009867271
        2.2248601459        0.9221579872       -0.0004230266
        2.2248601459        0.9221512757       -0.0004231157
        1.3982285474        0.7558674670       -0.0009870419
        0.6764342332        0.4167405356       -0.0018833279
        0.6764342332        0.4167693075       -0.0018827227
        1.3982285474        0.7558863895       -0.0009865378
        2.2248601459        0.9221606372       -0.0004228041
        1.8580965717        0.8722641605       -0.0006078058
        1.3982285474        0.7559178128       -0.0009867199
        1.3982285474        0.7559357924       -0.0009865406
        1.8580965717        0.8722541215       -0.0006075337
        2.2248601459        0.9221824326       -0.0004229907
        2.2248601459        0.9221838230       -0.0004227814
        2.1680458257        0.9132143918       -0.0005063796
        1.7896767594        0.8600489141       -0.0006548236
        1.7896767594        0.8600458443       -0.0006546518
        2.1680458257        0.9132141935       -0.0005062365
        1.7896767594        0.8599958060       -0.0006553402
        1.3059338055        0.7203699290       -0.0010842217
        1.3059338055        0.7203874265       -0.0010843784
        1.7896767594        0.8599968744       -0.0006554603
        1.7896767594        0.8599932481       -0.0006551796
        1.3059338055        0.7203892152       -0.0010843456
        1.3059338055        0.7203826826       -0.0010841004
        1.7896767594        0.8600168005       -0.0006549831
        2.1680458257        0.9132145966       -0.0005062230
        1.7896767594        0.8600499162       -0.0006549503
        1.7896767594        0.8600710904       -0.0006544336
        2.1680458257        0.9132365005       -0.0005055698
        2.1097020490        0.9084231361       -0.0004960679
        2.1097020490        0.9084147127       -0.0004962623
        2.1097020490        0.9084137562       -0.0004962894
        2.1097020490        0.9084112582       -0.0004963677
