#epsqw diagonal term
#1:q+G [au], 2:Re(eps-1), 3:Im(eps-1)
        1.9878840013        0.9306324202       -0.1083094664
        1.9878840013        0.9303793260       -0.1081644771
        1.9878840013        0.9298053997       -0.1080701465
        1.5665896092        0.8645016519       -0.2492452859
        1.5665896092        0.8659293273       -0.2486686246
        1.9878840013        0.9303560836       -0.1073218524
        1.9878840013        0.9296864857       -0.1080912200
        1.5665896092        0.8658255705       -0.2487077138
        1.5665896092        0.8650532311       -0.2470075541
        1.9878840013        0.9320172587       -0.1072977793
        1.9878840013        0.9306101138       -0.1076395583
        1.9878840013        0.9323419456       -0.1074792639
        1.9240849348        0.9225227558       -0.1180417222
        1.4847973051        0.8254606152       -0.2868033084
        1.4847973051        0.8263297336       -0.2867120312
        1.9240849348        0.9226249598       -0.1185693827
        1.4847973051        0.8254556386       -0.2855484625
        0.8409180925        0.3441480694       -0.5176597403
        0.8409180925        0.3460702826       -0.5230470058
        1.4847973051        0.8257795113       -0.2848633963
        1.4847973051        0.8261808647       -0.2866783730
        0.8409180925        0.3453539913       -0.5227270569
        0.8409180925        0.3410072039       -0.5146626518
        1.4847973051        0.8250739580       -0.2879091296
        1.9240849348        0.9227001799       -0.1185344929
        1.4847973051        0.8254889809       -0.2862242206
        1.4847973051        0.8246936813       -0.2888032257
        1.9240849348        0.9243719919       -0.1178712170
        2.2248601459        0.9550380495       -0.0607976899
        2.2248601459        0.9552330558       -0.0611452445
        1.8580965717        0.9108183092       -0.1354447392
        1.3982285474        0.8187053078       -0.3399171739
        1.3982285474        0.8188866891       -0.3436983027
        1.8580965717        0.9073797091       -0.1365715946
        2.2248601459        0.9550647422       -0.0607178251
        1.3982285474        0.8178844134       -0.3384678767
        0.6764342332        0.2232480879       -0.5843758284
        0.6764342332        0.2301418990       -0.5845582900
        1.3982285474        0.8193256425       -0.3397298688
        2.2248601459        0.9543644317       -0.0610443521
        2.2248601459        0.9553916559       -0.0611260714
        1.3982285474        0.8189702988       -0.3417218901
        0.6764342332        0.2314440956       -0.5839812576
        0.6764342332        0.2312262359       -0.5813809990
        1.3982285474        0.8168278984       -0.3402918601
        2.2248601459        0.9551600533       -0.0613692174
        1.8580965717        0.9072676896       -0.1366593885
        1.3982285474        0.8198031497       -0.3408138799
        1.3982285474        0.8174595357       -0.3415123949
        1.8580965717        0.9081312085       -0.1354778465
        2.2248601459        0.9543866776       -0.0612404973
        2.2248601459        0.9552199373       -0.0614270736
        2.1680458257        0.9390323359       -0.0606089546
        1.7896767594        0.8984476012       -0.1484448574
        1.7896767594        0.8975923677       -0.1484330505
        2.1680458257        0.9392631067       -0.0603970590
        1.7896767594        0.8984025069       -0.1476280162
        1.3059338055        0.7723090133       -0.3946269719
        1.3059338055        0.7727551521       -0.3927516843
        1.7896767594        0.8970065011       -0.1490854084
        1.7896767594        0.8970333453       -0.1473153142
        1.3059338055        0.7731930070       -0.3922814783
        1.3059338055        0.7760217538       -0.3941937440
        1.7896767594        0.8963253792       -0.1483625326
        2.1680458257        0.9392191917       -0.0604357643
        1.7896767594        0.8975001103       -0.1494043613
        1.7896767594        0.8967515898       -0.1494568128
        2.1680458257        0.9393011832       -0.0603663389
        2.1097020490        0.9403273899       -0.0767694331
        2.1097020490        0.9410282398       -0.0770055388
        2.1097020490        0.9410430298       -0.0771193288
        2.1097020490        0.9405035962       -0.0770889106
