#epsqw diagonal term
#1:q+G [au], 2:Re(eps-1), 3:Im(eps-1)
        1.9878840013        0.8912042660       -0.0005592780
        1.9878840013        0.8912126555       -0.0005592225
        1.9878840013        0.8911713401       -0.0005596513
        1.5665896092        0.8090587734       -0.0008079595
        1.5665896092        0.8090883574       -0.0008074927
        1.9878840013        0.8911712821       -0.0005592275
        1.9878840013        0.8911806000       -0.0005595683
        1.5665896092        0.8090873968       -0.0008075184
        1.5665896092        0.8090704739       -0.0008077249
        1.9878840013        0.8911698493       -0.0005595371
        1.9878840013        0.8912020018       -0.0005588842
        1.9878840013        0.8912019122       -0.0005592022
        1.9240849348        0.8823584176       -0.0005953775
        1.4847973051        0.7844925663       -0.0008845053
        1.4847973051        0.7844544020       -0.0008854024
        1.9240849348        0.8823643660       -0.0005958784
        1.4847973051        0.7844348383       -0.0008846379
        0.8409180925        0.5058981278       -0.0016231095
        0.8409180925        0.5058758895       -0.0016240817
        1.4847973051        0.7844454572       -0.0008846210
        1.4847973051        0.7843983222       -0.0008854915
        0.8409180925        0.5058737484       -0.0016241357
        0.8409180925        0.5057975662       -0.0016246726
        1.4847973051        0.7844180241       -0.0008849506
        1.9240849348        0.8823660028       -0.0005958214
        1.4847973051        0.7845025129       -0.0008844560
        1.4847973051        0.7844723583       -0.0008848446
        1.9240849348        0.8823547947       -0.0005960988
        2.2248601459        0.9221457578       -0.0004247794
        2.2248601459        0.9221421477       -0.0004248911
        1.8580965717        0.8721955592       -0.0006106502
        1.3982285474        0.7558331625       -0.0009905931
        1.3982285474        0.7558443625       -0.0009907748
        1.8580965717        0.8722194354       -0.0006102444
        2.2248601459        0.9221224697       -0.0004248085
        1.3982285474        0.7557859835       -0.0009905376
        0.6764342332        0.4165382413       -0.0018918451
        0.6764342332        0.4165621543       -0.0018911417
        1.3982285474        0.7557940934       -0.0009904234
        2.2248601459        0.9221253655       -0.0004248250
        2.2248601459        0.9221186227       -0.0004249188
        1.3982285474        0.7557950972       -0.0009907482
        0.6764342332        0.4165642437       -0.0018910801
        0.6764342332        0.4165931668       -0.0018904595
        1.3982285474        0.7558141625       -0.0009902288
        2.2248601459        0.9221280482       -0.0004246004
        1.8580965717        0.8722188333       -0.0006102657
        1.3982285474        0.7558455276       -0.0009904172
        1.3982285474        0.7558635488       -0.0009902332
        1.8580965717        0.8722088896       -0.0006099809
        2.2248601459        0.9221498108       -0.0004247889
        2.2248601459        0.9221512302       -0.0004245781
        2.1680458257        0.9131703003       -0.0005091033
        1.7896767594        0.8599997048       -0.0006574892
        1.7896767594        0.8599966584       -0.0006573183
        2.1680458257        0.9131701405       -0.0005089575
        1.7896767594        0.8599465043       -0.0006580134
        1.3059338055        0.7202921662       -0.0010878622
        1.3059338055        0.7203095876       -0.0010880304
        1.7896767594        0.8599475268       -0.0006581413
        1.7896767594        0.8599439676       -0.0006578538
        1.3059338055        0.7203113867       -0.0010879965
        1.3059338055        0.7203048763       -0.0010877522
        1.7896767594        0.8599675401       -0.0006576567
        2.1680458257        0.9131705467       -0.0005089437
        1.7896767594        0.8600006609       -0.0006576237
        1.7896767594        0.8600219293       -0.0006570989
        2.1680458257        0.9131925848       -0.0005082776
        2.1097020490        0.9083839425       -0.0004982538
        2.1097020490        0.9083755035       -0.0004984482
        2.1097020490        0.9083745418       -0.0004984757
        2.1097020490        0.9083720503       -0.0004985507
