#epsqw diagonal term
#1:q+G [au], 2:Re(eps-1), 3:Im(eps-1)
        1.9878840013        0.8876967549       -0.0009463942
        1.9878840013        0.8877034740       -0.0009462304
        1.9878840013        0.8876586133       -0.0009466907
        1.5665896092        0.8044793979       -0.0012389355
        1.5665896092        0.8045222159       -0.0012340668
        1.9878840013        0.8876697820       -0.0009424290
        1.9878840013        0.8876669161       -0.0009463419
        1.5665896092        0.8045193383       -0.0012355364
        1.5665896092        0.8045015161       -0.0012374842
        1.9878840013        0.8876620325       -0.0009453124
        1.9878840013        0.8877063294       -0.0009409489
        1.9878840013        0.8876992420       -0.0009443798
        1.9240849348        0.8785041558       -0.0010424195
        1.4847973051        0.7795411362       -0.0013441451
        1.4847973051        0.7794785319       -0.0013512372
        1.9240849348        0.8784961886       -0.0010447697
        1.4847973051        0.7794846735       -0.0013432723
        0.8409180925        0.4954139251       -0.0025141349
        0.8409180925        0.4953594082       -0.0025164812
        1.4847973051        0.7794981165       -0.0013404602
        1.4847973051        0.7794228326       -0.0013513545
        0.8409180925        0.4953569778       -0.0025147535
        0.8409180925        0.4952794260       -0.0025163777
        1.4847973051        0.7794683669       -0.0013457540
        1.9240849348        0.8785000069       -0.0010433848
        1.4847973051        0.7795540603       -0.0013419077
        1.4847973051        0.7795219976       -0.0013465609
        1.9240849348        0.8784873290       -0.0010440361
        2.2248601459        0.9195188798       -0.0006767691
        2.2248601459        0.9195139865       -0.0006765058
        1.8580965717        0.8685285211       -0.0009661809
        1.3982285474        0.7500422367       -0.0015263718
        1.3982285474        0.7500404467       -0.0015289594
        1.8580965717        0.8685616169       -0.0009645322
        2.2248601459        0.9194955994       -0.0006766587
        1.3982285474        0.7499981841       -0.0015253073
        0.6764342332        0.4029278713       -0.0029779356
        0.6764342332        0.4029639023       -0.0029671998
        1.3982285474        0.7500076578       -0.0015246136
        2.2248601459        0.9195046663       -0.0006745400
        2.2248601459        0.9194907531       -0.0006764602
        1.3982285474        0.7499937747       -0.0015282395
        0.6764342332        0.4029675447       -0.0029670447
        0.6764342332        0.4030161531       -0.0029655279
        1.3982285474        0.7500320245       -0.0015216073
        2.2248601459        0.9195100830       -0.0006729869
        1.8580965717        0.8685606242       -0.0009645588
        1.3982285474        0.7500577541       -0.0015248358
        1.3982285474        0.7500792412       -0.0015224156
        1.8580965717        0.8685698028       -0.0009548856
        2.2248601459        0.9195291919       -0.0006745284
        2.2248601459        0.9195328196       -0.0006730890
        2.1680458257        0.9093593460       -0.0010445696
        1.7896767594        0.8560314958       -0.0010719850
        1.7896767594        0.8560263558       -0.0010723146
        2.1680458257        0.9093629594       -0.0010423632
        1.7896767594        0.8559700013       -0.0010733629
        1.3059338055        0.7143813182       -0.0015148911
        1.3059338055        0.7143869481       -0.0015178914
        1.7896767594        0.8559599499       -0.0010769109
        1.7896767594        0.8559650276       -0.0010738839
        1.3059338055        0.7143900210       -0.0015176154
        1.3059338055        0.7143813237       -0.0015186825
        1.7896767594        0.8559879029       -0.0010745364
        2.1680458257        0.9093636436       -0.0010424239
        1.7896767594        0.8560216540       -0.0010752688
        1.7896767594        0.8560513589       -0.0010729095
        2.1680458257        0.9094002596       -0.0010383355
        2.1097020490        0.9052387039       -0.0008062729
        2.1097020490        0.9052309188       -0.0008056777
        2.1097020490        0.9052295387       -0.0008057003
        2.1097020490        0.9052312376       -0.0008041078
