#epsqw diagonal term
#1:q+G [au], 2:Re(eps-1), 3:Im(eps-1)
        1.9878840013        0.8868543783       -0.0347973930
        1.9878840013        0.8869704949       -0.0346504350
        1.9878840013        0.8868760511       -0.0344637268
        1.5665896092        0.8137179533       -0.0449009373
        1.5665896092        0.8135324815       -0.0445871170
        1.9878840013        0.8866001016       -0.0342176980
        1.9878840013        0.8867105202       -0.0343908225
        1.5665896092        0.8135202079       -0.0445941874
        1.5665896092        0.8130068861       -0.0453665890
        1.9878840013        0.8866092463       -0.0342465437
        1.9878840013        0.8865075765       -0.0345004284
        1.9878840013        0.8868144498       -0.0345251814
        1.9240849348        0.8795783501       -0.0348455121
        1.4847973051        0.7915988459       -0.0416722495
        1.4847973051        0.7909733918       -0.0420271475
        1.9240849348        0.8799134942       -0.0350778282
        1.4847973051        0.7916898959       -0.0416674100
        0.8409180925        0.4727997895       -0.1184957766
        0.8409180925        0.4727424667       -0.1180090562
        1.4847973051        0.7910602949       -0.0419043359
        1.4847973051        0.7907000554       -0.0420791131
        0.8409180925        0.4726366823       -0.1179551143
        0.8409180925        0.4736766517       -0.1150703388
        1.4847973051        0.7912571406       -0.0420717817
        1.9240849348        0.8795166010       -0.0351434142
        1.4847973051        0.7909228813       -0.0418878274
        1.4847973051        0.7915099469       -0.0420470673
        1.9240849348        0.8793020042       -0.0349795857
        2.2248601459        0.9277275095       -0.0170581674
        2.2248601459        0.9275298297       -0.0170184869
        1.8580965717        0.8658649902       -0.0304901755
        1.3982285474        0.7657515907       -0.0424934892
        1.3982285474        0.7646472937       -0.0425158692
        1.8580965717        0.8654391827       -0.0306813550
        2.2248601459        0.9275416776       -0.0170661416
        1.3982285474        0.7655200854       -0.0424287628
        0.6764342332        0.4232554130       -0.1004756512
        0.6764342332        0.4239148720       -0.0995144537
        1.3982285474        0.7642941283       -0.0430866220
        2.2248601459        0.9274680325       -0.0168884260
        2.2248601459        0.9273964853       -0.0170119171
        1.3982285474        0.7648069142       -0.0424519560
        0.6764342332        0.4240563079       -0.0997216412
        0.6764342332        0.4217559976       -0.0985467767
        1.3982285474        0.7653209298       -0.0425364581
        2.2248601459        0.9275448225       -0.0169677502
        1.8580965717        0.8657063162       -0.0306648189
        1.3982285474        0.7644769954       -0.0432078209
        1.3982285474        0.7652544475       -0.0425836757
        1.8580965717        0.8652553339       -0.0306155177
        2.2248601459        0.9276260853       -0.0168314862
        2.2248601459        0.9276882906       -0.0169797367
        2.1680458257        0.9081044007       -0.0364620323
        1.7896767594        0.8580678196       -0.0345040365
        1.7896767594        0.8576960750       -0.0343441879
        2.1680458257        0.9074919213       -0.0363566459
        1.7896767594        0.8579289689       -0.0341878167
        1.3059338055        0.7169176466       -0.0511710783
        1.3059338055        0.7166252159       -0.0517256218
        1.7896767594        0.8573235840       -0.0338824853
        1.7896767594        0.8578618457       -0.0340057225
        1.3059338055        0.7166316198       -0.0517026537
        1.3059338055        0.7168676530       -0.0524206606
        1.7896767594        0.8579543257       -0.0338565328
        2.1680458257        0.9078218422       -0.0363606826
        1.7896767594        0.8575346948       -0.0342048212
        1.7896767594        0.8578270653       -0.0342007342
        2.1680458257        0.9076831913       -0.0364439681
        2.1097020490        0.9168247867       -0.0277444497
        2.1097020490        0.9169102438       -0.0270947950
        2.1097020490        0.9169260983       -0.0271064012
        2.1097020490        0.9170028054       -0.0268080900
