#epsqw diagonal term
#1:q+G [au], 2:Re(eps-1), 3:Im(eps-1)
        1.9878840013        0.9012279188       -0.0249600075
        1.9878840013        0.9012566555       -0.0246019307
        1.9878840013        0.9006201500       -0.0246740614
        1.5665896092        0.8182969021       -0.0198907476
        1.5665896092        0.8181208058       -0.0196728266
        1.9878840013        0.9008541667       -0.0242894736
        1.9878840013        0.9007160215       -0.0242656830
        1.5665896092        0.8182095089       -0.0197262944
        1.5665896092        0.8181548533       -0.0195779134
        1.9878840013        0.9010624078       -0.0244588353
        1.9878840013        0.9014213009       -0.0245476682
        1.9878840013        0.9014869800       -0.0247098384
        1.9240849348        0.8933632813       -0.0275837347
        1.4847973051        0.7848613824       -0.0262941169
        1.4847973051        0.7849718405       -0.0260315578
        1.9240849348        0.8931503486       -0.0275971688
        1.4847973051        0.7852745058       -0.0262195338
        0.8409180925        0.4655410931       -0.0724804110
        0.8409180925        0.4660496136       -0.0727473473
        1.4847973051        0.7851225603       -0.0258185936
        1.4847973051        0.7853549302       -0.0258343736
        0.8409180925        0.4659976735       -0.0728844751
        0.8409180925        0.4668283936       -0.0726373778
        1.4847973051        0.7855280812       -0.0258293429
        1.9240849348        0.8932423882       -0.0273578056
        1.4847973051        0.7849121612       -0.0258469178
        1.4847973051        0.7850720643       -0.0260426187
        1.9240849348        0.8931057412       -0.0273510889
        2.2248601459        0.9149234026       -0.0199323614
        2.2248601459        0.9148367353       -0.0200752015
        1.8580965717        0.8796530319       -0.0299054464
        1.3982285474        0.7507295275       -0.0258970811
        1.3982285474        0.7506821671       -0.0257103823
        1.8580965717        0.8792342806       -0.0298024361
        2.2248601459        0.9151671024       -0.0199969516
        1.3982285474        0.7512000920       -0.0255987174
        0.6764342332        0.3574288933       -0.0904291825
        0.6764342332        0.3569166919       -0.0908548098
        1.3982285474        0.7511113213       -0.0254528257
        2.2248601459        0.9150419267       -0.0200535645
        2.2248601459        0.9151294003       -0.0201381877
        1.3982285474        0.7511009067       -0.0254950434
        0.6764342332        0.3568894065       -0.0907370386
        0.6764342332        0.3568894326       -0.0911456513
        1.3982285474        0.7512167423       -0.0257847919
        2.2248601459        0.9151920004       -0.0199892882
        1.8580965717        0.8791308511       -0.0298448674
        1.3982285474        0.7506369679       -0.0256606615
        1.3982285474        0.7508379017       -0.0259060127
        1.8580965717        0.8788513934       -0.0298243078
        2.2248601459        0.9148538230       -0.0200344217
        2.2248601459        0.9149595333       -0.0199762784
        2.1680458257        0.9287552240       -0.0293523686
        1.7896767594        0.8664994127       -0.0270214057
        1.7896767594        0.8663019183       -0.0269606739
        2.1680458257        0.9285331979       -0.0291993844
        1.7896767594        0.8664545786       -0.0271749307
        1.3059338055        0.7124299162       -0.0281754200
        1.3059338055        0.7124089004       -0.0286593352
        1.7896767594        0.8665110316       -0.0269818126
        1.7896767594        0.8662058482       -0.0270577798
        1.3059338055        0.7124923108       -0.0286762191
        1.3059338055        0.7126137384       -0.0284590340
        1.7896767594        0.8662296595       -0.0271439161
        2.1680458257        0.9284272236       -0.0293121622
        1.7896767594        0.8665082038       -0.0269716221
        1.7896767594        0.8665160114       -0.0269638287
        2.1680458257        0.9281566299       -0.0291996351
        2.1097020490        0.9126692329       -0.0205662785
        2.1097020490        0.9126202639       -0.0208551667
        2.1097020490        0.9126792933       -0.0208295620
        2.1097020490        0.9125748167       -0.0206121279
