#epsqw diagonal term
#1:q+G [au], 2:Re(eps-1), 3:Im(eps-1)
        1.9878840013        1.0258480028       -0.0024566053
        1.9878840013        1.0258374882       -0.0024480125
        1.9878840013        1.0258463607       -0.0024366720
        1.5665896092        1.0405796873       -0.0015540395
        1.5665896092        1.0405731735       -0.0015514929
        1.9878840013        1.0258010697       -0.0024083194
        1.9878840013        1.0258368568       -0.0024280185
        1.5665896092        1.0405728913       -0.0015516128
        1.5665896092        1.0405540105       -0.0015434596
        1.9878840013        1.0257957423       -0.0023656078
        1.9878840013        1.0258006342       -0.0024307572
        1.9878840013        1.0257953472       -0.0023885039
        1.9240849348        1.0277410754       -0.0023735379
        1.4847973051        1.0442810339       -0.0015674142
        1.4847973051        1.0442853295       -0.0015650372
        1.9240849348        1.0277654471       -0.0023747802
        1.4847973051        1.0443003199       -0.0015688063
        0.8409180925        1.0780819814       -0.0017221289
        0.8409180925        1.0780806255       -0.0017101539
        1.4847973051        1.0442965401       -0.0015694093
        1.4847973051        1.0443043171       -0.0015671591
        0.8409180925        1.0780820497       -0.0017106124
        0.8409180925        1.0781156293       -0.0016672481
        1.4847973051        1.0442863664       -0.0015579241
        1.9240849348        1.0277666520       -0.0023747765
        1.4847973051        1.0442766486       -0.0015683538
        1.4847973051        1.0442694537       -0.0015560162
        1.9240849348        1.0277276640       -0.0023196301
        2.2248601459        1.0190056840       -0.0020739490
        2.2248601459        1.0190120524       -0.0021008164
        1.8580965717        1.0300866656       -0.0024054472
        1.3982285474        1.0484441826       -0.0014486177
        1.3982285474        1.0484519143       -0.0014535314
        1.8580965717        1.0301361612       -0.0024384990
        2.2248601459        1.0189794304       -0.0020656875
        1.3982285474        1.0484675323       -0.0014523545
        0.6764342332        1.0860443742       -0.0019961253
        0.6764342332        1.0859831753       -0.0020691136
        1.3982285474        1.0484796022       -0.0014538616
        2.2248601459        1.0189978644       -0.0021028351
        2.2248601459        1.0189893679       -0.0020920871
        1.3982285474        1.0484776978       -0.0014565321
        0.6764342332        1.0859830228       -0.0020685036
        0.6764342332        1.0860155426       -0.0020632295
        1.3982285474        1.0484725098       -0.0014575434
        2.2248601459        1.0189881261       -0.0020912190
        1.8580965717        1.0301355993       -0.0024385060
        1.3982285474        1.0484542317       -0.0014503671
        1.3982285474        1.0484475241       -0.0014546641
        1.8580965717        1.0300918417       -0.0024338703
        2.2248601459        1.0190181190       -0.0021108105
        2.2248601459        1.0190116983       -0.0020997113
        2.1680458257        1.0210302965       -0.0024715907
        1.7896767594        1.0324026858       -0.0021732413
        1.7896767594        1.0324089740       -0.0022058783
        2.1680458257        1.0210412893       -0.0025758938
        1.7896767594        1.0324084364       -0.0021565740
        1.3059338055        1.0530966986       -0.0014793298
        1.3059338055        1.0531042722       -0.0014831326
        1.7896767594        1.0324406636       -0.0021997179
        1.7896767594        1.0324160968       -0.0021894113
        1.3059338055        1.0531040475       -0.0014831251
        1.3059338055        1.0531009551       -0.0014827450
        1.7896767594        1.0324457300       -0.0022032483
        2.1680458257        1.0210384907       -0.0025755213
        1.7896767594        1.0324348300       -0.0022140026
        1.7896767594        1.0324405470       -0.0022176356
        2.1680458257        1.0210521193       -0.0025884873
        2.1097020490        1.0219852804       -0.0019885353
        2.1097020490        1.0220077080       -0.0020196271
        2.1097020490        1.0220076360       -0.0020191906
        2.1097020490        1.0220294949       -0.0020390676
