#epsqw diagonal term
#1:q+G [au], 2:Re(eps-1), 3:Im(eps-1)
        1.9878840013        0.8903347904       -0.0211026185
        1.9878840013        0.8905845233       -0.0210360271
        1.9878840013        0.8903450339       -0.0210641139
        1.5665896092        0.8041860494       -0.0536127889
        1.5665896092        0.8037305473       -0.0539862252
        1.9878840013        0.8903509729       -0.0210428446
        1.9878840013        0.8906257026       -0.0210038716
        1.5665896092        0.8036137905       -0.0541273874
        1.5665896092        0.8049069421       -0.0542938704
        1.9878840013        0.8903784613       -0.0210519251
        1.9878840013        0.8904267689       -0.0210209233
        1.9878840013        0.8904011230       -0.0210016389
        1.9240849348        0.8853483136       -0.0253525113
        1.4847973051        0.7882018984       -0.0693525386
        1.4847973051        0.7895160802       -0.0690037425
        1.9240849348        0.8851889381       -0.0248455298
        1.4847973051        0.7882478731       -0.0696420310
        0.8409180925        0.6914257409       -0.2589643045
        0.8409180925        0.6880649420       -0.2570743768
        1.4847973051        0.7883021042       -0.0692183227
        1.4847973051        0.7896087280       -0.0692489042
        0.8409180925        0.6882576666       -0.2569491837
        0.8409180925        0.6940377733       -0.2583201109
        1.4847973051        0.7891839336       -0.0691588913
        1.9240849348        0.8852082812       -0.0248752650
        1.4847973051        0.7881685451       -0.0690128846
        1.4847973051        0.7889209599       -0.0691270031
        1.9240849348        0.8854461925       -0.0246904692
        2.2248601459        0.9267479002       -0.0130614780
        2.2248601459        0.9268116489       -0.0132875593
        1.8580965717        0.8682527607       -0.0267361569
        1.3982285474        0.7584514346       -0.0770460897
        1.3982285474        0.7590538202       -0.0779456470
        1.8580965717        0.8678621228       -0.0267929833
        2.2248601459        0.9266541071       -0.0129015665
        1.3982285474        0.7590040323       -0.0767599301
        0.6764342332        0.6409746873       -0.3164991425
        0.6764342332        0.6335476614       -0.3186338380
        1.3982285474        0.7597157637       -0.0773372429
        2.2248601459        0.9267770966       -0.0129855241
        2.2248601459        0.9267213664       -0.0131677727
        1.3982285474        0.7594577937       -0.0780163981
        0.6764342332        0.6332438269       -0.3188959635
        0.6764342332        0.6346737156       -0.3208483638
        1.3982285474        0.7583645357       -0.0779289637
        2.2248601459        0.9269464960       -0.0129321205
        1.8580965717        0.8677875932       -0.0268344460
        1.3982285474        0.7592564708       -0.0774332060
        1.3982285474        0.7581111292       -0.0776421605
        1.8580965717        0.8679138393       -0.0267112355
        2.2248601459        0.9268643591       -0.0131434411
        2.2248601459        0.9270017145       -0.0130881007
        2.1680458257        0.9179921035       -0.0202322574
        1.7896767594        0.8590216795       -0.0311262359
        1.7896767594        0.8594828423       -0.0313566765
        2.1680458257        0.9182360304       -0.0203710401
        1.7896767594        0.8588756316       -0.0315560843
        1.3059338055        0.7448632523       -0.1049555134
        1.3059338055        0.7426622563       -0.1055053009
        1.7896767594        0.8588347509       -0.0314529589
        1.7896767594        0.8593311549       -0.0318577830
        1.3059338055        0.7426667970       -0.1054159576
        1.3059338055        0.7436972642       -0.1070281848
        1.7896767594        0.8590814473       -0.0316953602
        2.1680458257        0.9182030498       -0.0204499260
        1.7896767594        0.8588671352       -0.0311104451
        1.7896767594        0.8592357854       -0.0313687594
        2.1680458257        0.9180990931       -0.0202720233
        2.1097020490        0.9146647062       -0.0151224416
        2.1097020490        0.9147075469       -0.0153254837
        2.1097020490        0.9147081533       -0.0152939712
        2.1097020490        0.9147207295       -0.0151487063
