#epsqw diagonal term
#1:q+G [au], 2:Re(eps-1), 3:Im(eps-1)
        1.9878840013        0.8783662238       -0.0294344246
        1.9878840013        0.8784128432       -0.0295937873
        1.9878840013        0.8784538021       -0.0293809252
        1.5665896092        0.7815057821       -0.0483218022
        1.5665896092        0.7810416265       -0.0485693290
        1.9878840013        0.8780802374       -0.0296759825
        1.9878840013        0.8784557919       -0.0295377767
        1.5665896092        0.7810225142       -0.0484372947
        1.5665896092        0.7803222015       -0.0480183236
        1.9878840013        0.8781250969       -0.0295195153
        1.9878840013        0.8780464443       -0.0297782935
        1.9878840013        0.8780899822       -0.0296146742
        1.9240849348        0.8700518536       -0.0299749801
        1.4847973051        0.7563826129       -0.0582518488
        1.4847973051        0.7566798040       -0.0576744485
        1.9240849348        0.8702082075       -0.0301066891
        1.4847973051        0.7562092380       -0.0580616063
        0.8409180925        0.5502369434       -0.1436442576
        0.8409180925        0.5509100757       -0.1431773053
        1.4847973051        0.7561671998       -0.0581451774
        1.4847973051        0.7565917958       -0.0574800567
        0.8409180925        0.5513065718       -0.1434561568
        0.8409180925        0.5485099258       -0.1436883631
        1.4847973051        0.7554512329       -0.0574337244
        1.9240849348        0.8701973309       -0.0301294827
        1.4847973051        0.7562436817       -0.0584109546
        1.4847973051        0.7555362470       -0.0576012714
        1.9240849348        0.8700116837       -0.0298399989
        2.2248601459        0.9156577558       -0.0180113382
        2.2248601459        0.9156528547       -0.0179381670
        1.8580965717        0.8544318474       -0.0340662418
        1.3982285474        0.7182927993       -0.0688455856
        1.3982285474        0.7186216721       -0.0693598233
        1.8580965717        0.8545679704       -0.0342438081
        2.2248601459        0.9157155429       -0.0179850108
        1.3982285474        0.7182724926       -0.0691956455
        0.6764342332        0.4939618316       -0.1957583439
        0.6764342332        0.4952088515       -0.1964255065
        1.3982285474        0.7188419638       -0.0700596566
        2.2248601459        0.9154999511       -0.0178765041
        2.2248601459        0.9156871741       -0.0179064248
        1.3982285474        0.7184023247       -0.0694072013
        0.6764342332        0.4947053232       -0.1962781101
        0.6764342332        0.4932938211       -0.1979609916
        1.3982285474        0.7184474085       -0.0695824392
        2.2248601459        0.9155881993       -0.0178184510
        1.8580965717        0.8545859259       -0.0342494931
        1.3982285474        0.7187193408       -0.0699122909
        1.3982285474        0.7185879253       -0.0697657401
        1.8580965717        0.8543900744       -0.0344253809
        2.2248601459        0.9153953434       -0.0178325370
        2.2248601459        0.9155309918       -0.0177852139
        2.1680458257        0.9113987441       -0.0268802268
        1.7896767594        0.8398273563       -0.0368619373
        1.7896767594        0.8399134630       -0.0366397374
        2.1680458257        0.9114077458       -0.0271292940
        1.7896767594        0.8395926175       -0.0367344427
        1.3059338055        0.6873796590       -0.0782208825
        1.3059338055        0.6886448902       -0.0783271269
        1.7896767594        0.8398371536       -0.0369962305
        1.7896767594        0.8398469125       -0.0365189021
        1.3059338055        0.6886958538       -0.0783768544
        1.3059338055        0.6882301056       -0.0780333436
        1.7896767594        0.8398481843       -0.0369659145
        2.1680458257        0.9113822040       -0.0270995699
        1.7896767594        0.8399271994       -0.0371499844
        1.7896767594        0.8399086985       -0.0370982218
        2.1680458257        0.9112440946       -0.0272174780
        2.1097020490        0.9022002182       -0.0211869461
        2.1097020490        0.9019648764       -0.0210021282
        2.1097020490        0.9019500408       -0.0209246298
        2.1097020490        0.9017509553       -0.0212154849
