#epsqw diagonal term
#1:q+G [au], 2:Re(eps-1), 3:Im(eps-1)
        1.9878840013        0.8908680446       -0.0005786141
        1.9878840013        0.8908763246       -0.0005785827
        1.9878840013        0.8908345833       -0.0005790308
        1.5665896092        0.8086103062       -0.0008316553
        1.5665896092        0.8086406003       -0.0008311162
        1.9878840013        0.8908352502       -0.0005785328
        1.9878840013        0.8908437883       -0.0005789668
        1.5665896092        0.8086395814       -0.0008311503
        1.5665896092        0.8086225403       -0.0008313526
        1.9878840013        0.8908332957       -0.0005788851
        1.9878840013        0.8908664736       -0.0005781460
        1.9878840013        0.8908658355       -0.0005785102
        1.9240849348        0.8819934461       -0.0006168897
        1.4847973051        0.7840022356       -0.0009098346
        1.4847973051        0.7839623698       -0.0009109186
        1.9240849348        0.8819983382       -0.0006175120
        1.4847973051        0.7839444550       -0.0009099607
        0.8409180925        0.5048489260       -0.0016710312
        0.8409180925        0.5048243588       -0.0016722466
        1.4847973051        0.7839550336       -0.0009099512
        1.4847973051        0.7839062606       -0.0009110044
        0.8409180925        0.5048220795       -0.0016723095
        0.8409180925        0.5047454629       -0.0016728265
        1.4847973051        0.7839273953       -0.0009102755
        1.9240849348        0.8820000740       -0.0006174437
        1.4847973051        0.7840121880       -0.0009097892
        1.4847973051        0.7839817773       -0.0009101719
        1.9240849348        0.8819885379       -0.0006177335
        2.2248601459        0.9218905630       -0.0004393697
        2.2248601459        0.9218868903       -0.0004394830
        1.8580965717        0.8718405361       -0.0006306614
        1.3982285474        0.7552686581       -0.0010205657
        1.3982285474        0.7552791449       -0.0010208503
        1.8580965717        0.8718651623       -0.0006301818
        2.2248601459        0.9218672802       -0.0004393995
        1.3982285474        0.7552216972       -0.0010204905
        0.6764342332        0.4151662991       -0.0019543988
        0.6764342332        0.4151909941       -0.0019536694
        1.3982285474        0.7552298506       -0.0010203949
        2.2248601459        0.9218703999       -0.0004393728
        2.2248601459        0.9218633854       -0.0004395092
        1.3982285474        0.7552300499       -0.0010208071
        0.6764342332        0.4151932143       -0.0019535978
        0.6764342332        0.4152233645       -0.0019528430
        1.3982285474        0.7552502879       -0.0010201553
        2.2248601459        0.9218733405       -0.0004391315
        1.8580965717        0.8718645221       -0.0006302062
        1.3982285474        0.7552811849       -0.0010203969
        1.3982285474        0.7552995411       -0.0010201737
        1.8580965717        0.8718553912       -0.0006298067
        2.2248601459        0.9218948473       -0.0004393354
        2.2248601459        0.9218964940       -0.0004391116
        2.1680458257        0.9128236312       -0.0005314466
        1.7896767594        0.8596150298       -0.0006791102
        1.7896767594        0.8596121440       -0.0006789506
        2.1680458257        0.9128237771       -0.0005312781
        1.7896767594        0.8595610923       -0.0006796965
        1.3059338055        0.7196871802       -0.0011170900
        1.3059338055        0.7197039649       -0.0011173574
        1.7896767594        0.8595617176       -0.0006798958
        1.7896767594        0.8595587004       -0.0006795498
        1.3059338055        0.7197058485       -0.0011173145
        1.3059338055        0.7196995019       -0.0011170825
        1.7896767594        0.8595824297       -0.0006793491
        2.1680458257        0.9128242094       -0.0005312619
        1.7896767594        0.8596155858       -0.0006793155
        1.7896767594        0.8596376089       -0.0006787244
        2.1680458257        0.9128473349       -0.0005304858
        2.1097020490        0.9080775292       -0.0005159345
        2.1097020490        0.9080689768       -0.0005161261
        2.1097020490        0.9080679734       -0.0005161574
        2.1097020490        0.9080655605       -0.0005162003
