#epsqw diagonal term
#1:q+G [au], 2:Re(eps-1), 3:Im(eps-1)
        1.9878840013        0.9001258971       -0.0314625859
        1.9878840013        0.9001127948       -0.0313800694
        1.9878840013        0.9002355638       -0.0316295979
        1.5665896092        0.8046023110       -0.0325404880
        1.5665896092        0.8047475440       -0.0324965600
        1.9878840013        0.9005710939       -0.0314925674
        1.9878840013        0.9000716472       -0.0315258476
        1.5665896092        0.8046728288       -0.0323848262
        1.5665896092        0.8046764287       -0.0324734711
        1.9878840013        0.9002232351       -0.0316349105
        1.9878840013        0.9005127232       -0.0313736253
        1.9878840013        0.9002418225       -0.0315600217
        1.9240849348        0.8907041991       -0.0322372200
        1.4847973051        0.7802638246       -0.0387446261
        1.4847973051        0.7801947695       -0.0387093394
        1.9240849348        0.8907331474       -0.0324317815
        1.4847973051        0.7800757843       -0.0391033697
        0.8409180925        0.4362152572       -0.1146455794
        0.8409180925        0.4353046181       -0.1148915128
        1.4847973051        0.7798296821       -0.0390317307
        1.4847973051        0.7799815516       -0.0389515527
        0.8409180925        0.4359603853       -0.1141180134
        0.8409180925        0.4352592241       -0.1141693913
        1.4847973051        0.7796825583       -0.0396284658
        1.9240849348        0.8905457866       -0.0324695708
        1.4847973051        0.7799877388       -0.0387240985
        1.4847973051        0.7798760643       -0.0393636848
        1.9240849348        0.8905767761       -0.0329656771
        2.2248601459        0.9311074819       -0.0332882962
        2.2248601459        0.9307629578       -0.0332645490
        1.8580965717        0.8789466878       -0.0328369306
        1.3982285474        0.7429195362       -0.0446057663
        1.3982285474        0.7428280595       -0.0440763054
        1.8580965717        0.8788783093       -0.0330969037
        2.2248601459        0.9307429857       -0.0331954576
        1.3982285474        0.7427070485       -0.0447274780
        0.6764342332        0.3038234959       -0.1503605710
        0.6764342332        0.3046147460       -0.1497861185
        1.3982285474        0.7425734955       -0.0444432849
        2.2248601459        0.9306451269       -0.0332821862
        2.2248601459        0.9304872271       -0.0334114052
        1.3982285474        0.7427289004       -0.0443883294
        0.6764342332        0.3039252903       -0.1503719069
        0.6764342332        0.3036010938       -0.1502068673
        1.3982285474        0.7425878559       -0.0447298390
        2.2248601459        0.9307878719       -0.0335018410
        1.8580965717        0.8789289409       -0.0331024081
        1.3982285474        0.7429500136       -0.0443610636
        1.3982285474        0.7426642038       -0.0444422560
        1.8580965717        0.8789990210       -0.0334271878
        2.2248601459        0.9309040028       -0.0332113220
        2.2248601459        0.9308334182       -0.0332662349
        2.1680458257        0.9294015252       -0.0228399583
        1.7896767594        0.8672599328       -0.0312376408
        1.7896767594        0.8674384899       -0.0312293830
        2.1680458257        0.9293927690       -0.0228195482
        1.7896767594        0.8671117448       -0.0313427886
        1.3059338055        0.6995947980       -0.0558239102
        1.3059338055        0.6995505450       -0.0557885947
        1.7896767594        0.8669346125       -0.0311657020
        1.7896767594        0.8673828565       -0.0313857332
        1.3059338055        0.6995985861       -0.0558746586
        1.3059338055        0.6993268502       -0.0558321730
        1.7896767594        0.8671873389       -0.0313555997
        2.1680458257        0.9294132845       -0.0228607825
        1.7896767594        0.8671889513       -0.0309867831
        1.7896767594        0.8672729203       -0.0311632002
        2.1680458257        0.9295816422       -0.0229369902
        2.1097020490        0.9191658753       -0.0311773512
        2.1097020490        0.9191462494       -0.0310302064
        2.1097020490        0.9191082481       -0.0310049815
        2.1097020490        0.9190990320       -0.0311845971
