#epsqw diagonal term
#1:q+G [au], 2:Re(eps-1), 3:Im(eps-1)
        1.9878840013        0.8912657739       -0.0005558770
        1.9878840013        0.8912741800       -0.0005558176
        1.9878840013        0.8912329447       -0.0005562425
        1.5665896092        0.8091410334       -0.0008037764
        1.5665896092        0.8091704927       -0.0008033213
        1.9878840013        0.8912327580       -0.0005558312
        1.9878840013        0.8912422117       -0.0005561565
        1.5665896092        0.8091695419       -0.0008033459
        1.5665896092        0.8091526419       -0.0008035529
        1.9878840013        0.8912314194       -0.0005561334
        1.9878840013        0.8912633872       -0.0005554955
        1.9878840013        0.8912633963       -0.0005558055
        1.9240849348        0.8824251052       -0.0005916038
        1.4847973051        0.7845825665       -0.0008800290
        1.4847973051        0.7845447001       -0.0008808951
        1.9240849348        0.8824312383       -0.0005920843
        1.4847973051        0.7845248499       -0.0008801624
        0.8409180925        0.5060911933       -0.0016146413
        0.8409180925        0.5060693638       -0.0016155729
        1.4847973051        0.7845354763       -0.0008801438
        1.4847973051        0.7844886267       -0.0008809846
        0.8409180925        0.5060672482       -0.0016156251
        0.8409180925        0.5059911498       -0.0016161648
        1.4847973051        0.7845080827       -0.0008804743
        1.9240849348        0.8824328580       -0.0005920292
        1.4847973051        0.7845925120       -0.0008799787
        1.4847973051        0.7845624073       -0.0008803681
        1.9240849348        0.8824217111       -0.0005923041
        2.2248601459        0.9221924806       -0.0004222033
        2.2248601459        0.9221888827       -0.0004223146
        1.8580965717        0.8722605540       -0.0006071239
        1.3982285474        0.7559366468       -0.0009853125
        1.3982285474        0.7559479680       -0.0009854772
        1.8580965717        0.8722842980       -0.0006067306
        2.2248601459        0.9221691908       -0.0004222322
        1.3982285474        0.7558894287       -0.0009852603
        0.6764342332        0.4167907629       -0.0018807610
        0.6764342332        0.4168145321       -0.0018800619
        1.3982285474        0.7558975294       -0.0009851428
        2.2248601459        0.9221720512       -0.0004222555
        2.2248601459        0.9221653536       -0.0004223426
        1.3982285474        0.7558986726       -0.0009854533
        0.6764342332        0.4168165979       -0.0018800021
        0.6764342332        0.4168453067       -0.0018794035
        1.3982285474        0.7559175344       -0.0009849557
        2.2248601459        0.9221746869       -0.0004220338
        1.8580965717        0.8722837026       -0.0006067514
        1.3982285474        0.7559489816       -0.0009851352
        1.3982285474        0.7559669433       -0.0009849578
        1.8580965717        0.8722736221       -0.0006064846
        2.2248601459        0.9221964967       -0.0004222196
        2.2248601459        0.9221978742       -0.0004220111
        2.1680458257        0.9132333832       -0.0005052142
        1.7896767594        0.8600701287       -0.0006536811
        1.7896767594        0.8600670482       -0.0006535090
        2.1680458257        0.9132331679       -0.0005050722
        1.7896767594        0.8600170606       -0.0006541944
        1.3059338055        0.7204034792       -0.0010826589
        1.3059338055        0.7204210083       -0.0010828108
        1.7896767594        0.8600181477       -0.0006543112
        1.7896767594        0.8600144926       -0.0006540334
        1.3059338055        0.7204227924       -0.0010827783
        1.3059338055        0.7204162491       -0.0010825328
        1.7896767594        0.8600380362       -0.0006538372
        2.1680458257        0.9132335694       -0.0005050588
        1.7896767594        0.8600711497       -0.0006538046
        1.7896767594        0.8600922834       -0.0006532912
        2.1680458257        0.9132554159       -0.0005044112
        2.1097020490        0.9084400326       -0.0004951305
        2.1097020490        0.9084316159       -0.0004953250
        2.1097020490        0.9084306617       -0.0004953519
        2.1097020490        0.9084281607       -0.0004954316
