#epsqw diagonal term
#1:q+G [au], 2:Re(eps-1), 3:Im(eps-1)
        1.9878840013        0.8912582227       -0.0005562924
        1.9878840013        0.8912666275       -0.0005562334
        1.9878840013        0.8912253816       -0.0005566587
        1.5665896092        0.8091309309       -0.0008042874
        1.5665896092        0.8091604061       -0.0008038310
        1.9878840013        0.8912252122       -0.0005562459
        1.9878840013        0.8912346485       -0.0005565732
        1.5665896092        0.8091594542       -0.0008038557
        1.5665896092        0.8091425522       -0.0008040626
        1.9878840013        0.8912238622       -0.0005565491
        1.9878840013        0.8912558528       -0.0005559094
        1.9878840013        0.8912558499       -0.0005562204
        1.9240849348        0.8824169190       -0.0005920645
        1.4847973051        0.7845715131       -0.0008805760
        1.4847973051        0.7845336112       -0.0008814458
        1.9240849348        0.8824230316       -0.0005925475
        1.4847973051        0.7845137952       -0.0008807093
        0.8409180925        0.5060674750       -0.0016156761
        0.8409180925        0.5060455964       -0.0016166126
        1.4847973051        0.7845244221       -0.0008806909
        1.4847973051        0.7844775373       -0.0008815353
        0.8409180925        0.5060434777       -0.0016166651
        0.8409180925        0.5059673702       -0.0016172044
        1.4847973051        0.7844970237       -0.0008810213
        1.9240849348        0.8824246536       -0.0005924921
        1.4847973051        0.7845814603       -0.0008805258
        1.4847973051        0.7845513493       -0.0008809151
        1.9240849348        0.8824134984       -0.0005927673
        2.2248601459        0.9221867441       -0.0004225180
        2.2248601459        0.9221831449       -0.0004226294
        1.8580965717        0.8722525743       -0.0006075546
        1.3982285474        0.7559239405       -0.0009859575
        1.3982285474        0.7559352477       -0.0009861242
        1.8580965717        0.8722763358       -0.0006071598
        2.2248601459        0.9221634549       -0.0004225470
        1.3982285474        0.7558767278       -0.0009859049
        0.6764342332        0.4167597405       -0.0018821159
        0.6764342332        0.4167835273       -0.0018814164
        1.3982285474        0.7558848295       -0.0009857878
        2.2248601459        0.9221663198       -0.0004225694
        2.2248601459        0.9221596168       -0.0004226573
        1.3982285474        0.7558859559       -0.0009861001
        0.6764342332        0.4167855958       -0.0018813563
        0.6764342332        0.4168143317       -0.0018807550
        1.3982285474        0.7559048416       -0.0009855998
        2.2248601459        0.9221689613       -0.0004223474
        1.8580965717        0.8722757394       -0.0006071806
        1.3982285474        0.7559362790       -0.0009857804
        1.3982285474        0.7559542481       -0.0009856021
        1.8580965717        0.8722656750       -0.0006069117
        2.2248601459        0.9221907649       -0.0004225335
        2.2248601459        0.9221921477       -0.0004223247
        2.1680458257        0.9132256454       -0.0005056885
        1.7896767594        0.8600614836       -0.0006541462
        1.7896767594        0.8600584089       -0.0006539742
        2.1680458257        0.9132254381       -0.0005055461
        1.7896767594        0.8600083992       -0.0006546608
        1.3059338055        0.7203898047       -0.0010832953
        1.3059338055        0.7204073206       -0.0010834492
        1.7896767594        0.8600094791       -0.0006547790
        1.7896767594        0.8600058364       -0.0006545000
        1.3059338055        0.7204091065       -0.0010834165
        1.3059338055        0.7204025663       -0.0010831712
        1.7896767594        0.8600293822       -0.0006543037
        2.1680458257        0.9132258399       -0.0005055326
        1.7896767594        0.8600624973       -0.0006542710
        1.7896767594        0.8600836468       -0.0006537563
        2.1680458257        0.9132477089       -0.0005048827
        2.1097020490        0.9084331462       -0.0004955121
        2.1097020490        0.9084247273       -0.0004957066
        2.1097020490        0.9084237720       -0.0004957336
        2.1097020490        0.9084212720       -0.0004958127
