#epsqw diagonal term
#1:q+G [au], 2:Re(eps-1), 3:Im(eps-1)
        2.2060846191        0.9183265123       -0.0004658540
        2.2060846191        0.9183358689       -0.0004658256
        2.2060846191        0.9183069882       -0.0004659994
        1.8355733566        0.8707273801       -0.0006132649
        1.8355733566        0.8707373457       -0.0006132806
        2.2060846191        0.9183118395       -0.0004654885
        2.2060846191        0.9183179287       -0.0004659259
        1.8355733566        0.8707383504       -0.0006132811
        1.8355733566        0.8707338351       -0.0006135439
        2.2060846191        0.9183174800       -0.0004655111
        2.2060846191        0.9183308014       -0.0004653354
        2.2060846191        0.9183361130       -0.0004653964
        2.0293026997        0.8966056670       -0.0005905465
        1.6188235383        0.8223408800       -0.0007990696
        1.6188235383        0.8222813872       -0.0008010326
        2.0293026997        0.8965626520       -0.0005924660
        1.6188235383        0.8222814434       -0.0007992967
        1.0597687716        0.6140848399       -0.0013995791
        1.0597687716        0.6140445108       -0.0014014872
        1.6188235383        0.8222689276       -0.0007998944
        1.6188235383        0.8222259696       -0.0008011519
        1.0597687716        0.6140464853       -0.0014014474
        1.0597687716        0.6140224317       -0.0014011380
        1.6188235383        0.8222744731       -0.0007994347
        2.0293026997        0.8965659706       -0.0005923606
        1.6188235383        0.8223287725       -0.0007995775
        1.6188235383        0.8223320841       -0.0007992135
        2.0293026997        0.8965894873       -0.0005913056
        2.2060846191        0.9221043978       -0.0004106637
        2.2060846191        0.9220980553       -0.0004109553
        1.8355733566        0.8708926937       -0.0005922973
        1.3681556010        0.7482079407       -0.0010316421
        1.3681556010        0.7481881887       -0.0010322610
        1.8355733566        0.8709070847       -0.0005924078
        2.2060846191        0.9220762006       -0.0004106818
        1.3681556010        0.7481554249       -0.0010315986
        0.6118577855        0.3785561280       -0.0021036679
        0.6118577855        0.3784964320       -0.0021039512
        1.3681556010        0.7481376934       -0.0010322037
        2.2060846191        0.9220703318       -0.0004109693
        2.2060846191        0.9220695265       -0.0004109704
        1.3681556010        0.7481355936       -0.0010322035
        0.6118577855        0.3784963903       -0.0021039512
        0.6118577855        0.3785565591       -0.0021036755
        1.3681556010        0.7481584549       -0.0010315992
        2.2060846191        0.9220772142       -0.0004106802
        1.8355733566        0.8709070584       -0.0005924077
        1.3681556010        0.7481902495       -0.0010322611
        1.3681556010        0.7482109678       -0.0010316425
        1.8355733566        0.8708957818       -0.0005922927
        2.2060846191        0.9220988934       -0.0004109541
        2.2060846191        0.9221054426       -0.0004106620
        2.0293026997        0.8965889068       -0.0005913058
        1.6188235383        0.8223311402       -0.0007992129
        1.6188235383        0.8223277530       -0.0007995772
        2.0293026997        0.8965661955       -0.0005923601
        1.6188235383        0.8222736790       -0.0007994341
        1.0597687716        0.6140228492       -0.0014011379
        1.0597687716        0.6140483395       -0.0014014499
        1.6188235383        0.8222280966       -0.0008011505
        1.6188235383        0.8222679504       -0.0007998944
        1.0597687716        0.6140461977       -0.0014014894
        1.0597687716        0.6140877693       -0.0013995837
        1.6188235383        0.8222847284       -0.0007992939
        2.0293026997        0.8965627918       -0.0005924657
        1.6188235383        0.8222832922       -0.0008010314
        1.6188235383        0.8223440040       -0.0007990668
        2.0293026997        0.8966065755       -0.0005905448
        2.2060846191        0.9183363038       -0.0004653962
        2.2060846191        0.9183312533       -0.0004653345
        2.2060846191        0.9183176321       -0.0004655109
        1.8355733566        0.8707341003       -0.0006135444
        1.8355733566        0.8707399554       -0.0006132802
        2.2060846191        0.9183190687       -0.0004659243
        2.2060846191        0.9183122351       -0.0004654879
        1.8355733566        0.8707389004       -0.0006132797
        1.8355733566        0.8707287146       -0.0006132641
        2.2060846191        0.9183081116       -0.0004659977
        2.2060846191        0.9183369537       -0.0004658237
        2.2060846191        0.9183275993       -0.0004658523
