#epsqw diagonal term
#1:q+G [au], 2:Re(eps-1), 3:Im(eps-1)
        2.2060846191        0.9128932265       -0.0220513539
        2.2060846191        0.9128782625       -0.0220100415
        2.2060846191        0.9129160128       -0.0221286853
        1.8355733566        0.8541018855       -0.0271181933
        1.8355733566        0.8540267253       -0.0271306585
        2.2060846191        0.9130683610       -0.0220944108
        2.2060846191        0.9129240333       -0.0221113613
        1.8355733566        0.8539652943       -0.0271394165
        1.8355733566        0.8541510539       -0.0273981446
        2.2060846191        0.9131196198       -0.0220443893
        2.2060846191        0.9129954162       -0.0220094789
        2.2060846191        0.9130474718       -0.0219627532
        2.0293026997        0.8887216171       -0.0302909158
        1.6188235383        0.7956611318       -0.0476524959
        1.6188235383        0.7962532586       -0.0478268307
        2.0293026997        0.8890734484       -0.0301646020
        1.6188235383        0.7954122476       -0.0475485289
        1.0597687716        0.6179724564       -0.1110434510
        1.0597687716        0.6186171560       -0.1125147769
        1.6188235383        0.7957300487       -0.0476533541
        1.6188235383        0.7961231498       -0.0476579895
        1.0597687716        0.6186149208       -0.1124247979
        1.0597687716        0.6174920189       -0.1109721076
        1.6188235383        0.7958062888       -0.0475929137
        2.0293026997        0.8890910103       -0.0301599646
        1.6188235383        0.7960034701       -0.0477308765
        1.6188235383        0.7959699413       -0.0477504494
        2.0293026997        0.8891534050       -0.0301982523
        2.2060846191        0.9127728480       -0.0175803294
        2.2060846191        0.9127547182       -0.0176082844
        1.8355733566        0.8520154195       -0.0315871343
        1.3681556010        0.7101307366       -0.0675379858
        1.3681556010        0.7102784150       -0.0682388500
        1.8355733566        0.8522152968       -0.0318210024
        2.2060846191        0.9128788436       -0.0177054887
        1.3681556010        0.7096989806       -0.0675042842
        0.6118577855        0.4873189240       -0.2283820182
        0.6118577855        0.4891466920       -0.2272423937
        1.3681556010        0.7099732987       -0.0681030364
        2.2060846191        0.9128314090       -0.0177492611
        2.2060846191        0.9128305541       -0.0177492741
        1.3681556010        0.7099706706       -0.0681030498
        0.6118577855        0.4891466790       -0.2272426823
        0.6118577855        0.4873225251       -0.2283839477
        1.3681556010        0.7097019778       -0.0675051055
        2.2060846191        0.9128800644       -0.0177056994
        1.8355733566        0.8522153404       -0.0318207182
        1.3681556010        0.7102805258       -0.0682386735
        1.3681556010        0.7101333501       -0.0675385885
        1.8355733566        0.8520186458       -0.0315870354
        2.2060846191        0.9127556085       -0.0176083029
        2.2060846191        0.9127740627       -0.0175805635
        2.0293026997        0.8891527149       -0.0301982299
        1.6188235383        0.7959685267       -0.0477508540
        1.6188235383        0.7960012120       -0.0477312203
        2.0293026997        0.8890910170       -0.0301599523
        1.6188235383        0.7958047923       -0.0475933438
        1.0597687716        0.6174925136       -0.1109735663
        1.0597687716        0.6186160900       -0.1124272900
        1.6188235383        0.7961248331       -0.0476589688
        1.6188235383        0.7957276997       -0.0476534167
        1.0597687716        0.6186179545       -0.1125173546
        1.0597687716        0.6179768731       -0.1110457343
        1.6188235383        0.7954152908       -0.0475488994
        2.0293026997        0.8890733926       -0.0301647373
        1.6188235383        0.7962547142       -0.0478276824
        1.6188235383        0.7956643312       -0.0476531778
        2.0293026997        0.8887225294       -0.0302909734
        2.2060846191        0.9130477579       -0.0219629705
        2.2060846191        0.9129957574       -0.0220095556
        2.2060846191        0.9131198502       -0.0220445955
        1.8355733566        0.8541511673       -0.0273981038
        1.8355733566        0.8539670978       -0.0271396416
        2.2060846191        0.9129256703       -0.0221114928
        2.2060846191        0.9130687212       -0.0220945680
        1.8355733566        0.8540284440       -0.0271308385
        1.8355733566        0.8541032271       -0.0271180238
        2.2060846191        0.9129172427       -0.0221285788
        2.2060846191        0.9128797840       -0.0220101837
        2.2060846191        0.9128945112       -0.0220511884
