#epsqw diagonal term
#1:q+G [au], 2:Re(eps-1), 3:Im(eps-1)
        2.2060846191        0.9172014467       -0.0303188822
        2.2060846191        0.9170286441       -0.0303589481
        2.2060846191        0.9172371779       -0.0300892891
        1.8355733566        0.8685970572       -0.0426624609
        1.8355733566        0.8685479974       -0.0426112579
        2.2060846191        0.9172508498       -0.0302037832
        2.2060846191        0.9170844442       -0.0302477867
        1.8355733566        0.8685236758       -0.0426465560
        1.8355733566        0.8688193354       -0.0425967075
        2.2060846191        0.9173829832       -0.0301300247
        2.2060846191        0.9172364276       -0.0304869474
        2.2060846191        0.9173088448       -0.0303018011
        2.0293026997        0.8923420600       -0.0314202521
        1.6188235383        0.8202922828       -0.0421040753
        1.6188235383        0.8202140791       -0.0420385012
        2.0293026997        0.8925027370       -0.0314593378
        1.6188235383        0.8202970856       -0.0420809457
        1.0597687716        0.5874381257       -0.0521452712
        1.0597687716        0.5873428768       -0.0518027612
        1.6188235383        0.8202272518       -0.0419525940
        1.6188235383        0.8202480753       -0.0421316934
        1.0597687716        0.5873179246       -0.0518298024
        1.0597687716        0.5868980578       -0.0514546625
        1.6188235383        0.8200220840       -0.0419211452
        2.0293026997        0.8924046185       -0.0315714127
        1.6188235383        0.8201584074       -0.0420276177
        1.6188235383        0.8199937745       -0.0418548130
        2.0293026997        0.8924994788       -0.0314359000
        2.2060846191        0.9230863593       -0.0199051149
        2.2060846191        0.9231103470       -0.0199259098
        1.8355733566        0.8668953761       -0.0221885961
        1.3681556010        0.7498843806       -0.0479717694
        1.3681556010        0.7501077556       -0.0479555807
        1.8355733566        0.8671041487       -0.0221356324
        2.2060846191        0.9231666543       -0.0198610577
        1.3681556010        0.7497493784       -0.0478120167
        0.6118577855        0.3550279127       -0.1199820163
        0.6118577855        0.3542641842       -0.1207257729
        1.3681556010        0.7500695355       -0.0477944802
        2.2060846191        0.9231845760       -0.0198839471
        2.2060846191        0.9231841123       -0.0198836373
        1.3681556010        0.7500668082       -0.0477940907
        0.6118577855        0.3542643999       -0.1207258963
        0.6118577855        0.3550356625       -0.1199848887
        1.3681556010        0.7497530011       -0.0478113533
        2.2060846191        0.9231677546       -0.0198609508
        1.8355733566        0.8671040298       -0.0221356712
        1.3681556010        0.7501104386       -0.0479557231
        1.3681556010        0.7498881994       -0.0479710880
        1.8355733566        0.8668987673       -0.0221886498
        2.2060846191        0.9231109244       -0.0199260429
        2.2060846191        0.9230874297       -0.0199050962
        2.0293026997        0.8924987405       -0.0314358916
        1.6188235383        0.8199916696       -0.0418548997
        1.6188235383        0.8201575724       -0.0420277841
        2.0293026997        0.8924048074       -0.0315715777
        1.6188235383        0.8200207151       -0.0419211446
        1.0597687716        0.5868988739       -0.0514534411
        1.0597687716        0.5873206193       -0.0518291509
        1.6188235383        0.8202497690       -0.0421321891
        1.6188235383        0.8202260066       -0.0419527966
        1.0597687716        0.5873457559       -0.0518021155
        1.0597687716        0.5874419508       -0.0521457925
        1.6188235383        0.8203009624       -0.0420815655
        2.0293026997        0.8925028142       -0.0314594483
        1.6188235383        0.8202157426       -0.0420385957
        1.6188235383        0.8202959122       -0.0421050194
        2.0293026997        0.8923430589       -0.0314204530
        2.2060846191        0.9173089213       -0.0303015268
        2.2060846191        0.9172371863       -0.0304873308
        2.2060846191        0.9173831303       -0.0301297688
        1.8355733566        0.8688202294       -0.0425974379
        1.8355733566        0.8685255866       -0.0426469124
        2.2060846191        0.9170857338       -0.0302477802
        2.2060846191        0.9172513336       -0.0302040667
        1.8355733566        0.8685495307       -0.0426115148
        1.8355733566        0.8685977701       -0.0426618571
        2.2060846191        0.9172384066       -0.0300896002
        2.2060846191        0.9170296133       -0.0303588868
        2.2060846191        0.9172028188       -0.0303192182
