#epsqw diagonal term
#1:q+G [au], 2:Re(eps-1), 3:Im(eps-1)
        2.2060846191        0.9446781422       -0.0897050403
        2.2060846191        0.9441155499       -0.0901908265
        2.2060846191        0.9446422654       -0.0898127401
        1.8355733566        0.8812518326       -0.1404680507
        1.8355733566        0.8807290150       -0.1417160979
        2.2060846191        0.9449248153       -0.0904685955
        2.2060846191        0.9440955565       -0.0900802793
        1.8355733566        0.8808870012       -0.1410167230
        1.8355733566        0.8819631676       -0.1413293560
        2.2060846191        0.9464674993       -0.0907264268
        2.2060846191        0.9452841101       -0.0898800809
        2.2060846191        0.9467248471       -0.0901651612
        2.0293026997        0.9246880348       -0.1025921032
        1.6188235383        0.8143121486       -0.2124351997
        1.6188235383        0.8142930893       -0.2136239507
        2.0293026997        0.9251776253       -0.1029823112
        1.6188235383        0.8149604895       -0.2131072595
        1.0597687716        0.5661556564       -0.4111773012
        1.0597687716        0.5634274539       -0.4149939572
        1.6188235383        0.8146149374       -0.2151702493
        1.6188235383        0.8145108659       -0.2138851083
        1.0597687716        0.5646597020       -0.4136891170
        1.0597687716        0.5643209290       -0.4148833721
        1.6188235383        0.8159651014       -0.2153200281
        2.0293026997        0.9253452549       -0.1025848177
        1.6188235383        0.8153603056       -0.2140513958
        1.6188235383        0.8162290029       -0.2142446014
        2.0293026997        0.9267082748       -0.1013285114
        2.2060846191        0.9501842600       -0.0784165308
        2.2060846191        0.9496509938       -0.0788451104
        1.8355733566        0.8867425322       -0.1460485009
        1.3681556010        0.7476878699       -0.3384567258
        1.3681556010        0.7450579286       -0.3386493612
        1.8355733566        0.8856923079       -0.1478037041
        2.2060846191        0.9505327737       -0.0780141144
        1.3681556010        0.7466445663       -0.3378497747
        0.6118577855        0.3052823052       -0.5031774921
        0.6118577855        0.3056693878       -0.5160859132
        1.3681556010        0.7440079917       -0.3383539268
        2.2060846191        0.9500931942       -0.0783984499
        2.2060846191        0.9500914820       -0.0783988254
        1.3681556010        0.7440042880       -0.3383511189
        0.6118577855        0.3056704580       -0.5160849089
        0.6118577855        0.3052793753       -0.5031756613
        1.3681556010        0.7466478930       -0.3378550333
        2.2060846191        0.9505341550       -0.0780146582
        1.8355733566        0.8856919208       -0.1478036061
        1.3681556010        0.7450616577       -0.3386525126
        1.3681556010        0.7476902814       -0.3384620277
        1.8355733566        0.8867491906       -0.1460504246
        2.2060846191        0.9496528782       -0.0788444587
        2.2060846191        0.9501858469       -0.0784169650
        2.0293026997        0.9267080472       -0.1013283006
        1.6188235383        0.8162279619       -0.2142451951
        1.6188235383        0.8153575232       -0.2140507007
        2.0293026997        0.9253447508       -0.1025841915
        1.6188235383        0.8159643206       -0.2153206695
        1.0597687716        0.5643192707       -0.4148824971
        1.0597687716        0.5646572633       -0.4136888285
        1.6188235383        0.8145134516       -0.2138886240
        1.6188235383        0.8146121108       -0.2151700313
        1.0597687716        0.5634248336       -0.4149957619
        1.0597687716        0.5661579628       -0.4111840558
        1.6188235383        0.8149657942       -0.2131111161
        2.0293026997        0.9251769615       -0.1029817101
        1.6188235383        0.8142964040       -0.2136278538
        1.6188235383        0.8143181801       -0.2124399505
        2.0293026997        0.9246879108       -0.1025907428
        2.2060846191        0.9467251045       -0.0901646184
        2.2060846191        0.9452857482       -0.0898796358
        2.2060846191        0.9464675332       -0.0907257643
        1.8355733566        0.8819601324       -0.1413309875
        1.8355733566        0.8808890696       -0.1410184266
        2.2060846191        0.9440975144       -0.0900814307
        2.2060846191        0.9449264514       -0.0904680878
        1.8355733566        0.8807308036       -0.1417174564
        1.8355733566        0.8812535209       -0.1404680273
        2.2060846191        0.9446443282       -0.0898127178
        2.2060846191        0.9441169272       -0.0901916756
        2.2060846191        0.9446799858       -0.0897050203
