#epsqw diagonal term
#1:q+G [au], 2:Re(eps-1), 3:Im(eps-1)
        2.2060846191        0.9181958876       -0.0004742991
        2.2060846191        0.9182051191       -0.0004742964
        2.2060846191        0.9181763150       -0.0004744433
        1.8355733566        0.8705745872       -0.0006218105
        1.8355733566        0.8705844384       -0.0006218488
        2.2060846191        0.9181814904       -0.0004739018
        2.2060846191        0.9181871584       -0.0004743945
        1.8355733566        0.8705854409       -0.0006218498
        1.8355733566        0.8705807365       -0.0006221335
        2.2060846191        0.9181871166       -0.0004739234
        2.2060846191        0.9182005123       -0.0004737473
        2.2060846191        0.9182057752       -0.0004738117
        2.0293026997        0.8964196446       -0.0006049104
        1.6188235383        0.8221233360       -0.0008137218
        1.6188235383        0.8220622894       -0.0008158625
        2.0293026997        0.8963750371       -0.0006070203
        1.6188235383        0.8220638236       -0.0008139496
        1.0597687716        0.6137067882       -0.0014194559
        1.0597687716        0.6136649471       -0.0014215139
        1.6188235383        0.8220507406       -0.0008146194
        1.6188235383        0.8220068590       -0.0008159796
        1.0597687716        0.6136669281       -0.0014214753
        1.0597687716        0.6136433641       -0.0014210860
        1.6188235383        0.8220569114       -0.0008140584
        2.0293026997        0.8963784312       -0.0006069070
        1.6188235383        0.8221107421       -0.0008142914
        1.6188235383        0.8221146051       -0.0008138352
        2.0293026997        0.8964029814       -0.0006057033
        2.2060846191        0.9219991386       -0.0004168951
        2.2060846191        0.9219926483       -0.0004171990
        1.8355733566        0.8707510822       -0.0005999753
        1.3681556010        0.7479456628       -0.0010461726
        1.3681556010        0.7479253808       -0.0010468499
        1.8355733566        0.8707653495       -0.0006001038
        2.2060846191        0.9219709645       -0.0004169115
        1.3681556010        0.7478932457       -0.0010461187
        0.6118577855        0.3778193269       -0.0021401235
        0.6118577855        0.3777594132       -0.0021404097
        1.3681556010        0.7478749910       -0.0010467817
        2.2060846191        0.9219649502       -0.0004172110
        2.2060846191        0.9219641448       -0.0004172121
        1.3681556010        0.7478728924       -0.0010467815
        0.6118577855        0.3777593715       -0.0021404096
        0.6118577855        0.3778197543       -0.0021401313
        1.3681556010        0.7478962739       -0.0010461194
        2.2060846191        0.9219719780       -0.0004169099
        1.8355733566        0.8707653233       -0.0006001038
        1.3681556010        0.7479274404       -0.0010468501
        1.3681556010        0.7479486881       -0.0010461732
        1.8355733566        0.8707541699       -0.0005999707
        2.2060846191        0.9219934864       -0.0004171978
        2.2060846191        0.9220001832       -0.0004168935
        2.0293026997        0.8964024018       -0.0006057033
        1.6188235383        0.8221136625       -0.0008138345
        1.6188235383        0.8221097240       -0.0008142909
        2.0293026997        0.8963786563       -0.0006069066
        1.6188235383        0.8220561185       -0.0008140577
        1.0597687716        0.6136437814       -0.0014210859
        1.0597687716        0.6136687806       -0.0014214779
        1.6188235383        0.8220089853       -0.0008159783
        1.6188235383        0.8220497644       -0.0008146193
        1.0597687716        0.6136666326       -0.0014215162
        1.0597687716        0.6137097152       -0.0014194607
        1.6188235383        0.8220671077       -0.0008139469
        2.0293026997        0.8963751772       -0.0006070200
        1.6188235383        0.8220641941       -0.0008158613
        1.6188235383        0.8221264591       -0.0008137191
        2.0293026997        0.8964205530       -0.0006049087
        2.2060846191        0.9182059659       -0.0004738115
        2.2060846191        0.9182009641       -0.0004737465
        2.2060846191        0.9181872688       -0.0004739232
        1.8355733566        0.8705810011       -0.0006221340
        1.8355733566        0.8705870451       -0.0006218489
        2.2060846191        0.9181882984       -0.0004743929
        2.2060846191        0.9181818858       -0.0004739012
        1.8355733566        0.8705859922       -0.0006218479
        1.8355733566        0.8705759211       -0.0006218097
        2.2060846191        0.9181774381       -0.0004744417
        2.2060846191        0.9182062040       -0.0004742946
        2.2060846191        0.9181969744       -0.0004742974
