#epsqw diagonal term
#1:q+G [au], 2:Re(eps-1), 3:Im(eps-1)
        2.2060846191        1.0165427575       -0.0001867726
        2.2060846191        1.0165398403       -0.0001863049
        2.2060846191        1.0165413649       -0.0001848266
        1.8355733566        1.0243388304       -0.0001862442
        1.8355733566        1.0243372408       -0.0001854709
        2.2060846191        1.0165405701       -0.0001844383
        2.2060846191        1.0165402872       -0.0001843598
        1.8355733566        1.0243380344       -0.0001855335
        1.8355733566        1.0243438176       -0.0001862099
        2.2060846191        1.0165465126       -0.0001849598
        2.2060846191        1.0165455515       -0.0001863864
        2.2060846191        1.0165494660       -0.0001865066
        2.0293026997        1.0197505737       -0.0001684526
        1.6188235383        1.0308904676       -0.0002126980
        1.6188235383        1.0308903921       -0.0002132721
        2.0293026997        1.0197451093       -0.0001681718
        1.6188235383        1.0308998724       -0.0002125184
        1.0597687716        1.0536515729       -0.0003224024
        1.0597687716        1.0536514249       -0.0003222362
        1.6188235383        1.0309027899       -0.0002131177
        1.6188235383        1.0308999915       -0.0002129829
        1.0597687716        1.0536516968       -0.0003221428
        1.0597687716        1.0536591957       -0.0003222807
        1.6188235383        1.0309111109       -0.0002135393
        2.0293026997        1.0197478703       -0.0001682773
        1.6188235383        1.0308937124       -0.0002131999
        1.6188235383        1.0309013746       -0.0002135729
        2.0293026997        1.0197591733       -0.0001687352
        2.2060846191        1.0160034969       -0.0001571490
        2.2060846191        1.0160016101       -0.0001575151
        1.8355733566        1.0248447362       -0.0002135463
        1.3681556010        1.0400455277       -0.0002366015
        1.3681556010        1.0400412735       -0.0002364422
        1.8355733566        1.0248339952       -0.0002125621
        2.2060846191        1.0160342086       -0.0001622183
        1.3681556010        1.0400648543       -0.0002368127
        0.6118577855        1.0725674290       -0.0005018485
        0.6118577855        1.0725572352       -0.0005018874
        1.3681556010        1.0400599285       -0.0002366019
        2.2060846191        1.0160314826       -0.0001622071
        2.2060846191        1.0160317690       -0.0001622316
        1.3681556010        1.0400607040       -0.0002366368
        0.6118577855        1.0725572246       -0.0005018877
        0.6118577855        1.0725661951       -0.0005018880
        1.3681556010        1.0400638183       -0.0002368025
        2.2060846191        1.0160339688       -0.0001622209
        1.8355733566        1.0248339417       -0.0002125585
        1.3681556010        1.0400404721       -0.0002364071
        1.3681556010        1.0400445105       -0.0002365916
        1.8355733566        1.0248442072       -0.0002135319
        2.2060846191        1.0160012635       -0.0001574860
        2.2060846191        1.0160032657       -0.0001571503
        2.0293026997        1.0197590465       -0.0001687415
        1.6188235383        1.0309017270       -0.0002135752
        1.6188235383        1.0308939839       -0.0002132382
        2.0293026997        1.0197479421       -0.0001682932
        1.6188235383        1.0309114112       -0.0002135416
        1.0597687716        1.0536591057       -0.0003222627
        1.0597687716        1.0536511024       -0.0003221578
        1.6188235383        1.0308994470       -0.0002129616
        1.6188235383        1.0309029538       -0.0002131527
        1.0597687716        1.0536509383       -0.0003222545
        1.0597687716        1.0536503011       -0.0003224477
        1.6188235383        1.0308992076       -0.0002125354
        2.0293026997        1.0197450857       -0.0001681794
        1.6188235383        1.0308899700       -0.0002132526
        1.6188235383        1.0308899387       -0.0002127202
        2.0293026997        1.0197503389       -0.0001684383
        2.2060846191        1.0165496031       -0.0001864964
        2.2060846191        1.0165454419       -0.0001863906
        2.2060846191        1.0165466100       -0.0001849485
        1.8355733566        1.0243434645       -0.0001861443
        1.8355733566        1.0243375855       -0.0001854978
        2.2060846191        1.0165401943       -0.0001843344
        2.2060846191        1.0165403862       -0.0001844353
        1.8355733566        1.0243368322       -0.0001854358
        1.8355733566        1.0243384454       -0.0001862453
        2.2060846191        1.0165413502       -0.0001848321
        2.2060846191        1.0165398771       -0.0001862827
        2.2060846191        1.0165429494       -0.0001867907
