#epsqw diagonal term
#1:q+G [au], 2:Re(eps-1), 3:Im(eps-1)
        2.2060846191        0.9428849609       -0.0683131457
        2.2060846191        0.9438055937       -0.0685382421
        2.2060846191        0.9431045033       -0.0687208493
        1.8355733566        0.9007887066       -0.1193727202
        1.8355733566        0.9001948647       -0.1194580417
        2.2060846191        0.9436364321       -0.0691073142
        2.2060846191        0.9438845056       -0.0688766066
        1.8355733566        0.9000506937       -0.1195074505
        1.8355733566        0.9014315929       -0.1199828674
        2.2060846191        0.9435415377       -0.0693657786
        2.2060846191        0.9435274187       -0.0686051236
        2.2060846191        0.9434675657       -0.0689176344
        2.0293026997        0.9228052156       -0.0910141930
        1.6188235383        0.8683098703       -0.1974922578
        1.6188235383        0.8696813554       -0.1988971957
        2.0293026997        0.9226805337       -0.0900035010
        1.6188235383        0.8669645908       -0.1985014782
        1.0597687716        0.7295513570       -0.4768169032
        1.0597687716        0.7293532344       -0.4747435279
        1.6188235383        0.8684864288       -0.1994218303
        1.6188235383        0.8686902851       -0.2000357895
        1.0597687716        0.7293298377       -0.4744297763
        1.0597687716        0.7291184386       -0.4799913397
        1.6188235383        0.8672186899       -0.1987462212
        2.0293026997        0.9224636932       -0.0900408121
        1.6188235383        0.8700241527       -0.1985810701
        1.6188235383        0.8680387784       -0.1978913366
        2.0293026997        0.9229818351       -0.0915195973
        2.2060846191        0.9426049794       -0.0610314098
        2.2060846191        0.9424628217       -0.0610360472
        1.8355733566        0.9028876838       -0.1216086097
        1.3681556010        0.8402942383       -0.2843957549
        1.3681556010        0.8411896378       -0.2829409307
        1.8355733566        0.9008055141       -0.1212082972
        2.2060846191        0.9422928617       -0.0621449682
        1.3681556010        0.8367182000       -0.2849140119
        0.6118577855        0.5446501263       -0.8850588588
        0.6118577855        0.5306934595       -0.8741123287
        1.3681556010        0.8371478175       -0.2834116709
        2.2060846191        0.9420801120       -0.0622072849
        2.2060846191        0.9420787546       -0.0622072942
        1.3681556010        0.8371411131       -0.2834063956
        0.6118577855        0.5306915870       -0.8741098745
        0.6118577855        0.5446235591       -0.8850861276
        1.3681556010        0.8367288004       -0.2849240723
        2.2060846191        0.9422948415       -0.0621443795
        1.8355733566        0.9008055038       -0.1212073869
        1.3681556010        0.8411971027       -0.2829461566
        1.3681556010        0.8403037025       -0.2844046056
        1.8355733566        0.9028963980       -0.1216133154
        2.2060846191        0.9424647578       -0.0610357898
        2.2060846191        0.9426074222       -0.0610310444
        2.0293026997        0.9229820353       -0.0915188731
        1.6188235383        0.8680372824       -0.1978891198
        1.6188235383        0.8700218263       -0.1985787209
        2.0293026997        0.9224635546       -0.0900420155
        1.6188235383        0.8672154039       -0.1987434039
        1.0597687716        0.7291357170       -0.4800121850
        1.0597687716        0.7293263435       -0.4744498143
        1.6188235383        0.8686953216       -0.2000404542
        1.6188235383        0.8684840063       -0.1994171854
        1.0597687716        0.7293458881       -0.4747646239
        1.0597687716        0.7295650668       -0.4768296735
        1.6188235383        0.8669751997       -0.1985102920
        2.0293026997        0.9226800064       -0.0900038766
        1.6188235383        0.8696861068       -0.1989030868
        1.6188235383        0.8683216958       -0.1975016173
        2.0293026997        0.9228056715       -0.0910176974
        2.2060846191        0.9434677602       -0.0689178980
        2.2060846191        0.9435293580       -0.0686053199
        2.2060846191        0.9435414832       -0.0693658097
        1.8355733566        0.9014353300       -0.1199874195
        1.8355733566        0.9000574891       -0.1195121056
        2.2060846191        0.9438910267       -0.0688782835
        2.2060846191        0.9436380725       -0.0691072552
        1.8355733566        0.9002007854       -0.1194636971
        1.8355733566        0.9007907257       -0.1193758705
        2.2060846191        0.9431086537       -0.0687224691
        2.2060846191        0.9438120532       -0.0685400897
        2.2060846191        0.9428896761       -0.0683148343
