#epsqw diagonal term
#1:q+G [au], 2:Re(eps-1), 3:Im(eps-1)
        2.2060846191        0.9181002021       -0.0004807500
        2.2060846191        0.9181093328       -0.0004807681
        2.2060846191        0.9180805967       -0.0004808922
        1.8355733566        0.8704633026       -0.0006282099
        1.8355733566        0.8704730631       -0.0006282654
        2.2060846191        0.9180860117       -0.0004803273
        2.2060846191        0.9180913590       -0.0004808639
        1.8355733566        0.8704740632       -0.0006282669
        1.8355733566        0.8704692177       -0.0006285670
        2.2060846191        0.9180916290       -0.0004803485
        2.2060846191        0.9181050755       -0.0004801723
        2.2060846191        0.9181103031       -0.0004802400
        2.0293026997        0.8962822470       -0.0006160931
        1.6188235383        0.8219635091       -0.0008250304
        1.6188235383        0.8219012923       -0.0008273096
        2.0293026997        0.8962364357       -0.0006183530
        1.6188235383        0.8219039447       -0.0008252575
        1.0597687716        0.6134313991       -0.0014344133
        1.0597687716        0.6133884286       -0.0014365855
        1.6188235383        0.8218904306       -0.0008259838
        1.6188235383        0.8218458544       -0.0008274246
        1.0597687716        0.6133904129       -0.0014365478
        1.0597687716        0.6133672320       -0.0014360944
        1.6188235383        0.8218970895       -0.0008253402
        2.0293026997        0.8962398863       -0.0006182336
        1.6188235383        0.8219505460       -0.0008256476
        1.6188235383        0.8219548405       -0.0008251167
        2.0293026997        0.8962652328       -0.0006169099
        2.2060846191        0.9219223869       -0.0004215514
        2.2060846191        0.9219157875       -0.0004218646
        1.8355733566        0.8706480650       -0.0006056858
        1.3681556010        0.7477546103       -0.0010570256
        1.3681556010        0.7477339322       -0.0010577481
        1.8355733566        0.8706622374       -0.0006058287
        2.2060846191        0.9218942306       -0.0004215664
        1.3681556010        0.7477022685       -0.0010569636
        0.6118577855        0.3772837927       -0.0021672193
        0.6118577855        0.3772237309       -0.0021675055
        1.3681556010        0.7476836231       -0.0010576715
        2.2060846191        0.9218881090       -0.0004218751
        2.2060846191        0.9218873035       -0.0004218762
        1.3681556010        0.7476815250       -0.0010576712
        0.6118577855        0.3772236891       -0.0021675055
        0.6118577855        0.3772842169       -0.0021672273
        1.3681556010        0.7477052953       -0.0010569645
        2.2060846191        0.9218952441       -0.0004215648
        1.8355733566        0.8706622112       -0.0006058287
        1.3681556010        0.7477359912       -0.0010577484
        1.3681556010        0.7477576343       -0.0010570263
        1.8355733566        0.8706511527       -0.0006056813
        2.2060846191        0.9219166257       -0.0004218634
        2.2060846191        0.9219234314       -0.0004215498
        2.0293026997        0.8962646538       -0.0006169098
        1.6188235383        0.8219538988       -0.0008251158
        1.6188235383        0.8219495289       -0.0008256471
        2.0293026997        0.8962401116       -0.0006182331
        1.6188235383        0.8218962973       -0.0008253394
        1.0597687716        0.6133676493       -0.0014360942
        1.0597687716        0.6133922645       -0.0014365505
        1.6188235383        0.8218479800       -0.0008274233
        1.6188235383        0.8218894554       -0.0008259835
        1.0597687716        0.6133901133       -0.0014365878
        1.0597687716        0.6134343242       -0.0014344181
        1.6188235383        0.8219072280       -0.0008252549
        2.0293026997        0.8962365760       -0.0006183527
        1.6188235383        0.8219031962       -0.0008273085
        1.6188235383        0.8219666313       -0.0008250278
        2.0293026997        0.8962831555       -0.0006160914
        2.2060846191        0.9181104938       -0.0004802397
        2.2060846191        0.9181055275       -0.0004801714
        2.2060846191        0.9180917811       -0.0004803483
        1.8355733566        0.8704694826       -0.0006285675
        1.8355733566        0.8704756668       -0.0006282660
        2.2060846191        0.9180924988       -0.0004808623
        2.2060846191        0.9180864072       -0.0004803267
        1.8355733566        0.8704746164       -0.0006282646
        1.8355733566        0.8704646362       -0.0006282091
        2.2060846191        0.9180817196       -0.0004808907
        2.2060846191        0.9181104176       -0.0004807662
        2.2060846191        0.9181012887       -0.0004807483
