#epsqw diagonal term
#1:q+G [au], 2:Re(eps-1), 3:Im(eps-1)
        2.2060846191        0.9184488374       -0.0004582810
        2.2060846191        0.9184582992       -0.0004582310
        2.2060846191        0.9184293629       -0.0004584264
        1.8355733566        0.8708713072       -0.0006054486
        1.8355733566        0.8708813709       -0.0006054443
        2.2060846191        0.9184339147       -0.0004579427
        2.2060846191        0.9184403814       -0.0004583329
        1.8355733566        0.8708823781       -0.0006054444
        1.8355733566        0.8708780352       -0.0006056891
        2.2060846191        0.9184395690       -0.0004579664
        2.2060846191        0.9184528183       -0.0004577915
        2.2060846191        0.9184581746       -0.0004578501
        2.0293026997        0.8967783575       -0.0005779251
        1.6188235383        0.8225439812       -0.0007860757
        1.6188235383        0.8224858976       -0.0007878838
        2.0293026997        0.8967367796       -0.0005796798
        1.6188235383        0.8224846196       -0.0007863010
        1.0597687716        0.6144409196       -0.0013814951
        1.0597687716        0.6144019796       -0.0013832692
        1.6188235383        0.8224726134       -0.0007868357
        1.6188235383        0.8224304948       -0.0007880045
        1.0597687716        0.6144039487       -0.0013832285
        1.0597687716        0.6143794660       -0.0013829865
        1.6188235383        0.8224776130       -0.0007864606
        2.0293026997        0.8967400289       -0.0005795814
        1.6188235383        0.8225323114       -0.0007865294
        1.6188235383        0.8225351436       -0.0007862425
        2.0293026997        0.8967626306       -0.0005786519
        2.2060846191        0.9222034067       -0.0004049585
        2.2060846191        0.9221972014       -0.0004052392
        1.8355733566        0.8710262351       -0.0005852322
        1.3681556010        0.7484549197       -0.0010183330
        1.3681556010        0.7484356490       -0.0010189003
        1.8355733566        0.8710407349       -0.0005853272
        2.2060846191        0.9221751872       -0.0004049783
        1.3681556010        0.7484023125       -0.0010182987
        0.6118577855        0.3792516100       -0.0020700989
        0.6118577855        0.3791921253       -0.0020703768
        1.3681556010        0.7483850556       -0.0010188526
        2.2060846191        0.9221694534       -0.0004052551
        2.2060846191        0.9221686481       -0.0004052562
        1.3681556010        0.7483829551       -0.0010188525
        0.6118577855        0.3791920837       -0.0020703767
        0.6118577855        0.3792520451       -0.0020701062
        1.3681556010        0.7484053443       -0.0010182991
        2.2060846191        0.9221762009       -0.0004049766
        1.8355733566        0.8710407086       -0.0005853272
        1.3681556010        0.7484377105       -0.0010189004
        1.3681556010        0.7484579486       -0.0010183333
        1.8355733566        0.8710293233       -0.0005852275
        2.2060846191        0.9221980394       -0.0004052380
        2.2060846191        0.9222044516       -0.0004049568
        2.0293026997        0.8967620495       -0.0005786522
        1.6188235383        0.8225341986       -0.0007862420
        1.6188235383        0.8225312908       -0.0007865293
        2.0293026997        0.8967402535       -0.0005795810
        1.6188235383        0.8224768180       -0.0007864601
        1.0597687716        0.6143798833       -0.0013829864
        1.0597687716        0.6144058042       -0.0013832309
        1.6188235383        0.8224326225       -0.0007880031
        1.6188235383        0.8224716352       -0.0007868359
        1.0597687716        0.6144036677       -0.0013832714
        1.0597687716        0.6144438517       -0.0013814995
        1.6188235383        0.8224879061       -0.0007862981
        2.0293026997        0.8967369191       -0.0005796796
        1.6188235383        0.8224878033       -0.0007878825
        1.6188235383        0.8225471065       -0.0007860729
        2.0293026997        0.8967792661       -0.0005779234
        2.2060846191        0.9184583653       -0.0004578498
        2.2060846191        0.9184532703       -0.0004577907
        2.2060846191        0.9184397210       -0.0004579662
        1.8355733566        0.8708782999       -0.0006056896
        1.8355733566        0.8708839838       -0.0006054435
        2.2060846191        0.9184415218       -0.0004583312
        2.2060846191        0.9184343105       -0.0004579420
        1.8355733566        0.8708829263       -0.0006054433
        1.8355733566        0.8708726421       -0.0006054478
        2.2060846191        0.9184304867       -0.0004584247
        2.2060846191        0.9184593842       -0.0004582292
        2.2060846191        0.9184499247       -0.0004582792
