#epsqw diagonal term
#1:q+G [au], 2:Re(eps-1), 3:Im(eps-1)
        2.2060846191        0.9184390979       -0.0004588730
        2.2060846191        0.9184485515       -0.0004588247
        2.2060846191        0.9184196192       -0.0004590184
        1.8355733566        0.8708598202       -0.0006060647
        1.8355733566        0.8708698763       -0.0006060619
        2.2060846191        0.9184241943       -0.0004585326
        2.2060846191        0.9184306316       -0.0004589264
        1.8355733566        0.8708708830       -0.0006060620
        1.8355733566        0.8708665274       -0.0006063081
        2.2060846191        0.9184298480       -0.0004585562
        2.2060846191        0.9184431027       -0.0004583813
        2.2060846191        0.9184484559       -0.0004584400
        2.0293026997        0.8967646590       -0.0005789031
        1.6188235383        0.8225278303       -0.0007870866
        1.6188235383        0.8224696359       -0.0007889066
        2.0293026997        0.8967229683       -0.0005806704
        1.6188235383        0.8224684620       -0.0007873120
        1.0597687716        0.6144125001       -0.0013829170
        1.0597687716        0.6143734511       -0.0013847016
        1.6188235383        0.8224564158       -0.0007878516
        1.6188235383        0.8224142313       -0.0007890272
        1.0597687716        0.6143754202       -0.0013846609
        1.0597687716        0.6143509705       -0.0013844138
        1.6188235383        0.8224614585       -0.0007874701
        2.0293026997        0.8967262233       -0.0005805715
        1.6188235383        0.8225161259       -0.0007875445
        1.6188235383        0.8225189958       -0.0007872517
        2.0293026997        0.8967488966       -0.0005796325
        2.2060846191        0.9221955099       -0.0004054081
        2.2060846191        0.9221892931       -0.0004056897
        1.8355733566        0.8710155721       -0.0005857903
        1.3681556010        0.7484352092       -0.0010193822
        1.3681556010        0.7484159000       -0.0010199535
        1.8355733566        0.8710300625       -0.0005858864
        2.2060846191        0.9221672918       -0.0004054278
        1.3681556010        0.7483826089       -0.0010193471
        0.6118577855        0.3791960504       -0.0020727514
        0.6118577855        0.3791365482       -0.0020730297
        1.3681556010        0.7483653141       -0.0010199050
        2.2060846191        0.9221615469       -0.0004057054
        2.2060846191        0.9221607415       -0.0004057066
        1.3681556010        0.7483632134       -0.0010199049
        0.6118577855        0.3791365066       -0.0020730297
        0.6118577855        0.3791964851       -0.0020727587
        1.3681556010        0.7483856407       -0.0010193476
        2.2060846191        0.9221683054       -0.0004054262
        1.8355733566        0.8710300362       -0.0005858864
        1.3681556010        0.7484179616       -0.0010199536
        1.3681556010        0.7484382380       -0.0010193825
        1.8355733566        0.8710186604       -0.0005857856
        2.2060846191        0.9221901312       -0.0004056885
        2.2060846191        0.9221965547       -0.0004054065
        2.0293026997        0.8967483155       -0.0005796327
        1.6188235383        0.8225180511       -0.0007872512
        1.6188235383        0.8225151055       -0.0007875444
        2.0293026997        0.8967264479       -0.0005805711
        1.6188235383        0.8224606637       -0.0007874696
        1.0597687716        0.6143513879       -0.0013844137
        1.0597687716        0.6143772758       -0.0013846634
        1.6188235383        0.8224163593       -0.0007890258
        1.6188235383        0.8224554379       -0.0007878517
        1.0597687716        0.6143751392       -0.0013847038
        1.0597687716        0.6144154321       -0.0013829215
        1.6188235383        0.8224717481       -0.0007873091
        2.0293026997        0.8967231079       -0.0005806702
        1.6188235383        0.8224715418       -0.0007889053
        1.6188235383        0.8225309553       -0.0007870837
        2.0293026997        0.8967655675       -0.0005789014
        2.2060846191        0.9184486466       -0.0004584397
        2.2060846191        0.9184435547       -0.0004583804
        2.2060846191        0.9184300001       -0.0004585560
        1.8355733566        0.8708667924       -0.0006063086
        1.8355733566        0.8708724887       -0.0006060611
        2.2060846191        0.9184317720       -0.0004589247
        2.2060846191        0.9184245901       -0.0004585320
        1.8355733566        0.8708714316       -0.0006060609
        1.8355733566        0.8708611550       -0.0006060638
        2.2060846191        0.9184207430       -0.0004590168
        2.2060846191        0.9184496364       -0.0004588228
        2.2060846191        0.9184401851       -0.0004588712
