#epsqw diagonal term
#1:q+G [au], 2:Re(eps-1), 3:Im(eps-1)
        2.2060846191        1.0022294846       -0.0000066719
        2.2060846191        1.0022295912       -0.0000066720
        2.2060846191        1.0022297596       -0.0000066732
        1.8355733566        1.0036546075       -0.0000115981
        1.8355733566        1.0036540986       -0.0000115976
        2.2060846191        1.0022301930       -0.0000066748
        2.2060846191        1.0022298639       -0.0000066734
        1.8355733566        1.0036543187       -0.0000115977
        1.8355733566        1.0036551700       -0.0000115989
        2.2060846191        1.0022304325       -0.0000066747
        2.2060846191        1.0022300378       -0.0000066736
        2.2060846191        1.0022303502       -0.0000066735
        2.0293026997        1.0028256740       -0.0000087466
        1.6188235383        1.0048194664       -0.0000162767
        1.6188235383        1.0048196178       -0.0000162771
        2.0293026997        1.0028254280       -0.0000087466
        1.6188235383        1.0048215274       -0.0000162827
        1.0597687716        1.0090953126       -0.0000373866
        1.0597687716        1.0090927228       -0.0000373830
        1.6188235383        1.0048207947       -0.0000162828
        1.6188235383        1.0048216644       -0.0000162832
        1.0597687716        1.0090937878       -0.0000373838
        1.0597687716        1.0090944768       -0.0000373873
        1.6188235383        1.0048218713       -0.0000162839
        2.0293026997        1.0028252213       -0.0000087463
        1.6188235383        1.0048190558       -0.0000162768
        1.6188235383        1.0048203521       -0.0000162781
        2.0293026997        1.0028260788       -0.0000087473
        2.2060846191        1.0022343565       -0.0000066308
        2.2060846191        1.0022340171       -0.0000066298
        1.8355733566        1.0036696356       -0.0000114608
        1.3681556010        1.0065350222       -0.0000229713
        1.3681556010        1.0065346186       -0.0000229712
        1.8355733566        1.0036685291       -0.0000114580
        2.2060846191        1.0022357993       -0.0000066339
        1.3681556010        1.0065379157       -0.0000229781
        0.6118577855        1.0126480165       -0.0000659630
        0.6118577855        1.0126456789       -0.0000659632
        1.3681556010        1.0065377900       -0.0000229780
        2.2060846191        1.0022354933       -0.0000066329
        2.2060846191        1.0022355385       -0.0000066331
        1.3681556010        1.0065379283       -0.0000229784
        0.6118577855        1.0126458412       -0.0000659635
        0.6118577855        1.0126513355       -0.0000659664
        1.3681556010        1.0065378096       -0.0000229777
        2.2060846191        1.0022356980       -0.0000066338
        1.8355733566        1.0036685044       -0.0000114579
        1.3681556010        1.0065344573       -0.0000229707
        1.3681556010        1.0065348305       -0.0000229708
        1.8355733566        1.0036693930       -0.0000114604
        2.2060846191        1.0022339435       -0.0000066296
        2.2060846191        1.0022342472       -0.0000066307
        2.0293026997        1.0028261693       -0.0000087474
        1.6188235383        1.0048203865       -0.0000162780
        1.6188235383        1.0048193346       -0.0000162770
        2.0293026997        1.0028251597       -0.0000087462
        1.6188235383        1.0048218426       -0.0000162838
        1.0597687716        1.0090935630       -0.0000373850
        1.0597687716        1.0090931585       -0.0000373829
        1.6188235383        1.0048212707       -0.0000162826
        1.6188235383        1.0048209690       -0.0000162829
        1.0597687716        1.0090922208       -0.0000373821
        1.0597687716        1.0090966419       -0.0000373864
        1.6188235383        1.0048213497       -0.0000162822
        2.0293026997        1.0028253967       -0.0000087465
        1.6188235383        1.0048194360       -0.0000162766
        1.6188235383        1.0048194039       -0.0000162763
        2.0293026997        1.0028254633       -0.0000087464
        2.2060846191        1.0022302589       -0.0000066734
        2.2060846191        1.0022299096       -0.0000066734
        2.2060846191        1.0022303416       -0.0000066746
        1.8355733566        1.0036547076       -0.0000115984
        1.8355733566        1.0036540680       -0.0000115973
        2.2060846191        1.0022298491       -0.0000066732
        2.2060846191        1.0022300144       -0.0000066746
        1.8355733566        1.0036538849       -0.0000115973
        1.8355733566        1.0036543728       -0.0000115977
        2.2060846191        1.0022297228       -0.0000066731
        2.2060846191        1.0022295928       -0.0000066719
        2.2060846191        1.0022294451       -0.0000066717
