#epsqw diagonal term
#1:q+G [au], 2:Re(eps-1), 3:Im(eps-1)
        2.2060846191        0.9253249009       -0.0254641445
        2.2060846191        0.9255955970       -0.0257882271
        2.2060846191        0.9254127090       -0.0256823729
        1.8355733566        0.8743814970       -0.0222978535
        1.8355733566        0.8743503096       -0.0221293911
        2.2060846191        0.9259227561       -0.0261474756
        2.2060846191        0.9256805221       -0.0259465077
        1.8355733566        0.8743226113       -0.0221010995
        1.8355733566        0.8743734333       -0.0222971989
        2.2060846191        0.9255978350       -0.0256076842
        2.2060846191        0.9258285634       -0.0259601438
        2.2060846191        0.9255190135       -0.0255134128
        2.0293026997        0.9086568548       -0.0329919496
        1.6188235383        0.8241645426       -0.0361661859
        1.6188235383        0.8243892217       -0.0360936857
        2.0293026997        0.9087723613       -0.0329494530
        1.6188235383        0.8240225284       -0.0358659436
        1.0597687716        0.5685987879       -0.0627617072
        1.0597687716        0.5693424921       -0.0632651307
        1.6188235383        0.8238622642       -0.0360027335
        1.6188235383        0.8242119580       -0.0356872015
        1.0597687716        0.5694270260       -0.0632591784
        1.0597687716        0.5686159156       -0.0632660262
        1.6188235383        0.8240144178       -0.0358138346
        2.0293026997        0.9087210508       -0.0328462479
        1.6188235383        0.8239256085       -0.0363607370
        1.6188235383        0.8240006613       -0.0362086523
        2.0293026997        0.9085920037       -0.0326808388
        2.2060846191        0.9183638494       -0.0338615489
        2.2060846191        0.9185168938       -0.0341688648
        1.8355733566        0.8725660156       -0.0338185871
        1.3681556010        0.7331417560       -0.0392818669
        1.3681556010        0.7325707702       -0.0393924981
        1.8355733566        0.8724959645       -0.0335875282
        2.2060846191        0.9181143696       -0.0336118774
        1.3681556010        0.7329423266       -0.0385791344
        0.6118577855        0.2754587195       -0.1057275837
        0.6118577855        0.2765724258       -0.1063369045
        1.3681556010        0.7323848706       -0.0387127004
        2.2060846191        0.9182498158       -0.0339169417
        2.2060846191        0.9182489380       -0.0339170017
        1.3681556010        0.7323829380       -0.0387124481
        0.6118577855        0.2765723943       -0.1063368911
        0.6118577855        0.2754588589       -0.1057279509
        1.3681556010        0.7329455419       -0.0385793013
        2.2060846191        0.9181154364       -0.0336120421
        1.8355733566        0.8724959839       -0.0335874909
        1.3681556010        0.7325727308       -0.0393926193
        1.3681556010        0.7331449053       -0.0392820595
        1.8355733566        0.8725692748       -0.0338186968
        2.2060846191        0.9185178025       -0.0341688140
        2.2060846191        0.9183649139       -0.0338615715
        2.0293026997        0.9085913491       -0.0326809268
        1.6188235383        0.8239996448       -0.0362085937
        1.6188235383        0.8239245083       -0.0363606763
        2.0293026997        0.9087212729       -0.0328463785
        1.6188235383        0.8240135988       -0.0358138035
        1.0597687716        0.5686161174       -0.0632661012
        1.0597687716        0.5694287062       -0.0632592539
        1.6188235383        0.8242143010       -0.0356873469
        1.6188235383        0.8238612922       -0.0360026209
        1.0597687716        0.5693440742       -0.0632652913
        1.0597687716        0.5686013448       -0.0627623958
        1.6188235383        0.8240262097       -0.0358661183
        2.0293026997        0.9087723971       -0.0329496405
        1.6188235383        0.8243913195       -0.0360937434
        1.6188235383        0.8241679279       -0.0361662985
        2.0293026997        0.9086577402       -0.0329921000
        2.2060846191        0.9255192267       -0.0255133060
        2.2060846191        0.9258289605       -0.0259600961
        2.2060846191        0.9255980556       -0.0256076470
        1.8355733566        0.8743737395       -0.0222972116
        1.8355733566        0.8743243099       -0.0221012286
        2.2060846191        0.9256817002       -0.0259465305
        2.2060846191        0.9259232060       -0.0261475107
        1.8355733566        0.8743520611       -0.0221294859
        1.8355733566        0.8743830068       -0.0222978712
        2.2060846191        0.9254139255       -0.0256823766
        2.2060846191        0.9255967672       -0.0257883230
        2.2060846191        0.9253261175       -0.0254642060
