#epsqw diagonal term
#1:q+G [au], 2:Re(eps-1), 3:Im(eps-1)
        2.2060846191        0.9794416674       -0.0902008537
        2.2060846191        0.9794225472       -0.0903571062
        2.2060846191        0.9791441057       -0.0906252461
        1.8355733566        0.9601495715       -0.2113671202
        1.8355733566        0.9593260158       -0.2106866771
        2.2060846191        0.9791620973       -0.0908128692
        2.2060846191        0.9790380980       -0.0904144280
        1.8355733566        0.9596846789       -0.2114287589
        1.8355733566        0.9595313142       -0.2099262478
        2.2060846191        0.9788493914       -0.0903494845
        2.2060846191        0.9794363684       -0.0907172790
        2.2060846191        0.9791548126       -0.0905907839
        2.0293026997        0.9472458883       -0.1314739998
        1.6188235383        0.9558357065       -0.2841476954
        1.6188235383        0.9560711057       -0.2849616600
        2.0293026997        0.9477187548       -0.1297212428
        1.6188235383        0.9548218585       -0.2846685764
        1.0597687716        0.8141876432       -0.8064478524
        1.0597687716        0.8170174402       -0.8066883751
        1.6188235383        0.9548210616       -0.2860380400
        1.6188235383        0.9547061731       -0.2856312131
        1.0597687716        0.8184303449       -0.8076760337
        1.0597687716        0.8172604543       -0.8094155235
        1.6188235383        0.9548911901       -0.2854904569
        2.0293026997        0.9476797262       -0.1300384073
        1.6188235383        0.9556814078       -0.2869214356
        1.6188235383        0.9567693985       -0.2855528203
        2.0293026997        0.9466706800       -0.1307053641
        2.2060846191        0.9667083941       -0.0980241941
        2.2060846191        0.9665852526       -0.0969435084
        1.8355733566        0.9799691501       -0.2004898865
        1.3681556010        0.9560885826       -0.4602690646
        1.3681556010        0.9546123357       -0.4634632595
        1.8355733566        0.9783906899       -0.1994901361
        2.2060846191        0.9667928491       -0.0975819407
        1.3681556010        0.9581613337       -0.4592018473
        0.6118577855        0.7810921301       -1.1750574734
        0.6118577855        0.7785286765       -1.1631056434
        1.3681556010        0.9564795646       -0.4631294857
        2.2060846191        0.9664695956       -0.0970318846
        2.2060846191        0.9664649877       -0.0970314860
        1.3681556010        0.9564695624       -0.4631405120
        0.6118577855        0.7784994424       -1.1631004004
        0.6118577855        0.7813293755       -1.1750950877
        1.3681556010        0.9581872519       -0.4591680960
        2.2060846191        0.9668128788       -0.0975817801
        1.8355733566        0.9783870193       -0.1994884412
        1.3681556010        0.9546324717       -0.4634620913
        1.3681556010        0.9561287739       -0.4602431318
        1.8355733566        0.9799897432       -0.2004424149
        2.2060846191        0.9665894836       -0.0969400943
        2.2060846191        0.9667283289       -0.0980241322
        2.0293026997        0.9466193210       -0.1306899687
        1.6188235383        0.9567596720       -0.2855485284
        1.6188235383        0.9556757029       -0.2869457850
        2.0293026997        0.9476728907       -0.1300264530
        1.6188235383        0.9548774225       -0.2854995087
        1.0597687716        0.8170862101       -0.8094653424
        1.0597687716        0.8186325923       -0.8077472459
        1.6188235383        0.9547506858       -0.2856263551
        1.6188235383        0.9547973329       -0.2860785759
        1.0597687716        0.8171750673       -0.8067426788
        1.0597687716        0.8143690600       -0.8064831241
        1.6188235383        0.9548787893       -0.2846022268
        2.0293026997        0.9477056780       -0.1297109009
        1.6188235383        0.9561196002       -0.2849532495
        1.6188235383        0.9558757514       -0.2840847868
        2.0293026997        0.9472574717       -0.1314646225
        2.2060846191        0.9791547538       -0.0906000468
        2.2060846191        0.9794500545       -0.0907207991
        2.2060846191        0.9788427818       -0.0903540889
        1.8355733566        0.9595096265       -0.2099553101
        1.8355733566        0.9597050576       -0.2113874523
        2.2060846191        0.9790492699       -0.0904048320
        2.2060846191        0.9791684818       -0.0908124294
        1.8355733566        0.9593298470       -0.2106417401
        1.8355733566        0.9601720835       -0.2113689649
        2.2060846191        0.9791635156       -0.0906158136
        2.2060846191        0.9794350283       -0.0903491617
        2.2060846191        0.9794566063       -0.0901965910
