#epsqw diagonal term
#1:q+G [au], 2:Re(eps-1), 3:Im(eps-1)
        2.2060846191        0.9323488671       -0.0266924982
        2.2060846191        0.9324785037       -0.0266193874
        2.2060846191        0.9322941888       -0.0267339867
        1.8355733566        0.8795014661       -0.0330029846
        1.8355733566        0.8794669232       -0.0329733708
        2.2060846191        0.9323076612       -0.0267478644
        2.2060846191        0.9324747043       -0.0266692402
        1.8355733566        0.8794071211       -0.0329997851
        1.8355733566        0.8796093254       -0.0329265104
        2.2060846191        0.9323958570       -0.0266458870
        2.2060846191        0.9325026866       -0.0267345943
        2.2060846191        0.9324959044       -0.0266585065
        2.0293026997        0.9109903596       -0.0278503618
        1.6188235383        0.8186876044       -0.0372216750
        1.6188235383        0.8188637454       -0.0372545812
        2.0293026997        0.9104690245       -0.0276999778
        1.6188235383        0.8186591072       -0.0369699290
        1.0597687716        0.5615235074       -0.1133070892
        1.0597687716        0.5624537998       -0.1127409806
        1.6188235383        0.8182843203       -0.0374344611
        1.6188235383        0.8186999409       -0.0371638261
        1.0597687716        0.5624361140       -0.1125657522
        1.0597687716        0.5622321028       -0.1114593076
        1.6188235383        0.8185152704       -0.0373003292
        2.0293026997        0.9104558383       -0.0278098846
        1.6188235383        0.8183452528       -0.0374912057
        1.6188235383        0.8186783893       -0.0371991442
        2.0293026997        0.9106756575       -0.0280659693
        2.2060846191        0.9354016621       -0.0252858948
        2.2060846191        0.9353365413       -0.0251789728
        1.8355733566        0.8720316287       -0.0392048447
        1.3681556010        0.7192435334       -0.0592106018
        1.3681556010        0.7194208387       -0.0594133283
        1.8355733566        0.8722406726       -0.0385745633
        2.2060846191        0.9353293645       -0.0252369874
        1.3681556010        0.7192767638       -0.0592482738
        0.6118577855        0.2417900168       -0.3453896682
        0.6118577855        0.2418345378       -0.3463791368
        1.3681556010        0.7194470258       -0.0594887153
        2.2060846191        0.9352797924       -0.0250930907
        2.2060846191        0.9352788677       -0.0250930173
        1.3681556010        0.7194449223       -0.0594882225
        0.6118577855        0.2418342718       -0.3463795909
        0.6118577855        0.2417895156       -0.3453908892
        1.3681556010        0.7192797346       -0.0592486181
        2.2060846191        0.9353304805       -0.0252370673
        1.8355733566        0.8722406565       -0.0385745320
        1.3681556010        0.7194227348       -0.0594138622
        1.3681556010        0.7192465719       -0.0592110216
        1.8355733566        0.8720351111       -0.0392049519
        2.2060846191        0.9353374920       -0.0251790175
        2.2060846191        0.9354028415       -0.0252858504
        2.0293026997        0.9106749825       -0.0280658818
        1.6188235383        0.8186773866       -0.0371991964
        1.6188235383        0.8183442835       -0.0374911846
        2.0293026997        0.9104559766       -0.0278098350
        1.6188235383        0.8185145194       -0.0373000624
        1.0597687716        0.5622324517       -0.1114600483
        1.0597687716        0.5624380367       -0.1125667218
        1.6188235383        0.8187022642       -0.0371637898
        1.6188235383        0.8182833252       -0.0374341234
        1.0597687716        0.5624555419       -0.1127412234
        1.0597687716        0.5615265179       -0.1133082946
        1.6188235383        0.8186627959       -0.0369700839
        2.0293026997        0.9104692156       -0.0277000164
        1.6188235383        0.8188658421       -0.0372550076
        1.6188235383        0.8186911051       -0.0372221669
        2.0293026997        0.9109912487       -0.0278502508
        2.2060846191        0.9324960056       -0.0266585700
        2.2060846191        0.9325032164       -0.0267347018
        2.2060846191        0.9323960080       -0.0266457470
        1.8355733566        0.8796096013       -0.0329265426
        1.8355733566        0.8794088806       -0.0329998572
        2.2060846191        0.9324760205       -0.0266692073
        2.2060846191        0.9323081938       -0.0267477743
        1.8355733566        0.8794686204       -0.0329735418
        1.8355733566        0.8795029714       -0.0330031159
        2.2060846191        0.9322956275       -0.0267339026
        2.2060846191        0.9324797467       -0.0266194629
        2.2060846191        0.9323501808       -0.0266925385
