#epsqw diagonal term
#1:q+G [au], 2:Re(eps-1), 3:Im(eps-1)
        2.2060846191        0.9330683423       -0.0143589533
        2.2060846191        0.9330229177       -0.0143432374
        2.2060846191        0.9329194289       -0.0144164673
        1.8355733566        0.8739824755       -0.0262026425
        1.8355733566        0.8740948608       -0.0254601155
        2.2060846191        0.9327276340       -0.0143333785
        2.2060846191        0.9328583808       -0.0144172130
        1.8355733566        0.8741558640       -0.0254846872
        1.8355733566        0.8740578458       -0.0258530657
        2.2060846191        0.9328277685       -0.0143484973
        2.2060846191        0.9328649318       -0.0143274434
        2.2060846191        0.9329809064       -0.0143030897
        2.0293026997        0.9075717824       -0.0219282346
        1.6188235383        0.8073965972       -0.0623283999
        1.6188235383        0.8074687917       -0.0621985018
        2.0293026997        0.9074834298       -0.0217535776
        1.6188235383        0.8070792538       -0.0621397894
        1.0597687716        0.5504685861       -0.2919146596
        1.0597687716        0.5503170620       -0.2896757724
        1.6188235383        0.8068882657       -0.0617390085
        1.6188235383        0.8071224844       -0.0620604634
        1.0597687716        0.5507239548       -0.2894902154
        1.0597687716        0.5473939312       -0.2885082337
        1.6188235383        0.8068107109       -0.0615221403
        2.0293026997        0.9074598081       -0.0217802707
        1.6188235383        0.8071370480       -0.0620684828
        1.6188235383        0.8070608597       -0.0617891179
        2.0293026997        0.9076484195       -0.0218913704
        2.2060846191        0.9335231194       -0.0136909876
        2.2060846191        0.9332001773       -0.0137240829
        1.8355733566        0.8744107818       -0.0232418275
        1.3681556010        0.7314424854       -0.0904078782
        1.3681556010        0.7311440287       -0.0899360394
        1.8355733566        0.8744268758       -0.0232069947
        2.2060846191        0.9332320278       -0.0137822856
        1.3681556010        0.7316061746       -0.0906400660
        0.6118577855        0.4430608317       -0.5085012312
        0.6118577855        0.4441446070       -0.5118904537
        1.3681556010        0.7312834858       -0.0902005277
        2.2060846191        0.9328939081       -0.0137778209
        2.2060846191        0.9328927200       -0.0137778354
        1.3681556010        0.7312814679       -0.0901997467
        0.6118577855        0.4441424329       -0.5118888960
        0.6118577855        0.4430788654       -0.5084927090
        1.3681556010        0.7316098023       -0.0906385380
        2.2060846191        0.9332332006       -0.0137823459
        1.8355733566        0.8744269113       -0.0232069563
        1.3681556010        0.7311455459       -0.0899365484
        1.3681556010        0.7314460121       -0.0904066669
        1.8355733566        0.8744140559       -0.0232417647
        2.2060846191        0.9332013997       -0.0137240647
        2.2060846191        0.9335243050       -0.0136910357
        2.0293026997        0.9076475649       -0.0218922504
        1.6188235383        0.8070592485       -0.0617890495
        1.6188235383        0.8071372599       -0.0620678454
        2.0293026997        0.9074603589       -0.0217804255
        1.6188235383        0.8068094768       -0.0615217917
        1.0597687716        0.5473866240       -0.2885025154
        1.0597687716        0.5507288517       -0.2894892470
        1.6188235383        0.8071263867       -0.0620599545
        1.6188235383        0.8068886840       -0.0617383302
        1.0597687716        0.5503210954       -0.2896734370
        1.0597687716        0.5504760417       -0.2919198241
        1.6188235383        0.8070822223       -0.0621392419
        2.0293026997        0.9074838594       -0.0217538337
        1.6188235383        0.8074720915       -0.0621983131
        1.6188235383        0.8073986607       -0.0623284438
        2.0293026997        0.9075721594       -0.0219279333
        2.2060846191        0.9329811387       -0.0143030509
        2.2060846191        0.9328653835       -0.0143274020
        2.2060846191        0.9328281157       -0.0143483815
        1.8355733566        0.8740578546       -0.0258520300
        1.8355733566        0.8741576829       -0.0254854309
        2.2060846191        0.9328598658       -0.0144174423
        2.2060846191        0.9327282144       -0.0143331437
        1.8355733566        0.8740969303       -0.0254607243
        1.8355733566        0.8739837354       -0.0262044818
        2.2060846191        0.9329205512       -0.0144163178
        2.2060846191        0.9330246133       -0.0143432601
        2.2060846191        0.9330695533       -0.0143588869
