#epsqw diagonal term
#1:q+G [au], 2:Re(eps-1), 3:Im(eps-1)
        2.2060846191        0.9269788570       -0.0265859439
        2.2060846191        0.9272124277       -0.0261225437
        2.2060846191        0.9272003481       -0.0263274932
        1.8355733566        0.8737288968       -0.0274020372
        1.8355733566        0.8735939275       -0.0272043977
        2.2060846191        0.9271829163       -0.0256230778
        2.2060846191        0.9273655868       -0.0258311592
        1.8355733566        0.8737314287       -0.0272444017
        1.8355733566        0.8737119729       -0.0270908274
        2.2060846191        0.9269842213       -0.0258837281
        2.2060846191        0.9270704682       -0.0258374079
        2.2060846191        0.9269420773       -0.0261285857
        2.0293026997        0.9127843866       -0.0297571196
        1.6188235383        0.8247015377       -0.0349046966
        1.6188235383        0.8247741518       -0.0345917419
        2.0293026997        0.9128933858       -0.0296024990
        1.6188235383        0.8242395065       -0.0351472425
        1.0597687716        0.5607061552       -0.0789188594
        1.0597687716        0.5597130258       -0.0791962328
        1.6188235383        0.8245446314       -0.0347772795
        1.6188235383        0.8242953720       -0.0346545473
        1.0597687716        0.5597420978       -0.0790086999
        1.0597687716        0.5603594117       -0.0795417303
        1.6188235383        0.8244200838       -0.0348983564
        2.0293026997        0.9128457038       -0.0294737767
        1.6188235383        0.8250217561       -0.0346113342
        1.6188235383        0.8248904244       -0.0348143338
        2.0293026997        0.9129918810       -0.0294755906
        2.2060846191        0.9259131057       -0.0318670841
        2.2060846191        0.9260055152       -0.0318999103
        1.8355733566        0.8770857925       -0.0295591084
        1.3681556010        0.7268909445       -0.0434891438
        1.3681556010        0.7270857110       -0.0439600701
        1.8355733566        0.8771665592       -0.0297414645
        2.2060846191        0.9260251158       -0.0319575816
        1.3681556010        0.7262319024       -0.0436527007
        0.6118577855        0.2551279528       -0.1420199645
        0.6118577855        0.2547568371       -0.1418491337
        1.3681556010        0.7265872920       -0.0441177067
        2.2060846191        0.9261431055       -0.0319103579
        2.2060846191        0.9261422098       -0.0319103080
        1.3681556010        0.7265853706       -0.0441173971
        0.6118577855        0.2547567368       -0.1418491734
        0.6118577855        0.2551278396       -0.1420203938
        1.3681556010        0.7262351419       -0.0436529407
        2.2060846191        0.9260261945       -0.0319576582
        1.8355733566        0.8771664950       -0.0297415079
        1.3681556010        0.7270876580       -0.0439602896
        1.3681556010        0.7268941209       -0.0434894261
        1.8355733566        0.8770891648       -0.0295592279
        2.2060846191        0.9260063700       -0.0318999688
        2.2060846191        0.9259141830       -0.0318670853
        2.0293026997        0.9129911765       -0.0294756565
        1.6188235383        0.8248895548       -0.0348141790
        1.6188235383        0.8250209601       -0.0346110363
        2.0293026997        0.9128459378       -0.0294737790
        1.6188235383        0.8244192950       -0.0348984041
        1.0597687716        0.5603597893       -0.0795418417
        1.0597687716        0.5597440142       -0.0790088831
        1.6188235383        0.8242979906       -0.0346547636
        1.6188235383        0.8245436450       -0.0347767101
        1.0597687716        0.5597148697       -0.0791964218
        1.0597687716        0.5607090066       -0.0789195523
        1.6188235383        0.8242433680       -0.0351470988
        2.0293026997        0.9128933269       -0.0296025292
        1.6188235383        0.8247762228       -0.0345917009
        1.6188235383        0.8247049995       -0.0349046794
        2.0293026997        0.9127852591       -0.0297569985
        2.2060846191        0.9269423424       -0.0261286270
        2.2060846191        0.9270709289       -0.0258374430
        2.2060846191        0.9269845061       -0.0258838068
        1.8355733566        0.8737122582       -0.0270907891
        1.8355733566        0.8737332174       -0.0272444587
        2.2060846191        0.9273668333       -0.0258312133
        2.2060846191        0.9271834081       -0.0256230314
        1.8355733566        0.8735957443       -0.0272044609
        1.8355733566        0.8737303647       -0.0274021195
        2.2060846191        0.9272015671       -0.0263275138
        2.2060846191        0.9272135932       -0.0261225372
        2.2060846191        0.9269800794       -0.0265858948
