#epsqw diagonal term
#1:q+G [au], 2:Re(eps-1), 3:Im(eps-1)
        2.2060846191        0.9176143633       -0.0005182165
        2.2060846191        0.9176228731       -0.0005183637
        2.2060846191        0.9175946473       -0.0005183281
        1.8355733566        0.8699083191       -0.0006629226
        1.8355733566        0.8699175692       -0.0006630623
        2.2060846191        0.9176013249       -0.0005176228
        2.2060846191        0.9176048682       -0.0005184381
        1.8355733566        0.8699185566       -0.0006630667
        1.8355733566        0.8699129394       -0.0006634779
        2.2060846191        0.9176068891       -0.0005176560
        2.2060846191        0.9176205712       -0.0005174742
        2.2060846191        0.9176255898       -0.0005175838
        2.0293026997        0.8955674228       -0.0006847939
        1.6188235383        0.8211446804       -0.0008926772
        1.6188235383        0.8210761076       -0.0008957857
        2.0293026997        0.8955149795       -0.0006879901
        1.6188235383        0.8210849172       -0.0008928713
        1.0597687716        0.6120570469       -0.0015165811
        1.0597687716        0.6120081583       -0.0015193865
        1.6188235383        0.8210690332       -0.0008939436
        1.6188235383        0.8210206616       -0.0008958800
        1.0597687716        0.6120101529       -0.0015193548
        1.0597687716        0.6119892275       -0.0015184905
        1.6188235383        0.8210786043       -0.0008927395
        2.0293026997        0.8955187301       -0.0006878362
        1.6188235383        0.8211297114       -0.0008935717
        1.6188235383        0.8211365851       -0.0008925427
        2.0293026997        0.8955486855       -0.0006857117
        2.2060846191        0.9215389551       -0.0004463649
        2.2060846191        0.9215317910       -0.0004467324
        1.8355733566        0.8701365846       -0.0006357371
        1.3681556010        0.7468025781       -0.0011148087
        1.3681556010        0.7467797715       -0.0011157936
        1.8355733566        0.8701502148       -0.0006359693
        2.2060846191        0.9215108856       -0.0004463732
        1.3681556010        0.7467506386       -0.0011146992
        0.6118577855        0.3746309817       -0.0023095244
        0.6118577855        0.3745702864       -0.0023097742
        1.3681556010        0.7467298900       -0.0011156674
        2.2060846191        0.9215042081       -0.0004467351
        2.2060846191        0.9215034029       -0.0004467362
        1.3681556010        0.7467277961       -0.0011156669
        0.6118577855        0.3745702442       -0.0023097742
        0.6118577855        0.3746313912       -0.0023095334
        1.3681556010        0.7467536577       -0.0011147007
        2.2060846191        0.9215118986       -0.0004463717
        1.8355733566        0.8701501887       -0.0006359692
        1.3681556010        0.7467818259       -0.0011157943
        1.3681556010        0.7468055946       -0.0011148101
        1.8355733566        0.8701396709       -0.0006357327
        2.2060846191        0.9215326288       -0.0004467312
        2.2060846191        0.9215399989       -0.0004463634
        2.0293026997        0.8955481102       -0.0006857109
        1.6188235383        0.8211356489       -0.0008925409
        1.6188235383        0.8211287004       -0.0008935701
        2.0293026997        0.8955189571       -0.0006878353
        1.6188235383        0.8210778171       -0.0008927379
        1.0597687716        0.6119896446       -0.0015184902
        1.0597687716        0.6120119986       -0.0015193578
        1.6188235383        0.8210227847       -0.0008958790
        1.6188235383        0.8210680633       -0.0008939425
        1.0597687716        0.6120098381       -0.0015193891
        1.0597687716        0.6120599620       -0.0015165864
        1.6188235383        0.8210881961       -0.0008928691
        2.0293026997        0.8955151216       -0.0006879894
        1.6188235383        0.8210780096       -0.0008957846
        1.6188235383        0.8211477986       -0.0008926750
        2.0293026997        0.8955683319       -0.0006847920
        2.2060846191        0.9176257807       -0.0005175835
        2.2060846191        0.9176210234       -0.0005174733
        2.2060846191        0.9176070415       -0.0005176558
        1.8355733566        0.8699132043       -0.0006634784
        1.8355733566        0.8699201575       -0.0006630661
        2.2060846191        0.9176060071       -0.0005184366
        2.2060846191        0.9176017204       -0.0005176222
        1.8355733566        0.8699191198       -0.0006630617
        1.8355733566        0.8699096511       -0.0006629220
        2.2060846191        0.9175957689       -0.0005183267
        2.2060846191        0.9176239579       -0.0005183618
        2.2060846191        0.9176154489       -0.0005182149
