#epsqw diagonal term
#1:q+G [au], 2:Re(eps-1), 3:Im(eps-1)
        2.2060846191        1.0202124661       -0.0027297241
        2.2060846191        1.0201973564       -0.0027148194
        2.2060846191        1.0202070945       -0.0027084796
        1.8355733566        1.0305057070       -0.0018911574
        1.8355733566        1.0304883075       -0.0018793486
        2.2060846191        1.0201506507       -0.0026608697
        2.2060846191        1.0201935909       -0.0026935707
        1.8355733566        1.0304880271       -0.0018796686
        1.8355733566        1.0304634501       -0.0018590359
        2.2060846191        1.0201484475       -0.0026096989
        2.2060846191        1.0201540060       -0.0026846675
        2.2060846191        1.0201510800       -0.0026338907
        2.0293026997        1.0247644608       -0.0025041410
        1.6188235383        1.0388855209       -0.0019022510
        1.6188235383        1.0388847781       -0.0019010078
        2.0293026997        1.0247684894       -0.0024991731
        1.6188235383        1.0388986403       -0.0018964715
        1.0597687716        1.0664902840       -0.0015317921
        1.0597687716        1.0664993867       -0.0015276511
        1.6188235383        1.0388833520       -0.0018931911
        1.6188235383        1.0388978113       -0.0018956528
        1.0597687716        1.0665003472       -0.0015277471
        1.0597687716        1.0665079447       -0.0015144216
        1.6188235383        1.0388738501       -0.0018718305
        2.0293026997        1.0247705624       -0.0024993402
        1.6188235383        1.0388688761       -0.0019002143
        1.6188235383        1.0388617963       -0.0018784929
        2.0293026997        1.0247465012       -0.0024162257
        2.2060846191        1.0194553998       -0.0020479312
        2.2060846191        1.0194639919       -0.0020654876
        1.8355733566        1.0310014714       -0.0024657371
        1.3681556010        1.0501562047       -0.0014480670
        1.3681556010        1.0501644639       -0.0014462461
        1.8355733566        1.0310546557       -0.0024803668
        2.2060846191        1.0194319357       -0.0020408748
        1.3681556010        1.0501841169       -0.0014511124
        0.6118577855        1.0887509316       -0.0022650909
        0.6118577855        1.0886776073       -0.0023208447
        1.3681556010        1.0501921358       -0.0014492344
        2.2060846191        1.0194435876       -0.0020584610
        2.2060846191        1.0194439147       -0.0020584676
        1.3681556010        1.0501929527       -0.0014492309
        0.6118577855        1.0886776108       -0.0023208486
        0.6118577855        1.0887497196       -0.0022651030
        1.3681556010        1.0501829230       -0.0014511146
        2.2060846191        1.0194314714       -0.0020408605
        1.8355733566        1.0310546515       -0.0024803664
        1.3681556010        1.0501636043       -0.0014462509
        1.3681556010        1.0501550324       -0.0014480703
        1.8355733566        1.0310005722       -0.0024657248
        2.2060846191        1.0194636615       -0.0020654858
        2.2060846191        1.0194549536       -0.0020479252
        2.0293026997        1.0247470287       -0.0024162322
        1.6188235383        1.0388622021       -0.0018784958
        1.6188235383        1.0388692150       -0.0019002145
        2.0293026997        1.0247703383       -0.0024993348
        1.6188235383        1.0388741708       -0.0018718343
        1.0597687716        1.0665078173       -0.0015144316
        1.0597687716        1.0664996009       -0.0015277636
        1.6188235383        1.0388971103       -0.0018956502
        1.6188235383        1.0388836157       -0.0018931868
        1.0597687716        1.0664987256       -0.0015276672
        1.0597687716        1.0664887850       -0.0015318065
        1.6188235383        1.0388977585       -0.0018964631
        2.0293026997        1.0247682849       -0.0024991663
        1.6188235383        1.0388841677       -0.0019010011
        1.6188235383        1.0388847052       -0.0019022399
        2.0293026997        1.0247642651       -0.0025041180
        2.2060846191        1.0201508603       -0.0026338892
        2.2060846191        1.0201539881       -0.0026846600
        2.2060846191        1.0201482397       -0.0026096966
        1.8355733566        1.0304630449       -0.0018590339
        1.8355733566        1.0304875022       -0.0018796622
        2.2060846191        1.0201931927       -0.0026935543
        2.2060846191        1.0201506356       -0.0026608574
        1.8355733566        1.0304878066       -0.0018793382
        1.8355733566        1.0305050345       -0.0018911429
        2.2060846191        1.0202065538       -0.0027084527
        2.2060846191        1.0201969442       -0.0027147974
        2.2060846191        1.0202118935       -0.0027296967
