#epsqw diagonal term
#1:q+G [au], 2:Re(eps-1), 3:Im(eps-1)
        2.2060846191        0.9184236061       -0.0004598183
        2.2060846191        0.9184330470       -0.0004597726
        2.2060846191        0.9184041210       -0.0004599638
        1.8355733566        0.8708415573       -0.0006070467
        1.8355733566        0.8708516016       -0.0006070463
        2.2060846191        0.9184087347       -0.0004594746
        2.2060846191        0.9184151241       -0.0004598742
        1.8355733566        0.8708526081       -0.0006070466
        1.8355733566        0.8708482312       -0.0006072949
        2.2060846191        0.9184143864       -0.0004594981
        2.2060846191        0.9184276503       -0.0004593230
        2.2060846191        0.9184329979       -0.0004593820
        2.0293026997        0.8967428534       -0.0005804679
        1.6188235383        0.8225021353       -0.0007887025
        1.6188235383        0.8224437645       -0.0007905417
        2.0293026997        0.8967009834       -0.0005822555
        1.6188235383        0.8224427569       -0.0007889282
        1.0597687716        0.6143673185       -0.0013851849
        1.0597687716        0.6143280959       -0.0013869862
        1.6188235383        0.8224306490       -0.0007894756
        1.6188235383        0.8223883576       -0.0007906622
        1.0597687716        0.6143300646       -0.0013869456
        1.0597687716        0.6143056701       -0.0013866903
        1.6188235383        0.8224357588       -0.0007890838
        2.0293026997        0.8967042470       -0.0005821557
        1.6188235383        0.8224903773       -0.0007891671
        1.6188235383        0.8224933062       -0.0007888650
        2.0293026997        0.8967270337       -0.0005812014
        2.2060846191        0.9221829540       -0.0004061250
        2.2060846191        0.9221767205       -0.0004064079
        1.8355733566        0.8709986218       -0.0005866795
        1.3681556010        0.7484038777       -0.0010210546
        1.3681556010        0.7483845089       -0.0010216324
        1.8355733566        0.8710131001       -0.0005867776
        2.2060846191        0.9221547387       -0.0004061444
        1.3681556010        0.7483512889       -0.0010210185
        0.6118577855        0.3791077480       -0.0020769774
        0.6118577855        0.3790482180       -0.0020772565
        1.3681556010        0.7483339357       -0.0010215827
        2.2060846191        0.9221489773       -0.0004064234
        2.2060846191        0.9221481719       -0.0004064245
        1.3681556010        0.7483318351       -0.0010215826
        0.6118577855        0.3790481764       -0.0020772564
        0.6118577855        0.3791081820       -0.0020769847
        1.3681556010        0.7483543206       -0.0010210189
        2.2060846191        0.9221557524       -0.0004061428
        1.8355733566        0.8710130738       -0.0005867775
        1.3681556010        0.7483865706       -0.0010216324
        1.3681556010        0.7484069064       -0.0010210550
        1.8355733566        0.8710017102       -0.0005866749
        2.2060846191        0.9221775586       -0.0004064067
        2.2060846191        0.9221839990       -0.0004061233
        2.0293026997        0.8967264526       -0.0005812016
        1.6188235383        0.8224923612       -0.0007888645
        1.6188235383        0.8224893569       -0.0007891670
        2.0293026997        0.8967044716       -0.0005821553
        1.6188235383        0.8224349636       -0.0007890834
        1.0597687716        0.6143060872       -0.0013866902
        1.0597687716        0.6143319196       -0.0013869480
        1.6188235383        0.8223904854       -0.0007906608
        1.6188235383        0.8224296709       -0.0007894757
        1.0597687716        0.6143297836       -0.0013869883
        1.0597687716        0.6143702498       -0.0013851894
        1.6188235383        0.8224460428       -0.0007889254
        2.0293026997        0.8967011229       -0.0005822553
        1.6188235383        0.8224456703       -0.0007905405
        1.6188235383        0.8225052601       -0.0007886997
        2.0293026997        0.8967437621       -0.0005804662
        2.2060846191        0.9184331886       -0.0004593818
        2.2060846191        0.9184281021       -0.0004593221
        2.2060846191        0.9184145384       -0.0004594979
        1.8355733566        0.8708484958       -0.0006072954
        1.8355733566        0.8708542132       -0.0006070456
        2.2060846191        0.9184162642       -0.0004598725
        2.2060846191        0.9184091302       -0.0004594740
        1.8355733566        0.8708531564       -0.0006070454
        1.8355733566        0.8708428916       -0.0006070458
        2.2060846191        0.9184052444       -0.0004599622
        2.2060846191        0.9184341317       -0.0004597708
        2.2060846191        0.9184246930       -0.0004598166
