#epsqw diagonal term
#1:q+G [au], 2:Re(eps-1), 3:Im(eps-1)
        2.2060846191        0.9179770577       -0.0004894281
        2.2060846191        0.9179860493       -0.0004894753
        2.2060846191        0.9179574151       -0.0004895664
        1.8355733566        0.8703209529       -0.0006366340
        1.8355733566        0.8703305919       -0.0006367122
        2.2060846191        0.9179631436       -0.0004889697
        2.2060846191        0.9179680620       -0.0004895675
        1.8355733566        0.8703315893       -0.0006367142
        1.8355733566        0.8703265574       -0.0006370374
        2.2060846191        0.9179687487       -0.0004889910
        2.2060846191        0.9179822586       -0.0004888146
        2.2060846191        0.9179874383       -0.0004888880
        2.0293026997        0.8961039084       -0.0006314312
        1.6188235383        0.8217571796       -0.0008404029
        1.6188235383        0.8216934172       -0.0008428716
        2.0293026997        0.8960564993       -0.0006338985
        1.6188235383        0.8216975537       -0.0008406271
        1.0597687716        0.6130790611       -0.0014541969
        1.0597687716        0.6130346200       -0.0014565215
        1.6188235383        0.8216834690       -0.0008414309
        1.6188235383        0.8216379721       -0.0008429831
        1.0597687716        0.6130366078       -0.0014564851
        1.0597687716        0.6130139490       -0.0014559415
        1.6188235383        0.8216907942       -0.0008406696
        2.0293026997        0.8960600235       -0.0006337710
        1.6188235383        0.8217437295       -0.0008410847
        1.6188235383        0.8217486140       -0.0008404476
        2.0293026997        0.8960864453       -0.0006322774
        2.2060846191        0.9218241198       -0.0004276574
        2.2060846191        0.9218173785       -0.0004279832
        1.8355733566        0.8705164695       -0.0006131401
        1.3681556010        0.7475102359       -0.0010712525
        1.3681556010        0.7474890350       -0.0010720362
        1.8355733566        0.8705305124       -0.0006133030
        2.2060846191        0.9217959857       -0.0004276707
        1.3681556010        0.7474579927       -0.0010711796
        0.6118577855        0.3766002850       -0.0022025642
        0.6118577855        0.3765400385       -0.0022028473
        1.3681556010        0.7474388311       -0.0010719481
        2.2060846191        0.9217897244       -0.0004279918
        2.2060846191        0.9217889189       -0.0004279930
        1.3681556010        0.7474367339       -0.0010719477
        0.6118577855        0.3765399966       -0.0022028473
        0.6118577855        0.3766007057       -0.0022025724
        1.3681556010        0.7474610176       -0.0010711806
        2.2060846191        0.9217969991       -0.0004276691
        1.8355733566        0.8705304863       -0.0006133029
        1.3681556010        0.7474910929       -0.0010720366
        1.3681556010        0.7475132581       -0.0010712534
        1.8355733566        0.8705195568       -0.0006131356
        2.2060846191        0.9218182167       -0.0004279821
        2.2060846191        0.9218251642       -0.0004276558
        2.0293026997        0.8960858670       -0.0006322771
        1.6188235383        0.8217476735       -0.0008404465
        1.6188235383        0.8217427136       -0.0008410839
        2.0293026997        0.8960602492       -0.0006337704
        1.6188235383        0.8216900030       -0.0008406686
        1.0597687716        0.6130143660       -0.0014559413
        1.0597687716        0.6130384575       -0.0014564879
        1.6188235383        0.8216400973       -0.0008429819
        1.6188235383        0.8216824947       -0.0008414305
        1.0597687716        0.6130363031       -0.0014565239
        1.0597687716        0.6130819837       -0.0014542018
        1.6188235383        0.8217008356       -0.0008406246
        2.0293026997        0.8960566399       -0.0006338981
        1.6188235383        0.8216953209       -0.0008428705
        1.6188235383        0.8217603006       -0.0008404004
        2.0293026997        0.8961048170       -0.0006314294
        2.2060846191        0.9179876291       -0.0004888877
        2.2060846191        0.9179827106       -0.0004888137
        2.2060846191        0.9179689009       -0.0004889908
        1.8355733566        0.8703268220       -0.0006370379
        1.8355733566        0.8703331921       -0.0006367135
        2.2060846191        0.9179692016       -0.0004895659
        2.2060846191        0.9179635391       -0.0004889691
        1.8355733566        0.8703321445       -0.0006367114
        1.8355733566        0.8703222860       -0.0006366333
        2.2060846191        0.9179585378       -0.0004895649
        2.2060846191        0.9179871343       -0.0004894735
        2.2060846191        0.9179781442       -0.0004894265
