#epsqw diagonal term
#1:q+G [au], 2:Re(eps-1), 3:Im(eps-1)
        2.2060846191        1.0379081543       -0.0376892838
        2.2060846191        1.0379255298       -0.0376661421
        2.2060846191        1.0379637073       -0.0375918670
        1.8355733566        1.0846124977       -0.0630104588
        1.8355733566        1.0844927808       -0.0629709210
        2.2060846191        1.0381657573       -0.0372003176
        2.2060846191        1.0379307870       -0.0375556912
        1.8355733566        1.0845734194       -0.0627878427
        1.8355733566        1.0847377503       -0.0622206813
        2.2060846191        1.0384351720       -0.0368483363
        2.2060846191        1.0382956174       -0.0371253621
        2.2060846191        1.0386146926       -0.0367857919
        2.0293026997        1.0589791508       -0.0407074657
        1.6188235383        1.1284183503       -0.0819506733
        1.6188235383        1.1285861564       -0.0821915541
        2.0293026997        1.0589319227       -0.0409157383
        1.6188235383        1.1278873983       -0.0819865476
        1.0597687716        1.2833136529       -0.1225412208
        1.0597687716        1.2822389108       -0.1229386211
        1.6188235383        1.1276082749       -0.0821191632
        1.6188235383        1.1282284130       -0.0819699182
        1.0597687716        1.2826148954       -0.1220238920
        1.0597687716        1.2808858945       -0.1213566982
        1.6188235383        1.1273689344       -0.0808490746
        2.0293026997        1.0589341522       -0.0407839442
        1.6188235383        1.1284930202       -0.0815041612
        1.6188235383        1.1280871106       -0.0804976967
        2.0293026997        1.0592099306       -0.0398353162
        2.2060846191        1.0405909679       -0.0407094920
        2.2060846191        1.0403563576       -0.0410283046
        1.8355733566        1.0816338187       -0.0692543660
        1.3681556010        1.1950618796       -0.1082562256
        1.3681556010        1.1957091635       -0.1086137392
        1.8355733566        1.0815191556       -0.0702767888
        2.2060846191        1.0402775590       -0.0408006588
        1.3681556010        1.1942496158       -0.1084743328
        0.6118577855        1.4247725095       -0.1800869193
        0.6118577855        1.4286470737       -0.1823244659
        1.3681556010        1.1948845109       -0.1088208482
        2.2060846191        1.0400430705       -0.0411175451
        2.2060846191        1.0400477046       -0.0411180053
        1.3681556010        1.1948933856       -0.1088228576
        0.6118577855        1.4286472291       -0.1823244374
        0.6118577855        1.4247638866       -0.1800828975
        1.3681556010        1.1942396965       -0.1084724425
        2.2060846191        1.0402729075       -0.0408001829
        1.8355733566        1.0815190574       -0.0702767323
        1.3681556010        1.1956996321       -0.1086111646
        1.3681556010        1.1950518821       -0.1082539243
        1.8355733566        1.0816279954       -0.0692533558
        2.2060846191        1.0403512837       -0.0410276377
        2.2060846191        1.0405863282       -0.0407088654
        2.0293026997        1.0592112238       -0.0398351148
        1.6188235383        1.1280911869       -0.0804973271
        1.6188235383        1.1284934859       -0.0815040209
        2.0293026997        1.0589322039       -0.0407839920
        1.6188235383        1.1273724091       -0.0808489481
        1.0597687716        1.2808837033       -0.1213564819
        1.0597687716        1.2826116421       -0.1220242947
        1.6188235383        1.1282228782       -0.0819695408
        1.6188235383        1.1276081526       -0.0821188932
        1.0597687716        1.2822363018       -0.1229392037
        1.0597687716        1.2833004604       -0.1225378241
        1.6188235383        1.1278820093       -0.0819867096
        2.0293026997        1.0589303196       -0.0409159611
        1.6188235383        1.1285820318       -0.0821917550
        1.6188235383        1.1284135797       -0.0819510777
        2.0293026997        1.0589760894       -0.0407076970
        2.2060846191        1.0386147573       -0.0367862597
        2.2060846191        1.0382936977       -0.0371254473
        2.2060846191        1.0384351394       -0.0368486022
        1.8355733566        1.0847316595       -0.0622198930
        1.8355733566        1.0845679421       -0.0627876013
        2.2060846191        1.0379287820       -0.0375556202
        2.2060846191        1.0381642712       -0.0372004768
        1.8355733566        1.0844873440       -0.0629706423
        1.8355733566        1.0846054734       -0.0630101895
        2.2060846191        1.0379607697       -0.0375915595
        2.2060846191        1.0379235627       -0.0376657859
        2.2060846191        1.0379054058       -0.0376890656
