#epsqw diagonal term
#1:q+G [au], 2:Re(eps-1), 3:Im(eps-1)
        2.2060846191        0.9106462348       -0.0061751613
        2.2060846191        0.9106935826       -0.0061569369
        2.2060846191        0.9106123943       -0.0061565814
        1.8355733566        0.8587562853       -0.0072594453
        1.8355733566        0.8588454266       -0.0074423356
        2.2060846191        0.9105917179       -0.0060623823
        2.2060846191        0.9106568256       -0.0061450039
        1.8355733566        0.8588588117       -0.0074069084
        1.8355733566        0.8589650130       -0.0073844473
        2.2060846191        0.9105658387       -0.0060582060
        2.2060846191        0.9106318565       -0.0060738785
        2.2060846191        0.9106036019       -0.0060619901
        2.0293026997        0.8895253590       -0.0105335940
        1.6188235383        0.8128180719       -0.0103200608
        1.6188235383        0.8129827560       -0.0104605510
        2.0293026997        0.8898843783       -0.0105664188
        1.6188235383        0.8127825896       -0.0103399165
        1.0597687716        0.5864878747       -0.0194140943
        1.0597687716        0.5864362480       -0.0196014265
        1.6188235383        0.8129121215       -0.0104021968
        1.6188235383        0.8129193928       -0.0104802745
        1.0597687716        0.5864175186       -0.0196141456
        1.0597687716        0.5864034168       -0.0196332859
        1.6188235383        0.8126954501       -0.0104072888
        2.0293026997        0.8898353640       -0.0106267223
        1.6188235383        0.8129468137       -0.0104099198
        1.6188235383        0.8127355360       -0.0103932466
        2.0293026997        0.8895071623       -0.0104592454
        2.2060846191        0.9166827865       -0.0078191195
        2.2060846191        0.9166649082       -0.0077864476
        1.8355733566        0.8613553505       -0.0092551101
        1.3681556010        0.7336933225       -0.0199663033
        1.3681556010        0.7335356479       -0.0202401642
        1.8355733566        0.8613800275       -0.0093335074
        2.2060846191        0.9166683695       -0.0078187906
        1.3681556010        0.7336595587       -0.0199781492
        0.6118577855        0.3151735809       -0.0364801575
        0.6118577855        0.3144911089       -0.0368998412
        1.3681556010        0.7335006139       -0.0202436830
        2.2060846191        0.9166487158       -0.0077848304
        2.2060846191        0.9166480116       -0.0077849653
        1.3681556010        0.7334988423       -0.0202435144
        0.6118577855        0.3144911473       -0.0368998226
        0.6118577855        0.3151735465       -0.0364815966
        1.3681556010        0.7336629886       -0.0199787836
        2.2060846191        0.9166694184       -0.0078187579
        1.8355733566        0.8613799980       -0.0093335060
        1.3681556010        0.7335375782       -0.0202401936
        1.3681556010        0.7336967034       -0.0199669752
        1.8355733566        0.8613584441       -0.0092551877
        2.2060846191        0.9166656221       -0.0077862870
        2.2060846191        0.9166838428       -0.0078190829
        2.0293026997        0.8895065913       -0.0104591200
        1.6188235383        0.8127348132       -0.0103931424
        1.6188235383        0.8129458414       -0.0104100182
        2.0293026997        0.8898356122       -0.0106268448
        1.6188235383        0.8126948652       -0.0104071841
        1.0597687716        0.5864041497       -0.0196336738
        1.0597687716        0.5864195433       -0.0196146142
        1.6188235383        0.8129215153       -0.0104803531
        1.6188235383        0.8129112282       -0.0104022703
        1.0597687716        0.5864381040       -0.0196017509
        1.0597687716        0.5864906436       -0.0194141901
        1.6188235383        0.8127859772       -0.0103397785
        2.0293026997        0.8898844962       -0.0105665988
        1.6188235383        0.8129846046       -0.0104606889
        1.6188235383        0.8128212182       -0.0103200213
        2.0293026997        0.8895267226       -0.0105335040
        2.2060846191        0.9106038441       -0.0060619703
        2.2060846191        0.9106325938       -0.0060740694
        2.2060846191        0.9105659536       -0.0060582569
        1.8355733566        0.8589653102       -0.0073844299
        1.8355733566        0.8588604291       -0.0074069503
        2.2060846191        0.9106577685       -0.0061449460
        2.2060846191        0.9105923391       -0.0060626151
        1.8355733566        0.8588470158       -0.0074423910
        1.8355733566        0.8587580609       -0.0072596657
        2.2060846191        0.9106136832       -0.0061565501
        2.2060846191        0.9106944905       -0.0061569003
        2.2060846191        0.9106474481       -0.0061751559
