#epsqw diagonal term
#1:q+G [au], 2:Re(eps-1), 3:Im(eps-1)
        2.2060846191        0.9292754708       -0.0212286740
        2.2060846191        0.9292569562       -0.0211831202
        2.2060846191        0.9293484793       -0.0213468974
        1.8355733566        0.8849088904       -0.0150950012
        1.8355733566        0.8848098774       -0.0154319741
        2.2060846191        0.9292521489       -0.0212309413
        2.2060846191        0.9292675867       -0.0213808915
        1.8355733566        0.8847627741       -0.0154017600
        1.8355733566        0.8846677778       -0.0150969041
        2.2060846191        0.9294208253       -0.0213033877
        2.2060846191        0.9292204435       -0.0211383914
        2.2060846191        0.9294178530       -0.0211001052
        2.0293026997        0.9080014526       -0.0281525438
        1.6188235383        0.8253202142       -0.0277681635
        1.6188235383        0.8256300364       -0.0276943687
        2.0293026997        0.9082608851       -0.0282736161
        1.6188235383        0.8255900041       -0.0274457395
        1.0597687716        0.5879338668       -0.0419910626
        1.0597687716        0.5880001805       -0.0424357386
        1.6188235383        0.8255105954       -0.0275567277
        1.6188235383        0.8256774997       -0.0278423209
        1.0597687716        0.5879230613       -0.0425835135
        1.0597687716        0.5881180001       -0.0421525896
        1.6188235383        0.8256443420       -0.0278044036
        2.0293026997        0.9081237077       -0.0286719174
        1.6188235383        0.8251906474       -0.0277372990
        1.6188235383        0.8255373782       -0.0274890781
        2.0293026997        0.9083228531       -0.0281058361
        2.2060846191        0.9110316685       -0.0178335857
        2.2060846191        0.9108310694       -0.0179646894
        1.8355733566        0.8725195050       -0.0275925288
        1.3681556010        0.7399177920       -0.0243925168
        1.3681556010        0.7397932528       -0.0240580715
        1.8355733566        0.8723570036       -0.0276647523
        2.2060846191        0.9110641066       -0.0179419338
        1.3681556010        0.7402171231       -0.0245709501
        0.6118577855        0.3181884824       -0.0749624161
        0.6118577855        0.3183012636       -0.0758215160
        1.3681556010        0.7400917935       -0.0242433188
        2.2060846191        0.9108454816       -0.0180607974
        2.2060846191        0.9108446434       -0.0180607641
        1.3681556010        0.7400897329       -0.0242431937
        0.6118577855        0.3183012287       -0.0758215118
        0.6118577855        0.3181886690       -0.0749627204
        1.3681556010        0.7402202943       -0.0245711303
        2.2060846191        0.9110651240       -0.0179419908
        1.8355733566        0.8723569758       -0.0276647504
        1.3681556010        0.7397952711       -0.0240581869
        1.3681556010        0.7399209450       -0.0243926707
        1.8355733566        0.8725226390       -0.0275925983
        2.2060846191        0.9108319303       -0.0179647239
        2.2060846191        0.9110327243       -0.0178336439
        2.0293026997        0.9083222320       -0.0281057961
        1.6188235383        0.8255363826       -0.0274890534
        1.6188235383        0.8251895596       -0.0277372951
        2.0293026997        0.9081239466       -0.0286719162
        1.6188235383        0.8256435555       -0.0278043437
        1.0597687716        0.5881183068       -0.0421527268
        1.0597687716        0.5879248771       -0.0425835995
        1.6188235383        0.8256798532       -0.0278424538
        1.6188235383        0.8255095474       -0.0275567101
        1.0597687716        0.5880018526       -0.0424358093
        1.0597687716        0.5879366010       -0.0419914962
        1.6188235383        0.8255935835       -0.0274458968
        2.0293026997        0.9082610347       -0.0282736439
        1.6188235383        0.8256321131       -0.0276944943
        1.6188235383        0.8253235426       -0.0277682956
        2.0293026997        0.9080023482       -0.0281525363
        2.2060846191        0.9294180846       -0.0211001170
        2.2060846191        0.9292209316       -0.0211384204
        2.2060846191        0.9294210124       -0.0213034010
        1.8355733566        0.8846681555       -0.0150969410
        1.8355733566        0.8847645562       -0.0154018072
        2.2060846191        0.9292687952       -0.0213809727
        2.2060846191        0.9292525713       -0.0212310036
        1.8355733566        0.8848116307       -0.0154320248
        1.8355733566        0.8849104341       -0.0150950569
        2.2060846191        0.9293496599       -0.0213469406
        2.2060846191        0.9292580463       -0.0211832117
        2.2060846191        0.9292766082       -0.0212287369
