#epsqw diagonal term
#1:q+G [au], 2:Re(eps-1), 3:Im(eps-1)
        2.2060846191        0.9102060632       -0.0239770939
        2.2060846191        0.9100726512       -0.0240281846
        2.2060846191        0.9106104441       -0.0239264227
        1.8355733566        0.8601458613       -0.0270333362
        1.8355733566        0.8600536124       -0.0269806499
        2.2060846191        0.9104678281       -0.0240068370
        2.2060846191        0.9104775704       -0.0239658811
        1.8355733566        0.8600179083       -0.0270664734
        1.8355733566        0.8602208367       -0.0269814055
        2.2060846191        0.9107000056       -0.0238924969
        2.2060846191        0.9099989387       -0.0240221398
        2.2060846191        0.9102007558       -0.0239418680
        2.0293026997        0.8866924009       -0.0223335196
        1.6188235383        0.8108280209       -0.0333138552
        1.6188235383        0.8104241177       -0.0333824284
        2.0293026997        0.8865103392       -0.0226973238
        1.6188235383        0.8107562812       -0.0334191009
        1.0597687716        0.5886731921       -0.0352245585
        1.0597687716        0.5885980338       -0.0345088700
        1.6188235383        0.8104200285       -0.0335253170
        1.6188235383        0.8103638763       -0.0335138774
        1.0597687716        0.5886905895       -0.0344918959
        1.0597687716        0.5890977591       -0.0347892495
        1.6188235383        0.8109178123       -0.0336784708
        2.0293026997        0.8865010104       -0.0225823708
        1.6188235383        0.8104473103       -0.0333795534
        1.6188235383        0.8107671150       -0.0335470059
        2.0293026997        0.8869194079       -0.0225804632
        2.2060846191        0.9179340853       -0.0143301319
        2.2060846191        0.9182566145       -0.0144329055
        1.8355733566        0.8659799465       -0.0187609251
        1.3681556010        0.7390383191       -0.0369323040
        1.3681556010        0.7389788134       -0.0367557165
        1.8355733566        0.8659521851       -0.0190339786
        2.2060846191        0.9178509614       -0.0144840323
        1.3681556010        0.7388805007       -0.0371130714
        0.6118577855        0.3547435445       -0.0858923295
        0.6118577855        0.3529096876       -0.0855382385
        1.3681556010        0.7387908280       -0.0369273507
        2.2060846191        0.9181533362       -0.0145985560
        2.2060846191        0.9181526415       -0.0145984169
        1.3681556010        0.7387883200       -0.0369271380
        0.6118577855        0.3529097114       -0.0855382592
        0.6118577855        0.3547463106       -0.0858934575
        1.3681556010        0.7388832171       -0.0371132189
        2.2060846191        0.9178520750       -0.0144839925
        1.8355733566        0.8659521846       -0.0190339739
        1.3681556010        0.7389812472       -0.0367559053
        1.3681556010        0.7390409118       -0.0369323897
        1.8355733566        0.8659829875       -0.0187610964
        2.2060846191        0.9182572994       -0.0144330513
        2.2060846191        0.9179351968       -0.0143301609
        2.0293026997        0.8869188272       -0.0225808480
        1.6188235383        0.8107664553       -0.0335466669
        1.6188235383        0.8104464401       -0.0333797813
        2.0293026997        0.8865011718       -0.0225824515
        1.6188235383        0.8109165813       -0.0336781524
        1.0597687716        0.5890979627       -0.0347895437
        1.0597687716        0.5886924421       -0.0344919348
        1.6188235383        0.8103658186       -0.0335135979
        1.6188235383        0.8104191336       -0.0335257921
        1.0597687716        0.5885997488       -0.0345090780
        1.0597687716        0.5886754415       -0.0352247262
        1.6188235383        0.8107599669       -0.0334200312
        2.0293026997        0.8865105260       -0.0226973753
        1.6188235383        0.8104262426       -0.0333820161
        1.6188235383        0.8108316477       -0.0333143078
        2.0293026997        0.8866933463       -0.0223333597
        2.2060846191        0.9102010469       -0.0239412347
        2.2060846191        0.9099997204       -0.0240225162
        2.2060846191        0.9106998489       -0.0238917803
        1.8355733566        0.8602211653       -0.0269814243
        1.8355733566        0.8600196549       -0.0270666952
        2.2060846191        0.9104783206       -0.0239655254
        2.2060846191        0.9104687561       -0.0240072261
        1.8355733566        0.8600552768       -0.0269808726
        1.8355733566        0.8601468600       -0.0270336281
        2.2060846191        0.9106118438       -0.0239268117
        2.2060846191        0.9100737980       -0.0240275222
        2.2060846191        0.9102072178       -0.0239773055
