#epsqw diagonal term
#1:q+G [au], 2:Re(eps-1), 3:Im(eps-1)
        2.2060846191        1.0016021885       -0.0000047101
        2.2060846191        1.0016024459       -0.0000047106
        2.2060846191        1.0016028672       -0.0000047119
        1.8355733566        1.0026310636       -0.0000082147
        1.8355733566        1.0026309253       -0.0000082151
        2.2060846191        1.0016031099       -0.0000047127
        2.2060846191        1.0016032812       -0.0000047123
        1.8355733566        1.0026315404       -0.0000082159
        1.8355733566        1.0026312945       -0.0000082154
        2.2060846191        1.0016028805       -0.0000047127
        2.2060846191        1.0016029715       -0.0000047118
        2.2060846191        1.0016027472       -0.0000047118
        2.0293026997        1.0020330642       -0.0000061864
        1.6188235383        1.0034719879       -0.0000115587
        1.6188235383        1.0034724541       -0.0000115599
        2.0293026997        1.0020320097       -0.0000061857
        1.6188235383        1.0034738109       -0.0000115640
        1.0597687716        1.0065747131       -0.0000267246
        1.0597687716        1.0065719926       -0.0000267229
        1.6188235383        1.0034735864       -0.0000115649
        1.6188235383        1.0034748006       -0.0000115657
        1.0597687716        1.0065745113       -0.0000267264
        1.0597687716        1.0065744560       -0.0000267239
        1.6188235383        1.0034741646       -0.0000115647
        2.0293026997        1.0020321303       -0.0000061858
        1.6188235383        1.0034724572       -0.0000115609
        1.6188235383        1.0034730250       -0.0000115609
        2.0293026997        1.0020328153       -0.0000061863
        2.2060846191        1.0016051916       -0.0000046805
        2.2060846191        1.0016046209       -0.0000046797
        1.8355733566        1.0026422958       -0.0000081136
        1.3681556010        1.0047092455       -0.0000163520
        1.3681556010        1.0047085074       -0.0000163521
        1.8355733566        1.0026401071       -0.0000081127
        2.2060846191        1.0016062009       -0.0000046829
        1.3681556010        1.0047112573       -0.0000163576
        0.6118577855        1.0091380985       -0.0000473194
        0.6118577855        1.0091301587       -0.0000473221
        1.3681556010        1.0047109308       -0.0000163580
        2.2060846191        1.0016056362       -0.0000046821
        2.2060846191        1.0016057235       -0.0000046822
        1.3681556010        1.0047109592       -0.0000163580
        0.6118577855        1.0091305669       -0.0000473220
        0.6118577855        1.0091419051       -0.0000473186
        1.3681556010        1.0047112809       -0.0000163572
        2.2060846191        1.0016061309       -0.0000046828
        1.8355733566        1.0026400922       -0.0000081127
        1.3681556010        1.0047084106       -0.0000163521
        1.3681556010        1.0047091862       -0.0000163517
        1.8355733566        1.0026422619       -0.0000081136
        2.2060846191        1.0016044865       -0.0000046796
        2.2060846191        1.0016051186       -0.0000046805
        2.0293026997        1.0020329240       -0.0000061863
        1.6188235383        1.0034728310       -0.0000115608
        1.6188235383        1.0034728147       -0.0000115610
        2.0293026997        1.0020319708       -0.0000061857
        1.6188235383        1.0034739968       -0.0000115647
        1.0597687716        1.0065741314       -0.0000267240
        1.0597687716        1.0065743825       -0.0000267257
        1.6188235383        1.0034741735       -0.0000115649
        1.6188235383        1.0034738335       -0.0000115648
        1.0597687716        1.0065720105       -0.0000267222
        1.0597687716        1.0065753477       -0.0000267234
        1.6188235383        1.0034735120       -0.0000115634
        2.0293026997        1.0020318692       -0.0000061855
        1.6188235383        1.0034720516       -0.0000115594
        1.6188235383        1.0034717224       -0.0000115581
        2.0293026997        1.0020327430       -0.0000061862
        2.2060846191        1.0016026744       -0.0000047118
        2.2060846191        1.0016028227       -0.0000047118
        2.2060846191        1.0016028119       -0.0000047128
        1.8355733566        1.0026310771       -0.0000082155
        1.8355733566        1.0026314269       -0.0000082157
        2.2060846191        1.0016033365       -0.0000047123
        2.2060846191        1.0016028852       -0.0000047127
        1.8355733566        1.0026308090       -0.0000082148
        1.8355733566        1.0026308263       -0.0000082145
        2.2060846191        1.0016028225       -0.0000047118
        2.2060846191        1.0016025272       -0.0000047106
        2.2060846191        1.0016021674       -0.0000047101
