#epsqw diagonal term
#1:q+G [au], 2:Re(eps-1), 3:Im(eps-1)
        2.2060846191        0.9196803186       -0.0560803644
        2.2060846191        0.9200102313       -0.0561354112
        2.2060846191        0.9198604045       -0.0564617319
        1.8355733566        0.8318098696       -0.0653303492
        1.8355733566        0.8321880487       -0.0651542223
        2.2060846191        0.9202418625       -0.0563515327
        2.2060846191        0.9200609874       -0.0563837012
        1.8355733566        0.8319268355       -0.0650517470
        1.8355733566        0.8320039726       -0.0646610816
        2.2060846191        0.9196960854       -0.0565306134
        2.2060846191        0.9199858221       -0.0559107313
        2.2060846191        0.9195417924       -0.0562030598
        2.0293026997        0.8945374863       -0.0590460162
        1.6188235383        0.7791978738       -0.1155313179
        1.6188235383        0.7793034851       -0.1147939647
        2.0293026997        0.8947333232       -0.0592240648
        1.6188235383        0.7790878495       -0.1153757008
        1.0597687716        0.5524695702       -0.2132158990
        1.0597687716        0.5519032582       -0.2104696530
        1.6188235383        0.7798147112       -0.1149634789
        1.6188235383        0.7794421237       -0.1148435920
        1.0597687716        0.5522737189       -0.2101486367
        1.0597687716        0.5515286936       -0.2121666399
        1.6188235383        0.7799799955       -0.1149389954
        2.0293026997        0.8948762114       -0.0594053954
        1.6188235383        0.7798754555       -0.1151375671
        1.6188235383        0.7795021267       -0.1147861127
        2.0293026997        0.8946510799       -0.0588163384
        2.2060846191        0.9112327671       -0.0547923091
        2.2060846191        0.9112106781       -0.0544379294
        1.8355733566        0.8468516275       -0.0877314243
        1.3681556010        0.6657125115       -0.1573438235
        1.3681556010        0.6672950139       -0.1587798968
        1.8355733566        0.8463257302       -0.0882606756
        2.2060846191        0.9114966017       -0.0550722394
        1.3681556010        0.6652899754       -0.1569328228
        0.6118577855        0.3739764207       -0.2970833066
        0.6118577855        0.3726484016       -0.2948600213
        1.3681556010        0.6669383322       -0.1584231088
        2.2060846191        0.9114724232       -0.0546963529
        2.2060846191        0.9114710134       -0.0546963986
        1.3681556010        0.6669357578       -0.1584216852
        0.6118577855        0.3726487849       -0.2948608111
        0.6118577855        0.3739752141       -0.2970855279
        1.3681556010        0.6652930287       -0.1569348743
        2.2060846191        0.9114978703       -0.0550725144
        1.8355733566        0.8463256974       -0.0882608009
        1.3681556010        0.6672972449       -0.1587810347
        1.3681556010        0.6657148476       -0.1573459098
        1.8355733566        0.8468552170       -0.0877324111
        2.2060846191        0.9112118907       -0.0544377124
        2.2060846191        0.9112340346       -0.0547924033
        2.0293026997        0.8946505386       -0.0588160433
        1.6188235383        0.7795014833       -0.1147855171
        1.6188235383        0.7798743792       -0.1151371331
        2.0293026997        0.8948767103       -0.0594056732
        1.6188235383        0.7799789532       -0.1149385229
        1.0597687716        0.5515311105       -0.2121674581
        1.0597687716        0.5522751963       -0.2101494586
        1.6188235383        0.7794446194       -0.1148457579
        1.6188235383        0.7798135583       -0.1149623056
        1.0597687716        0.5519033057       -0.2104714821
        1.0597687716        0.5524719500       -0.2132186787
        1.6188235383        0.7790922777       -0.1153765068
        2.0293026997        0.8947340895       -0.0592238615
        1.6188235383        0.7793059141       -0.1147954359
        1.6188235383        0.7792015340       -0.1155322105
        2.0293026997        0.8945389851       -0.0590461415
        2.2060846191        0.9195422375       -0.0562030229
        2.2060846191        0.9199864550       -0.0559105592
        2.2060846191        0.9196963567       -0.0565302518
        1.8355733566        0.8320041487       -0.0646612438
        1.8355733566        0.8319285381       -0.0650521045
        2.2060846191        0.9200630311       -0.0563840209
        2.2060846191        0.9202423528       -0.0563515097
        1.8355733566        0.8321903517       -0.0651548869
        1.8355733566        0.8318114719       -0.0653307497
        2.2060846191        0.9198620476       -0.0564621493
        2.2060846191        0.9200122144       -0.0561359719
        2.2060846191        0.9196818046       -0.0560805368
