#epsqw diagonal term
#1:q+G [au], 2:Re(eps-1), 3:Im(eps-1)
        2.2060846191        0.9065046008       -0.0421532214
        2.2060846191        0.9066865533       -0.0423397171
        2.2060846191        0.9066061290       -0.0421084060
        1.8355733566        0.8240550634       -0.0787931737
        1.8355733566        0.8239583749       -0.0796225747
        2.2060846191        0.9067846842       -0.0420008694
        2.2060846191        0.9067459581       -0.0423168532
        1.8355733566        0.8239421459       -0.0796666950
        1.8355733566        0.8240409480       -0.0795828530
        2.2060846191        0.9065569689       -0.0417115951
        2.2060846191        0.9067253243       -0.0419929227
        2.2060846191        0.9064363172       -0.0416793902
        2.0293026997        0.8769459258       -0.0555841090
        1.6188235383        0.7730138142       -0.1074942097
        1.6188235383        0.7740069447       -0.1081236308
        2.0293026997        0.8768183381       -0.0552451304
        1.6188235383        0.7733144613       -0.1076843138
        1.0597687716        0.5476957596       -0.2361221843
        1.0597687716        0.5480058176       -0.2358445822
        1.6188235383        0.7736826648       -0.1072117695
        1.6188235383        0.7743715308       -0.1078682277
        1.0597687716        0.5481226916       -0.2360986810
        1.0597687716        0.5480517497       -0.2350091409
        1.6188235383        0.7731812345       -0.1070677782
        2.0293026997        0.8765849165       -0.0553246357
        1.6188235383        0.7733603710       -0.1074415950
        1.6188235383        0.7725193987       -0.1078649433
        2.0293026997        0.8767639939       -0.0555437764
        2.2060846191        0.9021356179       -0.0495769574
        2.2060846191        0.9021402145       -0.0500610007
        1.8355733566        0.8433796652       -0.0780555841
        1.3681556010        0.6822019128       -0.1702601584
        1.3681556010        0.6838297584       -0.1714314044
        1.8355733566        0.8432900204       -0.0788574614
        2.2060846191        0.9026250471       -0.0493749779
        1.3681556010        0.6834639419       -0.1692343432
        0.6118577855        0.4584973495       -0.3855218297
        0.6118577855        0.4574610903       -0.3945091997
        1.3681556010        0.6852641244       -0.1704841282
        2.2060846191        0.9027354477       -0.0499143358
        2.2060846191        0.9027345504       -0.0499143547
        1.3681556010        0.6852615946       -0.1704814412
        0.6118577855        0.4574611210       -0.3945104938
        0.6118577855        0.4584945565       -0.3855248701
        1.3681556010        0.6834675521       -0.1692362404
        2.2060846191        0.9026264199       -0.0493748053
        1.8355733566        0.8432901160       -0.0788572278
        1.3681556010        0.6838325123       -0.1714341887
        1.3681556010        0.6822065909       -0.1702636879
        1.8355733566        0.8433839357       -0.0780565565
        2.2060846191        0.9021410177       -0.0500610089
        2.2060846191        0.9021369229       -0.0495767486
        2.0293026997        0.8767632766       -0.0555439649
        1.6188235383        0.7725189000       -0.1078642344
        1.6188235383        0.7733584279       -0.1074414100
        2.0293026997        0.8765852410       -0.0553250547
        1.6188235383        0.7731805586       -0.1070674386
        1.0597687716        0.5480540678       -0.2350107135
        1.0597687716        0.5481247906       -0.2361000664
        1.6188235383        0.7743742290       -0.1078702928
        1.6188235383        0.7736803848       -0.1072105624
        1.0597687716        0.5480066730       -0.2358444159
        1.0597687716        0.5476975765       -0.2361252720
        1.6188235383        0.7733198519       -0.1076846348
        2.0293026997        0.8768186838       -0.0552453997
        1.6188235383        0.7740088071       -0.1081243635
        1.6188235383        0.7730189190       -0.1074948232
        2.0293026997        0.8769470026       -0.0555841864
        2.2060846191        0.9064369492       -0.0416791126
        2.2060846191        0.9067261652       -0.0419931725
        2.2060846191        0.9065574872       -0.0417112542
        1.8355733566        0.8240406848       -0.0795837310
        1.8355733566        0.8239447785       -0.0796682969
        2.2060846191        0.9067479296       -0.0423167789
        2.2060846191        0.9067855015       -0.0420011910
        1.8355733566        0.8239607288       -0.0796233256
        1.8355733566        0.8240573120       -0.0787937587
        2.2060846191        0.9066076333       -0.0421084575
        2.2060846191        0.9066883841       -0.0423398604
        2.2060846191        0.9065060353       -0.0421533909
