#epsqw diagonal term
#1:q+G [au], 2:Re(eps-1), 3:Im(eps-1)
        2.2060846191        0.9304135385       -0.0263672716
        2.2060846191        0.9298196984       -0.0263274822
        2.2060846191        0.9302757842       -0.0264240215
        1.8355733566        0.8742014119       -0.0287565575
        1.8355733566        0.8739773440       -0.0286379708
        2.2060846191        0.9297207696       -0.0264487418
        2.2060846191        0.9297023152       -0.0264243155
        1.8355733566        0.8739537486       -0.0285616945
        1.8355733566        0.8741097454       -0.0287060400
        2.2060846191        0.9301229574       -0.0261987904
        2.2060846191        0.9297086291       -0.0263982633
        2.2060846191        0.9301052946       -0.0261522553
        2.0293026997        0.9119967100       -0.0243703325
        1.6188235383        0.8220101904       -0.0324316328
        1.6188235383        0.8219336558       -0.0326033944
        2.0293026997        0.9119694890       -0.0240530293
        1.6188235383        0.8223126644       -0.0327278909
        1.0597687716        0.5550073166       -0.1055704265
        1.0597687716        0.5553532027       -0.1052723500
        1.6188235383        0.8221171508       -0.0327619764
        1.6188235383        0.8221767899       -0.0327535219
        1.0597687716        0.5554656249       -0.1052867164
        1.0597687716        0.5552390371       -0.1057874919
        1.6188235383        0.8221733671       -0.0323664275
        2.0293026997        0.9119386554       -0.0240417191
        1.6188235383        0.8219749735       -0.0324868702
        1.6188235383        0.8221257971       -0.0323539344
        2.0293026997        0.9119959596       -0.0242139812
        2.2060846191        0.9335975350       -0.0250185346
        2.2060846191        0.9334571810       -0.0248625424
        1.8355733566        0.8711120524       -0.0241636631
        1.3681556010        0.7253648718       -0.0481817494
        1.3681556010        0.7254499793       -0.0481820213
        1.8355733566        0.8715774378       -0.0244352234
        2.2060846191        0.9335112706       -0.0250597908
        1.3681556010        0.7251910138       -0.0483131226
        0.6118577855        0.1902419777       -0.2160952561
        0.6118577855        0.1895558426       -0.2163515446
        1.3681556010        0.7253567662       -0.0484005674
        2.2060846191        0.9334484549       -0.0248325287
        2.2060846191        0.9334475847       -0.0248325036
        1.3681556010        0.7253548261       -0.0484001474
        0.6118577855        0.1895556501       -0.2163513135
        0.6118577855        0.1902413037       -0.2160956262
        1.3681556010        0.7251942134       -0.0483133435
        2.2060846191        0.9335124920       -0.0250597173
        1.8355733566        0.8715775180       -0.0244352211
        1.3681556010        0.7254518781       -0.0481823356
        1.3681556010        0.7253680418       -0.0481819208
        1.8355733566        0.8711154881       -0.0241637855
        2.2060846191        0.9334580800       -0.0248624994
        2.2060846191        0.9335987265       -0.0250184533
        2.0293026997        0.9119954421       -0.0242141419
        1.6188235383        0.8221248151       -0.0323539132
        1.6188235383        0.8219739214       -0.0324868781
        2.0293026997        0.9119389702       -0.0240418790
        1.6188235383        0.8221726726       -0.0323663467
        1.0597687716        0.5552392469       -0.1057877244
        1.0597687716        0.5554671170       -0.1052872939
        1.6188235383        0.8221792101       -0.0327537667
        1.6188235383        0.8221161501       -0.0327619564
        1.0597687716        0.5553543772       -0.1052729971
        1.0597687716        0.5550095549       -0.1055719740
        1.6188235383        0.8223162560       -0.0327281707
        2.0293026997        0.9119698430       -0.0240530766
        1.6188235383        0.8219358342       -0.0326035085
        1.6188235383        0.8220136131       -0.0324317618
        2.0293026997        0.9119977674       -0.0243701828
        2.2060846191        0.9301054459       -0.0261521692
        2.2060846191        0.9297090453       -0.0263982104
        2.2060846191        0.9301231189       -0.0261987258
        1.8355733566        0.8741099223       -0.0287061969
        1.8355733566        0.8739555076       -0.0285619354
        2.2060846191        0.9297036972       -0.0264242859
        2.2060846191        0.9297211170       -0.0264486191
        1.8355733566        0.8739791217       -0.0286380921
        1.8355733566        0.8742028165       -0.0287566601
        2.2060846191        0.9302769895       -0.0264239755
        2.2060846191        0.9298208937       -0.0263274026
        2.2060846191        0.9304146824       -0.0263672541
