#epsqw diagonal term
#1:q+G [au], 2:Re(eps-1), 3:Im(eps-1)
        2.2060846191        1.0063708023       -0.0000215413
        2.2060846191        1.0063708411       -0.0000215413
        2.2060846191        1.0063714579       -0.0000215448
        1.8355733566        1.0102977966       -0.0000363890
        1.8355733566        1.0102983533       -0.0000363886
        2.2060846191        1.0063726959       -0.0000215495
        2.2060846191        1.0063714078       -0.0000215447
        1.8355733566        1.0102981334       -0.0000363883
        1.8355733566        1.0102996973       -0.0000363927
        2.2060846191        1.0063734456       -0.0000215507
        2.2060846191        1.0063719415       -0.0000215461
        2.2060846191        1.0063727258       -0.0000215473
        2.0293026997        1.0080183487       -0.0000278143
        1.6188235383        1.0134795698       -0.0000501113
        1.6188235383        1.0134788150       -0.0000501126
        2.0293026997        1.0080175259       -0.0000278121
        1.6188235383        1.0134844709       -0.0000501286
        1.0597687716        1.0249732353       -0.0001099446
        1.0597687716        1.0249739187       -0.0001099409
        1.6188235383        1.0134852369       -0.0000501305
        1.6188235383        1.0134836657       -0.0000501299
        1.0597687716        1.0249732579       -0.0001099414
        1.0597687716        1.0249777060       -0.0001099515
        1.6188235383        1.0134873358       -0.0000501356
        2.0293026997        1.0080173634       -0.0000278117
        1.6188235383        1.0134799276       -0.0000501131
        1.6188235383        1.0134820862       -0.0000501182
        2.0293026997        1.0080202961       -0.0000278192
        2.2060846191        1.0063697697       -0.0000213805
        2.2060846191        1.0063688738       -0.0000213770
        1.8355733566        1.0103514765       -0.0000360949
        1.3681556010        1.0181193370       -0.0000694652
        1.3681556010        1.0181175668       -0.0000694640
        1.8355733566        1.0103482997       -0.0000360845
        2.2060846191        1.0063740808       -0.0000213920
        1.3681556010        1.0181278056       -0.0000694887
        0.6118577855        1.0344539958       -0.0001892755
        0.6118577855        1.0344503455       -0.0001892827
        1.3681556010        1.0181258288       -0.0000694870
        2.2060846191        1.0063731045       -0.0000213883
        2.2060846191        1.0063732215       -0.0000213887
        1.3681556010        1.0181262639       -0.0000694883
        0.6118577855        1.0344503621       -0.0001892826
        0.6118577855        1.0344546834       -0.0001892749
        1.3681556010        1.0181273691       -0.0000694873
        2.2060846191        1.0063739530       -0.0000213916
        1.8355733566        1.0103482917       -0.0000360845
        1.3681556010        1.0181171100       -0.0000694627
        1.3681556010        1.0181188967       -0.0000694637
        1.8355733566        1.0103510977       -0.0000360937
        2.2060846191        1.0063687318       -0.0000213766
        2.2060846191        1.0063696337       -0.0000213801
        2.0293026997        1.0080204091       -0.0000278194
        1.6188235383        1.0134822807       -0.0000501187
        1.6188235383        1.0134800645       -0.0000501134
        2.0293026997        1.0080173184       -0.0000278116
        1.6188235383        1.0134874813       -0.0000501359
        1.0597687716        1.0249774014       -0.0001099509
        1.0597687716        1.0249729041       -0.0001099401
        1.6188235383        1.0134834186       -0.0000501290
        1.6188235383        1.0134853428       -0.0000501308
        1.0597687716        1.0249736187       -0.0001099397
        1.0597687716        1.0249730818       -0.0001099429
        1.6188235383        1.0134841397       -0.0000501275
        2.0293026997        1.0080174741       -0.0000278119
        1.6188235383        1.0134786061       -0.0000501118
        1.6188235383        1.0134792738       -0.0000501103
        2.0293026997        1.0080182173       -0.0000278140
        2.2060846191        1.0063727104       -0.0000215473
        2.2060846191        1.0063719025       -0.0000215459
        2.2060846191        1.0063734207       -0.0000215506
        1.8355733566        1.0102994550       -0.0000363922
        1.8355733566        1.0102979193       -0.0000363876
        2.2060846191        1.0063712856       -0.0000215443
        2.2060846191        1.0063726486       -0.0000215493
        1.8355733566        1.0102981677       -0.0000363879
        1.8355733566        1.0102976025       -0.0000363883
        2.2060846191        1.0063713300       -0.0000215445
        2.2060846191        1.0063707339       -0.0000215410
        2.2060846191        1.0063706950       -0.0000215410
