#epsqw diagonal term
#1:q+G [au], 2:Re(eps-1), 3:Im(eps-1)
        2.2060846191        0.9220664715       -0.0292381881
        2.2060846191        0.9222427633       -0.0291713322
        2.2060846191        0.9221362189       -0.0289566955
        1.8355733566        0.8768888633       -0.0341218448
        1.8355733566        0.8767141575       -0.0341275714
        2.2060846191        0.9220407714       -0.0289509897
        2.2060846191        0.9223318339       -0.0289368242
        1.8355733566        0.8767525722       -0.0341349431
        1.8355733566        0.8765612531       -0.0343367779
        2.2060846191        0.9220612364       -0.0290463744
        2.2060846191        0.9219878049       -0.0291768257
        2.2060846191        0.9220092587       -0.0292762716
        2.0293026997        0.8950141956       -0.0349544812
        1.6188235383        0.8260781305       -0.0381338295
        1.6188235383        0.8255520094       -0.0384130430
        2.0293026997        0.8951057211       -0.0350437300
        1.6188235383        0.8261263146       -0.0382336760
        1.0597687716        0.5938569684       -0.0565216622
        1.0597687716        0.5927962246       -0.0572469423
        1.6188235383        0.8259159889       -0.0383505713
        1.6188235383        0.8256524951       -0.0384583720
        1.0597687716        0.5927580101       -0.0572041072
        1.0597687716        0.5938853372       -0.0566223173
        1.6188235383        0.8263017443       -0.0383576955
        2.0293026997        0.8951464482       -0.0350667543
        1.6188235383        0.8258419258       -0.0383427749
        1.6188235383        0.8261830923       -0.0383876292
        2.0293026997        0.8950430883       -0.0349867198
        2.2060846191        0.9243998118       -0.0129827112
        2.2060846191        0.9242596836       -0.0127924279
        1.8355733566        0.8643597045       -0.0243760667
        1.3681556010        0.7557761480       -0.0349640924
        1.3681556010        0.7546767565       -0.0355417151
        1.8355733566        0.8646331131       -0.0244800350
        2.2060846191        0.9243795662       -0.0129347349
        1.3681556010        0.7558319748       -0.0349284995
        0.6118577855        0.3875180839       -0.0901155396
        0.6118577855        0.3891699259       -0.0900428138
        1.3681556010        0.7547269601       -0.0354983961
        2.2060846191        0.9242350606       -0.0127620799
        2.2060846191        0.9242341809       -0.0127620063
        1.3681556010        0.7547248643       -0.0354980060
        0.6118577855        0.3891699996       -0.0900430007
        0.6118577855        0.3875185486       -0.0901157089
        1.3681556010        0.7558349609       -0.0349288665
        2.2060846191        0.9243806131       -0.0129347690
        1.8355733566        0.8646330296       -0.0244800058
        1.3681556010        0.7546788169       -0.0355420373
        1.3681556010        0.7557790863       -0.0349643610
        1.8355733566        0.8643629487       -0.0243761978
        2.2060846191        0.9242606228       -0.0127924875
        2.2060846191        0.9244008872       -0.0129827630
        2.0293026997        0.8950423708       -0.0349868756
        1.6188235383        0.8261820826       -0.0383876281
        1.6188235383        0.8258406804       -0.0383424534
        2.0293026997        0.8951465235       -0.0350669894
        1.6188235383        0.8263007800       -0.0383576223
        1.0597687716        0.5938855307       -0.0566223422
        1.0597687716        0.5927597503       -0.0572045333
        1.6188235383        0.8256547602       -0.0384586751
        1.6188235383        0.8259151023       -0.0383503515
        1.0597687716        0.5927979820       -0.0572472224
        1.0597687716        0.5938596777       -0.0565221799
        1.6188235383        0.8261299922       -0.0382340034
        2.0293026997        0.8951056806       -0.0350439240
        1.6188235383        0.8255541989       -0.0384133510
        1.6188235383        0.8260815030       -0.0381338362
        2.0293026997        0.8950150318       -0.0349545646
        2.2060846191        0.9220095177       -0.0292764375
        2.2060846191        0.9219881825       -0.0291766949
        2.2060846191        0.9220612929       -0.0290463779
        1.8355733566        0.8765615343       -0.0343371331
        1.8355733566        0.8767542742       -0.0341351994
        2.2060846191        0.9223328769       -0.0289369714
        2.2060846191        0.9220413899       -0.0289509078
        1.8355733566        0.8767160466       -0.0341277066
        1.8355733566        0.8768902155       -0.0341220566
        2.2060846191        0.9221374670       -0.0289568070
        2.2060846191        0.9222439848       -0.0291714310
        2.2060846191        0.9220675205       -0.0292380730
