#epsqw diagonal term
#1:q+G [au], 2:Re(eps-1), 3:Im(eps-1)
        2.2060846191        0.9092361991       -0.0197059501
        2.2060846191        0.9092188425       -0.0195989771
        2.2060846191        0.9092932956       -0.0200182599
        1.8355733566        0.8605405981       -0.0236410982
        1.8355733566        0.8605611971       -0.0234171078
        2.2060846191        0.9092175856       -0.0199609778
        2.2060846191        0.9091846479       -0.0198625777
        1.8355733566        0.8605096372       -0.0233280529
        1.8355733566        0.8605846679       -0.0234504024
        2.2060846191        0.9092962940       -0.0199959760
        2.2060846191        0.9092308584       -0.0196190623
        2.2060846191        0.9093961164       -0.0196798615
        2.0293026997        0.8893535526       -0.0179707880
        1.6188235383        0.8093144459       -0.0276500289
        1.6188235383        0.8093981022       -0.0277077995
        2.0293026997        0.8891211677       -0.0179083791
        1.6188235383        0.8093209717       -0.0277256970
        1.0597687716        0.5980176196       -0.0300039079
        1.0597687716        0.5987334222       -0.0299590801
        1.6188235383        0.8093626629       -0.0276206001
        1.6188235383        0.8091998101       -0.0277271178
        1.0597687716        0.5986890296       -0.0300435788
        1.0597687716        0.5984124783       -0.0300441112
        1.6188235383        0.8091448949       -0.0276363797
        2.0293026997        0.8891292825       -0.0178940034
        1.6188235383        0.8095861101       -0.0275591464
        1.6188235383        0.8095534469       -0.0275866023
        2.0293026997        0.8893326469       -0.0180284012
        2.2060846191        0.9187844558       -0.0136332872
        2.2060846191        0.9186861644       -0.0136646221
        1.8355733566        0.8655889971       -0.0194110559
        1.3681556010        0.7370096359       -0.0339929218
        1.3681556010        0.7374023294       -0.0342252440
        1.8355733566        0.8654353011       -0.0193500938
        2.2060846191        0.9186833078       -0.0135791996
        1.3681556010        0.7369700578       -0.0339441903
        0.6118577855        0.3563601498       -0.0792286318
        0.6118577855        0.3563826583       -0.0801844799
        1.3681556010        0.7373672308       -0.0341555539
        2.2060846191        0.9185995165       -0.0135898994
        2.2060846191        0.9185987089       -0.0135901876
        1.3681556010        0.7373646370       -0.0341558289
        0.6118577855        0.3563827030       -0.0801844461
        0.6118577855        0.3563585900       -0.0792299981
        1.3681556010        0.7369733859       -0.0339452134
        2.2060846191        0.9186843026       -0.0135794663
        1.8355733566        0.8654352639       -0.0193500996
        1.3681556010        0.7374048797       -0.0342249122
        1.3681556010        0.7370129731       -0.0339939267
        1.8355733566        0.8655922511       -0.0194109510
        2.2060846191        0.9186869982       -0.0136643384
        2.2060846191        0.9187854747       -0.0136335649
        2.0293026997        0.8893318310       -0.0180282158
        1.6188235383        0.8095525429       -0.0275860879
        1.6188235383        0.8095852073       -0.0275592878
        2.0293026997        0.8891293521       -0.0178939334
        1.6188235383        0.8091442107       -0.0276359297
        1.0597687716        0.5984128126       -0.0300445281
        1.0597687716        0.5986909670       -0.0300439517
        1.6188235383        0.8092018097       -0.0277270908
        1.6188235383        0.8093618220       -0.0276207309
        1.0597687716        0.5987352336       -0.0299594102
        1.0597687716        0.5980203474       -0.0300042894
        1.6188235383        0.8093241310       -0.0277261444
        2.0293026997        0.8891211446       -0.0179083002
        1.6188235383        0.8093997820       -0.0277077662
        1.6188235383        0.8093173868       -0.0276503876
        2.0293026997        0.8893544976       -0.0179708242
        2.2060846191        0.9093963888       -0.0196796314
        2.2060846191        0.9092311401       -0.0196192249
        2.2060846191        0.9092965215       -0.0199957584
        1.8355733566        0.8605850017       -0.0234499113
        1.8355733566        0.8605112149       -0.0233285079
        2.2060846191        0.9091859470       -0.0198624385
        2.2060846191        0.9092177737       -0.0199611692
        1.8355733566        0.8605626883       -0.0234175431
        1.8355733566        0.8605419269       -0.0236424034
        2.2060846191        0.9092943673       -0.0200185262
        2.2060846191        0.9092200482       -0.0195988195
        2.2060846191        0.9092372490       -0.0197062091
