#epsqw diagonal term
#1:q+G [au], 2:Re(eps-1), 3:Im(eps-1)
        2.2060846191        1.0498894559       -0.0375784852
        2.2060846191        1.0499235233       -0.0375448853
        2.2060846191        1.0496911137       -0.0369553370
        1.8355733566        1.0829969420       -0.0796484119
        1.8355733566        1.0828111879       -0.0796015318
        2.2060846191        1.0497821834       -0.0369293479
        2.2060846191        1.0495713586       -0.0369324594
        1.8355733566        1.0824475380       -0.0795837463
        1.8355733566        1.0824225252       -0.0796931629
        2.2060846191        1.0495947463       -0.0370530488
        2.2060846191        1.0495852142       -0.0375685368
        2.2060846191        1.0495643790       -0.0376792635
        2.0293026997        1.0553680567       -0.0269982783
        1.6188235383        1.0943332662       -0.0436455896
        1.6188235383        1.0949986179       -0.0436256386
        2.0293026997        1.0559051303       -0.0270111790
        1.6188235383        1.0937963926       -0.0438029460
        1.0597687716        1.1464147825       -0.0360101352
        1.0597687716        1.1464285952       -0.0359322917
        1.6188235383        1.0941471879       -0.0437004087
        1.6188235383        1.0941578641       -0.0438369120
        1.0597687716        1.1458527457       -0.0359429819
        1.0597687716        1.1458151783       -0.0360568200
        1.6188235383        1.0937043056       -0.0440022663
        2.0293026997        1.0555455757       -0.0270727341
        1.6188235383        1.0939342364       -0.0436070373
        1.6188235383        1.0937690025       -0.0438791462
        2.0293026997        1.0552927923       -0.0273448539
        2.2060846191        1.0747120885       -0.0810511746
        2.2060846191        1.0750228084       -0.0810051746
        1.8355733566        1.0771067294       -0.0416623916
        1.3681556010        1.1273839710       -0.0661070560
        1.3681556010        1.1282287981       -0.0660941209
        1.8355733566        1.0778802488       -0.0416802841
        2.2060846191        1.0740717781       -0.0832113217
        1.3681556010        1.1270090242       -0.0674224093
        0.6118577855        1.1896278548       -0.0184836810
        0.6118577855        1.1901514207       -0.0184558231
        1.3681556010        1.1278262333       -0.0674500860
        2.2060846191        1.0743599520       -0.0831767064
        2.2060846191        1.0743716776       -0.0831621681
        1.3681556010        1.1278372194       -0.0674325733
        0.6118577855        1.1901515729       -0.0184546592
        0.6118577855        1.1896241683       -0.0184904062
        1.3681556010        1.1270009356       -0.0674352129
        2.2060846191        1.0740627800       -0.0832229685
        1.8355733566        1.0778813314       -0.0416773480
        1.3681556010        1.1282183030       -0.0661078086
        1.3681556010        1.1273743226       -0.0661221638
        1.8355733566        1.0770991207       -0.0416757144
        2.2060846191        1.0750114396       -0.0810179287
        2.2060846191        1.0747018672       -0.0810638669
        2.0293026997        1.0552988999       -0.0273470213
        1.6188235383        1.0937753865       -0.0438702515
        1.6188235383        1.0939391097       -0.0436048721
        2.0293026997        1.0555431434       -0.0270742807
        1.6188235383        1.0937102922       -0.0439911837
        1.0597687716        1.1458100885       -0.0360670407
        1.0597687716        1.1458480911       -0.0359464729
        1.6188235383        1.0941488730       -0.0438472470
        1.6188235383        1.0941518684       -0.0436956555
        1.0597687716        1.1464232473       -0.0359378721
        1.0597687716        1.1464056232       -0.0360203457
        1.6188235383        1.0937902730       -0.0438104824
        2.0293026997        1.0559034134       -0.0270108219
        1.6188235383        1.0949886234       -0.0436389118
        1.6188235383        1.0943247424       -0.0436581385
        2.0293026997        1.0553643375       -0.0270123200
        2.2060846191        1.0495585824       -0.0376744213
        2.2060846191        1.0495815992       -0.0375761852
        2.2060846191        1.0495884163       -0.0370493940
        1.8355733566        1.0824071432       -0.0797076508
        1.8355733566        1.0824370939       -0.0795936280
        2.2060846191        1.0495652853       -0.0369367501
        2.2060846191        1.0497772766       -0.0369371919
        1.8355733566        1.0827989208       -0.0796142244
        1.8355733566        1.0829835058       -0.0796632736
        2.2060846191        1.0496834914       -0.0369610452
        2.2060846191        1.0499153299       -0.0375518177
        2.2060846191        1.0498804884       -0.0375859655
