#epsqw diagonal term
#1:q+G [au], 2:Re(eps-1), 3:Im(eps-1)
        2.2060846191        0.9069908312       -0.0275936351
        2.2060846191        0.9068786477       -0.0276204448
        2.2060846191        0.9068109577       -0.0274753470
        1.8355733566        0.8418325944       -0.0353429937
        1.8355733566        0.8418102171       -0.0354496161
        2.2060846191        0.9065413235       -0.0276468629
        2.2060846191        0.9067414964       -0.0274906539
        1.8355733566        0.8417795026       -0.0353596153
        1.8355733566        0.8412634350       -0.0353240409
        2.2060846191        0.9067329556       -0.0274631694
        2.2060846191        0.9067275217       -0.0276814791
        2.2060846191        0.9068043805       -0.0275286360
        2.0293026997        0.8804351842       -0.0340988591
        1.6188235383        0.7760300003       -0.0621336602
        1.6188235383        0.7761720327       -0.0617302272
        2.0293026997        0.8798089444       -0.0341980976
        1.6188235383        0.7759310629       -0.0618900978
        1.0597687716        0.5706346271       -0.1549085758
        1.0597687716        0.5692722604       -0.1535317949
        1.6188235383        0.7759311662       -0.0614849383
        1.6188235383        0.7759639812       -0.0616776461
        1.0597687716        0.5695993565       -0.1534071982
        1.0597687716        0.5713414759       -0.1539738853
        1.6188235383        0.7758929541       -0.0621231381
        2.0293026997        0.8798464565       -0.0343229595
        1.6188235383        0.7761771249       -0.0616189001
        1.6188235383        0.7762098609       -0.0621768230
        2.0293026997        0.8802112823       -0.0345243357
        2.2060846191        0.9060691152       -0.0262922866
        2.2060846191        0.9059680686       -0.0263536680
        1.8355733566        0.8316716744       -0.0410063817
        1.3681556010        0.6836366413       -0.0876238872
        1.3681556010        0.6833424630       -0.0868238656
        1.8355733566        0.8321774119       -0.0415739878
        2.2060846191        0.9058664411       -0.0263660427
        1.3681556010        0.6841851600       -0.0880267860
        0.6118577855        0.4295351338       -0.3029797253
        0.6118577855        0.4284853356       -0.3059403697
        1.3681556010        0.6837626395       -0.0871867900
        2.2060846191        0.9057782169       -0.0263658642
        2.2060846191        0.9057771679       -0.0263660033
        1.3681556010        0.6837601691       -0.0871861498
        0.6118577855        0.4284853826       -0.3059400672
        0.6118577855        0.4295333928       -0.3029792461
        1.3681556010        0.6841872271       -0.0880278802
        2.2060846191        0.9058675658       -0.0263661539
        1.8355733566        0.8321774186       -0.0415737051
        1.3681556010        0.6833444200       -0.0868244487
        1.3681556010        0.6836387546       -0.0876248711
        1.8355733566        0.8316749848       -0.0410067064
        2.2060846191        0.9059691655       -0.0263534942
        2.2060846191        0.9060702382       -0.0262924897
        2.0293026997        0.8802103342       -0.0345244329
        1.6188235383        0.7762087347       -0.0621769539
        1.6188235383        0.7761755830       -0.0616188622
        2.0293026997        0.8798465463       -0.0343230770
        1.6188235383        0.7758918259       -0.0621232816
        1.0597687716        0.5713421656       -0.1539741668
        1.0597687716        0.5696000565       -0.1534074881
        1.6188235383        0.7759661679       -0.0616776671
        1.6188235383        0.7759300025       -0.0614848053
        1.0597687716        0.5692731907       -0.1535323380
        1.0597687716        0.5706374028       -0.1549100062
        1.6188235383        0.7759348460       -0.0618902644
        2.0293026997        0.8798090610       -0.0341978484
        1.6188235383        0.7761743327       -0.0617299353
        1.6188235383        0.7760336122       -0.0621336878
        2.0293026997        0.8804360182       -0.0340986874
        2.2060846191        0.9068046182       -0.0275286244
        2.2060846191        0.9067272337       -0.0276816075
        2.2060846191        0.9067330496       -0.0274630818
        1.8355733566        0.8412632342       -0.0353239999
        1.8355733566        0.8417815319       -0.0353599002
        2.2060846191        0.9067432588       -0.0274907938
        2.2060846191        0.9065413231       -0.0276468217
        1.8355733566        0.8418119649       -0.0354498440
        1.8355733566        0.8418343884       -0.0353434273
        2.2060846191        0.9068122831       -0.0274755499
        2.2060846191        0.9068807662       -0.0276204946
        2.2060846191        0.9069919544       -0.0275938846
