#epsqw diagonal term
#1:q+G [au], 2:Re(eps-1), 3:Im(eps-1)
        2.2060846191        1.0011569257       -0.0000033587
        2.2060846191        1.0011569259       -0.0000033595
        2.2060846191        1.0011572576       -0.0000033600
        1.8355733566        1.0019015124       -0.0000058702
        1.8355733566        1.0019016403       -0.0000058727
        2.2060846191        1.0011573812       -0.0000033606
        2.2060846191        1.0011571783       -0.0000033607
        1.8355733566        1.0019021962       -0.0000058730
        1.8355733566        1.0019020186       -0.0000058701
        2.2060846191        1.0011577310       -0.0000033606
        2.2060846191        1.0011577396       -0.0000033598
        2.2060846191        1.0011580170       -0.0000033600
        2.0293026997        1.0014690092       -0.0000044159
        1.6188235383        1.0025143714       -0.0000082754
        1.6188235383        1.0025120011       -0.0000082767
        2.0293026997        1.0014681090       -0.0000044157
        1.6188235383        1.0025152676       -0.0000082790
        1.0597687716        1.0047705546       -0.0000192194
        1.0597687716        1.0047629748       -0.0000192218
        1.6188235383        1.0025145072       -0.0000082798
        1.6188235383        1.0025131658       -0.0000082804
        1.0597687716        1.0047665670       -0.0000192238
        1.0597687716        1.0047644894       -0.0000192117
        1.6188235383        1.0025149479       -0.0000082798
        2.0293026997        1.0014679712       -0.0000044158
        1.6188235383        1.0025150129       -0.0000082775
        1.6188235383        1.0025150748       -0.0000082770
        2.0293026997        1.0014697573       -0.0000044163
        2.2060846191        1.0011595004       -0.0000033360
        2.2060846191        1.0011590343       -0.0000033353
        1.8355733566        1.0019092882       -0.0000057949
        1.3681556010        1.0034120695       -0.0000117257
        1.3681556010        1.0034094071       -0.0000117234
        1.8355733566        1.0019079826       -0.0000057954
        2.2060846191        1.0011600825       -0.0000033376
        1.3681556010        1.0034140138       -0.0000117293
        0.6118577855        1.0066233586       -0.0000341145
        0.6118577855        1.0066233615       -0.0000341139
        1.3681556010        1.0034112600       -0.0000117268
        2.2060846191        1.0011594726       -0.0000033368
        2.2060846191        1.0011596118       -0.0000033368
        1.3681556010        1.0034115567       -0.0000117265
        0.6118577855        1.0066237202       -0.0000341138
        0.6118577855        1.0066215060       -0.0000341056
        1.3681556010        1.0034141252       -0.0000117291
        2.2060846191        1.0011600390       -0.0000033373
        1.8355733566        1.0019080282       -0.0000057955
        1.3681556010        1.0034090263       -0.0000117237
        1.3681556010        1.0034123539       -0.0000117257
        1.8355733566        1.0019094854       -0.0000057951
        2.2060846191        1.0011589772       -0.0000033354
        2.2060846191        1.0011595185       -0.0000033358
        2.0293026997        1.0014694191       -0.0000044163
        1.6188235383        1.0025146782       -0.0000082765
        1.6188235383        1.0025144830       -0.0000082773
        2.0293026997        1.0014680930       -0.0000044158
        1.6188235383        1.0025147100       -0.0000082795
        1.0597687716        1.0047633143       -0.0000192119
        1.0597687716        1.0047654557       -0.0000192227
        1.6188235383        1.0025135947       -0.0000082805
        1.6188235383        1.0025139965       -0.0000082797
        1.0597687716        1.0047623830       -0.0000192207
        1.0597687716        1.0047668816       -0.0000192155
        1.6188235383        1.0025153218       -0.0000082787
        2.0293026997        1.0014681157       -0.0000044157
        1.6188235383        1.0025120209       -0.0000082765
        1.6188235383        1.0025140195       -0.0000082748
        2.0293026997        1.0014694640       -0.0000044160
        2.2060846191        1.0011579099       -0.0000033598
        2.2060846191        1.0011581043       -0.0000033602
        2.2060846191        1.0011576480       -0.0000033605
        1.8355733566        1.0019024067       -0.0000058708
        1.8355733566        1.0019022374       -0.0000058729
        2.2060846191        1.0011570088       -0.0000033607
        2.2060846191        1.0011577913       -0.0000033610
        1.8355733566        1.0019016464       -0.0000058724
        1.8355733566        1.0019018602       -0.0000058696
        2.2060846191        1.0011572267       -0.0000033599
        2.2060846191        1.0011567544       -0.0000033594
        2.2060846191        1.0011568683       -0.0000033586
