#epsqw diagonal term
#1:q+G [au], 2:Re(eps-1), 3:Im(eps-1)
        2.2060846191        0.9087348267       -0.0144933038
        2.2060846191        0.9087241277       -0.0144091615
        2.2060846191        0.9086245215       -0.0145786900
        1.8355733566        0.8605114421       -0.0187952052
        1.8355733566        0.8602864086       -0.0186569408
        2.2060846191        0.9085757105       -0.0146069427
        2.2060846191        0.9086853540       -0.0143728660
        1.8355733566        0.8603827311       -0.0184186799
        1.8355733566        0.8604967360       -0.0188689427
        2.2060846191        0.9086831257       -0.0146336591
        2.2060846191        0.9087573907       -0.0144121474
        2.2060846191        0.9088054876       -0.0145666406
        2.0293026997        0.8910836835       -0.0147385593
        1.6188235383        0.8090617107       -0.0203800478
        1.6188235383        0.8089983264       -0.0202246755
        2.0293026997        0.8908786900       -0.0145522560
        1.6188235383        0.8088837954       -0.0205040254
        1.0597687716        0.6069287749       -0.0283191054
        1.0597687716        0.6071400840       -0.0283420782
        1.6188235383        0.8089087423       -0.0203111313
        1.6188235383        0.8088648040       -0.0202830305
        1.0597687716        0.6070760481       -0.0282445954
        1.0597687716        0.6072372122       -0.0284081241
        1.6188235383        0.8089458980       -0.0203897472
        2.0293026997        0.8908693763       -0.0145973231
        1.6188235383        0.8089890684       -0.0204116711
        1.6188235383        0.8089757906       -0.0205714837
        2.0293026997        0.8911203655       -0.0147556446
        2.2060846191        0.9182560096       -0.0113982735
        2.2060846191        0.9181456708       -0.0114474710
        1.8355733566        0.8646671806       -0.0174502950
        1.3681556010        0.7382286327       -0.0281668605
        1.3681556010        0.7379425251       -0.0282675906
        1.8355733566        0.8645441528       -0.0173176701
        2.2060846191        0.9182534868       -0.0113502047
        1.3681556010        0.7382066341       -0.0280784148
        0.6118577855        0.3693809497       -0.0749273986
        0.6118577855        0.3694491774       -0.0730677841
        1.3681556010        0.7379296032       -0.0281899285
        2.2060846191        0.9181410370       -0.0114079916
        2.2060846191        0.9181401740       -0.0114079325
        1.3681556010        0.7379275507       -0.0281896134
        0.6118577855        0.3694494552       -0.0730679510
        0.6118577855        0.3693812887       -0.0749267598
        1.3681556010        0.7382092454       -0.0280787640
        2.2060846191        0.9182544253       -0.0113502151
        1.8355733566        0.8645441637       -0.0173176415
        1.3681556010        0.7379445245       -0.0282679111
        1.3681556010        0.7382312825       -0.0281670964
        1.8355733566        0.8646704365       -0.0174505478
        2.2060846191        0.9181465502       -0.0114475354
        2.2060846191        0.9182569645       -0.0113983092
        2.0293026997        0.8911197484       -0.0147557181
        1.6188235383        0.8089751268       -0.0205713318
        1.6188235383        0.8089879500       -0.0204115378
        2.0293026997        0.8908696945       -0.0145974625
        1.6188235383        0.8089450581       -0.0203893478
        1.0597687716        0.6072373977       -0.0284082202
        1.0597687716        0.6070777999       -0.0282450151
        1.6188235383        0.8088666750       -0.0202827593
        1.6188235383        0.8089077720       -0.0203109441
        1.0597687716        0.6071416081       -0.0283424947
        1.0597687716        0.6069315331       -0.0283196591
        1.6188235383        0.8088871233       -0.0205041395
        2.0293026997        0.8908789624       -0.0145523304
        1.6188235383        0.8090001352       -0.0202244070
        1.6188235383        0.8090645590       -0.0203798871
        2.0293026997        0.8910846995       -0.0147385555
        2.2060846191        0.9088058377       -0.0145667517
        2.2060846191        0.9087577470       -0.0144121841
        2.2060846191        0.9086833109       -0.0146335943
        1.8355733566        0.8604970939       -0.0188693115
        1.8355733566        0.8603845516       -0.0184187581
        2.2060846191        0.9086865796       -0.0143729100
        2.2060846191        0.9085761734       -0.0146070935
        1.8355733566        0.8602880581       -0.0186571947
        1.8355733566        0.8605125385       -0.0187951556
        2.2060846191        0.9086256226       -0.0145788735
        2.2060846191        0.9087254384       -0.0144092515
        2.2060846191        0.9087357537       -0.0144933630
