#epsqw diagonal term
#1:q+G [au], 2:Re(eps-1), 3:Im(eps-1)
        2.2060846191        0.9504285069       -0.0708950252
        2.2060846191        0.9505736343       -0.0699955766
        2.2060846191        0.9501442087       -0.0708199681
        1.8355733566        0.9092568837       -0.1416916774
        1.8355733566        0.9101305334       -0.1422306361
        2.2060846191        0.9506278115       -0.0695039266
        2.2060846191        0.9503098840       -0.0700983466
        1.8355733566        0.9097281365       -0.1430465829
        1.8355733566        0.9093502211       -0.1425603612
        2.2060846191        0.9511270910       -0.0697384448
        2.2060846191        0.9508365211       -0.0699415389
        2.2060846191        0.9514352557       -0.0698608464
        2.0293026997        0.9211825333       -0.0867285644
        1.6188235383        0.8583694228       -0.2025686557
        1.6188235383        0.8584856506       -0.2015178274
        2.0293026997        0.9209101273       -0.0868883769
        1.6188235383        0.8582780716       -0.2018419756
        1.0597687716        0.6538750300       -0.5293862809
        1.0597687716        0.6517633902       -0.5258206976
        1.6188235383        0.8584497180       -0.2012085128
        1.6188235383        0.8566295077       -0.2017008674
        1.0597687716        0.6489421823       -0.5272845479
        1.0597687716        0.6453751992       -0.5249570063
        1.6188235383        0.8580875976       -0.2030041062
        2.0293026997        0.9208912017       -0.0871017976
        1.6188235383        0.8577927509       -0.2023490882
        1.6188235383        0.8588803837       -0.2036426118
        2.0293026997        0.9226227968       -0.0874352433
        2.2060846191        0.9532904851       -0.0611542638
        2.2060846191        0.9529633045       -0.0611583240
        1.8355733566        0.8965833127       -0.1327830766
        1.3681556010        0.8143842606       -0.3359861834
        1.3681556010        0.8159685634       -0.3334971569
        1.8355733566        0.8951453047       -0.1343235642
        2.2060846191        0.9533791844       -0.0610959080
        1.3681556010        0.8154347823       -0.3351618949
        0.6118577855        0.2931126163       -0.7040177998
        0.6118577855        0.2875731725       -0.7123439483
        1.3681556010        0.8172585396       -0.3330890171
        2.2060846191        0.9531071132       -0.0611050424
        2.2060846191        0.9531057522       -0.0611051374
        1.3681556010        0.8172524962       -0.3330850456
        0.6118577855        0.2875750487       -0.7123427149
        0.6118577855        0.2930991533       -0.7040221264
        1.3681556010        0.8154385049       -0.3351704857
        2.2060846191        0.9533811670       -0.0610957459
        1.8355733566        0.8951449666       -0.1343233640
        1.3681556010        0.8159740781       -0.3335009651
        1.3681556010        0.8143883828       -0.3359944718
        1.8355733566        0.8965894021       -0.1327857202
        2.2060846191        0.9529647432       -0.0611584684
        2.2060846191        0.9532924532       -0.0611541630
        2.0293026997        0.9226226713       -0.0874350944
        1.6188235383        0.8588787618       -0.2036408356
        1.6188235383        0.8577910203       -0.2023460680
        2.0293026997        0.9208917126       -0.0871013205
        1.6188235383        0.8580860010       -0.2030011695
        1.0597687716        0.6453800429       -0.5249654384
        1.0597687716        0.6489375433       -0.5272916700
        1.6188235383        0.8566327256       -0.2017034828
        1.6188235383        0.8584479195       -0.2012071316
        1.0597687716        0.6517598821       -0.5258274826
        1.0597687716        0.6538784060       -0.5294018874
        1.6188235383        0.8582838554       -0.2018477866
        2.0293026997        0.9209104251       -0.0868878881
        1.6188235383        0.8584888078       -0.2015210834
        1.6188235383        0.8583753935       -0.2025733786
        2.0293026997        0.9211830432       -0.0867296226
        2.2060846191        0.9514358409       -0.0698606864
        2.2060846191        0.9508380778       -0.0699413616
        2.2060846191        0.9511274281       -0.0697381220
        1.8355733566        0.9093495516       -0.1425632320
        1.8355733566        0.9097313796       -0.1430491980
        2.2060846191        0.9503131195       -0.0700993153
        2.2060846191        0.9506291194       -0.0695037212
        1.8355733566        0.9101340532       -0.1422328196
        1.8355733566        0.9092588848       -0.1416930047
        2.2060846191        0.9501462337       -0.0708208111
        2.2060846191        0.9505765767       -0.0699967571
        2.2060846191        0.9504306093       -0.0708957190
