#epsqw diagonal term
#1:q+G [au], 2:Re(eps-1), 3:Im(eps-1)
        2.2060846191        0.9709622608       -0.0621367012
        2.2060846191        0.9706161407       -0.0623733209
        2.2060846191        0.9713238322       -0.0620097540
        1.8355733566        0.9561024107       -0.1000622333
        1.8355733566        0.9557935972       -0.1010281939
        2.2060846191        0.9708189396       -0.0623126215
        2.2060846191        0.9709804077       -0.0623284747
        1.8355733566        0.9561650401       -0.1010379350
        1.8355733566        0.9566650129       -0.1014719387
        2.2060846191        0.9714101623       -0.0622418401
        2.2060846191        0.9706452881       -0.0624913854
        2.2060846191        0.9712073946       -0.0624782387
        2.0293026997        0.9623383304       -0.0871766968
        1.6188235383        0.9429582098       -0.1432288489
        1.6188235383        0.9424613290       -0.1442826936
        2.0293026997        0.9628895514       -0.0867667160
        1.6188235383        0.9435908091       -0.1422937354
        1.0597687716        1.0421026969       -0.3075715499
        1.0597687716        1.0398829204       -0.3064967958
        1.6188235383        0.9433244880       -0.1432998749
        1.6188235383        0.9433216050       -0.1432179343
        1.0597687716        1.0410709582       -0.3065525749
        1.0597687716        1.0423303950       -0.3089262554
        1.6188235383        0.9434704686       -0.1433861552
        2.0293026997        0.9634171008       -0.0867859749
        1.6188235383        0.9426377666       -0.1444748303
        1.6188235383        0.9427235226       -0.1445452085
        2.0293026997        0.9623373483       -0.0866659860
        2.2060846191        0.9778115889       -0.0564341540
        2.2060846191        0.9775265767       -0.0563679229
        1.8355733566        0.9420178095       -0.1067161335
        1.3681556010        0.9440205882       -0.2139343522
        1.3681556010        0.9436720576       -0.2147003887
        1.8355733566        0.9428959174       -0.1067988617
        2.2060846191        0.9766518994       -0.0556124147
        1.3681556010        0.9453587865       -0.2123332655
        0.6118577855        1.1333590165       -0.2868795949
        0.6118577855        1.1355781280       -0.2865632889
        1.3681556010        0.9451811365       -0.2129675645
        2.2060846191        0.9764084507       -0.0554185976
        2.2060846191        0.9763972136       -0.0554175521
        1.3681556010        0.9451656936       -0.2129630921
        0.6118577855        1.1355766059       -0.2865647596
        0.6118577855        1.1333430152       -0.2868903550
        1.3681556010        0.9453670271       -0.2123406600
        2.2060846191        0.9766600626       -0.0556128620
        1.8355733566        0.9428969337       -0.1067995854
        1.3681556010        0.9436847667       -0.2147044546
        1.3681556010        0.9440268793       -0.2139408351
        1.8355733566        0.9420286316       -0.1067229837
        2.2060846191        0.9775382559       -0.0563695590
        2.2060846191        0.9778198489       -0.0564345034
        2.0293026997        0.9623300444       -0.0866642859
        1.6188235383        0.9427236635       -0.1445443914
        1.6188235383        0.9426435321       -0.1444784152
        2.0293026997        0.9634263140       -0.0867857960
        1.6188235383        0.9434688664       -0.1433850296
        1.0597687716        1.0423413984       -0.3089300693
        1.0597687716        1.0410493308       -0.3065448090
        1.6188235383        0.9433160717       -0.1432211061
        1.6188235383        0.9433306034       -0.1433061087
        1.0597687716        1.0398668553       -0.3064933101
        1.0597687716        1.0420919519       -0.3075849389
        1.6188235383        0.9435886534       -0.1422988856
        2.0293026997        0.9628996194       -0.0867668788
        1.6188235383        0.9424529462       -0.1442840740
        1.6188235383        0.9429578722       -0.1432347188
        2.0293026997        0.9623418063       -0.0871783494
        2.2060846191        0.9712094621       -0.0624772141
        2.2060846191        0.9706478016       -0.0624920390
        2.2060846191        0.9714119876       -0.0622406935
        1.8355733566        0.9566817799       -0.1014722914
        1.8355733566        0.9561671389       -0.1010397090
        2.2060846191        0.9709797775       -0.0623313155
        2.2060846191        0.9708210914       -0.0623128017
        1.8355733566        0.9557966625       -0.1010304942
        1.8355733566        0.9561052932       -0.1000659116
        2.2060846191        0.9713278597       -0.0620126796
        2.2060846191        0.9706149728       -0.0623765298
        2.2060846191        0.9709659991       -0.0621396996
