#epsqw diagonal term
#1:q+G [au], 2:Re(eps-1), 3:Im(eps-1)
        2.2060846191        0.9413121336       -0.0877709041
        2.2060846191        0.9411423841       -0.0877481484
        2.2060846191        0.9414700747       -0.0879029724
        1.8355733566        0.8936964681       -0.1570522727
        1.8355733566        0.8951523393       -0.1583714792
        2.2060846191        0.9419140360       -0.0875327915
        2.2060846191        0.9413203939       -0.0878536051
        1.8355733566        0.8952211789       -0.1583301472
        1.8355733566        0.8956840336       -0.1599792468
        2.2060846191        0.9422839195       -0.0875871204
        2.2060846191        0.9417698134       -0.0878003222
        2.2060846191        0.9421360813       -0.0877286672
        2.0293026997        0.9092091423       -0.1061400470
        1.6188235383        0.8567326256       -0.2371972494
        1.6188235383        0.8545302523       -0.2365187622
        2.0293026997        0.9096815309       -0.1056393824
        1.6188235383        0.8554539551       -0.2376026220
        1.0597687716        0.7538841629       -0.5126130865
        1.0597687716        0.7589494660       -0.5160867391
        1.6188235383        0.8566302023       -0.2391783697
        1.6188235383        0.8533819617       -0.2359793686
        1.0597687716        0.7582941292       -0.5149726423
        1.0597687716        0.7568376473       -0.5172373264
        1.6188235383        0.8579383343       -0.2379969161
        2.0293026997        0.9094955004       -0.1054365158
        1.6188235383        0.8566219689       -0.2390451738
        1.6188235383        0.8577688045       -0.2385409504
        2.0293026997        0.9097682360       -0.1061747042
        2.2060846191        0.9366530673       -0.0771951306
        2.2060846191        0.9365528791       -0.0774707856
        1.8355733566        0.8932234508       -0.1733521737
        1.3681556010        0.8300048090       -0.3227975162
        1.3681556010        0.8291114852       -0.3209823006
        1.8355733566        0.8898349273       -0.1716687091
        2.2060846191        0.9367141339       -0.0771809598
        1.3681556010        0.8283209958       -0.3223905732
        0.6118577855        0.8354647987       -0.9356719476
        0.6118577855        0.8358942432       -0.9243862609
        1.3681556010        0.8279785359       -0.3203662773
        2.2060846191        0.9367329887       -0.0775852438
        2.2060846191        0.9367300108       -0.0775857468
        1.3681556010        0.8279715571       -0.3203556156
        0.6118577855        0.8358985704       -0.9243989274
        0.6118577855        0.8354784567       -0.9358788059
        1.3681556010        0.8283475099       -0.3224251747
        2.2060846191        0.9367158554       -0.0771821019
        1.8355733566        0.8898347010       -0.1716662369
        1.3681556010        0.8291236726       -0.3209883953
        1.3681556010        0.8300311138       -0.3228285046
        1.8355733566        0.8932358090       -0.1733541417
        2.2060846191        0.9365545640       -0.0774704893
        2.2060846191        0.9366552965       -0.0771951981
        2.0293026997        0.9097764246       -0.1061627723
        1.6188235383        0.8577585141       -0.2385234847
        1.6188235383        0.8566106981       -0.2390229397
        2.0293026997        0.9094909403       -0.1054366421
        1.6188235383        0.8579289292       -0.2379839808
        1.0597687716        0.7568278403       -0.5172234412
        1.0597687716        0.7583057078       -0.5150249750
        1.6188235383        0.8533972850       -0.2360161234
        1.6188235383        0.8566223504       -0.2391617466
        1.0597687716        0.7589609464       -0.5161467459
        1.0597687716        0.7538908721       -0.5126654035
        1.6188235383        0.8554934758       -0.2376383848
        2.0293026997        0.9096762785       -0.1056391568
        1.6188235383        0.8545455921       -0.2365539725
        1.6188235383        0.8567725561       -0.2372312500
        2.0293026997        0.9092096219       -0.1061535690
        2.2060846191        0.9421343169       -0.0877269742
        2.2060846191        0.9417754998       -0.0878017169
        2.2060846191        0.9422828596       -0.0875844444
        1.8355733566        0.8956848983       -0.1599745483
        1.8355733566        0.8952313404       -0.1583328396
        2.2060846191        0.9413322651       -0.0878545201
        2.2060846191        0.9419179650       -0.0875334331
        1.8355733566        0.8951613342       -0.1583749124
        1.8355733566        0.8936899104       -0.1570591456
        2.2060846191        0.9414755317       -0.0879050311
        2.2060846191        0.9411536139       -0.0877477632
        2.2060846191        0.9413155425       -0.0877717333
