#epsqw diagonal term
#1:q+G [au], 2:Re(eps-1), 3:Im(eps-1)
        2.2060846191        0.9159677150       -0.0009550317
        2.2060846191        0.9159690183       -0.0009564130
        2.2060846191        0.9159474014       -0.0009536134
        1.8355733566        0.8681197736       -0.0009070751
        1.8355733566        0.8681236176       -0.0009058520
        2.2060846191        0.9159578980       -0.0009508225
        2.2060846191        0.9159513033       -0.0009559423
        1.8355733566        0.8681244768       -0.0009059274
        1.8355733566        0.8681187080       -0.0009085038
        2.2060846191        0.9159650299       -0.0009533181
        2.2060846191        0.9159773894       -0.0009512313
        2.2060846191        0.9159840882       -0.0009547710
        2.0293026997        0.8929397330       -0.0017087727
        1.6188235383        0.8182491060       -0.0017846347
        1.6188235383        0.8181520456       -0.0017931214
        2.0293026997        0.8928609558       -0.0017200552
        1.6188235383        0.8181878180       -0.0017823548
        1.0597687716        0.6075713256       -0.0021198221
        1.0597687716        0.6074976944       -0.0021246992
        1.6188235383        0.8181647886       -0.0017848708
        1.6188235383        0.8180970503       -0.0017925508
        1.0597687716        0.6074996414       -0.0021247008
        1.0597687716        0.6074958778       -0.0021182225
        1.6188235383        0.8181918274       -0.0017743646
        2.0293026997        0.8928659934       -0.0017197765
        1.6188235383        0.8182272126       -0.0017849315
        1.6188235383        0.8182515337       -0.0017765887
        2.0293026997        0.8929191250       -0.0017063845
        2.2060846191        0.9202744743       -0.0005547568
        2.2060846191        0.9202650602       -0.0005555251
        1.8355733566        0.8684932151       -0.0007602999
        1.3681556010        0.7436941125       -0.0013725296
        1.3681556010        0.7436621692       -0.0013752256
        1.8355733566        0.8685039272       -0.0007612652
        2.2060846191        0.9202466958       -0.0005547481
        1.3681556010        0.7436439591       -0.0013721494
        0.6118577855        0.3661910395       -0.0028965600
        0.6118577855        0.3661311085       -0.0028957507
        1.3681556010        0.7436141179       -0.0013747950
        2.2060846191        0.9202377824       -0.0005554854
        2.2060846191        0.9202369769       -0.0005554867
        1.3681556010        0.7436120387       -0.0013747923
        0.6118577855        0.3661310643       -0.0028957511
        0.6118577855        0.3661914029       -0.0028965737
        1.3681556010        0.7436469534       -0.0013721539
        2.2060846191        0.9202477058       -0.0005547476
        1.8355733566        0.8685039015       -0.0007612651
        1.3681556010        0.7436642062       -0.0013752292
        1.3681556010        0.7436971045       -0.0013725342
        1.8355733566        0.8684962973       -0.0007602964
        2.2060846191        0.9202658983       -0.0005555238
        2.2060846191        0.9202755139       -0.0005547567
        2.0293026997        0.8929185559       -0.0017063743
        1.6188235383        0.8182506092       -0.0017765764
        1.6188235383        0.8182262133       -0.0017849194
        2.0293026997        0.8928662157       -0.0017197721
        1.6188235383        0.8181910498       -0.0017743539
        1.0597687716        0.6074962961       -0.0021182212
        1.0597687716        0.6075014618       -0.0021247063
        1.6188235383        0.8180991546       -0.0017925525
        1.6188235383        0.8181638259       -0.0017848606
        1.0597687716        0.6074993529       -0.0021247031
        1.0597687716        0.6075742038       -0.0021198346
        1.6188235383        0.8181910684       -0.0017823581
        2.0293026997        0.8928610938       -0.0017200510
        1.6188235383        0.8181539325       -0.0017931210
        1.6188235383        0.8182521972       -0.0017846372
        2.0293026997        0.8929406306       -0.0017087683
        2.2060846191        0.9159842795       -0.0009547705
        2.2060846191        0.9159778408       -0.0009512301
        2.2060846191        0.9159651831       -0.0009533182
        1.8355733566        0.8681189734       -0.0009085048
        1.8355733566        0.8681260662       -0.0009059290
        2.2060846191        0.9159524396       -0.0009559405
        2.2060846191        0.9159582914       -0.0009508224
        1.8355733566        0.8681251570       -0.0009058536
        1.8355733566        0.8681210988       -0.0009070757
        2.2060846191        0.9159485163       -0.0009536131
        2.2060846191        0.9159701036       -0.0009564093
        2.2060846191        0.9159687949       -0.0009550306
