#epsqw diagonal term
#1:q+G [au], 2:Re(eps-1), 3:Im(eps-1)
        2.2060846191        0.9165237634       -0.0007096140
        2.2060846191        0.9165296765       -0.0007094893
        2.2060846191        0.9165041263       -0.0007089235
        1.8355733566        0.8687373719       -0.0007841165
        1.8355733566        0.8687448808       -0.0007832316
        2.2060846191        0.9165138383       -0.0007071471
        2.2060846191        0.9165118426       -0.0007093092
        1.8355733566        0.8687458102       -0.0007832591
        1.8355733566        0.8687385110       -0.0007852801
        2.2060846191        0.9165192222       -0.0007082567
        2.2060846191        0.9165332504       -0.0007072339
        2.2060846191        0.9165376802       -0.0007089909
        2.0293026997        0.8938319163       -0.0011052929
        1.6188235383        0.8192444542       -0.0012664403
        1.6188235383        0.8191594551       -0.0012725309
        2.0293026997        0.8937626632       -0.0011138075
        1.6188235383        0.8191846158       -0.0012653413
        1.0597687716        0.6091410662       -0.0018076324
        1.0597687716        0.6090779164       -0.0018115108
        1.6188235383        0.8191632785       -0.0012684964
        1.6188235383        0.8191042355       -0.0012723598
        1.0597687716        0.6090798903       -0.0018115001
        1.0597687716        0.6090668640       -0.0018094644
        1.6188235383        0.8191823712       -0.0012636834
        2.0293026997        0.8937671573       -0.0011135720
        1.6188235383        0.8192250364       -0.0012682525
        1.6188235383        0.8192405295       -0.0012647563
        2.0293026997        0.8938105230       -0.0011061193
        2.2060846191        0.9207295719       -0.0005096126
        2.2060846191        0.9207210572       -0.0005101694
        1.8355733566        0.8690762185       -0.0007095324
        1.3681556010        0.7448061137       -0.0012629277
        1.3681556010        0.7447778758       -0.0012647624
        1.8355733566        0.8690882321       -0.0007100978
        2.2060846191        0.9207016871       -0.0005096096
        1.3681556010        0.7447552126       -0.0012626771
        0.6118577855        0.3691677816       -0.0026576583
        0.6118577855        0.3691068091       -0.0026574664
        1.3681556010        0.7447290828       -0.0012644742
        2.2060846191        0.9206936794       -0.0005101461
        2.2060846191        0.9206928743       -0.0005101473
        1.3681556010        0.7447269979       -0.0012644725
        0.6118577855        0.3691067657       -0.0026574667
        0.6118577855        0.3691681595       -0.0026576713
        1.3681556010        0.7447582155       -0.0012626807
        2.2060846191        0.9207026988       -0.0005096085
        1.8355733566        0.8690882063       -0.0007100977
        1.3681556010        0.7447799199       -0.0012647646
        1.3681556010        0.7448091143       -0.0012629313
        1.8355733566        0.8690793022       -0.0007095285
        2.2060846191        0.9207218950       -0.0005101682
        2.2060846191        0.9207306137       -0.0005096117
        2.0293026997        0.8938099586       -0.0011061092
        1.6188235383        0.8192396084       -0.0012647444
        1.6188235383        0.8192240420       -0.0012682394
        2.0293026997        0.8937673885       -0.0011135647
        1.6188235383        0.8191815977       -0.0012636722
        1.0597687716        0.6090672820       -0.0018094631
        1.0597687716        0.6090817236       -0.0018115021
        1.6188235383        0.8191063517       -0.0012723572
        1.6188235383        0.8191623224       -0.0012684843
        1.0597687716        0.6090795862       -0.0018115119
        1.0597687716        0.6091439624       -0.0018076368
        1.6188235383        0.8191878838       -0.0012653373
        2.0293026997        0.8937628099       -0.0011138004
        1.6188235383        0.8191613526       -0.0012725274
        1.6188235383        0.8192475625       -0.0012664359
        2.0293026997        0.8938328261       -0.0011052856
        2.2060846191        0.9165378712       -0.0007089900
        2.2060846191        0.9165337028       -0.0007072321
        2.2060846191        0.9165193747       -0.0007082562
        1.8355733566        0.8687387757       -0.0007852801
        1.8355733566        0.8687474044       -0.0007832589
        2.2060846191        0.9165129798       -0.0007093080
        2.2060846191        0.9165142331       -0.0007071459
        1.8355733566        0.8687464249       -0.0007832314
        1.8355733566        0.8687387006       -0.0007841157
        2.2060846191        0.9165052448       -0.0007089226
        2.2060846191        0.9165307615       -0.0007094870
        2.2060846191        0.9165248466       -0.0007096127
