#epsqw diagonal term
#1:q+G [au], 2:Re(eps-1), 3:Im(eps-1)
        2.0190276833        0.9005499046       -0.0397045680
        1.9562445705        0.8915508909       -0.0338911694
        1.8242074680        0.8682555158       -0.0292285044
        1.7544665628        0.8575142860       -0.0231411946
        2.0799165253        0.9065963177       -0.0242448773
        2.0190276833        0.9008991975       -0.0403927472
        1.9562445705        0.8915914958       -0.0343479800
        2.0190276833        0.9010943026       -0.0402302122
        1.9562445705        0.8914402139       -0.0339014549
        1.8913785589        0.8794167899       -0.0393466352
        1.3528684665        0.7364416622       -0.0517030310
        1.2572482337        0.6903713139       -0.0424640747
        1.6818361851        0.8417209847       -0.0436773738
        1.6818361851        0.8366277701       -0.0327943593
        1.0399582627        0.5842284932       -0.0436016856
        0.9121037340        0.5186764477       -0.0640718755
        1.4421626309        0.7657085851       -0.0359421604
        2.1966366758        0.9244828828       -0.0223068402
        1.8913785589        0.8790643188       -0.0392265073
        1.3528684665        0.7367487515       -0.0518692864
        1.2572482337        0.6902825726       -0.0422653976
        1.6818361851        0.8416962983       -0.0431804875
        2.0190276833        0.9009168765       -0.0404845600
        1.9562445705        0.8916364280       -0.0344104102
        1.8242074680        0.8686342688       -0.0294747512
        1.7544665628        0.8573896982       -0.0232482421
        2.0799165253        0.9067303340       -0.0241868749
        1.6818361851        0.8368763321       -0.0330120076
        1.0399582627        0.5837649129       -0.0434997889
        0.9121037340        0.5190414077       -0.0644773143
        1.4421626309        0.7656986315       -0.0360246936
        2.1966366758        0.9245899853       -0.0223127957
        1.4421626309        0.7890056992       -0.0266393845
        0.5768650524        0.3709389276       -0.0810435762
        0.2884325262        0.2266698587       -0.0737964622
        1.1537301047        0.6835274921       -0.0694565307
        2.0190276833        0.9046047532       -0.0126557382
        1.6818361851        0.8368000239       -0.0325997737
        1.0399582627        0.5841740013       -0.0436408765
        0.9121037340        0.5185777574       -0.0643007557
        1.4421626309        0.7656364194       -0.0358260068
        2.1966366758        0.9244643727       -0.0222585989
        1.8242074680        0.8683762540       -0.0292162933
        1.7544665628        0.8575990832       -0.0231871598
        2.0799165253        0.9067179208       -0.0241625236
        2.0190276833        0.9009052617       -0.0404958221
        1.9562445705        0.8913037517       -0.0344170009
        1.8913785589        0.8792884651       -0.0394407836
        1.3528684665        0.7361361987       -0.0515442449
        1.2572482337        0.6902267277       -0.0429501533
        1.6818361851        0.8417182340       -0.0437349535
        1.6818361851        0.8367000244       -0.0330385106
        1.0399582627        0.5838521794       -0.0434779623
        0.9121037340        0.5189523031       -0.0643174906
        1.4421626309        0.7656582691       -0.0362175514
        2.1966366758        0.9246460976       -0.0223733745
        1.8913785589        0.8794350603       -0.0392995155
        1.3528684665        0.7365143222       -0.0516396828
        1.2572482337        0.6903181763       -0.0424604482
        1.6818361851        0.8416409494       -0.0437895689
        2.0190276833        0.9006609077       -0.0398651068
        1.9562445705        0.8916225366       -0.0339221451
        2.0190276833        0.9007288760       -0.0404389098
        1.9562445705        0.8913694438       -0.0343359757
        1.8242074680        0.8684246670       -0.0295630227
        1.7544665628        0.8573745826       -0.0231927701
        2.0799165253        0.9066028840       -0.0242785091
        2.0190276833        0.9009471765       -0.0402401833
        1.9562445705        0.8914600774       -0.0337707299
