#epsqw diagonal term
#1:q+G [au], 2:Re(eps-1), 3:Im(eps-1)
        2.0190276833        1.0307902404       -0.0057381094
        1.9562445705        1.0336361293       -0.0055323762
        1.8242074680        1.0400782152       -0.0047743592
        1.7544665628        1.0436600177       -0.0042769607
        2.0799165253        1.0281342913       -0.0054733605
        2.0190276833        1.0306776454       -0.0055872907
        1.9562445705        1.0333181691       -0.0051426705
        2.0190276833        1.0307360672       -0.0056899347
        1.9562445705        1.0336497191       -0.0055545671
        1.8913785589        1.0357513224       -0.0059497229
        1.3528684665        1.0650723570       -0.0047064849
        1.2572482337        1.0710249060       -0.0044529821
        1.6818361851        1.0463081649       -0.0058964249
        1.6818361851        1.0461843232       -0.0051700035
        1.0399582627        1.0862363671       -0.0039476603
        0.9121037340        1.0956518527       -0.0038359055
        1.4421626309        1.0594113402       -0.0046301462
        2.1966366758        1.0249325018       -0.0047500649
        1.8913785589        1.0358159280       -0.0060267825
        1.3528684665        1.0650346387       -0.0046571771
        1.2572482337        1.0708530287       -0.0042216547
        1.6818361851        1.0458962387       -0.0054010360
        2.0190276833        1.0306751700       -0.0056057348
        1.9562445705        1.0333044175       -0.0051288332
        1.8242074680        1.0398472872       -0.0045739625
        1.7544665628        1.0437225880       -0.0043979858
        2.0799165253        1.0283089428       -0.0058686127
        1.6818361851        1.0458845001       -0.0049286705
        1.0399582627        1.0861295617       -0.0038355333
        0.9121037340        1.0956445852       -0.0039402516
        1.4421626309        1.0595349581       -0.0048713839
        2.1966366758        1.0250998111       -0.0050776769
        1.4421626309        1.0614385090       -0.0042431174
        0.5768650524        1.1115784982       -0.0033303382
        0.2884325262        1.1164566276       -0.0031710932
        1.1537301047        1.0815680233       -0.0044453246
        2.0190276833        1.0327502704       -0.0038216788
        1.6818361851        1.0461138332       -0.0052037967
        1.0399582627        1.0862124851       -0.0039561351
        0.9121037340        1.0956016638       -0.0038698027
        1.4421626309        1.0593495941       -0.0046487075
        2.1966366758        1.0248547655       -0.0047814153
        1.8242074680        1.0400252335       -0.0047916102
        1.7544665628        1.0436311520       -0.0042823167
        2.0799165253        1.0280049189       -0.0055147713
        2.0190276833        1.0302627562       -0.0051880235
        1.9562445705        1.0335298976       -0.0053635535
        1.8913785589        1.0352522993       -0.0054180567
        1.3528684665        1.0647957076       -0.0043708661
        1.2572482337        1.0709576696       -0.0043525655
        1.6818361851        1.0464085443       -0.0059732097
        1.6818361851        1.0459646242       -0.0048962062
        1.0399582627        1.0861517693       -0.0038291800
        0.9121037340        1.0956973280       -0.0039039455
        1.4421626309        1.0595780512       -0.0048533564
        2.1966366758        1.0251920817       -0.0050382412
        1.8913785589        1.0356811142       -0.0059133087
        1.3528684665        1.0650429610       -0.0046917221
        1.2572482337        1.0710366412       -0.0044596418
        1.6818361851        1.0463697156       -0.0059291605
        2.0190276833        1.0306928077       -0.0056972074
        1.9562445705        1.0336730658       -0.0055497641
        2.0190276833        1.0303021888       -0.0052022073
        1.9562445705        1.0335236384       -0.0053604176
        1.8242074680        1.0398961914       -0.0045587797
        1.7544665628        1.0437520378       -0.0043921415
        2.0799165253        1.0284454480       -0.0058195696
        2.0190276833        1.0306820187       -0.0056454672
        1.9562445705        1.0336952819       -0.0055833002
