#epsqw diagonal term
#1:q+G [au], 2:Re(eps-1), 3:Im(eps-1)
        2.0190276833        0.8942978446       -0.0006066794
        1.9562445705        0.8875598713       -0.0006023621
        1.8242074680        0.8692758129       -0.0006117773
        1.7544665628        0.8580806306       -0.0006083648
        2.0799165253        0.9059038589       -0.0004939413
        2.0190276833        0.8943489466       -0.0006043296
        1.9562445705        0.8875576679       -0.0006019652
        2.0190276833        0.8943806484       -0.0006042763
        1.9562445705        0.8875484334       -0.0006038193
        1.8913785589        0.8756465038       -0.0007066368
        1.3528684665        0.7362146854       -0.0011109535
        1.2572482337        0.7006380296       -0.0011898687
        1.6818361851        0.8360087995       -0.0008261022
        1.6818361851        0.8376378654       -0.0007571101
        1.0399582627        0.6027896190       -0.0014584209
        0.9121037340        0.5459934054       -0.0016365252
        1.4421626309        0.7715990839       -0.0009422516
        2.1966366758        0.9190588079       -0.0004783835
        1.8913785589        0.8755508293       -0.0007100177
        1.3528684665        0.7362189731       -0.0011103877
        1.2572482337        0.7006739548       -0.0011884585
        1.6818361851        0.8359805873       -0.0008276718
        2.0190276833        0.8943611357       -0.0006048584
        1.9562445705        0.8875782913       -0.0006022439
        1.8242074680        0.8693045644       -0.0006116032
        1.7544665628        0.8581126986       -0.0006082369
        2.0799165253        0.9059382994       -0.0004940999
        1.6818361851        0.8376627130       -0.0007563129
        1.0399582627        0.6028498435       -0.0014577700
        0.9121037340        0.5459997424       -0.0016373228
        1.4421626309        0.7716103420       -0.0009428033
        2.1966366758        0.9190411313       -0.0004789403
        1.4421626309        0.7847121077       -0.0008317184
        0.5768650524        0.3736013045       -0.0021824474
        0.2884325262        0.2307737163       -0.0026122766
        1.1537301047        0.6786847534       -0.0011868232
        2.0190276833        0.9044560613       -0.0004207524
        1.6818361851        0.8376489774       -0.0007575674
        1.0399582627        0.6028174185       -0.0014583668
        0.9121037340        0.5460224932       -0.0016365245
        1.4421626309        0.7716205689       -0.0009427234
        2.1966366758        0.9190529867       -0.0004785313
        1.8242074680        0.8693031438       -0.0006118430
        1.7544665628        0.8581164147       -0.0006083836
        2.0799165253        0.9059264334       -0.0004940347
        2.0190276833        0.8943546619       -0.0006051365
        1.9562445705        0.8875751139       -0.0006023255
        1.8913785589        0.8756265705       -0.0007072028
        1.3528684665        0.7361784395       -0.0011120939
        1.2572482337        0.7006730252       -0.0011887592
        1.6818361851        0.8359483423       -0.0008280157
        1.6818361851        0.8376516591       -0.0007559110
        1.0399582627        0.6028330515       -0.0014576390
        0.9121037340        0.5459697048       -0.0016374860
        1.4421626309        0.7715928981       -0.0009422911
        2.1966366758        0.9190482473       -0.0004787568
        1.8913785589        0.8756473015       -0.0007065853
        1.3528684665        0.7362163130       -0.0011108670
        1.2572482337        0.7006439896       -0.0011898670
        1.6818361851        0.8360085048       -0.0008261549
        2.0190276833        0.8943117961       -0.0006069987
        1.9562445705        0.8875819025       -0.0006027452
        2.0190276833        0.8943421506       -0.0006049490
        1.9562445705        0.8875570859       -0.0006018889
        1.8242074680        0.8692816550       -0.0006115473
        1.7544665628        0.8580792647       -0.0006082283
        2.0799165253        0.9059170298       -0.0004939884
        2.0190276833        0.8943682253       -0.0006039015
        1.9562445705        0.8875285301       -0.0006035040
