#epsqw diagonal term
#1:q+G [au], 2:Re(eps-1), 3:Im(eps-1)
        2.0190276833        1.0161323793       -0.0733266000
        1.9562445705        1.0231891897       -0.0837289290
        1.8242074680        1.0362281231       -0.1055376600
        1.7544665628        1.0323400137       -0.0981364611
        2.0799165253        1.0062389873       -0.0691334465
        2.0190276833        1.0158911007       -0.0731120563
        1.9562445705        1.0234677144       -0.0836665733
        2.0190276833        1.0161759033       -0.0733975929
        1.9562445705        1.0224006636       -0.0813666197
        1.8913785589        1.0259684189       -0.0934878837
        1.3528684665        1.1521242867       -0.1801160683
        1.2572482337        1.1839076995       -0.2459855057
        1.6818361851        1.0719459735       -0.1063094028
        1.6818361851        1.0723960262       -0.1376702972
        1.0399582627        1.3253504853       -0.3354453142
        0.9121037340        1.4400659382       -0.3947261879
        1.4421626309        1.1320901453       -0.1960918448
        2.1966366758        1.0012843528       -0.0604357992
        1.8913785589        1.0249081039       -0.0937092256
        1.3528684665        1.1501401327       -0.1802788460
        1.2572482337        1.1828183253       -0.2476752438
        1.6818361851        1.0732239227       -0.1053006419
        2.0190276833        1.0155054810       -0.0729921999
        1.9562445705        1.0224981384       -0.0833853513
        1.8242074680        1.0363941686       -0.1027306890
        1.7544665628        1.0316526600       -0.0975267144
        2.0799165253        1.0048828277       -0.0675785263
        1.6818361851        1.0720448381       -0.1371239427
        1.0399582627        1.3260125146       -0.3337073103
        0.9121037340        1.4375869643       -0.3904285802
        1.4421626309        1.1299547774       -0.1947335775
        2.1966366758        1.0011786134       -0.0605179618
        1.4421626309        1.0912672049       -0.1710773533
        0.5768650524        1.6501048571       -0.5706793625
        0.2884325262        1.7623558765       -0.4718857340
        1.1537301047        1.2052644914       -0.2932552774
        2.0190276833        0.9897611272       -0.0692884418
        1.6818361851        1.0719846218       -0.1371122036
        1.0399582627        1.3251202729       -0.3350285697
        0.9121037340        1.4378810061       -0.3925833685
        1.4421626309        1.1308709059       -0.1942626833
        2.1966366758        1.0014898659       -0.0604441106
        1.8242074680        1.0359724407       -0.1048802358
        1.7544665628        1.0310546351       -0.0978956540
        2.0799165253        1.0053544082       -0.0684623323
        2.0190276833        1.0162925868       -0.0728713492
        1.9562445705        1.0224160282       -0.0815318318
        1.8913785589        1.0254710485       -0.0935619869
        1.3528684665        1.1534246942       -0.1760506710
        1.2572482337        1.1806297145       -0.2450595525
        1.6818361851        1.0713625076       -0.1064687297
        1.6818361851        1.0725186658       -0.1379076668
        1.0399582627        1.3256202791       -0.3337431193
        0.9121037340        1.4401761847       -0.3927695280
        1.4421626309        1.1306439943       -0.1968804075
        2.1966366758        1.0010829899       -0.0605094504
        1.8913785589        1.0256381160       -0.0934644271
        1.3528684665        1.1517982561       -0.1793229056
        1.2572482337        1.1845534409       -0.2467478114
        1.6818361851        1.0723212559       -0.1065276824
        2.0190276833        1.0157241222       -0.0731885799
        1.9562445705        1.0223474905       -0.0834246700
        2.0190276833        1.0168036630       -0.0729663611
        1.9562445705        1.0229164019       -0.0819881289
        1.8242074680        1.0366662427       -0.1031600566
        1.7544665628        1.0329562697       -0.0979361941
        2.0799165253        1.0060349284       -0.0680633546
        2.0190276833        1.0165313963       -0.0733136417
        1.9562445705        1.0232545019       -0.0819101034
