#epsqw diagonal term
#1:q+G [au], 2:Re(eps-1), 3:Im(eps-1)
        2.0190276833        0.9695572693       -0.1531074715
        1.9562445705        0.9669307496       -0.1684283642
        1.8242074680        0.9618764696       -0.2128131916
        1.7544665628        0.9604068041       -0.2440713258
        2.0799165253        0.9742937056       -0.1171464272
        2.0190276833        0.9694724921       -0.1538222749
        1.9562445705        0.9674338429       -0.1693122272
        2.0190276833        0.9699500530       -0.1527905498
        1.9562445705        0.9650505734       -0.1679678433
        1.8913785589        0.9514884609       -0.1737174161
        1.3528684665        0.9441311899       -0.4736502982
        1.2572482337        0.9239876707       -0.5507477249
        1.6818361851        0.9362527272       -0.2713831873
        1.6818361851        0.9541710691       -0.2718110601
        1.0399582627        0.9015423497       -0.7895072982
        0.9121037340        0.8534478529       -0.9464269262
        1.4421626309        0.9382447642       -0.4491996208
        2.1966366758        0.9737080444       -0.1034773564
        1.8913785589        0.9503905179       -0.1742552288
        1.3528684665        0.9422724454       -0.4760723664
        1.2572482337        0.9252622639       -0.5503326768
        1.6818361851        0.9332965993       -0.2732697664
        2.0190276833        0.9703659603       -0.1538328447
        1.9562445705        0.9667753613       -0.1689000090
        1.8242074680        0.9635446857       -0.2117741840
        1.7544665628        0.9610267035       -0.2434579663
        2.0799165253        0.9745815771       -0.1162615408
        1.6818361851        0.9580283521       -0.2717653628
        1.0399582627        0.9027059766       -0.7971177209
        0.9121037340        0.8617078879       -0.9496285340
        1.4421626309        0.9375060243       -0.4453174569
        2.1966366758        0.9752030365       -0.1031606835
        1.4421626309        0.8741359350       -0.4245149462
        0.5768650524        0.7806464107       -1.2499545191
        0.2884325262        1.0205453985       -1.5411746764
        1.1537301047        0.8201277832       -0.5618536353
        2.0190276833        0.9410873099       -0.1364255350
        1.6818361851        0.9560465079       -0.2709661776
        1.0399582627        0.9014707276       -0.7897508316
        0.9121037340        0.8592974855       -0.9516798416
        1.4421626309        0.9386962858       -0.4478512474
        2.1966366758        0.9743321624       -0.1034228020
        1.8242074680        0.9630589879       -0.2121301722
        1.7544665628        0.9607365157       -0.2438212534
        2.0799165253        0.9742888626       -0.1164193601
        2.0190276833        0.9711095928       -0.1529154579
        1.9562445705        0.9664787272       -0.1689234542
        1.8913785589        0.9505632786       -0.1748687668
        1.3528684665        0.9409882435       -0.4794103446
        1.2572482337        0.9257228319       -0.5488562107
        1.6818361851        0.9357198845       -0.2717520437
        1.6818361851        0.9554448108       -0.2725976796
        1.0399582627        0.9042953615       -0.7939263490
        0.9121037340        0.8582119261       -0.9486502171
        1.4421626309        0.9377321179       -0.4479949860
        2.1966366758        0.9743815225       -0.1033252359
        1.8913785589        0.9513121754       -0.1736071256
        1.3528684665        0.9431162538       -0.4748903672
        1.2572482337        0.9259109360       -0.5497585951
        1.6818361851        0.9369671516       -0.2712733556
        2.0190276833        0.9699033828       -0.1530232530
        1.9562445705        0.9667319285       -0.1678314167
        2.0190276833        0.9709803238       -0.1529206673
        1.9562445705        0.9672783645       -0.1696460859
        1.8242074680        0.9625982088       -0.2119401058
        1.7544665628        0.9608296140       -0.2436715995
        2.0799165253        0.9743623286       -0.1168012953
        2.0190276833        0.9695077162       -0.1526528631
        1.9562445705        0.9660680694       -0.1684817783
