#epsqw diagonal term
#1:q+G [au], 2:Re(eps-1), 3:Im(eps-1)
        2.0190276833        0.8939873145       -0.0006333455
        1.9562445705        0.8872660566       -0.0006268779
        1.8242074680        0.8690223473       -0.0006278412
        1.7544665628        0.8578526349       -0.0006214453
        2.0799165253        0.9056903694       -0.0005084248
        2.0190276833        0.8940415888       -0.0006305331
        1.9562445705        0.8872644424       -0.0006263894
        2.0190276833        0.8940729868       -0.0006306139
        1.9562445705        0.8872523157       -0.0006287476
        1.8913785589        0.8752533986       -0.0007437046
        1.3528684665        0.7356972809       -0.0011498479
        1.2572482337        0.7000979484       -0.0012279902
        1.6818361851        0.8355783235       -0.0008647079
        1.6818361851        0.8372915833       -0.0007837589
        1.0399582627        0.6021415915       -0.0014943420
        0.9121037340        0.5452398821       -0.0016754288
        1.4421626309        0.7711913285       -0.0009708344
        2.1966366758        0.9188159646       -0.0004979779
        1.8913785589        0.8751534327       -0.0007476547
        1.3528684665        0.7357026193       -0.0011491224
        1.2572482337        0.7001361708       -0.0012262387
        1.6818361851        0.8355484462       -0.0008664056
        2.0190276833        0.8940525350       -0.0006313625
        1.9562445705        0.8872843392       -0.0006268515
        1.8242074680        0.8690512599       -0.0006276410
        1.7544665628        0.8578848288       -0.0006212965
        2.0799165253        0.9057244510       -0.0005086620
        1.6818361851        0.8373176209       -0.0007827888
        1.0399582627        0.6022023360       -0.0014936452
        0.9121037340        0.5452449718       -0.0016764125
        1.4421626309        0.7712017595       -0.0009715066
        2.1966366758        0.9187976851       -0.0004986235
        1.4421626309        0.7844205394       -0.0008457125
        0.5768650524        0.3723468539       -0.0022480822
        0.2884325262        0.2288896316       -0.0027145562
        1.1537301047        0.6782380527       -0.0012067465
        2.0190276833        0.9043113080       -0.0004282451
        1.6818361851        0.8373019263       -0.0007843483
        1.0399582627        0.6021693956       -0.0014943141
        0.9121037340        0.5452690731       -0.0016754122
        1.4421626309        0.7712119538       -0.0009714555
        2.1966366758        0.9188098640       -0.0004981857
        1.8242074680        0.8690494933       -0.0006279430
        1.7544665628        0.8578882856       -0.0006214863
        2.0799165253        0.9057126806       -0.0005085722
        2.0190276833        0.8940458966       -0.0006316060
        1.9562445705        0.8872808993       -0.0006269991
        1.8913785589        0.8752332644       -0.0007441870
        1.3528684665        0.7356597648       -0.0011510828
        1.2572482337        0.7001343494       -0.0012266982
        1.6818361851        0.8355155553       -0.0008668953
        1.6818361851        0.8373072733       -0.0007822590
        1.0399582627        0.6021858811       -0.0014934467
        0.9121037340        0.5452145722       -0.0016766223
        1.4421626309        0.7711852082       -0.0009708393
        2.1966366758        0.9188051367       -0.0004983699
        1.8913785589        0.8752543027       -0.0007436288
        1.3528684665        0.7356990754       -0.0011497292
        1.2572482337        0.7001038654       -0.0012279989
        1.6818361851        0.8355779293       -0.0008647811
        2.0190276833        0.8940004938       -0.0006338592
        1.9562445705        0.8872871276       -0.0006274946
        2.0190276833        0.8940338755       -0.0006312876
        1.9562445705        0.8872639631       -0.0006262926
        1.8242074680        0.8690285195       -0.0006275499
        1.7544665628        0.8578514979       -0.0006212713
        2.0799165253        0.9057034616       -0.0005084953
        2.0190276833        0.8940614793       -0.0006300136
        1.9562445705        0.8872332518       -0.0006282159
