#epsqw diagonal term
#1:q+G [au], 2:Re(eps-1), 3:Im(eps-1)
        2.0190276833        0.8887141496       -0.0256465772
        1.9562445705        0.8736897246       -0.0248988399
        1.8242074680        0.8453712847       -0.0304220023
        1.7544665628        0.8192066430       -0.0327723472
        2.0799165253        0.8899256718       -0.0246106056
        2.0190276833        0.8887355948       -0.0254318883
        1.9562445705        0.8735116898       -0.0248979696
        2.0190276833        0.8887770682       -0.0255253591
        1.9562445705        0.8736068082       -0.0249927817
        1.8913785589        0.8610764490       -0.0333190132
        1.3528684665        0.7196903912       -0.0771106351
        1.2572482337        0.6762537260       -0.0803143257
        1.6818361851        0.8172132135       -0.0416476977
        1.6818361851        0.8059351971       -0.0387357313
        1.0399582627        0.5974707551       -0.1284874776
        0.9121037340        0.5541310454       -0.1341487142
        1.4421626309        0.7332181504       -0.0576058958
        2.1966366758        0.9101571041       -0.0193843060
        1.8913785589        0.8611829736       -0.0331575730
        1.3528684665        0.7197451189       -0.0771029323
        1.2572482337        0.6763703871       -0.0809947390
        1.6818361851        0.8177646120       -0.0418772757
        2.0190276833        0.8887589812       -0.0253839494
        1.9562445705        0.8735071361       -0.0249259444
        1.8242074680        0.8453060727       -0.0301351926
        1.7544665628        0.8192401775       -0.0327418225
        2.0799165253        0.8900612258       -0.0247962685
        1.6818361851        0.8057737984       -0.0388388131
        1.0399582627        0.5959727218       -0.1285449136
        0.9121037340        0.5533478098       -0.1350035096
        1.4421626309        0.7338840792       -0.0577681266
        2.1966366758        0.9099053648       -0.0192575320
        1.4421626309        0.7618349589       -0.0472190488
        0.5768650524        0.4522285962       -0.2077156822
        0.2884325262        0.4537841817       -0.3356500397
        1.1537301047        0.6618312723       -0.0690782102
        2.0190276833        0.8860133357       -0.0239046372
        1.6818361851        0.8058182578       -0.0390317161
        1.0399582627        0.5972553877       -0.1302073687
        0.9121037340        0.5534408627       -0.1356731949
        1.4421626309        0.7331866042       -0.0575282271
        2.1966366758        0.9100683086       -0.0191710674
        1.8242074680        0.8454150645       -0.0303714551
        1.7544665628        0.8193189468       -0.0326381460
        2.0799165253        0.8900315333       -0.0246323171
        2.0190276833        0.8887493858       -0.0252860896
        1.9562445705        0.8734459817       -0.0246401318
        1.8913785589        0.8611943477       -0.0332123965
        1.3528684665        0.7191461890       -0.0764860340
        1.2572482337        0.6759729594       -0.0802569590
        1.6818361851        0.8174354910       -0.0416328325
        1.6818361851        0.8060517473       -0.0385654470
        1.0399582627        0.5964536796       -0.1275133712
        0.9121037340        0.5535414106       -0.1338742740
        1.4421626309        0.7336263590       -0.0578014261
        2.1966366758        0.9100446303       -0.0194317031
        1.8913785589        0.8610123592       -0.0333332439
        1.3528684665        0.7197680842       -0.0770056513
        1.2572482337        0.6762136531       -0.0803058609
        1.6818361851        0.8172828037       -0.0416243943
        2.0190276833        0.8887543329       -0.0256110065
        1.9562445705        0.8737385636       -0.0248471874
        2.0190276833        0.8887542311       -0.0252846725
        1.9562445705        0.8734233425       -0.0246590959
        1.8242074680        0.8451396981       -0.0301968339
        1.7544665628        0.8191280959       -0.0328245620
        2.0799165253        0.8899824699       -0.0247698843
        2.0190276833        0.8887604812       -0.0255025133
        1.9562445705        0.8736304722       -0.0249530945
