#epsqw diagonal term
#1:q+G [au], 2:Re(eps-1), 3:Im(eps-1)
        2.0190276833        0.8946587994       -0.0005794575
        1.9562445705        0.8879023067       -0.0005772355
        1.8242074680        0.8695785374       -0.0005938642
        1.7544665628        0.8583546305       -0.0005934650
        2.0799165253        0.9061575024       -0.0004781810
        2.0190276833        0.8947064808       -0.0005775512
        1.9562445705        0.8878994768       -0.0005769302
        2.0190276833        0.8947383670       -0.0005774068
        1.9562445705        0.8878932285       -0.0005783314
        1.8913785589        0.8760989131       -0.0006692698
        1.3528684665        0.7368223323       -0.0010705358
        1.2572482337        0.7012753618       -0.0011498637
        1.6818361851        0.8365065453       -0.0007870773
        1.6818361851        0.8380445038       -0.0007289734
        1.0399582627        0.6035675740       -0.0014181375
        0.9121037340        0.5469019231       -0.0015920219
        1.4421626309        0.7720809554       -0.0009118990
        2.1966366758        0.9193434309       -0.0004575600
        1.8913785589        0.8760079575       -0.0006720900
        1.3528684665        0.7368254994       -0.0010701268
        1.2572482337        0.7013088298       -0.0011487878
        1.6818361851        0.8364803202       -0.0007884867
        2.0190276833        0.8947198196       -0.0005778393
        1.9562445705        0.8879207612       -0.0005770651
        1.8242074680        0.8696071247       -0.0005937104
        1.7544665628        0.8583865598       -0.0005933631
        2.0799165253        0.9061922894       -0.0004782733
        1.6818361851        0.8380680668       -0.0007283388
        1.0399582627        0.6036271964       -0.0014175319
        0.9121037340        0.5469095953       -0.0015926402
        1.4421626309        0.7720930983       -0.0009123366
        2.1966366758        0.9193263982       -0.0004580369
        1.4421626309        0.7850654801       -0.0008155070
        0.5768650524        0.3751132121       -0.0021068902
        0.2884325262        0.2330404164       -0.0024947539
        1.1537301047        0.6792275333       -0.0011635998
        2.0190276833        0.9046309817       -0.0004120987
        1.6818361851        0.8380564114       -0.0007293082
        1.0399582627        0.6035953246       -0.0014180691
        0.9121037340        0.5469309014       -0.0015920394
        1.4421626309        0.7721033284       -0.0009122327
        2.1966366758        0.9193378789       -0.0004576563
        1.8242074680        0.8696060550       -0.0005938994
        1.7544665628        0.8583905553       -0.0005934636
        2.0799165253        0.9061803366       -0.0004782278
        2.0190276833        0.8947136182       -0.0005781334
        1.9562445705        0.8879178202       -0.0005770895
        1.8913785589        0.8760793806       -0.0006698833
        1.3528684665        0.7367876085       -0.0010715597
        1.2572482337        0.7013088097       -0.0011489322
        1.6818361851        0.8364486771       -0.0007887108
        1.6818361851        0.8380562928       -0.0007280535
        1.0399582627        0.6036100702       -0.0014174595
        0.9121037340        0.5468799578       -0.0015927528
        1.4421626309        0.7720747333       -0.0009119673
        2.1966366758        0.9193331869       -0.0004579142
        1.8913785589        0.8760996108       -0.0006692378
        1.3528684665        0.7368237937       -0.0010704767
        1.2572482337        0.7012813609       -0.0011498532
        1.6818361851        0.8365063475       -0.0007871131
        2.0190276833        0.8946734540       -0.0005796240
        1.9562445705        0.8879252247       -0.0005774322
        2.0190276833        0.8947006726       -0.0005780454
        1.9562445705        0.8878987906       -0.0005768678
        1.8242074680        0.8695840483       -0.0005936837
        1.7544665628        0.8583530161       -0.0005933698
        2.0799165253        0.9061707397       -0.0004782098
        2.0190276833        0.8947251030       -0.0005772107
        1.9562445705        0.8878725694       -0.0005781856
