#epsqw diagonal term
#1:q+G [au], 2:Re(eps-1), 3:Im(eps-1)
        2.0190276833        0.9046025846       -0.0256637962
        1.9562445705        0.8923629619       -0.0247627451
        1.8242074680        0.8665955349       -0.0219600087
        1.7544665628        0.8519370997       -0.0197871623
        2.0799165253        0.9101518072       -0.0239958854
        2.0190276833        0.9041549596       -0.0256023186
        1.9562445705        0.8921170823       -0.0247298403
        2.0190276833        0.9044409091       -0.0256393707
        1.9562445705        0.8924240607       -0.0246033745
        1.8913785589        0.8859004176       -0.0296070254
        1.3528684665        0.7252781396       -0.0358693922
        1.2572482337        0.6776953376       -0.0476060697
        1.6818361851        0.8469258573       -0.0262424617
        1.6818361851        0.8367660875       -0.0311432391
        1.0399582627        0.5601016336       -0.0634564422
        0.9121037340        0.4950906335       -0.1030808806
        1.4421626309        0.7683361451       -0.0364958237
        2.1966366758        0.9248903334       -0.0217721968
        1.8913785589        0.8859946689       -0.0293675358
        1.3528684665        0.7251780116       -0.0364097954
        1.2572482337        0.6774591418       -0.0477237250
        1.6818361851        0.8467244111       -0.0261751678
        2.0190276833        0.9041090185       -0.0255007771
        1.9562445705        0.8920818954       -0.0246635378
        1.8242074680        0.8666575134       -0.0219743819
        1.7544665628        0.8520442511       -0.0197809540
        2.0799165253        0.9104129174       -0.0239406581
        1.6818361851        0.8367538287       -0.0311540573
        1.0399582627        0.5599595586       -0.0637479915
        0.9121037340        0.4948191430       -0.1031321224
        1.4421626309        0.7688873654       -0.0367679369
        2.1966366758        0.9250138043       -0.0219854159
        1.4421626309        0.7679940736       -0.0302342600
        0.5768650524        0.2969301203       -0.1111602378
        0.2884325262        0.0792287795       -0.1583077457
        1.1537301047        0.6704481605       -0.0593296222
        2.0190276833        0.8908976134       -0.0186136408
        1.6818361851        0.8368635766       -0.0312129397
        1.0399582627        0.5600370715       -0.0635826050
        0.9121037340        0.4952647012       -0.1037373998
        1.4421626309        0.7684152665       -0.0366171377
        2.1966366758        0.9248424549       -0.0217750421
        1.8242074680        0.8665827145       -0.0219388583
        1.7544665628        0.8518877886       -0.0197894412
        2.0799165253        0.9101667824       -0.0239309614
        2.0190276833        0.9041362711       -0.0255512726
        1.9562445705        0.8921694187       -0.0246830001
        1.8913785589        0.8861182914       -0.0292806893
        1.3528684665        0.7252964405       -0.0360374301
        1.2572482337        0.6770872916       -0.0474663623
        1.6818361851        0.8469932104       -0.0263199638
        1.6818361851        0.8366087580       -0.0311232526
        1.0399582627        0.5599562841       -0.0636185732
        0.9121037340        0.4947011190       -0.1024604960
        1.4421626309        0.7688029488       -0.0365753131
        2.1966366758        0.9250698219       -0.0219399988
        1.8913785589        0.8858890082       -0.0296208896
        1.3528684665        0.7253348572       -0.0359055903
        1.2572482337        0.6776104077       -0.0474655854
        1.6818361851        0.8469485289       -0.0262206191
        2.0190276833        0.9045414666       -0.0256399177
        1.9562445705        0.8923170253       -0.0246821064
        2.0190276833        0.9041546317       -0.0255888355
        1.9562445705        0.8921868871       -0.0247494454
        1.8242074680        0.8666861385       -0.0219867847
        1.7544665628        0.8521009110       -0.0197797841
        2.0799165253        0.9103920623       -0.0239718507
        2.0190276833        0.9044576999       -0.0257285792
        1.9562445705        0.8924322540       -0.0246403417
