#epsqw diagonal term
#1:q+G [au], 2:Re(eps-1), 3:Im(eps-1)
        2.0190276833        0.9128503557       -0.0341575473
        1.9562445705        0.9010581596       -0.0299320401
        1.8242074680        0.8798941910       -0.0275304715
        1.7544665628        0.8622126701       -0.0204613678
        2.0799165253        0.9097409745       -0.0245862854
        2.0190276833        0.9131055343       -0.0338022760
        1.9562445705        0.9012953677       -0.0295722973
        2.0190276833        0.9127695468       -0.0338290623
        1.9562445705        0.9011158338       -0.0300503135
        1.8913785589        0.8927296947       -0.0334357651
        1.3528684665        0.7464038742       -0.0410730654
        1.2572482337        0.6963822768       -0.0401097484
        1.6818361851        0.8547824448       -0.0369697455
        1.6818361851        0.8423257400       -0.0290192023
        1.0399582627        0.5739534955       -0.0500325379
        0.9121037340        0.5155477334       -0.0684754576
        1.4421626309        0.7674205397       -0.0377674445
        2.1966366758        0.9267915883       -0.0185611009
        1.8913785589        0.8928159186       -0.0338779074
        1.3528684665        0.7465645475       -0.0404259817
        1.2572482337        0.6961503854       -0.0394261775
        1.6818361851        0.8547657690       -0.0367627322
        2.0190276833        0.9131848602       -0.0337681043
        1.9562445705        0.9013380828       -0.0295893927
        1.8242074680        0.8797188352       -0.0271477275
        1.7544665628        0.8623741159       -0.0206293557
        2.0799165253        0.9097616084       -0.0245834932
        1.6818361851        0.8421949548       -0.0289718527
        1.0399582627        0.5737548007       -0.0501472446
        0.9121037340        0.5154029430       -0.0682387397
        1.4421626309        0.7678440276       -0.0378666685
        2.1966366758        0.9267718278       -0.0187715489
        1.4421626309        0.7808954199       -0.0236972107
        0.5768650524        0.3449679705       -0.0755099327
        0.2884325262        0.1761057271       -0.0828134772
        1.1537301047        0.6837301733       -0.0556870813
        2.0190276833        0.9002033615       -0.0083521957
        1.6818361851        0.8423259021       -0.0290610144
        1.0399582627        0.5739815991       -0.0502403857
        0.9121037340        0.5155314954       -0.0685559116
        1.4421626309        0.7675542518       -0.0378102143
        2.1966366758        0.9267748367       -0.0186690853
        1.8242074680        0.8799268910       -0.0275569535
        1.7544665628        0.8622967688       -0.0205570083
        2.0799165253        0.9097758272       -0.0246224720
        2.0190276833        0.9130785463       -0.0336195394
        1.9562445705        0.9014737889       -0.0298616930
        1.8913785589        0.8929305884       -0.0334864876
        1.3528684665        0.7459684818       -0.0404944864
        1.2572482337        0.6965879555       -0.0392125741
        1.6818361851        0.8545608278       -0.0369871322
        1.6818361851        0.8422458974       -0.0289994320
        1.0399582627        0.5736651314       -0.0500043762
        0.9121037340        0.5155432884       -0.0682668875
        1.4421626309        0.7677160701       -0.0378620388
        2.1966366758        0.9267998865       -0.0186739102
        1.8913785589        0.8927526002       -0.0334314703
        1.3528684665        0.7464157668       -0.0411041511
        1.2572482337        0.6964347139       -0.0401206175
        1.6818361851        0.8547779836       -0.0369979005
        2.0190276833        0.9128797138       -0.0341274933
        1.9562445705        0.9011422289       -0.0300330351
        2.0190276833        0.9130958994       -0.0336494965
        1.9562445705        0.9013552876       -0.0297832721
        1.8242074680        0.8797359221       -0.0271403323
        1.7544665628        0.8622759549       -0.0205554078
        2.0799165253        0.9097805818       -0.0245686419
        2.0190276833        0.9127242229       -0.0338366647
        1.9562445705        0.9010334038       -0.0300132489
