#epsqw diagonal term
#1:q+G [au], 2:Re(eps-1), 3:Im(eps-1)
        2.0190276833        1.0028692306       -0.0000089188
        1.9562445705        1.0031166854       -0.0000097005
        1.8242074680        1.0037002244       -0.0000116608
        1.7544665628        1.0040462734       -0.0000126721
        2.0799165253        1.0026432726       -0.0000079552
        2.0190276833        1.0028697011       -0.0000089197
        1.9562445705        1.0031176804       -0.0000097025
        2.0190276833        1.0028686101       -0.0000089165
        1.9562445705        1.0031151392       -0.0000096975
        1.8913785589        1.0033926641       -0.0000108275
        1.3528684665        1.0066360254       -0.0000245847
        1.2572482337        1.0074115471       -0.0000281502
        1.6818361851        1.0044456686       -0.0000149184
        1.6818361851        1.0044542634       -0.0000145377
        1.0399582627        1.0092895357       -0.0000382126
        0.9121037340        1.0104421175       -0.0000444473
        1.4421626309        1.0060050482       -0.0000210553
        2.1966366758        1.0022620178       -0.0000067712
        1.8913785589        1.0033923289       -0.0000108275
        1.3528684665        1.0066353232       -0.0000245852
        1.2572482337        1.0074134515       -0.0000281502
        1.6818361851        1.0044466984       -0.0000149198
        2.0190276833        1.0028687296       -0.0000089175
        1.9562445705        1.0031164295       -0.0000096996
        1.8242074680        1.0037000196       -0.0000116591
        1.7544665628        1.0040441995       -0.0000126673
        2.0799165253        1.0026414472       -0.0000079507
        1.6818361851        1.0044544910       -0.0000145371
        1.0399582627        1.0092903959       -0.0000382060
        0.9121037340        1.0104392612       -0.0000444415
        1.4421626309        1.0060030244       -0.0000210521
        2.1966366758        1.0022619279       -0.0000067706
        1.4421626309        1.0059995728       -0.0000198487
        0.5768650524        1.0129006127       -0.0000662491
        0.2884325262        1.0138748899       -0.0000869128
        1.1537301047        1.0083565165       -0.0000306616
        2.0190276833        1.0028686122       -0.0000085548
        1.6818361851        1.0044540679       -0.0000145358
        1.0399582627        1.0092888356       -0.0000382079
        0.9121037340        1.0104411434       -0.0000444411
        1.4421626309        1.0060042951       -0.0000210522
        2.1966366758        1.0022623778       -0.0000067719
        1.8242074680        1.0036988846       -0.0000116574
        1.7544665628        1.0040445446       -0.0000126678
        2.0799165253        1.0026422570       -0.0000079524
        2.0190276833        1.0028695158       -0.0000089183
        1.9562445705        1.0031158343       -0.0000096990
        1.8913785589        1.0033931520       -0.0000108285
        1.3528684665        1.0066378825       -0.0000245876
        1.2572482337        1.0074117065       -0.0000281486
        1.6818361851        1.0044454202       -0.0000149189
        1.6818361851        1.0044547139       -0.0000145388
        1.0399582627        1.0092905877       -0.0000382088
        0.9121037340        1.0104400428       -0.0000444471
        1.4421626309        1.0060037544       -0.0000210550
        2.1966366758        1.0022615192       -0.0000067699
        1.8913785589        1.0033927129       -0.0000108275
        1.3528684665        1.0066359347       -0.0000245847
        1.2572482337        1.0074114690       -0.0000281495
        1.6818361851        1.0044456475       -0.0000149183
        2.0190276833        1.0028682967       -0.0000089166
        1.9562445705        1.0031153731       -0.0000096974
        2.0190276833        1.0028703418       -0.0000089203
        1.9562445705        1.0031169922       -0.0000097016
        1.8242074680        1.0037012059       -0.0000116618
        1.7544665628        1.0040457895       -0.0000126713
        2.0799165253        1.0026424370       -0.0000079533
        2.0190276833        1.0028695290       -0.0000089186
        1.9562445705        1.0031163033       -0.0000097003
