#epsqw diagonal term
#1:q+G [au], 2:Re(eps-1), 3:Im(eps-1)
        2.0190276833        0.8751462394       -0.1111581049
        1.9562445705        0.8591507828       -0.1263462834
        1.8242074680        0.8231846353       -0.1505911647
        1.7544665628        0.7967879157       -0.1574576814
        2.0799165253        0.8846428534       -0.1138485204
        2.0190276833        0.8749466094       -0.1112393929
        1.9562445705        0.8588842007       -0.1269569437
        2.0190276833        0.8747748297       -0.1116837456
        1.9562445705        0.8589743276       -0.1260156719
        1.8913785589        0.8537167680       -0.1400226638
        1.3528684665        0.6560251670       -0.2638176804
        1.2572482337        0.5911458355       -0.2809571949
        1.6818361851        0.7876572859       -0.1930052506
        1.6818361851        0.7867421738       -0.1592035382
        1.0399582627        0.5006249742       -0.3392314166
        0.9121037340        0.4615869017       -0.3320009599
        1.4421626309        0.6867978551       -0.2237494549
        2.1966366758        0.9041776623       -0.1015717863
        1.8913785589        0.8541036082       -0.1393262203
        1.3528684665        0.6546179053       -0.2637530007
        1.2572482337        0.5856615896       -0.2797031974
        1.6818361851        0.7870017986       -0.1929363608
        2.0190276833        0.8750447487       -0.1114914972
        1.9562445705        0.8584210370       -0.1262204226
        1.8242074680        0.8243241744       -0.1512081319
        1.7544665628        0.7972644399       -0.1572414517
        2.0799165253        0.8852573422       -0.1137659627
        1.6818361851        0.7870691343       -0.1606720171
        1.0399582627        0.5016182603       -0.3341472901
        0.9121037340        0.4600777505       -0.3241524946
        1.4421626309        0.6864465177       -0.2235186281
        2.1966366758        0.9042898387       -0.1012955366
        1.4421626309        0.6970738335       -0.1620363208
        0.5768650524        0.3422620232       -0.3802416959
        0.2884325262        0.4059363898       -0.4880070985
        1.1537301047        0.5574432532       -0.2092515468
        2.0190276833        0.8827089986       -0.1139673393
        1.6818361851        0.7864442559       -0.1587844852
        1.0399582627        0.5007827375       -0.3360196372
        0.9121037340        0.4610293383       -0.3295935873
        1.4421626309        0.6864205001       -0.2231027896
        2.1966366758        0.9043581359       -0.1022072736
        1.8242074680        0.8234908435       -0.1503310318
        1.7544665628        0.7970918624       -0.1566716222
        2.0799165253        0.8844425388       -0.1140685918
        2.0190276833        0.8745447827       -0.1115620406
        1.9562445705        0.8595382770       -0.1264719812
        1.8913785589        0.8532673868       -0.1408193405
        1.3528684665        0.6544959553       -0.2653929647
        1.2572482337        0.5909576340       -0.2791621275
        1.6818361851        0.7874521942       -0.1928537031
        1.6818361851        0.7868545910       -0.1591415091
        1.0399582627        0.5034075014       -0.3362690498
        0.9121037340        0.4605225432       -0.3280018663
        1.4421626309        0.6857281837       -0.2237432961
        2.1966366758        0.9043387814       -0.1013772205
        1.8913785589        0.8530909007       -0.1388267634
        1.3528684665        0.6561706058       -0.2649123570
        1.2572482337        0.5916002182       -0.2807428018
        1.6818361851        0.7883651017       -0.1937796939
        2.0190276833        0.8753020485       -0.1107890233
        1.9562445705        0.8588764152       -0.1264242985
        2.0190276833        0.8746682897       -0.1120963633
        1.9562445705        0.8592871424       -0.1264929540
        1.8242074680        0.8242224017       -0.1510000031
        1.7544665628        0.7967993211       -0.1581919377
        2.0799165253        0.8851259072       -0.1142232027
        2.0190276833        0.8749780099       -0.1113893208
        1.9562445705        0.8592294045       -0.1265971850
