#epsqw diagonal term
#1:q+G [au], 2:Re(eps-1), 3:Im(eps-1)
        2.0190276833        1.0344360191       -0.0314995037
        1.9562445705        1.0416280592       -0.0331067147
        1.8242074680        1.0600893696       -0.0343571376
        1.7544665628        1.0705835465       -0.0357017045
        2.0799165253        1.0280565747       -0.0303095349
        2.0190276833        1.0345275070       -0.0320259059
        1.9562445705        1.0415960540       -0.0329992201
        2.0190276833        1.0343802554       -0.0321729577
        1.9562445705        1.0414751453       -0.0332322326
        1.8913785589        1.0426840338       -0.0370571374
        1.3528684665        1.1112068656       -0.0402493798
        1.2572482337        1.1279419611       -0.0362083042
        1.6818361851        1.0607945591       -0.0424683208
        1.6818361851        1.0706155561       -0.0353535450
        1.0399582627        1.1700010588       -0.0315764973
        0.9121037340        1.1980039277       -0.0284703826
        1.4421626309        1.1017649750       -0.0358272841
        2.1966366758        1.0240655914       -0.0285750293
        1.8913785589        1.0426135529       -0.0366391543
        1.3528684665        1.1112051325       -0.0402096311
        1.2572482337        1.1279655954       -0.0358705892
        1.6818361851        1.0605083483       -0.0417214219
        2.0190276833        1.0344229219       -0.0321991484
        1.9562445705        1.0414754241       -0.0334383236
        1.8242074680        1.0598974840       -0.0350222855
        1.7544665628        1.0701159309       -0.0362002303
        2.0799165253        1.0278838085       -0.0301725091
        1.6818361851        1.0706722043       -0.0350774454
        1.0399582627        1.1699137680       -0.0321364155
        0.9121037340        1.1974845790       -0.0292049047
        1.4421626309        1.1015075685       -0.0357115213
        2.1966366758        1.0240763557       -0.0282121465
        1.4421626309        1.1161866223       -0.0375929681
        0.5768650524        1.2462521533       -0.0156299044
        0.2884325262        1.2582348190       -0.0107283150
        1.1537301047        1.1634190254       -0.0381652086
        2.0190276833        1.0461900683       -0.0320763074
        1.6818361851        1.0705534637       -0.0349475473
        1.0399582627        1.1697060543       -0.0320438185
        0.9121037340        1.1976301052       -0.0293291253
        1.4421626309        1.1016949632       -0.0357472330
        2.1966366758        1.0241328641       -0.0284321869
        1.8242074680        1.0597547389       -0.0346843115
        1.7544665628        1.0702678679       -0.0364114757
        2.0799165253        1.0279692700       -0.0302853268
        2.0190276833        1.0341965215       -0.0318703538
        1.9562445705        1.0415983368       -0.0336393264
        1.8913785589        1.0423565044       -0.0363423178
        1.3528684665        1.1110494289       -0.0397386024
        1.2572482337        1.1280136862       -0.0361560217
        1.6818361851        1.0607461400       -0.0421305336
        1.6818361851        1.0706817769       -0.0353375019
        1.0399582627        1.1701107949       -0.0314918107
        0.9121037340        1.1979472738       -0.0285053858
        1.4421626309        1.1016222290       -0.0359231516
        2.1966366758        1.0240627186       -0.0284498142
        1.8913785589        1.0426657157       -0.0370817130
        1.3528684665        1.1112080781       -0.0402831099
        1.2572482337        1.1279745932       -0.0362291026
        1.6818361851        1.0608022093       -0.0424062576
        2.0190276833        1.0343532089       -0.0317715343
        1.9562445705        1.0415083705       -0.0334922282
        2.0190276833        1.0342526390       -0.0315022752
        1.9562445705        1.0417462289       -0.0333250041
        1.8242074680        1.0601187717       -0.0345106563
        1.7544665628        1.0705396384       -0.0356270688
        2.0799165253        1.0280019840       -0.0302592583
        2.0190276833        1.0344380664       -0.0319210545
        1.9562445705        1.0416438913       -0.0328631195
