#epsqw diagonal term
#1:q+G [au], 2:Re(eps-1), 3:Im(eps-1)
        2.0190276833        0.8946147959       -0.0005825952
        1.9562445705        0.8878605106       -0.0005801374
        1.8242074680        0.8695412151       -0.0005960065
        1.7544665628        0.8583207596       -0.0005952621
        2.0799165253        0.9061262950       -0.0004800480
        2.0190276833        0.8946628802       -0.0005806396
        1.9562445705        0.8878577545       -0.0005798218
        2.0190276833        0.8946947510       -0.0005805035
        1.9562445705        0.8878511616       -0.0005812718
        1.8913785589        0.8760440125       -0.0006735484
        1.3528684665        0.7367479227       -0.0010752309
        1.2572482337        0.7011971524       -0.0011545323
        1.6818361851        0.8364460098       -0.0007915535
        1.6818361851        0.8379947289       -0.0007322601
        1.0399582627        0.6034714333       -0.0014229659
        0.9121037340        0.5467894444       -0.0015973986
        1.4421626309        0.7720217982       -0.0009154556
        2.1966366758        0.9193086272       -0.0004599992
        1.8913785589        0.8759524983       -0.0006764319
        1.3528684665        0.7367512230       -0.0010748044
        1.2572482337        0.7012309096       -0.0011534191
        1.6818361851        0.8364195428       -0.0007929828
        2.0190276833        0.8946760938       -0.0005809521
        1.9562445705        0.8878789675       -0.0005799711
        1.8242074680        0.8695698210       -0.0005958506
        1.7544665628        0.8583527055       -0.0005951571
        2.0799165253        0.9061610434       -0.0004801473
        1.6818361851        0.8380184439       -0.0007316076
        1.0399582627        0.6035311298       -0.0014223552
        0.9121037340        0.5467969607       -0.0015980370
        1.4421626309        0.7720338370       -0.0009159057
        2.1966366758        0.9192915186       -0.0004604847
        1.4421626309        0.7850216246       -0.0008174778
        0.5768650524        0.3749260851       -0.0021160409
        0.2884325262        0.2327601099       -0.0025089736
        1.1537301047        0.6791600919       -0.0011664311
        2.0190276833        0.9046093035       -0.0004131487
        1.6818361851        0.8380065446       -0.0007326083
        1.0399582627        0.6034991914       -0.0014228985
        0.9121037340        0.5468184361       -0.0015974140
        1.4421626309        0.7720440693       -0.0009158043
        2.1966366758        0.9193030453       -0.0004601009
        1.8242074680        0.8695687115       -0.0005960448
        1.7544665628        0.8583566682       -0.0005952629
        2.0799165253        0.9061491001       -0.0004800997
        2.0190276833        0.8946698550       -0.0005812454
        1.9562445705        0.8878760016       -0.0005800015
        1.8913785589        0.8760244243       -0.0006741585
        1.3528684665        0.7367130128       -0.0010762694
        1.2572482337        0.7012307863       -0.0011535808
        1.6818361851        0.8363878334       -0.0007932190
        1.6818361851        0.8380067520       -0.0007313097
        1.0399582627        0.6035140408       -0.0014222765
        0.9121037340        0.5467672755       -0.0015981555
        1.4421626309        0.7720155784       -0.0009155209
        2.1966366758        0.9192983440       -0.0004603557
        1.8913785589        0.8760447211       -0.0006735145
        1.3528684665        0.7367494026       -0.0010751690
        1.2572482337        0.7012031474       -0.0011545226
        1.6818361851        0.8364458013       -0.0007915910
        2.0190276833        0.8946293745       -0.0005827770
        1.9562445705        0.8878833323       -0.0005803529
        2.0190276833        0.8946569554       -0.0005811476
        1.9562445705        0.8878570805       -0.0005797581
        1.8242074680        0.8695467631       -0.0005958208
        1.7544665628        0.8583191744       -0.0005951620
        2.0799165253        0.9061395255       -0.0004800787
        2.0190276833        0.8946815783       -0.0005802893
        1.9562445705        0.8878305835       -0.0005811090
