#epsqw diagonal term
#1:q+G [au], 2:Re(eps-1), 3:Im(eps-1)
        2.0190276833        0.8944014305       -0.0005985010
        1.9562445705        0.8876580454       -0.0005948246
        1.8242074680        0.8693618599       -0.0006065561
        1.7544665628        0.8581583379       -0.0006040531
        2.0799165253        0.9059760840       -0.0004893105
        2.0190276833        0.8944515231       -0.0005962880
        1.9562445705        0.8876556567       -0.0005944557
        2.0190276833        0.8944832933       -0.0005962027
        1.9562445705        0.8876473179       -0.0005961668
        1.8913785589        0.8757768236       -0.0006953546
        1.3528684665        0.7363884148       -0.0010988862
        1.2572482337        0.7008199267       -0.0011779677
        1.6818361851        0.8361519217       -0.0008143339
        1.6818361851        0.8377541540       -0.0007487500
        1.0399582627        0.6030103142       -0.0014467016
        0.9121037340        0.5462507415       -0.0016236652
        1.4421626309        0.7717365547       -0.0009332541
        2.1966366758        0.9191402685       -0.0004722103
        1.8913785589        0.8756825332       -0.0006985644
        1.3528684665        0.7363923717       -0.0010983685
        1.2572482337        0.7008551244       -0.0011766602
        1.6818361851        0.8361242764       -0.0008158584
        2.0190276833        0.8944640719       -0.0005967375
        1.9562445705        0.8876764883       -0.0005946867
        1.8242074680        0.8693905621       -0.0006063888
        1.7544665628        0.8581903652       -0.0006039326
        2.0799165253        0.9060106320       -0.0004894477
        1.6818361851        0.8377786232       -0.0007480031
        1.0399582627        0.6030703655       -0.0014460645
        0.9121037340        0.5462574751       -0.0016244076
        1.4421626309        0.7717480752       -0.0009337704
        2.1966366758        0.9191227822       -0.0004727419
        1.4421626309        0.7848119978       -0.0008270570
        0.5768650524        0.3740296385       -0.0021606596
        0.2884325262        0.2314163408       -0.0025783622
        1.1537301047        0.6788380354       -0.0011801611
        2.0190276833        0.9045055637       -0.0004182605
        1.6818361851        0.8377655040       -0.0007491689
        1.0399582627        0.6030381029       -0.0014466419
        0.9121037340        0.5462797980       -0.0016236698
        1.4421626309        0.7717583069       -0.0009336828
        2.1966366758        0.9191345302       -0.0004723415
        1.8242074680        0.8693892474       -0.0006066120
        1.7544665628        0.8581941642       -0.0006040656
        2.0799165253        0.9059987383       -0.0004893890
        2.0190276833        0.8944576674       -0.0005970227
        1.9562445705        0.8876733858       -0.0005947498
        1.8913785589        0.8757569883       -0.0006959391
        1.3528684665        0.7363526023       -0.0010999940
        1.2572482337        0.7008544694       -0.0011769127
        1.6818361851        0.8360922193       -0.0008161629
        1.6818361851        0.8377673517       -0.0007476379
        1.0399582627        0.6030534706       -0.0014459522
        0.9121037340        0.5462275545       -0.0016245558
        1.4421626309        0.7717303554       -0.0009333030
        2.1966366758        0.9191297980       -0.0004725779
        1.8913785589        0.8757775900       -0.0006953096
        1.3528684665        0.7363899917       -0.0010988086
        1.2572482337        0.7008258991       -0.0011779631
        1.6818361851        0.8361516570       -0.0008143811
        2.0190276833        0.8944156034       -0.0005987696
        1.9562445705        0.8876803545       -0.0005951463
        2.0190276833        0.8944450178       -0.0005968685
        1.9562445705        0.8876550432       -0.0005943842
        1.8242074680        0.8693676011       -0.0006063423
        1.7544665628        0.8581568985       -0.0006039288
        2.0799165253        0.9059892774       -0.0004893515
        2.0190276833        0.8944706062       -0.0005958870
        1.9562445705        0.8876271756       -0.0005959078
