#epsqw diagonal term
#1:q+G [au], 2:Re(eps-1), 3:Im(eps-1)
        2.0190276833        0.8945834784       -0.0005848566
        1.9562445705        0.8878307728       -0.0005822279
        1.8242074680        0.8695147193       -0.0005975380
        1.7544665628        0.8582967286       -0.0005965445
        2.0799165253        0.9061041306       -0.0004813855
        2.0190276833        0.8946318514       -0.0005828652
        1.9562445705        0.8878280696       -0.0005819049
        2.0190276833        0.8946637108       -0.0005827354
        1.9562445705        0.8878212281       -0.0005833905
        1.8913785589        0.8760048975       -0.0006766371
        1.3528684665        0.7366950189       -0.0010786090
        1.2572482337        0.7011415743       -0.0011578877
        1.6818361851        0.8364029022       -0.0007947832
        1.6818361851        0.8379593346       -0.0007346223
        1.0399582627        0.6034032201       -0.0014264161
        0.9121037340        0.5467096719       -0.0016012340
        1.4421626309        0.7719797612       -0.0009180098
        2.1966366758        0.9192838726       -0.0004617512
        1.8913785589        0.8759129820       -0.0006795664
        1.3528684665        0.7366984122       -0.0010781698
        1.2572482337        0.7011755364       -0.0011567473
        1.6818361851        0.8363762607       -0.0007962267
        2.0190276833        0.8946449734       -0.0005831958
        1.9562445705        0.8878492300       -0.0005820649
        1.8242074680        0.8695433395       -0.0005973806
        1.7544665628        0.8583286867       -0.0005964372
        2.0799165253        0.9061388510       -0.0004814899
        1.6818361851        0.8379831588       -0.0007339566
        1.0399582627        0.6034629682       -0.0014258016
        0.9121037340        0.5467170761       -0.0016018869
        1.4421626309        0.7719917256       -0.0009184690
        2.1966366758        0.9192667100       -0.0004622430
        1.4421626309        0.7849905379       -0.0008188816
        0.5768650524        0.3747933594       -0.0021225650
        0.2884325262        0.2325612543       -0.0025191140
        1.1537301047        0.6791123012       -0.0011684465
        2.0190276833        0.9045939332       -0.0004138969
        1.6818361851        0.8379710846       -0.0007349802
        1.0399582627        0.6034309839       -0.0014263496
        0.9121037340        0.5467386723       -0.0016012478
        1.4421626309        0.7720019588       -0.0009183695
        2.1966366758        0.9192782692       -0.0004618568
        1.8242074680        0.8695422004       -0.0005975788
        1.7544665628        0.8583326255       -0.0005965469
        2.0799165253        0.9061269146       -0.0004814409
        2.0190276833        0.8946387090       -0.0005834884
        1.9562445705        0.8878462452       -0.0005820996
        1.8913785589        0.8759852699       -0.0006772444
        1.3528684665        0.7366599748       -0.0010796578
        1.2572482337        0.7011753390       -0.0011569217
        1.6818361851        0.8363445044       -0.0007964720
        1.6818361851        0.8379715261       -0.0007336495
        1.0399582627        0.6034459066       -0.0014257185
        0.9121037340        0.5466873570       -0.0016020097
        1.4421626309        0.7719735431       -0.0009180728
        2.1966366758        0.9192735618       -0.0004621092
        1.8913785589        0.8760056142       -0.0006766017
        1.3528684665        0.7366965126       -0.0010785449
        1.2572482337        0.7011475663       -0.0011578787
        1.6818361851        0.8364026858       -0.0007948220
        2.0190276833        0.8945980015       -0.0005850498
        1.9562445705        0.8878535237       -0.0005824575
        2.0190276833        0.8946258436       -0.0005833832
        1.9562445705        0.8878274037       -0.0005818401
        1.8242074680        0.8695202951       -0.0005973486
        1.7544665628        0.8582951647       -0.0005964410
        2.0799165253        0.9061173559       -0.0004814175
        2.0190276833        0.8946506050       -0.0005825079
        1.9562445705        0.8878007096       -0.0005832151
