#epsqw diagonal term
#1:q+G [au], 2:Re(eps-1), 3:Im(eps-1)
        2.0190276833        0.8838348893       -0.0312688426
        1.9562445705        0.8779539770       -0.0263729140
        1.8242074680        0.8641872981       -0.0233620435
        1.7544665628        0.8530198521       -0.0170632913
        2.0799165253        0.8997172212       -0.0222112063
        2.0190276833        0.8839880279       -0.0312324845
        1.9562445705        0.8783630975       -0.0267659200
        2.0190276833        0.8836103692       -0.0310533716
        1.9562445705        0.8779759077       -0.0264394898
        1.8913785589        0.8681307577       -0.0294941282
        1.3528684665        0.7197293066       -0.0390482715
        1.2572482337        0.6861636681       -0.0332195686
        1.6818361851        0.8241533089       -0.0347911497
        1.6818361851        0.8272002612       -0.0263723798
        1.0399582627        0.5816267962       -0.0423480038
        0.9121037340        0.5116179790       -0.0465962618
        1.4421626309        0.7587645064       -0.0330950117
        2.1966366758        0.9134977413       -0.0210362715
        1.8913785589        0.8677318391       -0.0292297760
        1.3528684665        0.7199329832       -0.0386318561
        1.2572482337        0.6868334062       -0.0329719518
        1.6818361851        0.8235591098       -0.0349760114
        2.0190276833        0.8839916789       -0.0311919086
        1.9562445705        0.8783321820       -0.0267407261
        1.8242074680        0.8640130137       -0.0232447058
        1.7544665628        0.8530227544       -0.0170324195
        2.0799165253        0.8996099002       -0.0221691948
        1.6818361851        0.8273849016       -0.0264051588
        1.0399582627        0.5820736816       -0.0418736522
        0.9121037340        0.5111045828       -0.0462387136
        1.4421626309        0.7587072847       -0.0332181637
        2.1966366758        0.9134462542       -0.0209701897
        1.4421626309        0.7732763550       -0.0286339905
        0.5768650524        0.3506261604       -0.1045948010
        0.2884325262        0.2672632435       -0.1240067641
        1.1537301047        0.6462162956       -0.0534958154
        2.0190276833        0.8995658889       -0.0117632768
        1.6818361851        0.8271880855       -0.0265615169
        1.0399582627        0.5815668018       -0.0424951962
        0.9121037340        0.5115228471       -0.0468313727
        1.4421626309        0.7586412319       -0.0332440713
        2.1966366758        0.9134495888       -0.0210298243
        1.8242074680        0.8642187690       -0.0233443919
        1.7544665628        0.8530370047       -0.0171115995
        2.0799165253        0.8997529569       -0.0223196543
        2.0190276833        0.8838772953       -0.0310393337
        1.9562445705        0.8780727660       -0.0264854209
        1.8913785589        0.8677823219       -0.0290715434
        1.3528684665        0.7196191360       -0.0383741743
        1.2572482337        0.6865469387       -0.0328109965
        1.6818361851        0.8237067187       -0.0343080098
        1.6818361851        0.8273816610       -0.0262356560
        1.0399582627        0.5821152685       -0.0417699077
        0.9121037340        0.5110785884       -0.0460487919
        1.4421626309        0.7588772442       -0.0329952618
        2.1966366758        0.9135091856       -0.0208225079
        1.8913785589        0.8680705312       -0.0295238883
        1.3528684665        0.7196663124       -0.0390625515
        1.2572482337        0.6862334694       -0.0332205088
        1.6818361851        0.8242033860       -0.0347965572
        2.0190276833        0.8837951161       -0.0311936548
        1.9562445705        0.8779282164       -0.0263407206
        2.0190276833        0.8838874618       -0.0310349007
        1.9562445705        0.8781169376       -0.0265500461
        1.8242074680        0.8639565455       -0.0231980049
        1.7544665628        0.8529934668       -0.0170138739
        2.0799165253        0.8995854345       -0.0221037956
        2.0190276833        0.8836192493       -0.0310728460
        1.9562445705        0.8780605490       -0.0265336611
