#epsqw diagonal term
#1:q+G [au], 2:Re(eps-1), 3:Im(eps-1)
        2.0190276833        1.0734524409       -0.0402056347
        1.9562445705        1.0828719669       -0.0442256253
        1.8242074680        1.1010021207       -0.0438403553
        1.7544665628        1.1097235864       -0.0422197773
        2.0799165253        1.0689819900       -0.0415657432
        2.0190276833        1.0736095328       -0.0398329949
        1.9562445705        1.0833183604       -0.0426599222
        2.0190276833        1.0734271068       -0.0411280694
        1.9562445705        1.0826878401       -0.0453368556
        1.8913785589        1.0918713518       -0.0472861385
        1.3528684665        1.1889099069       -0.0569829024
        1.2572482337        1.2071441436       -0.0550057356
        1.6818361851        1.1238984360       -0.0576728158
        1.6818361851        1.1294756723       -0.0543431943
        1.0399582627        1.2680221688       -0.0593391091
        0.9121037340        1.3071036809       -0.0579375765
        1.4421626309        1.1748963901       -0.0549418453
        2.1966366758        1.0556128841       -0.0360593957
        1.8913785589        1.0916814990       -0.0469511526
        1.3528684665        1.1890897227       -0.0567636827
        1.2572482337        1.2079762338       -0.0538343932
        1.6818361851        1.1247715531       -0.0551199937
        2.0190276833        1.0735148484       -0.0407640820
        1.9562445705        1.0831617373       -0.0438627919
        1.8242074680        1.1007496895       -0.0446167570
        1.7544665628        1.1091150601       -0.0439204080
        2.0799165253        1.0684561347       -0.0434347436
        1.6818361851        1.1303958044       -0.0529823976
        1.0399582627        1.2691630454       -0.0591992804
        0.9121037340        1.3065025508       -0.0582303542
        1.4421626309        1.1743882593       -0.0556265538
        2.1966366758        1.0554359258       -0.0365655994
        1.4421626309        1.1795830672       -0.0535866955
        0.5768650524        1.3794147067       -0.0517272438
        0.2884325262        1.3933029537       -0.0473221790
        1.1537301047        1.2582737467       -0.0654735676
        2.0190276833        1.0785908905       -0.0384688910
        1.6818361851        1.1293552892       -0.0539746969
        1.0399582627        1.2683045581       -0.0595658187
        0.9121037340        1.3071097054       -0.0581815795
        1.4421626309        1.1753367523       -0.0546963739
        2.1966366758        1.0559427609       -0.0358867573
        1.8242074680        1.1002323877       -0.0451259947
        1.7544665628        1.1092272311       -0.0436538531
        2.0799165253        1.0693114524       -0.0423710861
        2.0190276833        1.0737936615       -0.0392335537
        1.9562445705        1.0828353836       -0.0448417731
        1.8913785589        1.0922472907       -0.0449249650
        1.3528684665        1.1900094220       -0.0551443759
        1.2572482337        1.2075819689       -0.0545305325
        1.6818361851        1.1236414894       -0.0573511345
        1.6818361851        1.1300148697       -0.0533016246
        1.0399582627        1.2688838555       -0.0591347777
        0.9121037340        1.3065016036       -0.0578979719
        1.4421626309        1.1742325603       -0.0557768878
        2.1966366758        1.0554170115       -0.0367120874
        1.8913785589        1.0917885755       -0.0472573093
        1.3528684665        1.1890013108       -0.0568693453
        1.2572482337        1.2070768674       -0.0550131567
        1.6818361851        1.1239703841       -0.0578388859
        2.0190276833        1.0734659539       -0.0409267003
        1.9562445705        1.0827019766       -0.0455003251
        2.0190276833        1.0737410551       -0.0384298629
        1.9562445705        1.0831110743       -0.0435611089
        1.8242074680        1.1011389577       -0.0432905470
        1.7544665628        1.1097412245       -0.0423729477
        2.0799165253        1.0685213488       -0.0426863784
        2.0190276833        1.0734326784       -0.0401870088
        1.9562445705        1.0828616032       -0.0442081222
