#epsqw diagonal term
#1:q+G [au], 2:Re(eps-1), 3:Im(eps-1)
        2.0190276833        0.8862884185       -0.0058605582
        1.9562445705        0.8792015991       -0.0051713753
        1.8242074680        0.8579381175       -0.0059593188
        1.7544665628        0.8474225812       -0.0051658582
        2.0799165253        0.8976111106       -0.0047074036
        2.0190276833        0.8863404858       -0.0057512124
        1.9562445705        0.8791620995       -0.0051467917
        2.0190276833        0.8862181400       -0.0056894558
        1.9562445705        0.8791839842       -0.0051926679
        1.8913785589        0.8680395845       -0.0101467570
        1.3528684665        0.7205817002       -0.0108740660
        1.2572482337        0.6824984719       -0.0095542800
        1.6818361851        0.8257616218       -0.0099330772
        1.6818361851        0.8271226427       -0.0095782155
        1.0399582627        0.5756814215       -0.0132845907
        0.9121037340        0.5120785772       -0.0142607866
        1.4421626309        0.7593862639       -0.0096126835
        2.1966366758        0.9101295987       -0.0073844108
        1.8913785589        0.8680626446       -0.0103596274
        1.3528684665        0.7207149346       -0.0106412585
        1.2572482337        0.6824310997       -0.0092492779
        1.6818361851        0.8258005092       -0.0101106929
        2.0190276833        0.8863330605       -0.0057487709
        1.9562445705        0.8791561521       -0.0051449775
        1.8242074680        0.8578814249       -0.0059688208
        1.7544665628        0.8474899590       -0.0049700883
        2.0799165253        0.8976147393       -0.0046840817
        1.6818361851        0.8271839735       -0.0095601822
        1.0399582627        0.5757570078       -0.0137024251
        0.9121037340        0.5121451923       -0.0147510374
        1.4421626309        0.7594218304       -0.0097403351
        2.1966366758        0.9100674829       -0.0074765647
        1.4421626309        0.7735168318       -0.0031347899
        0.5768650524        0.3123831897       -0.0177830327
        0.2884325262        0.1379827520       -0.0302096223
        1.1537301047        0.6619814641       -0.0047581419
        2.0190276833        0.8977681468       -0.0023443383
        1.6818361851        0.8271194731       -0.0095993725
        1.0399582627        0.5757002143       -0.0132185842
        0.9121037340        0.5120876552       -0.0142092057
        1.4421626309        0.7593743250       -0.0096398054
        2.1966366758        0.9101184399       -0.0073351901
        1.8242074680        0.8579551823       -0.0059441986
        1.7544665628        0.8474686741       -0.0052081149
        2.0799165253        0.8976166527       -0.0047278939
        2.0190276833        0.8862336570       -0.0058653107
        1.9562445705        0.8791726925       -0.0051188927
        1.8913785589        0.8680270886       -0.0104167319
        1.3528684665        0.7204909034       -0.0113814547
        1.2572482337        0.6824901148       -0.0095171247
        1.6818361851        0.8257858142       -0.0102929896
        1.6818361851        0.8271760315       -0.0096034449
        1.0399582627        0.5757881367       -0.0136574945
        0.9121037340        0.5121173696       -0.0148889677
        1.4421626309        0.7594365510       -0.0097149334
        2.1966366758        0.9100805550       -0.0074848424
        1.8913785589        0.8680375941       -0.0101522892
        1.3528684665        0.7205897306       -0.0108519468
        1.2572482337        0.6825179280       -0.0095909416
        1.6818361851        0.8257574921       -0.0099258533
        2.0190276833        0.8862862754       -0.0058604435
        1.9562445705        0.8792049797       -0.0051937169
        2.0190276833        0.8862224936       -0.0058533626
        1.9562445705        0.8791835141       -0.0051182649
        1.8242074680        0.8578697797       -0.0059461219
        1.7544665628        0.8474532064       -0.0049615604
        2.0799165253        0.8976110599       -0.0046886216
        2.0190276833        0.8862217090       -0.0056771678
        1.9562445705        0.8791867599       -0.0052075170
