#epsqw diagonal term
#1:q+G [au], 2:Re(eps-1), 3:Im(eps-1)
        2.0190276833        0.8944803464       -0.0005924779
        1.9562445705        0.8877328914       -0.0005892674
        1.8242074680        0.8694278744       -0.0006026225
        1.7544665628        0.8582180506       -0.0006007871
        2.0799165253        0.9060314212       -0.0004858429
        2.0190276833        0.8945296855       -0.0005903638
        1.9562445705        0.8877303646       -0.0005889190
        2.0190276833        0.8945614988       -0.0005902575
        1.9562445705        0.8877226866       -0.0005905284
        1.8913785589        0.8758758398       -0.0006870752
        1.3528684665        0.7365211285       -0.0010899574
        1.2572482337        0.7009590549       -0.0011691386
        1.6818361851        0.8362608039       -0.0008056904
        1.6818361851        0.8378429781       -0.0007425405
        1.0399582627        0.6031798639       -0.0014378597
        0.9121037340        0.5464486643       -0.0016139138
        1.4421626309        0.7718417375       -0.0009265603
        2.1966366758        0.9192024560       -0.0004676174
        1.8913785589        0.8757825892       -0.0006901604
        1.3528684665        0.7365248386       -0.0010894747
        1.2572482337        0.7009937099       -0.0011679056
        1.6818361851        0.8362335930       -0.0008071801
        2.0190276833        0.8945424915       -0.0005907588
        1.9562445705        0.8877513444       -0.0005891173
        1.8242074680        0.8694565406       -0.0006024597
        1.7544665628        0.8582500484       -0.0006006723
        2.0799165253        0.9060660465       -0.0004859651
        1.6818361851        0.8378671638       -0.0007418299
        1.0399582627        0.6032397847       -0.0014372326
        0.9121037340        0.5464556921       -0.0016146162
        1.4421626309        0.7718534537       -0.0009270511
        2.1966366758        0.9191851120       -0.0004681310
        1.4421626309        0.7848889383       -0.0008235101
        0.5768650524        0.3743590388       -0.0021441123
        0.2884325262        0.2319102913       -0.0025526185
        1.1537301047        0.6789561799       -0.0011750834
        2.0190276833        0.9045436639       -0.0004163662
        1.6818361851        0.8378545051       -0.0007429321
        1.0399582627        0.6032076439       -0.0014377967
        0.9121037340        0.5464776964       -0.0016139224
        1.4421626309        0.7718636865       -0.0009269580
        2.1966366758        0.9191967778       -0.0004677369
        1.8242074680        0.8694553036       -0.0006026715
        1.7544665628        0.8582539082       -0.0006007950
        2.0799165253        0.9060541331       -0.0004859109
        2.0190276833        0.8945361452       -0.0005910479
        1.9562445705        0.8877482958       -0.0005891675
        1.8913785589        0.8758560900       -0.0006876710
        1.3528684665        0.7364856479       -0.0010910398
        1.2572482337        0.7009932588       -0.0011681232
        1.6818361851        0.8362016723       -0.0008074574
        1.6818361851        0.8378557325       -0.0007414909
        1.0399582627        0.6032228155       -0.0014371336
        0.9121037340        0.5464258592       -0.0016147532
        1.4421626309        0.7718355293       -0.0009266157
        2.1966366758        0.9191920547       -0.0004679808
        1.8913785589        0.8758765841       -0.0006870346
        1.3528684665        0.7365226684       -0.0010898859
        1.2572482337        0.7009650361       -0.0011691320
        1.6818361851        0.8362605607       -0.0008057338
        2.0190276833        0.8944946769       -0.0005927119
        1.9562445705        0.8877553989       -0.0005895468
        2.0190276833        0.8945233981       -0.0005909164
        1.9562445705        0.8877297289       -0.0005888506
        1.8242074680        0.8694335424       -0.0006024198
        1.7544665628        0.8582165571       -0.0006006719
        2.0799165253        0.9060446295       -0.0004858797
        2.0190276833        0.8945486234       -0.0005899823
        1.9562445705        0.8877023745       -0.0005903079
