#epsqw diagonal term
#1:q+G [au], 2:Re(eps-1), 3:Im(eps-1)
        2.0190276833        0.8941628538       -0.0006178460
        1.9562445705        0.8874320545       -0.0006126391
        1.8242074680        0.8691647694       -0.0006186826
        1.7544665628        0.8579805725       -0.0006140237
        2.0799165253        0.9058104742       -0.0005001203
        2.0190276833        0.8942153085       -0.0006153053
        1.9562445705        0.8874301023       -0.0006122037
        2.0190276833        0.8942468968       -0.0006153026
        1.9562445705        0.8874196490       -0.0006142622
        1.8913785589        0.8754760710       -0.0007221102
        1.3528684665        0.7359891189       -0.0011273246
        1.2572482337        0.7004022662       -0.0012059577
        1.6818361851        0.8358219350       -0.0008422269
        1.6818361851        0.8374868783       -0.0007683862
        1.0399582627        0.6025053320       -0.0014738887
        0.9121037340        0.5456624317       -0.0016533775
        1.4421626309        0.7714209965       -0.0009543627
        2.1966366758        0.9189529693       -0.0004866904
        1.8913785589        0.8753785578       -0.0007257275
        1.3528684665        0.7359938547       -0.0011266922
        1.2572482337        0.7004391699       -0.0012044054
        1.6818361851        0.8357929919       -0.0008438536
        2.0190276833        0.8942269893       -0.0006159522
        1.9562445705        0.8874504300       -0.0006125540
        1.8242074680        0.8691935887       -0.0006184982
        1.7544665628        0.8580126952       -0.0006138863
        2.0799165253        0.9058447665       -0.0005003102
        1.6818361851        0.8375122331       -0.0007675183
        1.0399582627        0.6025657824       -0.0014732187
        0.9121037340        0.5456682393       -0.0016542519
        1.4421626309        0.7714319035       -0.0009549641
        2.1966366758        0.9189350368       -0.0004872831
        1.4421626309        0.7845838655       -0.0008377996
        0.5768650524        0.3730503309       -0.0022109337
        0.2884325262        0.2299465751       -0.0026566469
        1.1537301047        0.6784881489       -0.0011954953
        2.0190276833        0.9043924404       -0.0004240066
        1.6818361851        0.8374976656       -0.0007688977
        1.0399582627        0.6025331386       -0.0014738441
        0.9121037340        0.5456915647       -0.0016533697
        1.4421626309        0.7714421195       -0.0009548957
        2.1966366758        0.9189470326       -0.0004868622
        1.8242074680        0.8691920233       -0.0006187626
        1.7544665628        0.8580163007       -0.0006140515
        2.0799165253        0.9058329394       -0.0005002354
        2.0190276833        0.8942204351       -0.0006162179
        1.9562445705        0.8874471455       -0.0006126623
        1.8913785589        0.8754560318       -0.0007226453
        1.3528684665        0.7359523159       -0.0011285068
        1.2572482337        0.7004378647       -0.0012047726
        1.6818361851        0.8357604834       -0.0008442554
        1.6818361851        0.8375014757       -0.0007670642
        1.0399582627        0.6025491299       -0.0014730607
        0.9121037340        0.5456380454       -0.0016544351
        1.4421626309        0.7714148360       -0.0009543885
        2.1966366758        0.9189422921       -0.0004870714
        1.8913785589        0.8754769121       -0.0007220491
        1.3528684665        0.7359908162       -0.0011272253
        1.2572482337        0.7004082084       -0.0012059601
        1.6818361851        0.8358215992       -0.0008422877
        2.0190276833        0.8941764910       -0.0006182413
        1.9562445705        0.8874536933       -0.0006131138
        2.0190276833        0.8942081216       -0.0006159797
        1.9562445705        0.8874295630       -0.0006121198
        1.8242074680        0.8691707489       -0.0006184284
        1.7544665628        0.8579793045       -0.0006138710
        2.0799165253        0.9058236138       -0.0005001766
        2.0190276833        0.8942348473       -0.0006148395
        1.9562445705        0.8874000865       -0.0006138624
