#epsqw diagonal term
#1:q+G [au], 2:Re(eps-1), 3:Im(eps-1)
        2.0190276833        0.9131921090       -0.0258491818
        1.9562445705        0.9030524384       -0.0270033426
        1.8242074680        0.8805108621       -0.0300970119
        1.7544665628        0.8547051334       -0.0315264459
        2.0799165253        0.9214133136       -0.0271782022
        2.0190276833        0.9132830092       -0.0260974374
        1.9562445705        0.9030464469       -0.0273158916
        2.0190276833        0.9134028734       -0.0259692755
        1.9562445705        0.9031859152       -0.0271776486
        1.8913785589        0.8864162311       -0.0300172279
        1.3528684665        0.6813284056       -0.0681632469
        1.2572482337        0.6382380926       -0.0791978587
        1.6818361851        0.8259644063       -0.0331982130
        1.6818361851        0.8379365414       -0.0404982251
        1.0399582627        0.5213986088       -0.1658301033
        0.9121037340        0.4483682341       -0.2124109199
        1.4421626309        0.7427161090       -0.0587955691
        2.1966366758        0.9345552124       -0.0208624454
        1.8913785589        0.8861963649       -0.0295426369
        1.3528684665        0.6816054783       -0.0673916382
        1.2572482337        0.6392762042       -0.0792027525
        1.6818361851        0.8253588441       -0.0329093150
        2.0190276833        0.9133206726       -0.0260292781
        1.9562445705        0.9030137672       -0.0273865234
        1.8242074680        0.8806986329       -0.0303029540
        1.7544665628        0.8546542614       -0.0313461863
        2.0799165253        0.9215546987       -0.0269643062
        1.6818361851        0.8378348330       -0.0409427943
        1.0399582627        0.5200827563       -0.1679777853
        0.9121037340        0.4455412648       -0.2128644320
        1.4421626309        0.7434369386       -0.0585775398
        2.1966366758        0.9347298012       -0.0208656008
        1.4421626309        0.7682852669       -0.0604101444
        0.5768650524        0.1394379853       -0.4395632718
        0.2884325262        0.0005486644       -0.6052944840
        1.1537301047        0.6406749178       -0.0898229980
        2.0190276833        0.9110910547       -0.0313326402
        1.6818361851        0.8381023014       -0.0407987939
        1.0399582627        0.5210462789       -0.1660464140
        0.9121037340        0.4476051875       -0.2116666788
        1.4421626309        0.7424986970       -0.0582642231
        2.1966366758        0.9346561866       -0.0206681749
        1.8242074680        0.8805100666       -0.0301306066
        1.7544665628        0.8548058454       -0.0314684849
        2.0799165253        0.9215005117       -0.0271098662
        2.0190276833        0.9133014802       -0.0260575879
        1.9562445705        0.9034293033       -0.0274221270
        1.8913785589        0.8856088927       -0.0295456448
        1.3528684665        0.6817874355       -0.0672328603
        1.2572482337        0.6391449065       -0.0800490362
        1.6818361851        0.8257286081       -0.0326930633
        1.6818361851        0.8379485031       -0.0408033529
        1.0399582627        0.5210349332       -0.1682602799
        0.9121037340        0.4455629107       -0.2130667835
        1.4421626309        0.7432570584       -0.0588789596
        2.1966366758        0.9346542747       -0.0210195005
        1.8913785589        0.8865573252       -0.0300082122
        1.3528684665        0.6811647717       -0.0680030611
        1.2572482337        0.6382033699       -0.0791392110
        1.6818361851        0.8259888867       -0.0332617223
        2.0190276833        0.9132488606       -0.0258138905
        1.9562445705        0.9029728211       -0.0270089900
        2.0190276833        0.9132838585       -0.0261191537
        1.9562445705        0.9033956891       -0.0273271995
        1.8242074680        0.8805952039       -0.0302767479
        1.7544665628        0.8547246787       -0.0313518818
        2.0799165253        0.9213736792       -0.0270542912
        2.0190276833        0.9133159796       -0.0259898820
        1.9562445705        0.9031810248       -0.0271567692
