#epsqw diagonal term
#1:q+G [au], 2:Re(eps-1), 3:Im(eps-1)
        2.0190276833        0.9101603081       -0.0216191798
        1.9562445705        0.8984418918       -0.0197126303
        1.8242074680        0.8744376280       -0.0151399705
        1.7544665628        0.8581560201       -0.0133800366
        2.0799165253        0.9108772998       -0.0207244038
        2.0190276833        0.9101362141       -0.0212591224
        1.9562445705        0.8985989946       -0.0195627268
        2.0190276833        0.9100869156       -0.0214390537
        1.9562445705        0.8985909170       -0.0197737114
        1.8913785589        0.8880801291       -0.0246990206
        1.3528684665        0.7364634157       -0.0305998641
        1.2572482337        0.6859497600       -0.0349009611
        1.6818361851        0.8519984399       -0.0281841723
        1.6818361851        0.8387644338       -0.0252105666
        1.0399582627        0.5738944091       -0.0514022638
        0.9121037340        0.5042766553       -0.0682550544
        1.4421626309        0.7726322504       -0.0368469804
        2.1966366758        0.9233059618       -0.0181802700
        1.8913785589        0.8884240186       -0.0245423901
        1.3528684665        0.7360509930       -0.0298506576
        1.2572482337        0.6854965892       -0.0343344259
        1.6818361851        0.8522076487       -0.0279554663
        2.0190276833        0.9100650039       -0.0212581444
        1.9562445705        0.8986486948       -0.0194476003
        1.8242074680        0.8742414390       -0.0151056463
        1.7544665628        0.8581939603       -0.0133943325
        2.0799165253        0.9108589287       -0.0208478501
        1.6818361851        0.8387245361       -0.0253543159
        1.0399582627        0.5737797940       -0.0515654103
        0.9121037340        0.5041831558       -0.0683176518
        1.4421626309        0.7725716602       -0.0367824710
        2.1966366758        0.9234496547       -0.0182844398
        1.4421626309        0.7754271033       -0.0247048880
        0.5768650524        0.3217660333       -0.0884751590
        0.2884325262        0.1384551034       -0.1051103660
        1.1537301047        0.6750178755       -0.0517268643
        2.0190276833        0.8946323913       -0.0116523003
        1.6818361851        0.8387475447       -0.0252232780
        1.0399582627        0.5740348161       -0.0515078449
        0.9121037340        0.5044280040       -0.0684098719
        1.4421626309        0.7725821800       -0.0368897636
        2.1966366758        0.9234329744       -0.0181237633
        1.8242074680        0.8744974305       -0.0151066260
        1.7544665628        0.8581711137       -0.0133506663
        2.0799165253        0.9108628414       -0.0207172241
        2.0190276833        0.9101538055       -0.0213753535
        1.9562445705        0.8985208279       -0.0193981259
        1.8913785589        0.8882173028       -0.0245333577
        1.3528684665        0.7360549177       -0.0308982938
        1.2572482337        0.6854426615       -0.0343619955
        1.6818361851        0.8521944849       -0.0281027508
        1.6818361851        0.8387766954       -0.0252909166
        1.0399582627        0.5737376445       -0.0513609274
        0.9121037340        0.5041938751       -0.0680800652
        1.4421626309        0.7727379016       -0.0367031779
        2.1966366758        0.9233741365       -0.0183049909
        1.8913785589        0.8880831747       -0.0246794008
        1.3528684665        0.7364088530       -0.0306157057
        1.2572482337        0.6859873298       -0.0348939253
        1.6818361851        0.8519909055       -0.0281984523
        2.0190276833        0.9102037802       -0.0215485496
        1.9562445705        0.8985081013       -0.0196179224
        2.0190276833        0.9100710903       -0.0214519529
        1.9562445705        0.8984358989       -0.0195486106
        1.8242074680        0.8742699015       -0.0151148981
        1.7544665628        0.8581762535       -0.0134220682
        2.0799165253        0.9108634241       -0.0207941535
        2.0190276833        0.9101278043       -0.0214384461
        1.9562445705        0.8985441753       -0.0199056082
