#epsqw diagonal term
#1:q+G [au], 2:Re(eps-1), 3:Im(eps-1)
        2.0190276833        0.9201550766       -0.0959590860
        1.9562445705        0.9191975551       -0.1090414262
        1.8242074680        0.9072495682       -0.1450566217
        1.7544665628        0.9204809749       -0.1810611564
        2.0799165253        0.9393814015       -0.0894813987
        2.0190276833        0.9212961892       -0.0956724042
        1.9562445705        0.9190574682       -0.1085058985
        2.0190276833        0.9216508502       -0.0957576035
        1.9562445705        0.9183024269       -0.1088381358
        1.8913785589        0.8981579895       -0.1151819629
        1.3528684665        0.8447924584       -0.3338884641
        1.2572482337        0.7541452551       -0.4285633995
        1.6818361851        0.8748906829       -0.1713671567
        1.6818361851        0.8507841274       -0.1847898726
        1.0399582627        0.6351523231       -0.5684845001
        0.9121037340        0.5099259132       -0.6505396144
        1.4421626309        0.7808813881       -0.2914461063
        2.1966366758        0.9523049342       -0.0718641654
        1.8913785589        0.8976938400       -0.1138481416
        1.3528684665        0.8487685892       -0.3324148699
        1.2572482337        0.7533395447       -0.4267785053
        1.6818361851        0.8742138228       -0.1706102358
        2.0190276833        0.9213951564       -0.0954268324
        1.9562445705        0.9192723902       -0.1080589054
        1.8242074680        0.9070511867       -0.1444160982
        1.7544665628        0.9214019801       -0.1828271245
        2.0799165253        0.9388385790       -0.0895938077
        1.6818361851        0.8529224314       -0.1858738334
        1.0399582627        0.6312604864       -0.5670988166
        0.9121037340        0.5136222164       -0.6535781192
        1.4421626309        0.7814220804       -0.2931148230
        2.1966366758        0.9515377708       -0.0712094706
        1.4421626309        0.7851654162       -0.2564683500
        0.5768650524        0.2544140850       -0.6679492770
        0.2884325262       -0.0111152494       -0.7781205720
        1.1537301047        0.5977492479       -0.4307328958
        2.0190276833        0.9439446342       -0.0827222835
        1.6818361851        0.8519470637       -0.1860044117
        1.0399582627        0.6356021161       -0.5635747580
        0.9121037340        0.5090756480       -0.6494481072
        1.4421626309        0.7818385655       -0.2915528939
        2.1966366758        0.9524407403       -0.0720288219
        1.8242074680        0.9072541300       -0.1442541188
        1.7544665628        0.9205046401       -0.1822234117
        2.0799165253        0.9395986781       -0.0903445522
        2.0190276833        0.9220729486       -0.0957443324
        1.9562445705        0.9192850543       -0.1082755728
        1.8913785589        0.8985093722       -0.1138558031
        1.3528684665        0.8455800161       -0.3324793655
        1.2572482337        0.7545389027       -0.4244117705
        1.6818361851        0.8757178531       -0.1695966665
        1.6818361851        0.8507350438       -0.1852668777
        1.0399582627        0.6334271874       -0.5714072156
        0.9121037340        0.5097393552       -0.6543362153
        1.4421626309        0.7800454678       -0.2926214813
        2.1966366758        0.9519437647       -0.0715219886
        1.8913785589        0.8978553513       -0.1153486439
        1.3528684665        0.8458313986       -0.3338287545
        1.2572482337        0.7534637024       -0.4307296643
        1.6818361851        0.8751122908       -0.1722218603
        2.0190276833        0.9201971848       -0.0952582326
        1.9562445705        0.9198081981       -0.1090268887
        2.0190276833        0.9216663209       -0.0963352139
        1.9562445705        0.9192274164       -0.1088060367
        1.8242074680        0.9060351048       -0.1445671822
        1.7544665628        0.9210739566       -0.1825800316
        2.0799165253        0.9382604181       -0.0897445069
        2.0190276833        0.9213613065       -0.0957573032
        1.9562445705        0.9185408705       -0.1094916202
