#epsqw diagonal term
#1:q+G [au], 2:Re(eps-1), 3:Im(eps-1)
        2.0190276833        1.0119952869       -0.0000457903
        1.9562445705        1.0129842717       -0.0000494794
        1.8242074680        1.0152415116       -0.0000580773
        1.7544665628        1.0165556094       -0.0000623978
        2.0799165253        1.0111337880       -0.0000417160
        2.0190276833        1.0119968663       -0.0000457940
        1.9562445705        1.0129876057       -0.0000494929
        2.0190276833        1.0119925738       -0.0000457781
        1.9562445705        1.0129792520       -0.0000494638
        1.8913785589        1.0140743567       -0.0000545570
        1.3528684665        1.0265526532       -0.0001133814
        1.2572482337        1.0294554462       -0.0001278671
        1.6818361851        1.0182188715       -0.0000728582
        1.6818361851        1.0181803194       -0.0000707952
        1.0399582627        1.0366072084       -0.0001694376
        0.9121037340        1.0410060673       -0.0001953550
        1.4421626309        1.0241262969       -0.0000985695
        2.1966366758        1.0096010387       -0.0000360717
        1.8913785589        1.0140731965       -0.0000545561
        1.3528684665        1.0265534177       -0.0001133805
        1.2572482337        1.0294601094       -0.0001278741
        1.6818361851        1.0182236369       -0.0000728747
        2.0190276833        1.0119932462       -0.0000457814
        1.9562445705        1.0129830276       -0.0000494773
        1.8242074680        1.0152390589       -0.0000580696
        1.7544665628        1.0165478422       -0.0000623726
        2.0799165253        1.0111274095       -0.0000416913
        1.6818361851        1.0181820492       -0.0000707986
        1.0399582627        1.0366065049       -0.0001694250
        0.9121037340        1.0409963658       -0.0001953250
        1.4421626309        1.0241199739       -0.0000985521
        2.1966366758        1.0096003048       -0.0000360673
        1.4421626309        1.0241603552       -0.0000942659
        0.5768650524        1.0500641719       -0.0002812244
        0.2884325262        1.0534443584       -0.0003594564
        1.1537301047        1.0332673877       -0.0001406638
        2.0190276833        1.0119813560       -0.0000442865
        1.6818361851        1.0181788430       -0.0000707881
        1.0399582627        1.0366028421       -0.0001694199
        0.9121037340        1.0409988098       -0.0001953282
        1.4421626309        1.0241225666       -0.0000985567
        2.1966366758        1.0096023054       -0.0000360753
        1.8242074680        1.0152363757       -0.0000580603
        1.7544665628        1.0165487965       -0.0000623761
        2.0799165253        1.0111300519       -0.0000417037
        2.0190276833        1.0119960419       -0.0000457921
        1.9562445705        1.0129816698       -0.0000494716
        1.8913785589        1.0140782290       -0.0000545708
        1.3528684665        1.0265595548       -0.0001134035
        1.2572482337        1.0294570640       -0.0001278649
        1.6818361851        1.0182178467       -0.0000728581
        1.6818361851        1.0181833716       -0.0000708043
        1.0399582627        1.0366096817       -0.0001694358
        0.9121037340        1.0410020140       -0.0001953478
        1.4421626309        1.0241228258       -0.0000985630
        2.1966366758        1.0095989080       -0.0000360639
        1.8913785589        1.0140743591       -0.0000545565
        1.3528684665        1.0265524386       -0.0001133807
        1.2572482337        1.0294548768       -0.0001278648
        1.6818361851        1.0182186379       -0.0000728580
        2.0190276833        1.0119916304       -0.0000457772
        1.9562445705        1.0129794159       -0.0000494631
        2.0190276833        1.0119992072       -0.0000458032
        1.9562445705        1.0129860122       -0.0000494864
        1.8242074680        1.0152434059       -0.0000580835
        1.7544665628        1.0165539720       -0.0000623926
        2.0799165253        1.0111309635       -0.0000417041
        2.0190276833        1.0119959792       -0.0000457896
        1.9562445705        1.0129836622       -0.0000494792
