#epsqw diagonal term
#1:q+G [au], 2:Re(eps-1), 3:Im(eps-1)
        2.0190276833        0.8789078181       -0.0311479353
        1.9562445705        0.8598783590       -0.0343763978
        1.8242074680        0.8287451131       -0.0374257311
        1.7544665628        0.8024457069       -0.0438268477
        2.0799165253        0.8792896680       -0.0320993837
        2.0190276833        0.8788499972       -0.0310658991
        1.9562445705        0.8598855001       -0.0345717370
        2.0190276833        0.8789173518       -0.0309582267
        1.9562445705        0.8597953249       -0.0343846897
        1.8913785589        0.8526154196       -0.0394428212
        1.3528684665        0.6734888541       -0.0882173025
        1.2572482337        0.6326314336       -0.1074332087
        1.6818361851        0.7950693001       -0.0499410626
        1.6818361851        0.7853115654       -0.0514255923
        1.0399582627        0.5471872259       -0.1498237577
        0.9121037340        0.4949411556       -0.1638307651
        1.4421626309        0.7030940480       -0.0702582495
        2.1966366758        0.9012874628       -0.0252428532
        1.8913785589        0.8527806390       -0.0391021710
        1.3528684665        0.6731102130       -0.0882716129
        1.2572482337        0.6335180630       -0.1078927461
        1.6818361851        0.7945870085       -0.0496167679
        2.0190276833        0.8789153285       -0.0311103654
        1.9562445705        0.8600501551       -0.0343158668
        1.8242074680        0.8285239071       -0.0372646920
        1.7544665628        0.8020462950       -0.0435934514
        2.0799165253        0.8793197273       -0.0321545726
        1.6818361851        0.7844810428       -0.0517516350
        1.0399582627        0.5464858981       -0.1501859641
        0.9121037340        0.4927780160       -0.1649408000
        1.4421626309        0.7029795230       -0.0699311564
        2.1966366758        0.9012301535       -0.0254117616
        1.4421626309        0.7274275197       -0.0519723738
        0.5768650524        0.4066119382       -0.2818199863
        0.2884325262        0.4468322762       -0.3611536620
        1.1537301047        0.6260332309       -0.0765783821
        2.0190276833        0.8713795055       -0.0272570416
        1.6818361851        0.7851064661       -0.0515122682
        1.0399582627        0.5470025593       -0.1495551715
        0.9121037340        0.4933762956       -0.1646743673
        1.4421626309        0.7030110680       -0.0701521288
        2.1966366758        0.9011903026       -0.0254156866
        1.8242074680        0.8286911532       -0.0373091101
        1.7544665628        0.8019910133       -0.0434573684
        2.0799165253        0.8791927932       -0.0320321990
        2.0190276833        0.8789423465       -0.0311089938
        1.9562445705        0.8597939744       -0.0345442766
        1.8913785589        0.8526406170       -0.0389013820
        1.3528684665        0.6742434081       -0.0878435493
        1.2572482337        0.6326950261       -0.1079784052
        1.6818361851        0.7947833508       -0.0499255014
        1.6818361851        0.7846467889       -0.0515043347
        1.0399582627        0.5474774477       -0.1502120694
        0.9121037340        0.4946687331       -0.1637291424
        1.4421626309        0.7027279658       -0.0703876754
        2.1966366758        0.9013972629       -0.0253112656
        1.8913785589        0.8525640888       -0.0393645387
        1.3528684665        0.6734040809       -0.0880112969
        1.2572482337        0.6328656975       -0.1075909650
        1.6818361851        0.7950530468       -0.0502390710
        2.0190276833        0.8789825789       -0.0312104321
        1.9562445705        0.8600683969       -0.0341140138
        2.0190276833        0.8788193268       -0.0311317821
        1.9562445705        0.8597296162       -0.0346743188
        1.8242074680        0.8287016424       -0.0372891110
        1.7544665628        0.8024972849       -0.0439584207
        2.0799165253        0.8793072358       -0.0322023403
        2.0190276833        0.8787666229       -0.0311255678
        1.9562445705        0.8596683240       -0.0345965278
