#epsqw diagonal term
#1:q+G [au], 2:Re(eps-1), 3:Im(eps-1)
        2.0190276833        0.8885588846       -0.0129056358
        1.9562445705        0.8839167602       -0.0150888367
        1.8242074680        0.8690618366       -0.0130278954
        1.7544665628        0.8577038830       -0.0188196985
        2.0799165253        0.9020481842       -0.0111819585
        2.0190276833        0.8886365226       -0.0130145235
        1.9562445705        0.8838826330       -0.0151465369
        2.0190276833        0.8886813690       -0.0128779879
        1.9562445705        0.8840990372       -0.0151124296
        1.8913785589        0.8736446533       -0.0145149782
        1.3528684665        0.7316096961       -0.0235118561
        1.2572482337        0.7036532414       -0.0299853042
        1.6818361851        0.8321601770       -0.0176064391
        1.6818361851        0.8344047708       -0.0140181286
        1.0399582627        0.6071416898       -0.0445386184
        0.9121037340        0.5550880813       -0.0534392855
        1.4421626309        0.7624959421       -0.0187003541
        2.1966366758        0.9186301460       -0.0093449694
        1.8913785589        0.8733959711       -0.0146200922
        1.3528684665        0.7316426799       -0.0236819036
        1.2572482337        0.7039305648       -0.0301380924
        1.6818361851        0.8323676777       -0.0175018479
        2.0190276833        0.8886328140       -0.0129787003
        1.9562445705        0.8839075063       -0.0151899835
        1.8242074680        0.8692258886       -0.0128157992
        1.7544665628        0.8579036138       -0.0188091743
        2.0799165253        0.9020513971       -0.0110779123
        1.6818361851        0.8342773072       -0.0139910539
        1.0399582627        0.6067809059       -0.0446798804
        0.9121037340        0.5547948941       -0.0529479498
        1.4421626309        0.7629100495       -0.0185691580
        2.1966366758        0.9185763375       -0.0093676775
        1.4421626309        0.7676517137       -0.0229245210
        0.5768650524        0.4040990800       -0.0841338083
        0.2884325262        0.2266373614       -0.1536353285
        1.1537301047        0.6495550600       -0.0239169553
        2.0190276833        0.9021559061       -0.0090184111
        1.6818361851        0.8344929319       -0.0139636379
        1.0399582627        0.6072447238       -0.0445190734
        0.9121037340        0.5552818974       -0.0533060199
        1.4421626309        0.7626484254       -0.0186012605
        2.1966366758        0.9186794793       -0.0093696717
        1.8242074680        0.8691183168       -0.0130190787
        1.7544665628        0.8577744638       -0.0187914820
        2.0799165253        0.9021157077       -0.0111314074
        2.0190276833        0.8887756618       -0.0128017716
        1.9562445705        0.8840213772       -0.0150248893
        1.8913785589        0.8735504945       -0.0144476713
        1.3528684665        0.7316896765       -0.0235429524
        1.2572482337        0.7039053451       -0.0303730572
        1.6818361851        0.8321069199       -0.0175391889
        1.6818361851        0.8341982143       -0.0140411257
        1.0399582627        0.6066887590       -0.0447395449
        0.9121037340        0.5545859155       -0.0530681455
        1.4421626309        0.7627211487       -0.0185894018
        2.1966366758        0.9185394898       -0.0093674435
        1.8913785589        0.8736496013       -0.0145441483
        1.3528684665        0.7316190431       -0.0235922955
        1.2572482337        0.7036467697       -0.0299447705
        1.6818361851        0.8321249960       -0.0175207185
        2.0190276833        0.8885738669       -0.0129452220
        1.9562445705        0.8839406906       -0.0151096678
        2.0190276833        0.8887406087       -0.0128215704
        1.9562445705        0.8840130199       -0.0149898903
        1.8242074680        0.8691682114       -0.0128640250
        1.7544665628        0.8578443453       -0.0188100068
        2.0799165253        0.9019887698       -0.0110908420
        2.0190276833        0.8886823554       -0.0129271506
        1.9562445705        0.8840785423       -0.0150669962
