#epsqw diagonal term
#1:q+G [au], 2:Re(eps-1), 3:Im(eps-1)
        2.0190276833        1.1916692561       -0.1262535309
        1.9562445705        1.2395360421       -0.1574342385
        1.8242074680        1.2729825568       -0.1866148347
        1.7544665628        1.2651077743       -0.1497636784
        2.0799165253        1.2087229628       -0.1514790378
        2.0190276833        1.1925668578       -0.1247694616
        1.9562445705        1.2395046166       -0.1593519017
        2.0190276833        1.1924978363       -0.1258955260
        1.9562445705        1.2401359954       -0.1582960965
        1.8913785589        1.2703457318       -0.2298157065
        1.3528684665        1.5843516386       -0.3384415612
        1.2572482337        1.5935277669       -0.2321070145
        1.6818361851        1.4170205336       -0.3168071905
        1.6818361851        1.3684888037       -0.3529913044
        1.0399582627        1.8272924977       -0.4120014047
        0.9121037340        2.0474603197       -0.4986820006
        1.4421626309        1.5055368458       -0.3578428869
        2.1966366758        1.1557090703       -0.1548806823
        1.8913785589        1.2702561335       -0.2290352508
        1.3528684665        1.5884425017       -0.3396837858
        1.2572482337        1.5949551349       -0.2307922644
        1.6818361851        1.4135223559       -0.3208461071
        2.0190276833        1.1926529987       -0.1251308100
        1.9562445705        1.2391677556       -0.1592808119
        1.8242074680        1.2724156434       -0.1864489598
        1.7544665628        1.2637795961       -0.1498822176
        2.0799165253        1.2096030199       -0.1508672542
        1.6818361851        1.3655554592       -0.3552706142
        1.0399582627        1.8228472244       -0.4207310754
        0.9121037340        2.0540903268       -0.4900584939
        1.4421626309        1.5070942837       -0.3563681957
        2.1966366758        1.1561104616       -0.1536527693
        1.4421626309        1.5493609787       -0.4869505257
        0.5768650524        2.2971526966       -1.0543891103
        0.2884325262        2.2965474059       -0.9958351870
        1.1537301047        1.7776801632       -0.8305695391
        2.0190276833        1.1972008346       -0.1819163662
        1.6818361851        1.3691225587       -0.3546201103
        1.0399582627        1.8287889582       -0.4125097209
        0.9121037340        2.0483391096       -0.4949819572
        1.4421626309        1.5047472677       -0.3595659995
        2.1966366758        1.1554117626       -0.1545786273
        1.8242074680        1.2733071507       -0.1864193952
        1.7544665628        1.2644613904       -0.1498153688
        2.0799165253        1.2080325295       -0.1512510704
        2.0190276833        1.1928884936       -0.1279449973
        1.9562445705        1.2406695977       -0.1577529115
        1.8913785589        1.2714017602       -0.2338676950
        1.3528684665        1.5840406632       -0.3436275382
        1.2572482337        1.5955264027       -0.2328302126
        1.6818361851        1.4176318817       -0.3166091617
        1.6818361851        1.3659711390       -0.3558887205
        1.0399582627        1.8234374081       -0.4231973323
        0.9121037340        2.0524410005       -0.4902329234
        1.4421626309        1.5062021240       -0.3529342337
        2.1966366758        1.1560031909       -0.1530153762
        1.8913785589        1.2708189790       -0.2305573932
        1.3528684665        1.5882518061       -0.3406692180
        1.2572482337        1.5924585544       -0.2312492757
        1.6818361851        1.4153339664       -0.3149708942
        2.0190276833        1.1917424159       -0.1266775765
        1.9562445705        1.2392045617       -0.1567899926
        2.0190276833        1.1926748315       -0.1281381516
        1.9562445705        1.2410434327       -0.1579019925
        1.8242074680        1.2726207182       -0.1882421741
        1.7544665628        1.2640309047       -0.1490781919
        2.0799165253        1.2097150670       -0.1497981638
        2.0190276833        1.1925011859       -0.1259909784
        1.9562445705        1.2405544470       -0.1579149935
