#epsqw diagonal term
#1:q+G [au], 2:Re(eps-1), 3:Im(eps-1)
        2.0190276833        0.8946495773       -0.0005801113
        1.9562445705        0.8878935459       -0.0005778403
        1.8242074680        0.8695707074       -0.0005943123
        1.7544665628        0.8583475218       -0.0005938412
        2.0799165253        0.9061509557       -0.0004785711
        2.0190276833        0.8946973434       -0.0005781947
        1.9562445705        0.8878907317       -0.0005775329
        2.0190276833        0.8947292257       -0.0005780520
        1.9562445705        0.8878844110       -0.0005789441
        1.8913785589        0.8760874126       -0.0006701606
        1.3528684665        0.7368067298       -0.0010715148
        1.2572482337        0.7012589594       -0.0011508377
        1.6818361851        0.8364938614       -0.0007880095
        1.6818361851        0.8380340686       -0.0007296591
        1.0399582627        0.6035473994       -0.0014191475
        0.9121037340        0.5468783133       -0.0015931475
        1.4421626309        0.7720685484       -0.0009126413
        2.1966366758        0.9193361348       -0.0004580690
        1.8913785589        0.8759963415       -0.0006729940
        1.3528684665        0.7368099260       -0.0010711022
        1.2572482337        0.7012924876       -0.0011497541
        1.6818361851        0.8364675862       -0.0007894231
        2.0190276833        0.8947106563       -0.0005784879
        1.9562445705        0.8879120011       -0.0005776706
        1.8242074680        0.8695992982       -0.0005941580
        1.7544665628        0.8583794550       -0.0005937386
        2.0799165253        0.9061857351       -0.0004786648
        1.6818361851        0.8380576637       -0.0007290208
        1.0399582627        0.6036070358       -0.0014185409
        0.9121037340        0.5468859537       -0.0015937700
        1.4421626309        0.7720806707       -0.0009130815
        2.1966366758        0.9193190865       -0.0004585477
        1.4421626309        0.7850562717       -0.0008159199
        0.5768650524        0.3750739348       -0.0021088063
        0.2884325262        0.2329815867       -0.0024977311
        1.1537301047        0.6792133718       -0.0011641931
        2.0190276833        0.9046264308       -0.0004123186
        1.6818361851        0.8380459573       -0.0007299967
        1.0399582627        0.6035751509       -0.0014190793
        0.9121037340        0.5469072941       -0.0015931645
        1.4421626309        0.7720909007       -0.0009129781
        2.1966366758        0.9193305767       -0.0004581664
        1.8242074680        0.8695982205       -0.0005943481
        1.7544665628        0.8583834430       -0.0005938402
        2.0799165253        0.9061737839       -0.0004786189
        2.0190276833        0.8947044462       -0.0005787818
        1.9562445705        0.8879090553       -0.0005776963
        1.8913785589        0.8760678690       -0.0006707734
        1.3528684665        0.7367719666       -0.0010725418
        1.2572482337        0.7012924472       -0.0011499021
        1.6818361851        0.8364359299       -0.0007896497
        1.6818361851        0.8380459067       -0.0007287329
        1.0399582627        0.6035899176       -0.0014184672
        0.9121037340        0.5468563067       -0.0015938838
        1.4421626309        0.7720623276       -0.0009127089
        2.1966366758        0.9193258827       -0.0004584237
        1.8913785589        0.8760881128       -0.0006701282
        1.3528684665        0.7368081946       -0.0010714552
        1.2572482337        0.7012649577       -0.0011508273
        1.6818361851        0.8364936616       -0.0007880456
        2.0190276833        0.8946642160       -0.0005802809
        1.9562445705        0.8879164439       -0.0005780409
        2.0190276833        0.8946915103       -0.0005786918
        1.9562445705        0.8878900483       -0.0005774702
        1.8242074680        0.8695762257       -0.0005941306
        1.7544665628        0.8583459142       -0.0005937449
        2.0799165253        0.9061641919       -0.0004786003
        2.0190276833        0.8947159807       -0.0005778522
        1.9562445705        0.8878637688       -0.0005787949
