#epsqw diagonal term
#1:q+G [au], 2:Re(eps-1), 3:Im(eps-1)
        2.0190276833        0.8917112858       -0.0012807242
        1.9562445705        0.8851307202       -0.0012282186
        1.8242074680        0.8674089330       -0.0008051037
        1.7544665628        0.8564426890       -0.0007337645
        2.0799165253        0.9042919133       -0.0007181084
        2.0190276833        0.8917983303       -0.0012714039
        1.9562445705        0.8851369569       -0.0012297947
        2.0190276833        0.8918178478       -0.0012793834
        1.9562445705        0.8850853341       -0.0012432634
        1.8913785589        0.8722785696       -0.0016348635
        1.3528684665        0.7320852439       -0.0020009059
        1.2572482337        0.6963944340       -0.0020524999
        1.6818361851        0.8323678088       -0.0018026957
        1.6818361851        0.8348943747       -0.0012201256
        1.0399582627        0.5980851750       -0.0018606083
        0.9121037340        0.5406278518       -0.0019860663
        1.4421626309        0.7684389268       -0.0014374261
        2.1966366758        0.9171352117       -0.0008061620
        1.8913785589        0.8721397931       -0.0016517951
        1.3528684665        0.7321007003       -0.0020017196
        1.2572482337        0.6964576748       -0.0020505173
        1.6818361851        0.8323300645       -0.0018067349
        2.0190276833        0.8917866779       -0.0012857445
        1.9562445705        0.8851422689       -0.0012396308
        1.8242074680        0.8674400737       -0.0008034869
        1.7544665628        0.8564760807       -0.0007339293
        2.0799165253        0.9043213510       -0.0007198681
        1.6818361851        0.8349314623       -0.0012120576
        1.0399582627        0.5981513267       -0.0018581366
        0.9121037340        0.5406217895       -0.0019904695
        1.4421626309        0.7684404753       -0.0014376970
        2.1966366758        0.9171103953       -0.0008077738
        1.4421626309        0.7826653766       -0.0009557242
        0.5768650524        0.3646846974       -0.0027343147
        0.2884325262        0.2173171870       -0.0034739892
        1.1537301047        0.6755750729       -0.0013575062
        2.0190276833        0.9034332430       -0.0004843751
        1.6818361851        0.8348954435       -0.0012210464
        1.0399582627        0.5981125398       -0.0018616802
        0.9121037340        0.5406582504       -0.0019860902
        1.4421626309        0.7684497648       -0.0014388239
        2.1966366758        0.9171254110       -0.0008064969
        1.8242074680        0.8674348280       -0.0008062504
        1.7544665628        0.8564774218       -0.0007343827
        2.0799165253        0.9043115220       -0.0007190082
        2.0190276833        0.8917840492       -0.0012856988
        1.9562445705        0.8851325806       -0.0012398951
        1.8913785589        0.8722649956       -0.0016342552
        1.3528684665        0.7320451036       -0.0020072756
        1.2572482337        0.6964434398       -0.0020476295
        1.6818361851        0.8322835964       -0.0018094274
        1.6818361851        0.8349301826       -0.0012110374
        1.0399582627        0.5981379260       -0.0018565116
        0.9121037340        0.5405881029       -0.0019909846
        1.4421626309        0.7684342495       -0.0014358973
        2.1966366758        0.9171221943       -0.0008071359
        1.8913785589        0.8722814182       -0.0016337503
        1.3528684665        0.7320895637       -0.0019995535
        1.2572482337        0.6963996535       -0.0020527478
        1.6818361851        0.8323658317       -0.0018034038
        2.0190276833        0.8917096039       -0.0012908516
        1.9562445705        0.8851335480       -0.0012398230
        2.0190276833        0.8917822752       -0.0012775320
        1.9562445705        0.8851365258       -0.0012268338
        1.8242074680        0.8674185053       -0.0008023612
        1.7544665628        0.8564433198       -0.0007334374
        2.0799165253        0.9043031714       -0.0007189292
        2.0190276833        0.8918236559       -0.0012678643
        1.9562445705        0.8850833709       -0.0012320221
