#epsqw diagonal term
#1:q+G [au], 2:Re(eps-1), 3:Im(eps-1)
        2.0190276833        1.0353717304       -0.0014025656
        1.9562445705        1.0388535093       -0.0014540400
        1.8242074680        1.0465167764       -0.0014907196
        1.7544665628        1.0506617278       -0.0015586158
        2.0799165253        1.0327214498       -0.0014063574
        2.0190276833        1.0354268316       -0.0014454456
        1.9562445705        1.0389294847       -0.0014775755
        2.0190276833        1.0353934894       -0.0014270684
        1.9562445705        1.0388230991       -0.0014396575
        1.8913785589        1.0414124871       -0.0015101662
        1.3528684665        1.0780877729       -0.0015798197
        1.2572482337        1.0855279805       -0.0015177941
        1.6818361851        1.0542852624       -0.0016623745
        1.6818361851        1.0542498673       -0.0014593361
        1.0399582627        1.1053896662       -0.0015277717
        0.9121037340        1.1171420087       -0.0016661608
        1.4421626309        1.0710876499       -0.0015418937
        2.1966366758        1.0290979026       -0.0013325932
        1.8913785589        1.0413788564       -0.0014834344
        1.3528684665        1.0781093218       -0.0015969077
        1.2572482337        1.0856285915       -0.0015661588
        1.6818361851        1.0543656571       -0.0016484420
        2.0190276833        1.0354174402       -0.0014449637
        1.9562445705        1.0389177442       -0.0014772594
        1.8242074680        1.0465593291       -0.0015244262
        1.7544665628        1.0506031767       -0.0015395398
        2.0799165253        1.0326270986       -0.0013621732
        1.6818361851        1.0543304281       -0.0015098883
        1.0399582627        1.1054427324       -0.0015644051
        0.9121037340        1.1170789093       -0.0016447956
        1.4421626309        1.0709995675       -0.0014899264
        2.1966366758        1.0290374232       -0.0013016552
        1.4421626309        1.0725078733       -0.0016311175
        0.5768650524        1.1390446548       -0.0015709610
        0.2884325262        1.1461764462       -0.0016422089
        1.1537301047        1.0980491225       -0.0018154193
        2.0190276833        1.0382997807       -0.0013830336
        1.6818361851        1.0542457387       -0.0014601147
        1.0399582627        1.1053753400       -0.0015275437
        0.9121037340        1.1171221948       -0.0016670329
        1.4421626309        1.0710825251       -0.0015422508
        2.1966366758        1.0291038648       -0.0013340912
        1.8242074680        1.0464962977       -0.0014906337
        1.7544665628        1.0506369065       -0.0015586381
        2.0799165253        1.0327123254       -0.0014069698
        2.0190276833        1.0354541679       -0.0014207051
        1.9562445705        1.0388943164       -0.0014879038
        1.8913785589        1.0414661126       -0.0014811910
        1.3528684665        1.0781936929       -0.0016083477
        1.2572482337        1.0855795057       -0.0015533048
        1.6818361851        1.0542663552       -0.0016461005
        1.6818361851        1.0543298244       -0.0015087879
        1.0399582627        1.1054495925       -0.0015642687
        0.9121037340        1.1170969046       -0.0016441656
        1.4421626309        1.0710078628       -0.0014899742
        2.1966366758        1.0290325574       -0.0013003187
        1.8913785589        1.0414106939       -0.0015099343
        1.3528684665        1.0780838499       -0.0015795824
        1.2572482337        1.0855289328       -0.0015179530
        1.6818361851        1.0542881228       -0.0016626960
        2.0190276833        1.0353619118       -0.0014019695
        1.9562445705        1.0388404986       -0.0014537945
        2.0190276833        1.0354602357       -0.0014211414
        1.9562445705        1.0389068274       -0.0014882604
        1.8242074680        1.0465746114       -0.0015243144
        1.7544665628        1.0506284063       -0.0015396620
        2.0799165253        1.0326390461       -0.0013618082
        2.0190276833        1.0354017680       -0.0014274148
        1.9562445705        1.0388361870       -0.0014401070
