#epsqw diagonal term
#1:q+G [au], 2:Re(eps-1), 3:Im(eps-1)
        2.0190276833        0.9540568358       -0.0839667590
        1.9562445705        0.9524820311       -0.0847207191
        1.8242074680        0.9484963938       -0.1089418957
        1.7544665628        0.9401602484       -0.1294562458
        2.0799165253        0.9607057938       -0.0704960217
        2.0190276833        0.9540328723       -0.0848610697
        1.9562445705        0.9530559359       -0.0862578174
        2.0190276833        0.9543062688       -0.0845139844
        1.9562445705        0.9534413083       -0.0850732724
        1.8913785589        0.9479484734       -0.1047068661
        1.3528684665        0.9612130567       -0.2419477525
        1.2572482337        0.9458769288       -0.2983534016
        1.6818361851        0.9486988553       -0.1309353786
        1.6818361851        0.9376810047       -0.1512974678
        1.0399582627        0.9734989458       -0.3265142867
        0.9121037340        0.9951863735       -0.2974779111
        1.4421626309        0.9235298994       -0.2240409593
        2.1966366758        0.9741650841       -0.0589273223
        1.8913785589        0.9478254586       -0.1042065979
        1.3528684665        0.9605006276       -0.2418424719
        1.2572482337        0.9467032895       -0.3012517881
        1.6818361851        0.9479978042       -0.1321342512
        2.0190276833        0.9546157362       -0.0850493335
        1.9562445705        0.9538573123       -0.0862487101
        1.8242074680        0.9490634278       -0.1094087161
        1.7544665628        0.9396871733       -0.1297027168
        2.0799165253        0.9601063305       -0.0698507300
        1.6818361851        0.9373191247       -0.1516434281
        1.0399582627        0.9696098201       -0.3249963148
        0.9121037340        0.9976605490       -0.2961473989
        1.4421626309        0.9227210613       -0.2204438360
        2.1966366758        0.9730608835       -0.0585104395
        1.4421626309        0.9275388270       -0.2152402865
        0.5768650524        1.1250721090       -0.3266599238
        0.2884325262        1.1361431444       -0.2592640150
        1.1537301047        0.9607528076       -0.2691407830
        2.0190276833        0.9532734914       -0.0794729257
        1.6818361851        0.9367238675       -0.1512782332
        1.0399582627        0.9708648110       -0.3257872644
        0.9121037340        0.9962772906       -0.2962661818
        1.4421626309        0.9223535287       -0.2229798102
        2.1966366758        0.9735148304       -0.0587437050
        1.8242074680        0.9490073189       -0.1091662106
        1.7544665628        0.9404939063       -0.1301206495
        2.0799165253        0.9599488158       -0.0705568418
        2.0190276833        0.9546287564       -0.0851951535
        1.9562445705        0.9531976156       -0.0853989415
        1.8913785589        0.9476106914       -0.1056692149
        1.3528684665        0.9591433054       -0.2434239234
        1.2572482337        0.9473379500       -0.2977501916
        1.6818361851        0.9493082427       -0.1317517478
        1.6818361851        0.9380081267       -0.1514663259
        1.0399582627        0.9717815473       -0.3252570131
        0.9121037340        0.9973776615       -0.2972523713
        1.4421626309        0.9242461404       -0.2215086243
        2.1966366758        0.9737940248       -0.0587734933
        1.8913785589        0.9479205654       -0.1049860813
        1.3528684665        0.9602597126       -0.2421635521
        1.2572482337        0.9457027233       -0.2975856435
        1.6818361851        0.9491730351       -0.1309330318
        2.0190276833        0.9548420003       -0.0842991556
        1.9562445705        0.9532644664       -0.0847754309
        2.0190276833        0.9539224016       -0.0851044922
        1.9562445705        0.9526737242       -0.0853326003
        1.8242074680        0.9482693403       -0.1091837626
        1.7544665628        0.9398823208       -0.1290884482
        2.0799165253        0.9607758585       -0.0698596055
        2.0190276833        0.9536768610       -0.0842236397
        1.9562445705        0.9527287920       -0.0847099585
