#epsqw diagonal term
#1:q+G [au], 2:Re(eps-1), 3:Im(eps-1)
        2.0190276833        1.0669988250       -0.0473341159
        1.9562445705        1.0753681372       -0.0548761953
        1.8242074680        1.0917363765       -0.0730196024
        1.7544665628        1.1003167525       -0.0829943067
        2.0799165253        1.0639461090       -0.0440895889
        2.0190276833        1.0664831716       -0.0473053045
        1.9562445705        1.0748389568       -0.0550413871
        2.0190276833        1.0664860156       -0.0485995791
        1.9562445705        1.0754444861       -0.0565858965
        1.8913785589        1.0683228323       -0.0333151352
        1.3528684665        1.1131604461       -0.0326645212
        1.2572482337        1.1250318170       -0.0338254466
        1.6818361851        1.0830741018       -0.0341065132
        1.6818361851        1.0936821167       -0.0492793323
        1.0399582627        1.1524765876       -0.0348407622
        0.9121037340        1.1699427164       -0.0403742162
        1.4421626309        1.1093867429       -0.0430155607
        2.1966366758        1.0658558529       -0.0666836020
        1.8913785589        1.0686646277       -0.0333752118
        1.3528684665        1.1127387531       -0.0326083775
        1.2572482337        1.1238578401       -0.0339696787
        1.6818361851        1.0822327455       -0.0345936953
        2.0190276833        1.0663933065       -0.0485997165
        1.9562445705        1.0746066699       -0.0567394146
        1.8242074680        1.0909494315       -0.0751321983
        1.7544665628        1.1001832448       -0.0856091371
        2.0799165253        1.0641520139       -0.0442748288
        1.6818361851        1.0931218129       -0.0485065710
        1.0399582627        1.1516795088       -0.0350573145
        0.9121037340        1.1700968426       -0.0411558757
        1.4421626309        1.1100143822       -0.0423826354
        2.1966366758        1.0661046438       -0.0659265449
        1.4421626309        1.1278330888       -0.0776907970
        0.5768650524        1.1929761045       -0.0209149517
        0.2884325262        1.1991099207       -0.0121701273
        1.1537301047        1.1562319036       -0.0752591304
        2.0190276833        1.0873099516       -0.0975067457
        1.6818361851        1.0939649292       -0.0484859661
        1.0399582627        1.1526937417       -0.0350543789
        0.9121037340        1.1694401410       -0.0411947651
        1.4421626309        1.1089186560       -0.0423770987
        2.1966366758        1.0656504641       -0.0660118733
        1.8242074680        1.0916146424       -0.0750887103
        1.7544665628        1.0998106092       -0.0856552779
        2.0799165253        1.0636132150       -0.0443390883
        2.0190276833        1.0662049592       -0.0488344506
        1.9562445705        1.0746887783       -0.0566293691
        1.8913785589        1.0682627869       -0.0336189605
        1.3528684665        1.1125711555       -0.0329491276
        1.2572482337        1.1239054099       -0.0338299183
        1.6818361851        1.0827315090       -0.0342648188
        1.6818361851        1.0935296729       -0.0492080936
        1.0399582627        1.1522556152       -0.0347667083
        0.9121037340        1.1700819782       -0.0404200717
        1.4421626309        1.1096031253       -0.0431179561
        2.1966366758        1.0659915840       -0.0666326395
        1.8913785589        1.0688264909       -0.0332370604
        1.3528684665        1.1136863590       -0.0326082354
        1.2572482337        1.1247482507       -0.0338836005
        1.6818361851        1.0823970011       -0.0341951795
        2.0190276833        1.0671075171       -0.0486136820
        1.9562445705        1.0750525490       -0.0566049012
        2.0190276833        1.0664395188       -0.0475435264
        1.9562445705        1.0748133020       -0.0549621640
        1.8242074680        1.0915340368       -0.0730685061
        1.7544665628        1.1004034295       -0.0830154359
        2.0799165253        1.0639730469       -0.0440781716
        2.0190276833        1.0669008398       -0.0472951330
        1.9562445705        1.0754510494       -0.0549479363
