#epsqw diagonal term
#1:q+G [au], 2:Re(eps-1), 3:Im(eps-1)
        2.0190276833        1.0199264233       -0.0001800715
        1.9562445705        1.0213802982       -0.0001875516
        1.8242074680        1.0243775005       -0.0001804547
        1.7544665628        1.0260733209       -0.0001711425
        2.0799165253        1.0189013267       -0.0001928933
        2.0190276833        1.0199272881       -0.0001793824
        1.9562445705        1.0213900792       -0.0001882198
        2.0190276833        1.0199133455       -0.0001775255
        1.9562445705        1.0213686937       -0.0001869780
        1.8913785589        1.0228588434       -0.0001768114
        1.3528684665        1.0404771652       -0.0002442255
        1.2572482337        1.0446185223       -0.0002736248
        1.6818361851        1.0287914496       -0.0001925475
        1.6818361851        1.0287270830       -0.0002067998
        1.0399582627        1.0547876266       -0.0003324318
        0.9121037340        1.0610300779       -0.0003645458
        1.4421626309        1.0371601529       -0.0002412539
        2.1966366758        1.0165219211       -0.0001795468
        1.8913785589        1.0228571307       -0.0001770502
        1.3528684665        1.0404787269       -0.0002444228
        1.2572482337        1.0446281222       -0.0002740625
        1.6818361851        1.0288048338       -0.0001930917
        2.0190276833        1.0199143333       -0.0001775156
        1.9562445705        1.0213767771       -0.0001867622
        1.8242074680        1.0243725954       -0.0001800325
        1.7544665628        1.0260597309       -0.0001707412
        2.0799165253        1.0188911779       -0.0001929431
        1.6818361851        1.0287350663       -0.0002082067
        1.0399582627        1.0547901586       -0.0003331621
        0.9121037340        1.0610117304       -0.0003636169
        1.4421626309        1.0371499203       -0.0002409277
        2.1966366758        1.0165229130       -0.0001805202
        1.4421626309        1.0369045990       -0.0002021885
        0.5768650524        1.0737926828       -0.0005007475
        0.2884325262        1.0784898627       -0.0006233162
        1.1537301047        1.0501165972       -0.0002752025
        2.0190276833        1.0195301155       -0.0001551642
        1.6818361851        1.0287264451       -0.0002073918
        1.0399582627        1.0547828119       -0.0003327840
        0.9121037340        1.0610169465       -0.0003637654
        1.4421626309        1.0371574812       -0.0002418346
        2.1966366758        1.0165280070       -0.0001806776
        1.8242074680        1.0243677652       -0.0001800376
        1.7544665628        1.0260612451       -0.0001705950
        2.0799165253        1.0188982884       -0.0001931308
        2.0190276833        1.0199225630       -0.0001782373
        1.9562445705        1.0213721997       -0.0001863636
        1.8913785589        1.0228687356       -0.0001773198
        1.3528684665        1.0404896406       -0.0002444408
        1.2572482337        1.0446230334       -0.0002741536
        1.6818361851        1.0287913233       -0.0001927261
        1.6818361851        1.0287347542       -0.0002076948
        1.0399582627        1.0547934725       -0.0003329521
        0.9121037340        1.0610231030       -0.0003644498
        1.4421626309        1.0371509422       -0.0002401750
        2.1966366758        1.0165194954       -0.0001794229
        1.8913785589        1.0228562939       -0.0001766236
        1.3528684665        1.0404765132       -0.0002442080
        1.2572482337        1.0446179644       -0.0002736744
        1.6818361851        1.0287926211       -0.0001926972
        2.0190276833        1.0199125826       -0.0001784850
        1.9562445705        1.0213681910       -0.0001862730
        2.0190276833        1.0199344746       -0.0001798921
        1.9562445705        1.0213853288       -0.0001878859
        1.8242074680        1.0243806849       -0.0001805617
        1.7544665628        1.0260706540       -0.0001711062
        2.0799165253        1.0188967626       -0.0001924644
        2.0190276833        1.0199235440       -0.0001791154
        1.9562445705        1.0213819662       -0.0001881802
