#epsqw diagonal term
#1:q+G [au], 2:Re(eps-1), 3:Im(eps-1)
        2.0190276833        1.0020646127       -0.0000063108
        1.9562445705        1.0022428225       -0.0000068649
        1.8242074680        1.0026654638       -0.0000082635
        1.7544665628        1.0029162321       -0.0000089853
        2.0799165253        1.0019011753       -0.0000056222
        2.0190276833        1.0020649098       -0.0000063112
        1.9562445705        1.0022433595       -0.0000068673
        2.0190276833        1.0020643438       -0.0000063091
        1.9562445705        1.0022416121       -0.0000068628
        1.8913785589        1.0024432289       -0.0000076685
        1.3528684665        1.0047895150       -0.0000175206
        1.2572482337        1.0053515345       -0.0000200809
        1.6818361851        1.0032032170       -0.0000105874
        1.6818361851        1.0032108236       -0.0000103176
        1.0399582627        1.0067152935       -0.0000273162
        0.9121037340        1.0075472008       -0.0000317871
        1.4421626309        1.0043335706       -0.0000149891
        2.1966366758        1.0016263936       -0.0000047806
        1.8913785589        1.0024430313       -0.0000076681
        1.3528684665        1.0047901255       -0.0000175205
        1.2572482337        1.0053518033       -0.0000200848
        1.6818361851        1.0032046676       -0.0000105906
        2.0190276833        1.0020644001       -0.0000063100
        1.9562445705        1.0022424641       -0.0000068654
        1.8242074680        1.0026643756       -0.0000082623
        1.7544665628        1.0029132918       -0.0000089811
        2.0799165253        1.0018997091       -0.0000056180
        1.6818361851        1.0032120953       -0.0000103180
        1.0399582627        1.0067157647       -0.0000273128
        0.9121037340        1.0075443189       -0.0000317827
        1.4421626309        1.0043316910       -0.0000149844
        2.1966366758        1.0016261840       -0.0000047797
        1.4421626309        1.0043296109       -0.0000141035
        0.5768650524        1.0093451404       -0.0000475392
        0.2884325262        1.0100652518       -0.0000625185
        1.1537301047        1.0060368543       -0.0000218519
        2.0190276833        1.0020647878       -0.0000060436
        1.6818361851        1.0032104430       -0.0000103157
        1.0399582627        1.0067130759       -0.0000273116
        0.9121037340        1.0075455164       -0.0000317838
        1.4421626309        1.0043326843       -0.0000149866
        2.1966366758        1.0016267048       -0.0000047809
        1.8242074680        1.0026642649       -0.0000082611
        1.7544665628        1.0029147061       -0.0000089822
        2.0799165253        1.0019003921       -0.0000056203
        2.0190276833        1.0020643131       -0.0000063108
        1.9562445705        1.0022420182       -0.0000068640
        1.8913785589        1.0024438459       -0.0000076703
        1.3528684665        1.0047913127       -0.0000175231
        1.2572482337        1.0053509535       -0.0000200825
        1.6818361851        1.0032028474       -0.0000105875
        1.6818361851        1.0032120549       -0.0000103193
        1.0399582627        1.0067163261       -0.0000273151
        0.9121037340        1.0075465416       -0.0000317863
        1.4421626309        1.0043328500       -0.0000149875
        2.1966366758        1.0016259100       -0.0000047793
        1.8913785589        1.0024430280       -0.0000076684
        1.3528684665        1.0047888325       -0.0000175192
        1.2572482337        1.0053515489       -0.0000200814
        1.6818361851        1.0032031380       -0.0000105878
        2.0190276833        1.0020638934       -0.0000063091
        1.9562445705        1.0022419717       -0.0000068630
        2.0190276833        1.0020648480       -0.0000063121
        1.9562445705        1.0022427966       -0.0000068657
        1.8242074680        1.0026653047       -0.0000082640
        1.7544665628        1.0029145268       -0.0000089838
        2.0799165253        1.0019005376       -0.0000056198
        2.0190276833        1.0020648728       -0.0000063101
        1.9562445705        1.0022424471       -0.0000068648
