#epsqw diagonal term
#1:q+G [au], 2:Re(eps-1), 3:Im(eps-1)
        2.0190276833        0.8931642574       -0.0368122150
        1.9562445705        0.8858287716       -0.0327214981
        1.8242074680        0.8673046818       -0.0237960814
        1.7544665628        0.8546901705       -0.0212936191
        2.0799165253        0.9059619211       -0.0233012084
        2.0190276833        0.8926682145       -0.0366189776
        1.9562445705        0.8856971553       -0.0322346439
        2.0190276833        0.8928930757       -0.0369742467
        1.9562445705        0.8858908005       -0.0327613283
        1.8913785589        0.8740202530       -0.0336152718
        1.3528684665        0.7259857312       -0.0463410454
        1.2572482337        0.6894566275       -0.0397394932
        1.6818361851        0.8348087771       -0.0414492721
        1.6818361851        0.8342960522       -0.0304866936
        1.0399582627        0.5892744928       -0.0474622201
        0.9121037340        0.5157869387       -0.0618316116
        1.4421626309        0.7675337969       -0.0363483485
        2.1966366758        0.9214963278       -0.0244840119
        1.8913785589        0.8741091781       -0.0339365064
        1.3528684665        0.7256556974       -0.0463634799
        1.2572482337        0.6890263034       -0.0390418266
        1.6818361851        0.8353803380       -0.0420064200
        2.0190276833        0.8926305162       -0.0366631540
        1.9562445705        0.8856440105       -0.0322665301
        1.8242074680        0.8672517890       -0.0241010117
        1.7544665628        0.8549170599       -0.0213844186
        2.0799165253        0.9061167234       -0.0235064656
        1.6818361851        0.8344641230       -0.0305001792
        1.0399582627        0.5893634205       -0.0473187282
        0.9121037340        0.5158869321       -0.0627249663
        1.4421626309        0.7675061353       -0.0365578909
        2.1966366758        0.9215940406       -0.0244011732
        1.4421626309        0.7816644434       -0.0412974981
        0.5768650524        0.3749077571       -0.1027032960
        0.2884325262        0.2626437002       -0.0971225772
        1.1537301047        0.6587405325       -0.0806095845
        2.0190276833        0.9014672285       -0.0159349067
        1.6818361851        0.8344301653       -0.0305256106
        1.0399582627        0.5891651529       -0.0475182317
        0.9121037340        0.5159485425       -0.0620200305
        1.4421626309        0.7676811943       -0.0364575782
        2.1966366758        0.9216592727       -0.0245116269
        1.8242074680        0.8673436453       -0.0238810821
        1.7544665628        0.8547660190       -0.0213206666
        2.0799165253        0.9059872272       -0.0232725011
        2.0190276833        0.8927675689       -0.0368361874
        1.9562445705        0.8857200584       -0.0323767880
        1.8913785589        0.8742275260       -0.0341164510
        1.3528684665        0.7261678875       -0.0467302478
        1.2572482337        0.6890031126       -0.0390146165
        1.6818361851        0.8347622803       -0.0421147187
        1.6818361851        0.8343540019       -0.0304385046
        1.0399582627        0.5894879385       -0.0472179261
        0.9121037340        0.5157583245       -0.0624723362
        1.4421626309        0.7673568401       -0.0364401197
        2.1966366758        0.9214158061       -0.0244425566
        1.8913785589        0.8740230244       -0.0336348802
        1.3528684665        0.7259590570       -0.0464050875
        1.2572482337        0.6894814742       -0.0397066421
        1.6818361851        0.8348024389       -0.0413617952
        2.0190276833        0.8931217739       -0.0369247858
        1.9562445705        0.8857981377       -0.0327737075
        2.0190276833        0.8928181101       -0.0367852825
        1.9562445705        0.8857595489       -0.0323568701
        1.8242074680        0.8672365348       -0.0240163515
        1.7544665628        0.8548490022       -0.0213665189
        2.0799165253        0.9061015112       -0.0235077855
        2.0190276833        0.8929322421       -0.0369413275
        1.9562445705        0.8858934796       -0.0326861729
