#epsqw diagonal term
#1:q+G [au], 2:Re(eps-1), 3:Im(eps-1)
        2.0190276833        0.9216512301       -0.1234615154
        1.9562445705        0.9162046012       -0.1385877477
        1.8242074680        0.8873869860       -0.1746012704
        1.7544665628        0.8749825530       -0.1827747926
        2.0799165253        0.9308908062       -0.1054166442
        2.0190276833        0.9215834912       -0.1246566480
        1.9562445705        0.9165964091       -0.1391755211
        2.0190276833        0.9215094530       -0.1247142055
        1.9562445705        0.9169468883       -0.1374895033
        1.8913785589        0.8907173688       -0.1370183893
        1.3528684665        0.7833149512       -0.3591364512
        1.2572482337        0.7927057466       -0.4109867625
        1.6818361851        0.8403686141       -0.2076150214
        1.6818361851        0.8776031636       -0.2169124721
        1.0399582627        0.8011645399       -0.5548174231
        0.9121037340        0.7774010358       -0.6393409611
        1.4421626309        0.8272174195       -0.3250189790
        2.1966366758        0.9435288266       -0.0885315454
        1.8913785589        0.8906494893       -0.1358858697
        1.3528684665        0.7806137058       -0.3566272789
        1.2572482337        0.7957557734       -0.4111790820
        1.6818361851        0.8397466363       -0.2078047023
        2.0190276833        0.9215775144       -0.1251929812
        1.9562445705        0.9169202023       -0.1391463017
        1.8242074680        0.8867092714       -0.1755818107
        1.7544665628        0.8760944018       -0.1839806029
        2.0799165253        0.9294338703       -0.1065689373
        1.6818361851        0.8774992774       -0.2166779386
        1.0399582627        0.8019066135       -0.5543394634
        0.9121037340        0.7748531901       -0.6427812101
        1.4421626309        0.8269058757       -0.3224295974
        2.1966366758        0.9426938718       -0.0888352645
        1.4421626309        0.8219963004       -0.3133382890
        0.5768650524        0.9314511189       -0.9141778922
        0.2884325262        1.0362560186       -1.1828655604
        1.1537301047        0.7813275782       -0.5096903265
        2.0190276833        0.9182934484       -0.0925011936
        1.6818361851        0.8764946440       -0.2171767612
        1.0399582627        0.8023433465       -0.5506250090
        0.9121037340        0.7754603739       -0.6428309396
        1.4421626309        0.8269192696       -0.3252071735
        2.1966366758        0.9433177501       -0.0886552214
        1.8242074680        0.8867564988       -0.1746735194
        1.7544665628        0.8746668541       -0.1833099000
        2.0799165253        0.9299060476       -0.1057371921
        2.0190276833        0.9222626513       -0.1248567160
        1.9562445705        0.9180435322       -0.1383203013
        1.8913785589        0.8910922833       -0.1363747467
        1.3528684665        0.7855029085       -0.3572577249
        1.2572482337        0.7953267280       -0.4112915311
        1.6818361851        0.8403371324       -0.2066060574
        1.6818361851        0.8785684213       -0.2165854068
        1.0399582627        0.7993645464       -0.5581869705
        0.9121037340        0.7763492206       -0.6400193094
        1.4421626309        0.8265635999       -0.3223365300
        2.1966366758        0.9429788721       -0.0887340348
        1.8913785589        0.8910570756       -0.1373406263
        1.3528684665        0.7830501818       -0.3591394511
        1.2572482337        0.7930919817       -0.4106952075
        1.6818361851        0.8404144857       -0.2074414655
        2.0190276833        0.9215288071       -0.1243275205
        1.9562445705        0.9168027159       -0.1386298350
        2.0190276833        0.9221712652       -0.1243971546
        1.9562445705        0.9169925683       -0.1381131759
        1.8242074680        0.8875950676       -0.1756388936
        1.7544665628        0.8762806661       -0.1833312097
        2.0799165253        0.9306310181       -0.1063934149
        2.0190276833        0.9215631088       -0.1242695602
        1.9562445705        0.9162348960       -0.1373590026
