#epsqw diagonal term
#1:q+G [au], 2:Re(eps-1), 3:Im(eps-1)
        2.0190276833        0.8937582250       -0.0006555650
        1.9562445705        0.8870497977       -0.0006472442
        1.8242074680        0.8688401588       -0.0006401235
        1.7544665628        0.8576896927       -0.0006312280
        2.0799165253        0.9055360830       -0.0005197945
        2.0190276833        0.8938149786       -0.0006523542
        1.9562445705        0.8870486425       -0.0006466823
        2.0190276833        0.8938460441       -0.0006525820
        1.9562445705        0.8870341700       -0.0006494977
        1.8913785589        0.8749609778       -0.0007748628
        1.3528684665        0.7353191116       -0.0011817426
        1.2572482337        0.6997048894       -0.0012589985
        1.6818361851        0.8352593056       -0.0008971188
        1.6818361851        0.8370387422       -0.0008052037
        1.0399582627        0.6016778025       -0.0015216392
        0.9121037340        0.5447028103       -0.0017043884
        1.4421626309        0.7708951409       -0.0009937543
        2.1966366758        0.9186384339       -0.0005136521
        1.8913785589        0.8748577057       -0.0007792957
        1.3528684665        0.7353252716       -0.0011808843
        1.2572482337        0.6997449076       -0.0012569631
        1.6818361851        0.8352282381       -0.0008989023
        2.0190276833        0.8938248277       -0.0006534821
        1.9562445705        0.8870678888       -0.0006473290
        1.8242074680        0.8688692049       -0.0006398973
        1.7544665628        0.8577219787       -0.0006310671
        2.0799165253        0.9055698562       -0.0005201066
        1.6818361851        0.8370657136       -0.0008040793
        1.0399582627        0.6017389338       -0.0015209038
        0.9121037340        0.5447069220       -0.0017055326
        1.4421626309        0.7709049222       -0.0009945298
        2.1966366758        0.9186196772       -0.0005143786
        1.4421626309        0.7842135841       -0.0008560329
        0.5768650524        0.3714527453       -0.0022966131
        0.2884325262        0.2275448893       -0.0027902822
        1.1537301047        0.6779216559       -0.0012213631
        2.0190276833        0.9042083368       -0.0004337751
        1.6818361851        0.8370484662       -0.0008059084
        1.0399582627        0.6017055820       -0.0015216432
        0.9121037340        0.5447320797       -0.0017043612
        1.4421626309        0.7709150724       -0.0009945063
        2.1966366758        0.9186320961       -0.0005139157
        1.8242074680        0.8688671506       -0.0006402609
        1.7544665628        0.8577252368       -0.0006312897
        2.0799165253        0.9055581726       -0.0005199928
        2.0190276833        0.8938181178       -0.0006536852
        1.9562445705        0.8870642187       -0.0006475360
        1.8913785589        0.8749407945       -0.0007752523
        1.3528684665        0.7352806884       -0.0011830453
        1.2572482337        0.6997423720       -0.0012575504
        1.6818361851        0.8351947854       -0.0008995297
        1.6818361851        0.8370559416       -0.0008034363
        1.0399582627        0.6017227617       -0.0015206411
        0.9121037340        0.5446762480       -0.0017057776
        1.4421626309        0.7708890911       -0.0009937257
        2.1966366758        0.9186274111       -0.0005140605
        1.8913785589        0.8749619749       -0.0007747629
        1.3528684665        0.7353210461       -0.0011815931
        1.2572482337        0.6997107688       -0.0012590171
        1.6818361851        0.8352588265       -0.0008972115
        2.0190276833        0.8937707136       -0.0006562745
        1.9562445705        0.8870700190       -0.0006480932
        2.0190276833        0.8938065444       -0.0006532314
        1.9562445705        0.8870482523       -0.0006465610
        1.8242074680        0.8688466081       -0.0006397712
        1.7544665628        0.8576887299       -0.0006310260
        2.0799165253        0.9055491000       -0.0005198882
        2.0190276833        0.8938353512       -0.0006517558
        1.9562445705        0.8870158618       -0.0006487480
