#epsqw diagonal term
#1:q+G [au], 2:Re(eps-1), 3:Im(eps-1)
        2.0190276833        0.9073165343       -0.0318756330
        1.9562445705        0.8981248284       -0.0321305469
        1.8242074680        0.8676514568       -0.0352297040
        1.7544665628        0.8503759972       -0.0293180603
        2.0799165253        0.9114060799       -0.0278163874
        2.0190276833        0.9075358611       -0.0319078524
        1.9562445705        0.8986199777       -0.0320530651
        2.0190276833        0.9072041977       -0.0315920754
        1.9562445705        0.8983740297       -0.0321917976
        1.8913785589        0.8840253137       -0.0282534179
        1.3528684665        0.7008968180       -0.0539577259
        1.2572482337        0.6610315929       -0.0680960509
        1.6818361851        0.8321698318       -0.0290431368
        1.6818361851        0.8369743395       -0.0378759272
        1.0399582627        0.5162402276       -0.1314370214
        0.9121037340        0.4818940045       -0.1526400705
        1.4421626309        0.7534556292       -0.0492664064
        2.1966366758        0.9308563404       -0.0243553106
        1.8913785589        0.8841792310       -0.0280904691
        1.3528684665        0.7002797880       -0.0538778953
        1.2572482337        0.6613246423       -0.0693543293
        1.6818361851        0.8324674561       -0.0292196712
        2.0190276833        0.9075615534       -0.0318133997
        1.9562445705        0.8988222103       -0.0320187475
        1.8242074680        0.8669155925       -0.0353153030
        1.7544665628        0.8505607482       -0.0297699564
        2.0799165253        0.9113671384       -0.0278485594
        1.6818361851        0.8374339951       -0.0374067084
        1.0399582627        0.5166626099       -0.1296036008
        0.9121037340        0.4805191300       -0.1518812343
        1.4421626309        0.7531498816       -0.0491588685
        2.1966366758        0.9305643082       -0.0246234902
        1.4421626309        0.7786321839       -0.0628658193
        0.5768650524        0.2562167511       -0.2767856299
        0.2884325262        0.1641368383       -0.4147631746
        1.1537301047        0.6640546563       -0.0842813290
        2.0190276833        0.9106213792       -0.0326185679
        1.6818361851        0.8371246323       -0.0376866858
        1.0399582627        0.5160952384       -0.1312829961
        0.9121037340        0.4803292424       -0.1525158925
        1.4421626309        0.7535706523       -0.0490504409
        2.1966366758        0.9305712403       -0.0244474504
        1.8242074680        0.8675437637       -0.0353284301
        1.7544665628        0.8502890672       -0.0293924682
        2.0799165253        0.9113037669       -0.0279530635
        2.0190276833        0.9073344371       -0.0320700825
        1.9562445705        0.8983320905       -0.0321713049
        1.8913785589        0.8841748752       -0.0276329075
        1.3528684665        0.7006654609       -0.0542838953
        1.2572482337        0.6609852777       -0.0677855422
        1.6818361851        0.8321918637       -0.0291523696
        1.6818361851        0.8374560040       -0.0375269906
        1.0399582627        0.5172668007       -0.1298665306
        0.9121037340        0.4809383656       -0.1519867246
        1.4421626309        0.7531933699       -0.0494158651
        2.1966366758        0.9308399164       -0.0244890124
        1.8913785589        0.8839564851       -0.0281682079
        1.3528684665        0.7008417047       -0.0541128668
        1.2572482337        0.6611756102       -0.0678753454
        1.6818361851        0.8321524052       -0.0290967386
        2.0190276833        0.9073051270       -0.0317782466
        1.9562445705        0.8983383716       -0.0320200424
        2.0190276833        0.9074616099       -0.0320679403
        1.9562445705        0.8981810080       -0.0321576882
        1.8242074680        0.8670810192       -0.0351546794
        1.7544665628        0.8505397891       -0.0296549609
        2.0799165253        0.9114451987       -0.0279678600
        2.0190276833        0.9071250938       -0.0315516388
        1.9562445705        0.8983359329       -0.0321212062
