#epsqw diagonal term
#1:q+G [au], 2:Re(eps-1), 3:Im(eps-1)
        2.0190276833        0.9043368891       -0.0283347182
        1.9562445705        0.8941098777       -0.0300199909
        1.8242074680        0.8687760599       -0.0276130930
        1.7544665628        0.8514034813       -0.0264688815
        2.0799165253        0.9127630156       -0.0251915723
        2.0190276833        0.9045611339       -0.0284465226
        1.9562445705        0.8945316347       -0.0300552871
        2.0190276833        0.9043654093       -0.0285106738
        1.9562445705        0.8942750666       -0.0302238262
        1.8913785589        0.8869540079       -0.0274508844
        1.3528684665        0.7125242180       -0.0480665803
        1.2572482337        0.6688129317       -0.0595693730
        1.6818361851        0.8401895629       -0.0263625525
        1.6818361851        0.8380756195       -0.0356722859
        1.0399582627        0.5337792686       -0.0912299679
        0.9121037340        0.4788318706       -0.1327617319
        1.4421626309        0.7578437466       -0.0425042250
        2.1966366758        0.9262346749       -0.0248306879
        1.8913785589        0.8869290181       -0.0275372130
        1.3528684665        0.7123492038       -0.0471902883
        1.2572482337        0.6686428906       -0.0595639542
        1.6818361851        0.8402688660       -0.0262257448
        2.0190276833        0.9046085895       -0.0286324159
        1.9562445705        0.8945133612       -0.0302493103
        1.8242074680        0.8687792572       -0.0274139152
        1.7544665628        0.8515170856       -0.0262338527
        2.0799165253        0.9128310491       -0.0255693726
        1.6818361851        0.8379414366       -0.0355062593
        1.0399582627        0.5340562732       -0.0906919114
        0.9121037340        0.4800361832       -0.1315156065
        1.4421626309        0.7581736945       -0.0422284135
        2.1966366758        0.9264326129       -0.0248823978
        1.4421626309        0.7633230623       -0.0563973259
        0.5768650524        0.2484912337       -0.1924482933
        0.2884325262        0.0192232749       -0.4249883616
        1.1537301047        0.6677788521       -0.0663539482
        2.0190276833        0.8954898442       -0.0330281089
        1.6818361851        0.8381235276       -0.0358048222
        1.0399582627        0.5340611506       -0.0907052490
        0.9121037340        0.4799494346       -0.1316582121
        1.4421626309        0.7580385291       -0.0424449394
        2.1966366758        0.9263045931       -0.0250164546
        1.8242074680        0.8688330227       -0.0274384637
        1.7544665628        0.8515097624       -0.0263465390
        2.0799165253        0.9129618944       -0.0251934173
        2.0190276833        0.9045268023       -0.0286570448
        1.9562445705        0.8946931662       -0.0302520862
        1.8913785589        0.8869154548       -0.0274301142
        1.3528684665        0.7124307767       -0.0476039578
        1.2572482337        0.6688754219       -0.0594669327
        1.6818361851        0.8398353000       -0.0260318002
        1.6818361851        0.8378331729       -0.0353703411
        1.0399582627        0.5334632414       -0.0910058654
        0.9121037340        0.4792538924       -0.1327347442
        1.4421626309        0.7579815703       -0.0421355385
        2.1966366758        0.9263164607       -0.0249985889
        1.8913785589        0.8869793179       -0.0274838898
        1.3528684665        0.7123902618       -0.0481315495
        1.2572482337        0.6687606843       -0.0596611510
        1.6818361851        0.8402008822       -0.0262565163
        2.0190276833        0.9043374119       -0.0284757764
        1.9562445705        0.8941930884       -0.0304220634
        2.0190276833        0.9045532802       -0.0283546310
        1.9562445705        0.8945475446       -0.0298575747
        1.8242074680        0.8686889153       -0.0275985829
        1.7544665628        0.8513584543       -0.0263562988
        2.0799165253        0.9127342460       -0.0253085720
        2.0190276833        0.9042744684       -0.0283128249
        1.9562445705        0.8941942569       -0.0299844974
