#epsqw diagonal term
#1:q+G [au], 2:Re(eps-1), 3:Im(eps-1)
        2.0190276833        0.8989819371       -0.0202338042
        1.9562445705        0.8872824146       -0.0193827160
        1.8242074680        0.8593852336       -0.0234767309
        1.7544665628        0.8382670488       -0.0218759640
        2.0799165253        0.9028757392       -0.0172932194
        2.0190276833        0.8991731307       -0.0203181619
        1.9562445705        0.8870206937       -0.0194572499
        2.0190276833        0.8990490446       -0.0204002892
        1.9562445705        0.8873450990       -0.0194345705
        1.8913785589        0.8763913934       -0.0216999855
        1.3528684665        0.7370729087       -0.0964285149
        1.2572482337        0.7105411038       -0.0986947775
        1.6818361851        0.8335645513       -0.0345696772
        1.6818361851        0.8257101947       -0.0296259587
        1.0399582627        0.6309213007       -0.1563028547
        0.9121037340        0.6057810162       -0.1583526161
        1.4421626309        0.7563728722       -0.0566069423
        2.1966366758        0.9207498267       -0.0134533249
        1.8913785589        0.8764546769       -0.0216102293
        1.3528684665        0.7390555147       -0.0966911617
        1.2572482337        0.7101824622       -0.0986218542
        1.6818361851        0.8334709413       -0.0343693858
        2.0190276833        0.8992422046       -0.0203612875
        1.9562445705        0.8870603789       -0.0194988469
        1.8242074680        0.8594233555       -0.0234679412
        1.7544665628        0.8379442239       -0.0220722997
        2.0799165253        0.9029114934       -0.0171296544
        1.6818361851        0.8262103571       -0.0298933550
        1.0399582627        0.6342830471       -0.1556335249
        0.9121037340        0.6067761985       -0.1559999151
        1.4421626309        0.7565960374       -0.0556268353
        2.1966366758        0.9208538754       -0.0134932399
        1.4421626309        0.7773221213       -0.0505316101
        0.5768650524        0.5100458776       -0.2452710774
        0.2884325262        0.5240614097       -0.4011636951
        1.1537301047        0.6855211679       -0.0972698913
        2.0190276833        0.8996049170       -0.0151590340
        1.6818361851        0.8258955845       -0.0293982037
        1.0399582627        0.6324989775       -0.1554419806
        0.9121037340        0.6078382643       -0.1569327379
        1.4421626309        0.7569700005       -0.0562080039
        2.1966366758        0.9207573943       -0.0134631606
        1.8242074680        0.8595164523       -0.0235720320
        1.7544665628        0.8383212794       -0.0218217329
        2.0799165253        0.9029395555       -0.0172725524
        2.0190276833        0.8990787737       -0.0204720806
        1.9562445705        0.8872946820       -0.0196194890
        1.8913785589        0.8764566949       -0.0220313045
        1.3528684665        0.7387184814       -0.0971013773
        1.2572482337        0.7113283761       -0.0975196558
        1.6818361851        0.8334715485       -0.0341491549
        1.6818361851        0.8259514742       -0.0301402688
        1.0399582627        0.6325592438       -0.1563276448
        0.9121037340        0.6051459636       -0.1569224314
        1.4421626309        0.7560527556       -0.0560185077
        2.1966366758        0.9208839473       -0.0134878986
        1.8913785589        0.8764112773       -0.0216867207
        1.3528684665        0.7370845359       -0.0963157324
        1.2572482337        0.7106165309       -0.0987338357
        1.6818361851        0.8335484524       -0.0345959408
        2.0190276833        0.8990377541       -0.0202639260
        1.9562445705        0.8873234553       -0.0195262910
        2.0190276833        0.8989959213       -0.0203957359
        1.9562445705        0.8872876592       -0.0195406443
        1.8242074680        0.8592769201       -0.0234200559
        1.7544665628        0.8379312999       -0.0220436536
        2.0799165253        0.9028539509       -0.0171205411
        2.0190276833        0.8989684594       -0.0203326999
        1.9562445705        0.8872994976       -0.0194544629
