#epsqw diagonal term
#1:q+G [au], 2:Re(eps-1), 3:Im(eps-1)
        2.0190276833        0.8934557652       -0.0006894013
        1.9562445705        0.8867649624       -0.0006781692
        1.8242074680        0.8686068099       -0.0006570096
        1.7544665628        0.8574823482       -0.0006442974
        2.0799165253        0.9053371428       -0.0005359800
        2.0190276833        0.8935159767       -0.0006855789
        1.9562445705        0.8867644412       -0.0006775097
        2.0190276833        0.8935464284       -0.0006860887
        1.9562445705        0.8867465734       -0.0006810634
        1.8913785589        0.8745716620       -0.0008226712
        1.3528684665        0.7348249290       -0.0012294892
        1.2572482337        0.6991936211       -0.0013050335
        1.6818361851        0.8348361222       -0.0009468397
        1.6818361851        0.8367091253       -0.0008364814
        1.0399582627        0.6010864357       -0.0015588444
        0.9121037340        0.5440212825       -0.0017428116
        1.4421626309        0.7705109954       -0.0010271185
        2.1966366758        0.9184067897       -0.0005363701
        1.8913785589        0.8744638478       -0.0008278424
        1.3528684665        0.7348322326       -0.0012284380
        1.2572482337        0.6992361295       -0.0013025881
        1.6818361851        0.8348035576       -0.0009487235
        2.0190276833        0.8935241014       -0.0006872363
        1.9562445705        0.8867826522       -0.0006784887
        1.8242074680        0.8686360546       -0.0006567380
        1.7544665628        0.8575147511       -0.0006441294
        2.0799165253        0.9053704472       -0.0005364216
        1.6818361851        0.8367374116       -0.0008351028
        1.0399582627        0.6011480816       -0.0015580521
        0.9121037340        0.5440240246       -0.0017442065
        1.4421626309        0.7705198684       -0.0010280484
        2.1966366758        0.9183873558       -0.0005372286
        1.4421626309        0.7839520231       -0.0008696138
        0.5768650524        0.3703185016       -0.0023604432
        0.2884325262        0.2258367666       -0.0028899874
        1.1537301047        0.6775226174       -0.0012404906
        2.0190276833        0.9040779417       -0.0004410421
        1.6818361851        0.8367179656       -0.0008373616
        1.0399582627        0.6011141371       -0.0015589163
        0.9121037340        0.5440506553       -0.0017427750
        1.4421626309        0.7705299326       -0.0010280731
        2.1966366758        0.9184000948       -0.0005367254
        1.8242074680        0.8686335696       -0.0006572131
        1.7544665628        0.8575177382       -0.0006443950
        2.0799165253        0.9053589003       -0.0005362660
        2.0190276833        0.8935173661       -0.0006873663
        1.9562445705        0.8867786303       -0.0006787852
        1.8913785589        0.8745515589       -0.0008228918
        1.3528684665        0.7347853561       -0.0012308888
        1.2572482337        0.6992325910       -0.0013033437
        1.6818361851        0.8347692420       -0.0009495742
        1.6818361851        0.8367284709       -0.0008342852
        1.0399582627        0.6011323326       -0.0015576771
        0.9121037340        0.5439929843       -0.0017444960
        1.4421626309        0.7705050717       -0.0010270308
        2.1966366758        0.9183955119       -0.0005368050
        1.8913785589        0.8745728036       -0.0008225291
        1.3528684665        0.7348270721       -0.0012292870
        1.2572482337        0.6991994420       -0.0013050683
        1.6818361851        0.8348355151       -0.0009469659
        2.0190276833        0.8934671547       -0.0006904634
        1.9562445705        0.8867838469       -0.0006794307
        2.0190276833        0.8935065206       -0.0006866613
        1.9562445705        0.8867641947       -0.0006773342
        1.8242074680        0.8686136768       -0.0006565464
        1.7544665628        0.8574816211       -0.0006440598
        2.0799165253        0.9053500379       -0.0005361143
        2.0190276833        0.8935370227       -0.0006848575
        1.9562445705        0.8867294726       -0.0006799227
