#epsqw diagonal term
#1:q+G [au], 2:Re(eps-1), 3:Im(eps-1)
        2.1728370930        0.9398270530       -0.0873208681
        1.7954779959        0.8624106612       -0.1559048315
        1.7954779959        0.8609460670       -0.1554613646
        2.1728370930        0.9404677876       -0.0879716911
        2.0547654610        0.9224647336       -0.1124989148
        1.6506305767        0.8318465619       -0.2091976816
        1.6506305767        0.8314438907       -0.2096305690
        2.0547654610        0.9237660233       -0.1130920475
        1.9294820981        0.8978917054       -0.1265029864
        1.9294820981        0.8969090673       -0.1265938841
        2.1728370930        0.9402303598       -0.0881511114
        1.7954779959        0.8606842824       -0.1552099246
        1.7954779959        0.8618088774       -0.1556464113
        2.1728370930        0.9396763079       -0.0879747482
        1.6506305767        0.8248965806       -0.2036715662
        1.1077461360        0.6113579745       -0.3901307908
        1.1077461360        0.6112021010       -0.3906320820
        1.6506305767        0.8247449847       -0.2040476024
        1.4917846251        0.7859116027       -0.2625000871
        0.8531949185        0.4335675783       -0.5197585797
        0.8531949185        0.4310974266       -0.5192305657
        1.4917846251        0.7861211484       -0.2619620519
        1.7954779959        0.8755080079       -0.1492498384
        1.3138726859        0.7149090878       -0.3547536436
        1.3138726859        0.7164434522       -0.3502205774
        1.7954779959        0.8781539666       -0.1490890838
        2.0547654610        0.9210657323       -0.1019282429
        2.0547654610        0.9213695037       -0.1020158601
        2.0547654610        0.9238362039       -0.1132250812
        1.6506305767        0.8317248048       -0.2102353122
        1.6506305767        0.8317827269       -0.2104351369
        2.0547654610        0.9224031644       -0.1131189304
        1.4917846251        0.7855130642       -0.2617717568
        0.8531949185        0.4290056248       -0.5183520149
        0.8531949185        0.4313672374       -0.5186273595
        1.4917846251        0.7849748074       -0.2628075213
        2.1728370930        0.9526308167       -0.0819959720
        1.3138726859        0.7131893300       -0.2980045253
        0.4783112333        0.2344712741       -0.5414668144
        0.4783112333        0.2331919800       -0.5419000547
        1.3138726859        0.7137319727       -0.2974912132
        2.1728370930        0.9526169802       -0.0818709956
        1.6506305767        0.8306944321       -0.1827904962
        1.1077461360        0.5907671939       -0.4367949622
        1.1077461360        0.5920350789       -0.4368884826
        1.6506305767        0.8326787825       -0.1834130030
        1.9294820981        0.8962586565       -0.1256433885
        1.9294820981        0.8963850592       -0.1264088664
        1.9294820981        0.8971459835       -0.1263651050
        1.9294820981        0.8979728415       -0.1264995318
        1.7954779959        0.8786315948       -0.1489823319
        1.3138726859        0.7157879143       -0.3497486996
        1.3138726859        0.7148255655       -0.3538195050
        1.7954779959        0.8759370025       -0.1491389646
        1.6506305767        0.8331785793       -0.1830189191
        1.1077461360        0.5928784220       -0.4375712850
        1.1077461360        0.5921486503       -0.4352992461
        1.6506305767        0.8315461535       -0.1817264434
        1.9294820981        0.9109832888       -0.1105274952
        1.4917846251        0.7906198904       -0.2530994089
        1.4917846251        0.7911517530       -0.2533007390
        1.9294820981        0.9108832725       -0.1102572797
        2.1728370930        0.9362473993       -0.0868710563
        2.1728370930        0.9357402405       -0.0876190678
        2.0547654610        0.9211225258       -0.1023576260
        2.0547654610        0.9210662775       -0.1020016525
        1.9294820981        0.8963030900       -0.1255938248
        1.9294820981        0.8960046477       -0.1248036807
        2.1728370930        0.9356272556       -0.0876823488
        2.1728370930        0.9361765499       -0.0867351927
