#epsqw diagonal term
#1:q+G [au], 2:Re(eps-1), 3:Im(eps-1)
        2.1728370930        0.9193419512       -0.0157467681
        1.7954779959        0.8595154329       -0.0280729366
        1.7954779959        0.8592840263       -0.0278094209
        2.1728370930        0.9191920523       -0.0158984522
        2.0547654610        0.9005834773       -0.0184494240
        1.6506305767        0.8155469776       -0.0349094013
        1.6506305767        0.8153236619       -0.0341922133
        2.0547654610        0.9001659352       -0.0185007863
        1.9294820981        0.8816915551       -0.0219458604
        1.9294820981        0.8817372510       -0.0219976343
        2.1728370930        0.9192722938       -0.0159547933
        1.7954779959        0.8593901601       -0.0279890238
        1.7954779959        0.8595185802       -0.0280880264
        2.1728370930        0.9193630723       -0.0157288035
        1.6506305767        0.8260444456       -0.0413332534
        1.1077461360        0.6897180356       -0.1566921321
        1.1077461360        0.6895776164       -0.1566358700
        1.6506305767        0.8259260485       -0.0411066947
        1.4917846251        0.7744339815       -0.0529786255
        0.8531949185        0.6045358385       -0.2160290626
        0.8531949185        0.6079422268       -0.2169331428
        1.4917846251        0.7744183267       -0.0528092954
        1.7954779959        0.8596288389       -0.0288029306
        1.3138726859        0.7300627185       -0.1037653749
        1.3138726859        0.7306708212       -0.1037857929
        1.7954779959        0.8595592890       -0.0289278318
        2.0547654610        0.9059662427       -0.0181133720
        2.0547654610        0.9057795549       -0.0181384246
        2.0547654610        0.9003136739       -0.0185442933
        1.6506305767        0.8155319084       -0.0342018987
        1.6506305767        0.8155062910       -0.0348447007
        2.0547654610        0.9006083341       -0.0184687539
        1.4917846251        0.7745967454       -0.0528063106
        0.8531949185        0.6084123499       -0.2163934056
        0.8531949185        0.6051985117       -0.2157381992
        1.4917846251        0.7746571310       -0.0527546929
        2.1728370930        0.9184822357       -0.0142556378
        1.3138726859        0.7327304525       -0.0753826239
        0.4783112333        0.5476473735       -0.3390835222
        0.4783112333        0.5479368433       -0.3398301732
        1.3138726859        0.7329055328       -0.0753684504
        2.1728370930        0.9184309969       -0.0142245429
        1.6506305767        0.8207471584       -0.0348927330
        1.1077461360        0.6637232291       -0.1349138090
        1.1077461360        0.6634601566       -0.1337860425
        1.6506305767        0.8209241615       -0.0345443148
        1.9294820981        0.8807648225       -0.0176573157
        1.9294820981        0.8807752859       -0.0175827127
        1.9294820981        0.8817104540       -0.0219649669
        1.9294820981        0.8817095694       -0.0219696799
        1.7954779959        0.8595274681       -0.0288084401
        1.3138726859        0.7305034282       -0.1039105067
        1.3138726859        0.7301140791       -0.1045434573
        1.7954779959        0.8596217929       -0.0288238520
        1.6506305767        0.8206768763       -0.0348096561
        1.1077461360        0.6626986312       -0.1343619708
        1.1077461360        0.6631948806       -0.1358389316
        1.6506305767        0.8206747624       -0.0351666981
        1.9294820981        0.8855007988       -0.0241927112
        1.4917846251        0.7841385218       -0.0631837926
        1.4917846251        0.7843125409       -0.0631633565
        1.9294820981        0.8856174733       -0.0241368253
        2.1728370930        0.9202356182       -0.0146802822
        2.1728370930        0.9203748175       -0.0147497410
        2.0547654610        0.9058088524       -0.0180698929
        2.0547654610        0.9059896555       -0.0180630516
        1.9294820981        0.8807729407       -0.0174538763
        1.9294820981        0.8806685064       -0.0174982046
        2.1728370930        0.9203797276       -0.0147883092
        2.1728370930        0.9202736834       -0.0147179071
