#epsqw diagonal term
#1:q+G [au], 2:Re(eps-1), 3:Im(eps-1)
        2.1728370930        0.9065890360       -0.0308794714
        1.7954779959        0.8546106783       -0.0405782883
        1.7954779959        0.8546945290       -0.0407964045
        2.1728370930        0.9065920581       -0.0310641061
        2.0547654610        0.8974032459       -0.0228790449
        1.6506305767        0.8280418103       -0.0317825424
        1.6506305767        0.8283361975       -0.0318048210
        2.0547654610        0.8976176978       -0.0228061340
        1.9294820981        0.8775693408       -0.0377925679
        1.9294820981        0.8778403168       -0.0379715689
        2.1728370930        0.9067613606       -0.0309853864
        1.7954779959        0.8546776019       -0.0407507965
        1.7954779959        0.8545407589       -0.0405507422
        2.1728370930        0.9066707428       -0.0308736474
        1.6506305767        0.8272040581       -0.0410879266
        1.1077461360        0.6102460325       -0.0550557378
        1.1077461360        0.6102868290       -0.0551015212
        1.6506305767        0.8272940348       -0.0411650675
        1.4917846251        0.7815330013       -0.0375817016
        0.8531949185        0.4750674932       -0.0645764025
        0.8531949185        0.4751729614       -0.0646163683
        1.4917846251        0.7814497460       -0.0379582213
        1.7954779959        0.8551866058       -0.0385979194
        1.3138726859        0.7087904967       -0.0455785607
        1.3138726859        0.7092800226       -0.0456407207
        1.7954779959        0.8552356683       -0.0383777277
        2.0547654610        0.8997420820       -0.0361440644
        2.0547654610        0.8997631974       -0.0360438990
        2.0547654610        0.8977259336       -0.0227968054
        1.6506305767        0.8283849405       -0.0319053198
        1.6506305767        0.8280485634       -0.0319500164
        2.0547654610        0.8974848936       -0.0228830511
        1.4917846251        0.7813777014       -0.0379962054
        0.8531949185        0.4750382620       -0.0647770173
        0.8531949185        0.4748184672       -0.0647291567
        1.4917846251        0.7815156752       -0.0375251986
        2.1728370930        0.9179140670       -0.0126942406
        1.3138726859        0.7257874363       -0.0619537040
        0.4783112333        0.3029315053       -0.1384899905
        0.4783112333        0.3027838582       -0.1383539830
        1.3138726859        0.7257031629       -0.0620558720
        2.1728370930        0.9178901178       -0.0126921014
        1.6506305767        0.8243940918       -0.0331422555
        1.1077461360        0.6193524029       -0.0530185239
        1.1077461360        0.6200213267       -0.0532751058
        1.6506305767        0.8239932216       -0.0331517136
        1.9294820981        0.8852491287       -0.0257836179
        1.9294820981        0.8850479002       -0.0256263034
        1.9294820981        0.8776506228       -0.0381996550
        1.9294820981        0.8773212472       -0.0379205184
        1.7954779959        0.8551201746       -0.0383458618
        1.3138726859        0.7092930637       -0.0456675346
        1.3138726859        0.7088507944       -0.0455617450
        1.7954779959        0.8551009176       -0.0385053888
        1.6506305767        0.8238858959       -0.0331349466
        1.1077461360        0.6200007887       -0.0531846839
        1.1077461360        0.6193990928       -0.0529872925
        1.6506305767        0.8242766935       -0.0331519042
        1.9294820981        0.8762134561       -0.0360328053
        1.4917846251        0.7755879158       -0.0440394344
        1.4917846251        0.7756020772       -0.0440591948
        1.9294820981        0.8761626586       -0.0360363963
        2.1728370930        0.9136849470       -0.0349846176
        2.1728370930        0.9134940195       -0.0350654377
        2.0547654610        0.8998204146       -0.0359989507
        2.0547654610        0.8998972798       -0.0361368161
        1.9294820981        0.8850315389       -0.0255900720
        1.9294820981        0.8852249970       -0.0257542348
        2.1728370930        0.9135552685       -0.0351198513
        2.1728370930        0.9138047850       -0.0350985495
