#epsqw diagonal term
#1:q+G [au], 2:Re(eps-1), 3:Im(eps-1)
        2.1728370930        0.9077082440       -0.0129300464
        1.7954779959        0.8513376602       -0.0142297507
        1.7954779959        0.8512999774       -0.0140958356
        2.1728370930        0.9075924303       -0.0129005386
        2.0547654610        0.8960559099       -0.0118612785
        1.6506305767        0.8245981902       -0.0207206077
        1.6506305767        0.8248298044       -0.0205940219
        2.0547654610        0.8959831621       -0.0119685131
        1.9294820981        0.8747799563       -0.0146365661
        1.9294820981        0.8747939121       -0.0146632998
        2.1728370930        0.9076141828       -0.0129168501
        1.7954779959        0.8513051525       -0.0141209898
        1.7954779959        0.8513529410       -0.0142293517
        2.1728370930        0.9077265770       -0.0129386872
        1.6506305767        0.8192408900       -0.0168689632
        1.1077461360        0.6183314503       -0.0271704069
        1.1077461360        0.6183229145       -0.0271868548
        1.6506305767        0.8192547165       -0.0168840153
        1.4917846251        0.7788708475       -0.0200606389
        0.8531949185        0.4758424176       -0.0545608250
        0.8531949185        0.4759075962       -0.0534734275
        1.4917846251        0.7785597445       -0.0200019112
        1.7954779959        0.8541356815       -0.0177194435
        1.3138726859        0.7013363510       -0.0277182684
        1.3138726859        0.7015081425       -0.0278227792
        1.7954779959        0.8539867851       -0.0179036017
        2.0547654610        0.8931009463       -0.0142721775
        2.0547654610        0.8930410313       -0.0141895639
        2.0547654610        0.8960440187       -0.0119995825
        1.6506305767        0.8248649688       -0.0205648192
        1.6506305767        0.8246314510       -0.0206998338
        2.0547654610        0.8961265635       -0.0119121640
        1.4917846251        0.7786142524       -0.0199358738
        0.8531949185        0.4759735679       -0.0535508294
        0.8531949185        0.4758292050       -0.0545574423
        1.4917846251        0.7789116471       -0.0199785086
        2.1728370930        0.9171516762       -0.0097276401
        1.3138726859        0.7182384834       -0.0266295976
        0.4783112333        0.2148116309       -0.1052376251
        0.4783112333        0.2148969356       -0.1052223385
        1.3138726859        0.7182140415       -0.0266264153
        2.1728370930        0.9171565586       -0.0097285507
        1.6506305767        0.8234596576       -0.0184887778
        1.1077461360        0.6108307468       -0.0414132463
        1.1077461360        0.6108783130       -0.0421232038
        1.6506305767        0.8233712392       -0.0185503709
        1.9294820981        0.8819359050       -0.0167064278
        1.9294820981        0.8819844244       -0.0165383153
        1.9294820981        0.8748405246       -0.0147017468
        1.9294820981        0.8748223441       -0.0146717990
        1.7954779959        0.8539808439       -0.0179133859
        1.3138726859        0.7015808387       -0.0278935814
        1.3138726859        0.7013511158       -0.0277620036
        1.7954779959        0.8541058385       -0.0177492046
        1.6506305767        0.8233163253       -0.0185724914
        1.1077461360        0.6108148538       -0.0421602338
        1.1077461360        0.6107717704       -0.0414087873
        1.6506305767        0.8234442873       -0.0184873884
        1.9294820981        0.8771213326       -0.0182948018
        1.4917846251        0.7694281704       -0.0226373037
        1.4917846251        0.7694328859       -0.0226604889
        1.9294820981        0.8771247304       -0.0182856761
        2.1728370930        0.9086236872       -0.0139277575
        2.1728370930        0.9085418260       -0.0138570051
        2.0547654610        0.8930032089       -0.0141965556
        2.0547654610        0.8930659348       -0.0142805433
        1.9294820981        0.8819230518       -0.0165394146
        1.9294820981        0.8818799517       -0.0167094777
        2.1728370930        0.9085145145       -0.0138097804
        2.1728370930        0.9085942761       -0.0139147908
