#epsqw diagonal term
#1:q+G [au], 2:Re(eps-1), 3:Im(eps-1)
        2.1728370930        0.9130192870       -0.0005141204
        1.7954779959        0.8612715424       -0.0006602946
        1.7954779959        0.8613220873       -0.0006588749
        2.1728370930        0.9130537609       -0.0005123814
        2.0547654610        0.9025333284       -0.0004900610
        1.6506305767        0.8324068407       -0.0007216556
        1.6506305767        0.8323967563       -0.0007221273
        2.0547654610        0.9025182526       -0.0004901781
        1.9294820981        0.8827957858       -0.0005970743
        1.9294820981        0.8828000992       -0.0005972807
        2.1728370930        0.9130678753       -0.0005124015
        1.7954779959        0.8613473970       -0.0006589329
        1.7954779959        0.8612964158       -0.0006603562
        2.1728370930        0.9130343245       -0.0005141102
        1.6506305767        0.8295259552       -0.0007867430
        1.1077461360        0.6382186778       -0.0013102959
        1.1077461360        0.6382191675       -0.0013101878
        1.6506305767        0.8295288642       -0.0007867093
        1.4917846251        0.7872120462       -0.0008891864
        0.8531949185        0.5085452766       -0.0016908105
        0.8531949185        0.5085556790       -0.0016910225
        1.4917846251        0.7872272310       -0.0008888422
        1.7954779959        0.8597670888       -0.0007074142
        1.3138726859        0.7219842243       -0.0011036946
        1.3138726859        0.7219490037       -0.0011046046
        1.7954779959        0.8597977258       -0.0007071210
        2.0547654610        0.9004121719       -0.0005517305
        2.0547654610        0.9004049066       -0.0005523136
        2.0547654610        0.9025392618       -0.0004901922
        1.6506305767        0.8324296833       -0.0007221527
        1.6506305767        0.8324417777       -0.0007217236
        2.0547654610        0.9025555956       -0.0004901519
        1.4917846251        0.7872377583       -0.0008890767
        0.8531949185        0.5085647586       -0.0016911510
        0.8531949185        0.5085621834       -0.0016907524
        1.4917846251        0.7872263792       -0.0008895004
        2.1728370930        0.9206725048       -0.0003808322
        1.3138726859        0.7335085446       -0.0010650698
        0.4783112333        0.3107209023       -0.0022803174
        0.4783112333        0.3107148286       -0.0022803708
        1.3138726859        0.7335101329       -0.0010650740
        2.1728370930        0.9206734812       -0.0003808389
        1.6506305767        0.8309243668       -0.0007457701
        1.1077461360        0.6375991349       -0.0013437511
        1.1077461360        0.6376204491       -0.0013432508
        1.6506305767        0.8309210267       -0.0007453476
        1.9294820981        0.8870922118       -0.0005456563
        1.9294820981        0.8870960879       -0.0005455795
        1.9294820981        0.8828151433       -0.0005972138
        1.9294820981        0.8828102392       -0.0005971210
        1.7954779959        0.8597888545       -0.0007070209
        1.3138726859        0.7219376230       -0.0011044068
        1.3138726859        0.7219695745       -0.0011036338
        1.7954779959        0.8597587810       -0.0007073147
        1.6506305767        0.8308985513       -0.0007450990
        1.1077461360        0.6375930071       -0.0013431269
        1.1077461360        0.6375689205       -0.0013436976
        1.6506305767        0.8309065422       -0.0007454590
        1.9294820981        0.8821230387       -0.0006418084
        1.4917846251        0.7854162693       -0.0009001287
        1.4917846251        0.7854185691       -0.0009001147
        1.9294820981        0.8821226965       -0.0006418381
        2.1728370930        0.9145223470       -0.0004947910
        2.1728370930        0.9145460590       -0.0004941157
        2.0547654610        0.9003893516       -0.0005521545
        2.0547654610        0.9003977385       -0.0005515313
        1.9294820981        0.8870720644       -0.0005455458
        1.9294820981        0.8870688836       -0.0005455861
        2.1728370930        0.9145327990       -0.0004941167
        2.1728370930        0.9145103817       -0.0004947695
