#epsqw diagonal term
#1:q+G [au], 2:Re(eps-1), 3:Im(eps-1)
        2.1728370930        0.8924904002       -0.0988510791
        1.7954779959        0.8144794201       -0.1464737065
        1.7954779959        0.8135137163       -0.1463744724
        2.1728370930        0.8920485169       -0.0985528030
        2.0547654610        0.8816450041       -0.1155780010
        1.6506305767        0.7585024664       -0.1861665573
        1.6506305767        0.7579612141       -0.1874271878
        2.0547654610        0.8814378540       -0.1154223929
        1.9294820981        0.8550503710       -0.1273109900
        1.9294820981        0.8547206728       -0.1283550785
        2.1728370930        0.8915516925       -0.0998315688
        1.7954779959        0.8142215691       -0.1468665920
        1.7954779959        0.8146183572       -0.1465523619
        2.1728370930        0.8928322526       -0.0991183936
        1.6506305767        0.7828263256       -0.1770527290
        1.1077461360        0.5654220620       -0.2829927069
        1.1077461360        0.5657367593       -0.2844865167
        1.6506305767        0.7820689448       -0.1769179706
        1.4917846251        0.7150586390       -0.2137460056
        0.8531949185        0.4573590577       -0.3792300828
        0.8531949185        0.4573547974       -0.3790256421
        1.4917846251        0.7152696029       -0.2152295069
        1.7954779959        0.8218753205       -0.1553762799
        1.3138726859        0.6344112212       -0.2558175312
        1.3138726859        0.6347919540       -0.2565939797
        1.7954779959        0.8220554780       -0.1549598654
        2.0547654610        0.8824163201       -0.1151636772
        2.0547654610        0.8826127991       -0.1148827076
        2.0547654610        0.8809617433       -0.1156213561
        1.6506305767        0.7588208446       -0.1878413185
        1.6506305767        0.7582779914       -0.1867131907
        2.0547654610        0.8821524333       -0.1153455176
        1.4917846251        0.7153240926       -0.2140203483
        0.8531949185        0.4581756471       -0.3772449726
        0.8531949185        0.4563391253       -0.3774484285
        1.4917846251        0.7154336024       -0.2129631598
        2.1728370930        0.9059939614       -0.0959122962
        1.3138726859        0.6355412255       -0.2161733933
        0.4783112333        0.3825069363       -0.4701742478
        0.4783112333        0.3831601135       -0.4710899296
        1.3138726859        0.6362492737       -0.2166105292
        2.1728370930        0.9061070758       -0.0958518623
        1.6506305767        0.7764432739       -0.1672595357
        1.1077461360        0.5346756614       -0.3049456373
        1.1077461360        0.5341265837       -0.3062365415
        1.6506305767        0.7759861248       -0.1671591743
        1.9294820981        0.8561265402       -0.1348280470
        1.9294820981        0.8563455746       -0.1346288172
        1.9294820981        0.8544392234       -0.1284930169
        1.9294820981        0.8551184040       -0.1282248144
        1.7954779959        0.8211430018       -0.1549150589
        1.3138726859        0.6349669731       -0.2567150734
        1.3138726859        0.6349839724       -0.2549720806
        1.7954779959        0.8215671556       -0.1549802589
        1.6506305767        0.7761949492       -0.1675408112
        1.1077461360        0.5333645262       -0.3061846518
        1.1077461360        0.5342245826       -0.3074878378
        1.6506305767        0.7760803273       -0.1679807754
        1.9294820981        0.8634986706       -0.1420989873
        1.4917846251        0.7170208307       -0.2116163063
        1.4917846251        0.7172553938       -0.2111811258
        1.9294820981        0.8634173331       -0.1424866319
        2.1728370930        0.9023054827       -0.0981747054
        2.1728370930        0.9018755234       -0.0979280924
        2.0547654610        0.8824031249       -0.1148063201
        2.0547654610        0.8824020337       -0.1146804455
        1.9294820981        0.8562288322       -0.1347650997
        1.9294820981        0.8559458651       -0.1352920387
        2.1728370930        0.9014808811       -0.0978000141
        2.1728370930        0.9021342053       -0.0979995422
