#epsqw diagonal term
#1:q+G [au], 2:Re(eps-1), 3:Im(eps-1)
        2.1728370930        0.9130472364       -0.0005121089
        1.7954779959        0.8613029809       -0.0006582444
        1.7954779959        0.8613533325       -0.0006568470
        2.1728370930        0.9130814469       -0.0005104035
        2.0547654610        0.9025552521       -0.0004887813
        1.6506305767        0.8324379967       -0.0007199144
        1.6506305767        0.8324279798       -0.0007203773
        2.0547654610        0.9025401997       -0.0004888942
        1.9294820981        0.8828246167       -0.0005952355
        1.9294820981        0.8828289694       -0.0005954368
        2.1728370930        0.9130955834       -0.0005104180
        1.7954779959        0.8613786769       -0.0006568956
        1.7954779959        0.8613278840       -0.0006582970
        2.1728370930        0.9130622891       -0.0005120933
        1.6506305767        0.8295655322       -0.0007840054
        1.1077461360        0.6382814775       -0.0013067774
        1.1077461360        0.6382819500       -0.0013066705
        1.6506305767        0.8295684413       -0.0007839706
        1.4917846251        0.7872529861       -0.0008866544
        0.8531949185        0.5086335904       -0.0016864449
        0.8531949185        0.5086440785       -0.0016866450
        1.4917846251        0.7872681302       -0.0008863127
        1.7954779959        0.8598046549       -0.0007046658
        1.3138726859        0.7220360309       -0.0011006177
        1.3138726859        0.7220009356       -0.0011015124
        1.7954779959        0.8598352843       -0.0007043688
        2.0547654610        0.9004406891       -0.0005497751
        2.0547654610        0.9004335293       -0.0005503433
        2.0547654610        0.9025612220       -0.0004889059
        1.6506305767        0.8324609204       -0.0007204000
        1.6506305767        0.8324729537       -0.0007199789
        2.0547654610        0.9025775451       -0.0004888681
        1.4917846251        0.7872786968       -0.0008865416
        0.8531949185        0.5086531849       -0.0016867688
        0.8531949185        0.5086504779       -0.0016863886
        1.4917846251        0.7872673729       -0.0008869608
        2.1728370930        0.9206880227       -0.0003799764
        1.3138726859        0.7335556603       -0.0010626194
        0.4783112333        0.3108754354       -0.0022728244
        0.4783112333        0.3108693714       -0.0022728769
        1.3138726859        0.7335572486       -0.0010626240
        2.1728370930        0.9206889999       -0.0003799832
        1.6506305767        0.8309585423       -0.0007436822
        1.1077461360        0.6376611365       -0.0013407062
        1.1077461360        0.6376823393       -0.0013402211
        1.6506305767        0.8309551127       -0.0007432724
        1.9294820981        0.8871168157       -0.0005442261
        1.9294820981        0.8871206907       -0.0005441486
        1.9294820981        0.8828440091       -0.0005953686
        1.9294820981        0.8828390899       -0.0005952774
        1.7954779959        0.8598263839       -0.0007042751
        1.3138726859        0.7219894998       -0.0011013272
        1.3138726859        0.7220213449       -0.0011005677
        1.7954779959        0.8597963153       -0.0007045737
        1.6506305767        0.8309325911       -0.0007430303
        1.1077461360        0.6376548722       -0.0013401009
        1.1077461360        0.6376309161       -0.0013406537
        1.6506305767        0.8309406627       -0.0007433789
        1.9294820981        0.8821579821       -0.0006392831
        1.4917846251        0.7854570803       -0.0008977743
        1.4917846251        0.7854593812       -0.0008977600
        1.9294820981        0.8821576458       -0.0006393121
        2.1728370930        0.9145482553       -0.0004930491
        2.1728370930        0.9145718930       -0.0004923813
        2.0547654610        0.9004179237       -0.0005501963
        2.0547654610        0.9004261982       -0.0005495890
        1.9294820981        0.8870966545       -0.0005441168
        1.9294820981        0.8870934726       -0.0005441578
        2.1728370930        0.9145586255       -0.0004923841
        2.1728370930        0.9145362829       -0.0004930292
