#epsqw diagonal term
#1:q+G [au], 2:Re(eps-1), 3:Im(eps-1)
        2.1728370930        0.9130782787       -0.0005098994
        1.7954779959        0.8613379243       -0.0006559905
        1.7954779959        0.8613880649       -0.0006546174
        2.1728370930        0.9131121998       -0.0005082306
        2.0547654610        0.9025796500       -0.0004873679
        1.6506305767        0.8324726813       -0.0007179879
        1.6506305767        0.8324627390       -0.0007184413
        2.0547654610        0.9025646234       -0.0004874764
        1.9294820981        0.8828566739       -0.0005932102
        1.9294820981        0.8828610705       -0.0005934059
        2.1728370930        0.9131263591       -0.0005082393
        1.7954779959        0.8614134454       -0.0006546563
        1.7954779959        0.8613628608       -0.0006560339
        2.1728370930        0.9130933485       -0.0005098782
        1.6506305767        0.8296094976       -0.0007809986
        1.1077461360        0.6383513492       -0.0013029008
        1.1077461360        0.6383518034       -0.0013027953
        1.6506305767        0.8296124067       -0.0007809626
        1.4917846251        0.7872985111       -0.0008838655
        0.8531949185        0.5087319465       -0.0016816132
        0.8531949185        0.5087425284       -0.0016818004
        1.4917846251        0.7873136115       -0.0008835266
        1.7954779959        0.8598463658       -0.0007016493
        1.3138726859        0.7220936487       -0.0010972309
        1.3138726859        0.7220586921       -0.0010981090
        1.7954779959        0.8598769873       -0.0007013485
        2.0547654610        0.9004723782       -0.0005476253
        2.0547654610        0.9004653350       -0.0005481772
        2.0547654610        0.9025856606       -0.0004874855
        1.6506305767        0.8324956955       -0.0007184611
        1.6506305767        0.8325076619       -0.0007180486
        2.0547654610        0.9026019723       -0.0004874502
        1.4917846251        0.7873242237       -0.0008837495
        0.8531949185        0.5087516671       -0.0016819192
        0.8531949185        0.5087488147       -0.0016815590
        1.4917846251        0.7873129578       -0.0008841638
        2.1728370930        0.9207053009       -0.0003790294
        1.3138726859        0.7336081343       -0.0010599059
        0.4783112333        0.3110475804       -0.0022645194
        0.4783112333        0.3110415276       -0.0022645709
        1.3138726859        0.7336097229       -0.0010599107
        2.1728370930        0.9207062787       -0.0003790363
        1.6506305767        0.8309965576       -0.0007413796
        1.1077461360        0.6377302029       -0.0013373334
        1.1077461360        0.6377512848       -0.0013368648
        1.6506305767        0.8309930306       -0.0007409837
        1.9294820981        0.8871442038       -0.0005426438
        1.9294820981        0.8871480779       -0.0005425654
        1.9294820981        0.8828761054       -0.0005933365
        1.9294820981        0.8828711685       -0.0005932470
        1.7954779959        0.8598680556       -0.0007012616
        1.3138726859        0.7220471976       -0.0010979371
        1.3138726859        0.7220789250       -0.0010971921
        1.7954779959        0.8598379921       -0.0007015651
        1.6506305767        0.8309704571       -0.0007407484
        1.1077461360        0.6377237877       -0.0013367485
        1.1077461360        0.6376999739       -0.0013372820
        1.6506305767        0.8309786164       -0.0007410846
        1.9294820981        0.8821967947       -0.0006365074
        1.4917846251        0.7855024923       -0.0008951774
        1.4917846251        0.7855047938       -0.0008951627
        1.9294820981        0.8821964635       -0.0006365356
        2.1728370930        0.9145770556       -0.0004911312
        2.1728370930        0.9146006107       -0.0004904715
        2.0547654610        0.9004496741       -0.0005480430
        2.0547654610        0.9004578253       -0.0005474529
        1.9294820981        0.8871240268       -0.0005425356
        1.9294820981        0.8871208431       -0.0005425775
        2.1728370930        0.9145873355       -0.0004904763
        2.1728370930        0.9145650745       -0.0004911131
