#epsqw diagonal term
#1:q+G [au], 2:Re(eps-1), 3:Im(eps-1)
        2.1728370930        0.9129272588       -0.0005208997
        1.7954779959        0.8611681875       -0.0006671940
        1.7954779959        0.8612193732       -0.0006656978
        2.1728370930        0.9129626119       -0.0005190451
        2.0547654610        0.9024614401       -0.0004943243
        1.6506305767        0.8323047573       -0.0007274346
        1.6506305767        0.8322944443       -0.0007279362
        2.0547654610        0.9024462794       -0.0004944562
        1.9294820981        0.8827010858       -0.0006032352
        1.9294820981        0.8827052657       -0.0006034594
        2.1728370930        0.9129766489       -0.0005190859
        1.7954779959        0.8612445588       -0.0006657908
        1.7954779959        0.8611929483       -0.0006672894
        2.1728370930        0.9129422369       -0.0005209100
        1.6506305767        0.8293956933       -0.0007959713
        1.1077461360        0.6380126316       -0.0013220783
        1.1077461360        0.6380131766       -0.0013219662
        1.6506305767        0.8293985991       -0.0007959417
        1.4917846251        0.7870775956       -0.0008976698
        0.8531949185        0.5082561503       -0.0017052884
        0.8531949185        0.5082662615       -0.0017055408
        1.4917846251        0.7870929042       -0.0008973179
        1.7954779959        0.8596433213       -0.0007166934
        1.3138726859        0.7218141234       -0.0011140202
        1.3138726859        0.7217784797       -0.0011149836
        1.7954779959        0.8596739733       -0.0007164150
        2.0547654610        0.9003183711       -0.0005583088
        2.0547654610        0.9003107506       -0.0005589436
        2.0547654610        0.9024672435       -0.0004944789
        1.6506305767        0.8323273221       -0.0007279716
        1.6506305767        0.8323396208       -0.0007275150
        2.0547654610        0.9024836163       -0.0004944297
        1.4917846251        0.7871032971       -0.0008975717
        0.8531949185        0.5082752454       -0.0017056860
        0.8531949185        0.5082731157       -0.0017052246
        1.4917846251        0.7870917446       -0.0008980098
        2.1728370930        0.9206216731       -0.0003836707
        1.3138726859        0.7333542973       -0.0010731862
        0.4783112333        0.3102152145       -0.0023050905
        0.4783112333        0.3102091084       -0.0023051468
        1.3138726859        0.7333558869       -0.0010731894
        2.1728370930        0.9206226480       -0.0003836773
        1.6506305767        0.8308121853       -0.0007527464
        1.1077461360        0.6373962229       -0.0013538320
        1.1077461360        0.6374179076       -0.0013532795
        1.6506305767        0.8308091441       -0.0007522799
        1.9294820981        0.8870115724       -0.0005504024
        1.9294820981        0.8870154512       -0.0005503276
        1.9294820981        0.8827203194       -0.0006033986
        1.9294820981        0.8827154677       -0.0006033001
        1.7954779959        0.8596652034       -0.0007162911
        1.3138726859        0.7217672928       -0.0011147387
        1.3138726859        0.7217996053       -0.0011139184
        1.7954779959        0.8596351264       -0.0007165663
        1.6506305767        0.8307868257       -0.0007520094
        1.1077461360        0.6373905542       -0.0013531430
        1.1077461360        0.6373660338       -0.0013537750
        1.6506305767        0.8307945490       -0.0007524086
        1.9294820981        0.8820079889       -0.0006503063
        1.4917846251        0.7852823887       -0.0009079949
        1.4917846251        0.7852846847       -0.0009079819
        1.9294820981        0.8820076295       -0.0006503383
        2.1728370930        0.9144371821       -0.0005006328
        2.1728370930        0.9144611422       -0.0004999321
        2.0547654610        0.9002953772       -0.0005587393
        2.0547654610        0.9003041422       -0.0005580611
        1.9294820981        0.8869914736       -0.0005502874
        1.9294820981        0.8869882976       -0.0005503256
        2.1728370930        0.9144479092       -0.0004999259
        2.1728370930        0.9144252447       -0.0005006050
