#epsqw diagonal term
#1:q+G [au], 2:Re(eps-1), 3:Im(eps-1)
        2.1728370930        1.0098622861       -0.0000372194
        1.7954779959        1.0158513199       -0.0000616153
        1.7954779959        1.0158520089       -0.0000616130
        2.1728370930        1.0098635632       -0.0000372240
        2.0547654610        1.0114898062       -0.0000429567
        1.6506305767        1.0188186812       -0.0000727722
        1.6506305767        1.0188209637       -0.0000727785
        2.0547654610        1.0114929627       -0.0000429701
        1.9294820981        1.0134261256       -0.0000514164
        1.9294820981        1.0134280858       -0.0000514233
        2.1728370930        1.0098614291       -0.0000372171
        1.7954779959        1.0158467461       -0.0000615955
        1.7954779959        1.0158459685       -0.0000615970
        2.1728370930        1.0098600801       -0.0000372109
        1.6506305767        1.0188802082       -0.0000756177
        1.1077461360        1.0342473393       -0.0001568446
        1.1077461360        1.0342473076       -0.0001568452
        1.6506305767        1.0188802507       -0.0000756173
        1.4917846251        1.0227625312       -0.0000920222
        0.8531949185        1.0427036724       -0.0002136648
        0.8531949185        1.0427102425       -0.0002136769
        1.4917846251        1.0227659575       -0.0000920280
        1.7954779959        1.0158353411       -0.0000620298
        1.3138726859        1.0276879294       -0.0001186981
        1.3138726859        1.0276926984       -0.0001187160
        1.7954779959        1.0158403693       -0.0000620450
        2.0547654610        1.0114676029       -0.0000435403
        2.0547654610        1.0114693322       -0.0000435477
        2.0547654610        1.0114898648       -0.0000429596
        1.6506305767        1.0188150149       -0.0000727594
        1.6506305767        1.0188124640       -0.0000727518
        2.0547654610        1.0114863753       -0.0000429445
        1.4917846251        1.0227649676       -0.0000920233
        0.8531949185        1.0427083121       -0.0002136691
        0.8531949185        1.0427017106       -0.0002136554
        1.4917846251        1.0227608438       -0.0000920149
        2.1728370930        1.0098537301       -0.0000363175
        1.3138726859        1.0278890304       -0.0001130698
        0.4783112333        1.0515411217       -0.0003138367
        0.4783112333        1.0515398474       -0.0003138341
        1.3138726859        1.0278883175       -0.0001130676
        2.1728370930        1.0098534627       -0.0000363168
        1.6506305767        1.0189559718       -0.0000744116
        1.1077461360        1.0343402693       -0.0001531776
        1.1077461360        1.0343423305       -0.0001531756
        1.6506305767        1.0189585328       -0.0000744201
        1.9294820981        1.0133751424       -0.0000503987
        1.9294820981        1.0133765761       -0.0000504040
        1.9294820981        1.0134251112       -0.0000514128
        1.9294820981        1.0134229788       -0.0000514055
        1.7954779959        1.0158422418       -0.0000620514
        1.3138726859        1.0276956939       -0.0001187265
        1.3138726859        1.0276906420       -0.0001187081
        1.7954779959        1.0158369149       -0.0000620354
        1.6506305767        1.0189620363       -0.0000744322
        1.1077461360        1.0343483446       -0.0001531979
        1.1077461360        1.0343464290       -0.0001532004
        1.6506305767        1.0189586546       -0.0000744214
        1.9294820981        1.0134139068       -0.0000516706
        1.4917846251        1.0227849895       -0.0000936874
        1.4917846251        1.0227847803       -0.0000936867
        1.9294820981        1.0134137723       -0.0000516709
        2.1728370930        1.0098774929       -0.0000373117
        2.1728370930        1.0098779610       -0.0000373133
        2.0547654610        1.0114732151       -0.0000435612
        2.0547654610        1.0114716011       -0.0000435541
        1.9294820981        1.0133813845       -0.0000504195
        1.9294820981        1.0133800294       -0.0000504148
        2.1728370930        1.0098808420       -0.0000373234
        2.1728370930        1.0098803118       -0.0000373224
