#epsqw diagonal term
#1:q+G [au], 2:Re(eps-1), 3:Im(eps-1)
        2.1728370930        0.9287451486       -0.0176505939
        1.7954779959        0.8602531204       -0.0393371741
        1.7954779959        0.8608396676       -0.0396942407
        2.1728370930        0.9287486397       -0.0176013211
        2.0547654610        0.9107975959       -0.0168656280
        1.6506305767        0.8233499613       -0.0418297750
        1.6506305767        0.8238443800       -0.0420905445
        2.0547654610        0.9111348896       -0.0166485742
        1.9294820981        0.8920156324       -0.0256926008
        1.9294820981        0.8923157155       -0.0255125077
        2.1728370930        0.9286817422       -0.0176226939
        1.7954779959        0.8609659863       -0.0395664845
        1.7954779959        0.8604960878       -0.0392111608
        2.1728370930        0.9287636006       -0.0176318036
        1.6506305767        0.8130912206       -0.0764569610
        1.1077461360        0.5588618084       -0.3485822978
        1.1077461360        0.5607516339       -0.3480051730
        1.6506305767        0.8133861422       -0.0767149547
        1.4917846251        0.7764022234       -0.0837213711
        0.8531949185        0.5161541771       -0.4631644481
        0.8531949185        0.5151629570       -0.4612023970
        1.4917846251        0.7771351682       -0.0840377214
        1.7954779959        0.8597546336       -0.0490225718
        1.3138726859        0.6737946429       -0.2008489035
        1.3138726859        0.6723978193       -0.1997046123
        1.7954779959        0.8598158575       -0.0487955843
        2.0547654610        0.9142472196       -0.0220173163
        2.0547654610        0.9143078555       -0.0218004976
        2.0547654610        0.9111798630       -0.0166892997
        1.6506305767        0.8239482505       -0.0421508950
        1.6506305767        0.8234147513       -0.0416822553
        2.0547654610        0.9108587420       -0.0168018181
        1.4917846251        0.7769502662       -0.0836735521
        0.8531949185        0.5136359079       -0.4633823569
        0.8531949185        0.5157208879       -0.4625649198
        1.4917846251        0.7763958988       -0.0840544004
        2.1728370930        0.9285215015       -0.0152440848
        1.3138726859        0.7342636794       -0.1035202861
        0.4783112333        0.5121779654       -0.6425627174
        0.4783112333        0.5137276677       -0.6458073431
        1.3138726859        0.7342336890       -0.1035150763
        2.1728370930        0.9284884074       -0.0152876036
        1.6506305767        0.8280165960       -0.0466214186
        1.1077461360        0.6202105255       -0.2599764428
        1.1077461360        0.6190339416       -0.2608011487
        1.6506305767        0.8275801497       -0.0468969328
        1.9294820981        0.8929111034       -0.0193274581
        1.9294820981        0.8930786309       -0.0191485579
        1.9294820981        0.8923714452       -0.0255314688
        1.9294820981        0.8919849088       -0.0257096158
        1.7954779959        0.8599757958       -0.0487420086
        1.3138726859        0.6727599469       -0.1993240416
        1.3138726859        0.6731469006       -0.2008360708
        1.7954779959        0.8596737064       -0.0490486297
        1.6506305767        0.8278362058       -0.0470809718
        1.1077461360        0.6192311007       -0.2607408620
        1.1077461360        0.6208528205       -0.2591380457
        1.6506305767        0.8279222332       -0.0465163255
        1.9294820981        0.8891880207       -0.0345154862
        1.4917846251        0.7513172508       -0.1262226982
        1.4917846251        0.7513301877       -0.1258378871
        1.9294820981        0.8891327799       -0.0346082397
        2.1728370930        0.9285803375       -0.0175195819
        2.1728370930        0.9285169063       -0.0177754117
        2.0547654610        0.9141818396       -0.0218847857
        2.0547654610        0.9142771393       -0.0221442059
        1.9294820981        0.8929446985       -0.0191942918
        1.9294820981        0.8929134467       -0.0193025268
        2.1728370930        0.9284990838       -0.0177079722
        2.1728370930        0.9285113163       -0.0176338018
