#epsqw diagonal term
#1:q+G [au], 2:Re(eps-1), 3:Im(eps-1)
        2.1728370930        0.9052707778       -0.0145149848
        1.7954779959        0.8490726893       -0.0172824579
        1.7954779959        0.8491045315       -0.0172376129
        2.1728370930        0.9052135347       -0.0145609281
        2.0547654610        0.8959359677       -0.0142961606
        1.6506305767        0.8286604295       -0.0180434952
        1.6506305767        0.8288378908       -0.0182052706
        2.0547654610        0.8960427785       -0.0143144268
        1.9294820981        0.8732367232       -0.0163124764
        1.9294820981        0.8732371012       -0.0164626342
        2.1728370930        0.9053018938       -0.0144481669
        1.7954779959        0.8491727736       -0.0172286005
        1.7954779959        0.8491406248       -0.0173593028
        2.1728370930        0.9053016491       -0.0144382650
        1.6506305767        0.8166694488       -0.0216942275
        1.1077461360        0.6189348554       -0.0278608999
        1.1077461360        0.6190136962       -0.0277760140
        1.6506305767        0.8166949151       -0.0215280177
        1.4917846251        0.7756324562       -0.0206895195
        0.8531949185        0.5011933022       -0.0402115323
        0.8531949185        0.5013226830       -0.0404329028
        1.4917846251        0.7758423469       -0.0209588932
        1.7954779959        0.8508127417       -0.0176660528
        1.3138726859        0.7138556818       -0.0280782526
        1.3138726859        0.7138503863       -0.0282964857
        1.7954779959        0.8510858597       -0.0178574281
        2.0547654610        0.8904880078       -0.0170217458
        2.0547654610        0.8904738563       -0.0169698435
        2.0547654610        0.8961034822       -0.0142327787
        1.6506305767        0.8288287786       -0.0181582838
        1.6506305767        0.8287170575       -0.0180391159
        2.0547654610        0.8960324190       -0.0142751987
        1.4917846251        0.7759430460       -0.0208392648
        0.8531949185        0.5013683479       -0.0402809818
        0.8531949185        0.5011698811       -0.0401683117
        1.4917846251        0.7757685239       -0.0206692795
        2.1728370930        0.9167452017       -0.0093050810
        1.3138726859        0.7178234485       -0.0290617400
        0.4783112333        0.2811564372       -0.1132477832
        0.4783112333        0.2809867850       -0.1134266165
        1.3138726859        0.7178054489       -0.0290988814
        2.1728370930        0.9167498730       -0.0092968142
        1.6506305767        0.8228207571       -0.0182865891
        1.1077461360        0.6351725124       -0.0347882438
        1.1077461360        0.6355926975       -0.0349008359
        1.6506305767        0.8228290126       -0.0184861836
        1.9294820981        0.8831764090       -0.0159243268
        1.9294820981        0.8832452102       -0.0158961689
        1.9294820981        0.8732860663       -0.0164310421
        1.9294820981        0.8732840866       -0.0163451527
        1.7954779959        0.8510561055       -0.0177988074
        1.3138726859        0.7138067816       -0.0282345062
        1.3138726859        0.7138595571       -0.0281351347
        1.7954779959        0.8508063308       -0.0176377111
        1.6506305767        0.8227518998       -0.0185753107
        1.1077461360        0.6354371838       -0.0349546545
        1.1077461360        0.6350356582       -0.0348899167
        1.6506305767        0.8227196881       -0.0184217145
        1.9294820981        0.8770393695       -0.0167330637
        1.4917846251        0.7763031777       -0.0242699995
        1.4917846251        0.7762611137       -0.0241870189
        1.9294820981        0.8770359815       -0.0167391155
        2.1728370930        0.9059553628       -0.0151774824
        2.1728370930        0.9060301945       -0.0151401200
        2.0547654610        0.8905503928       -0.0170703376
        2.0547654610        0.8905132577       -0.0169999592
        1.9294820981        0.8832463458       -0.0159522005
        1.9294820981        0.8831646512       -0.0159212787
        2.1728370930        0.9059779992       -0.0151732872
        2.1728370930        0.9059470643       -0.0151361964
