#epsqw diagonal term
#1:q+G [au], 2:Re(eps-1), 3:Im(eps-1)
        2.1728370930        1.0023302964       -0.0000070464
        1.7954779959        1.0038486348       -0.0000124194
        1.7954779959        1.0038489484       -0.0000124188
        2.1728370930        1.0023309700       -0.0000070480
        2.0547654610        1.0027349068       -0.0000082329
        1.6506305767        1.0046230585       -0.0000150187
        1.6506305767        1.0046239167       -0.0000150198
        2.0547654610        1.0027358380       -0.0000082354
        1.9294820981        1.0032273298       -0.0000101257
        1.9294820981        1.0032276206       -0.0000101260
        2.1728370930        1.0023302291       -0.0000070462
        1.7954779959        1.0038474732       -0.0000124154
        1.7954779959        1.0038474209       -0.0000124162
        2.1728370930        1.0023299514       -0.0000070450
        1.6506305767        1.0046250378       -0.0000156077
        1.1077461360        1.0086768504       -0.0000352213
        1.1077461360        1.0086770505       -0.0000352217
        1.6506305767        1.0046256067       -0.0000156082
        1.4917846251        1.0056400072       -0.0000194696
        0.8531949185        1.0109130082       -0.0000492118
        0.8531949185        1.0109173443       -0.0000492125
        1.4917846251        1.0056412642       -0.0000194700
        1.7954779959        1.0038414353       -0.0000125023
        1.3138726859        1.0069386230       -0.0000258995
        1.3138726859        1.0069398956       -0.0000259014
        1.7954779959        1.0038426066       -0.0000125035
        2.0547654610        1.0027367384       -0.0000084293
        2.0547654610        1.0027369216       -0.0000084300
        2.0547654610        1.0027349142       -0.0000082330
        1.6506305767        1.0046219171       -0.0000150159
        1.6506305767        1.0046214920       -0.0000150149
        2.0547654610        1.0027342438       -0.0000082305
        1.4917846251        1.0056407673       -0.0000194688
        0.8531949185        1.0109142039       -0.0000492099
        0.8531949185        1.0109124313       -0.0000492089
        1.4917846251        1.0056402758       -0.0000194682
        2.1728370930        1.0023379044       -0.0000068859
        1.3138726859        1.0069774167       -0.0000243532
        0.4783112333        1.0133054155       -0.0000748607
        0.4783112333        1.0133024089       -0.0000748595
        1.3138726859        1.0069769775       -0.0000243525
        2.1728370930        1.0023377402       -0.0000068857
        1.6506305767        1.0046449073       -0.0000153019
        1.1077461360        1.0086861433       -0.0000341987
        1.1077461360        1.0086849955       -0.0000341950
        1.6506305767        1.0046451399       -0.0000153027
        1.9294820981        1.0032240429       -0.0000099418
        1.9294820981        1.0032240107       -0.0000099423
        1.9294820981        1.0032270955       -0.0000101243
        1.9294820981        1.0032266925       -0.0000101241
        1.7954779959        1.0038431192       -0.0000125049
        1.3138726859        1.0069412614       -0.0000259040
        1.3138726859        1.0069392976       -0.0000259018
        1.7954779959        1.0038417005       -0.0000125035
        1.6506305767        1.0046469570       -0.0000153063
        1.1077461360        1.0086890295       -0.0000342013
        1.1077461360        1.0086879664       -0.0000342042
        1.6506305767        1.0046450918       -0.0000153042
        1.9294820981        1.0032253261       -0.0000101889
        1.4917846251        1.0056354844       -0.0000197993
        1.4917846251        1.0056352732       -0.0000197989
        1.9294820981        1.0032251265       -0.0000101886
        2.1728370930        1.0023330460       -0.0000070578
        2.1728370930        1.0023330915       -0.0000070579
        2.0547654610        1.0027378428       -0.0000084322
        2.0547654610        1.0027376605       -0.0000084314
        1.9294820981        1.0032256349       -0.0000099454
        1.9294820981        1.0032253314       -0.0000099447
        2.1728370930        1.0023337610       -0.0000070596
        2.1728370930        1.0023334812       -0.0000070593
