#epsqw diagonal term
#1:q+G [au], 2:Re(eps-1), 3:Im(eps-1)
        2.1728370930        0.9111405523       -0.0008246262
        1.7954779959        0.8592127616       -0.0009826496
        1.7954779959        0.8592798406       -0.0009766521
        2.1728370930        0.9111989109       -0.0008157395
        2.0547654610        0.9011845403       -0.0006200955
        1.6506305767        0.8305339906       -0.0008705796
        1.6506305767        0.8305176023       -0.0008732694
        2.0547654610        0.9011660140       -0.0006222074
        1.9294820981        0.8809545716       -0.0008372507
        1.9294820981        0.8809549333       -0.0008392829
        2.1728370930        0.9112103279       -0.0008251126
        1.7954779959        0.8593004811       -0.0009929690
        1.7954779959        0.8592328784       -0.0009994627
        2.1728370930        0.9111526300       -0.0008346752
        1.6506305767        0.8268811960       -0.0012051219
        1.1077461360        0.6342934859       -0.0017543696
        1.1077461360        0.6342945764       -0.0017547424
        1.6506305767        0.8268831312       -0.0012059833
        1.4917846251        0.7846050035       -0.0011849094
        0.8531949185        0.5033101549       -0.0020384050
        0.8531949185        0.5033130383       -0.0020403606
        1.4917846251        0.7846217083       -0.0011854295
        1.7954779959        0.8572100340       -0.0011350818
        1.3138726859        0.7186891998       -0.0015453734
        1.3138726859        0.7186413786       -0.0015518148
        1.7954779959        0.8572366681       -0.0011396480
        2.0547654610        0.8985359000       -0.0008641338
        2.0547654610        0.8985178321       -0.0008690206
        2.0547654610        0.9011855219       -0.0006241742
        1.6506305767        0.8305489755       -0.0008764871
        1.6506305767        0.8305668139       -0.0008740271
        2.0547654610        0.9012040830       -0.0006225154
        1.4917846251        0.7846284447       -0.0011880531
        0.8531949185        0.5033190007       -0.0020432295
        0.8531949185        0.5033282452       -0.0020400526
        1.4917846251        0.7846143518       -0.0011877580
        2.1728370930        0.9197437102       -0.0004513345
        1.3138726859        0.7307181787       -0.0012573172
        0.4783112333        0.3016735038       -0.0028042014
        0.4783112333        0.3016668456       -0.0028041956
        1.3138726859        0.7307200416       -0.0012570698
        2.1728370930        0.9197447326       -0.0004512767
        1.6506305767        0.8287818460       -0.0009695744
        1.1077461360        0.6339505870       -0.0015810438
        1.1077461360        0.6339820940       -0.0015776409
        1.6506305767        0.8287872999       -0.0009663357
        1.9294820981        0.8856073774       -0.0006669567
        1.9294820981        0.8856118515       -0.0006661285
        1.9294820981        0.8809696562       -0.0008467421
        1.9294820981        0.8809663763       -0.0008454975
        1.7954779959        0.8572312344       -0.0011306075
        1.3138726859        0.7186368790       -0.0015323588
        1.3138726859        0.7186804504       -0.0015257256
        1.7954779959        0.8572060981       -0.0011253373
        1.6506305767        0.8287691089       -0.0009638903
        1.1077461360        0.6339569390       -0.0015760137
        1.1077461360        0.6339210473       -0.0015796664
        1.6506305767        0.8287691912       -0.0009668221
        1.9294820981        0.8797937998       -0.0009951458
        1.4917846251        0.7828811836       -0.0011810598
        1.4917846251        0.7828832591       -0.0011811746
        1.9294820981        0.8797929242       -0.0009953999
        2.1728370930        0.9128482149       -0.0007368197
        2.1728370930        0.9128779084       -0.0007344691
        2.0547654610        0.8985087549       -0.0008500573
        2.0547654610        0.8985287468       -0.0008446835
        1.9294820981        0.8855890060       -0.0006652663
        1.9294820981        0.8855853539       -0.0006659897
        2.1728370930        0.9128656690       -0.0007310868
        2.1728370930        0.9128371227       -0.0007335137
