#epsqw diagonal term
#1:q+G [au], 2:Re(eps-1), 3:Im(eps-1)
        2.1728370930        0.9343024773       -0.0239936397
        1.7954779959        0.8714131302       -0.0287448810
        1.7954779959        0.8712458202       -0.0288498938
        2.1728370930        0.9344036073       -0.0238477544
        2.0547654610        0.9209033408       -0.0281550419
        1.6506305767        0.8305886743       -0.0363003808
        1.6506305767        0.8303491114       -0.0367985364
        2.0547654610        0.9212340381       -0.0281227821
        1.9294820981        0.9001127252       -0.0302892935
        1.9294820981        0.9001554188       -0.0302182716
        2.1728370930        0.9345467958       -0.0239015193
        1.7954779959        0.8712839314       -0.0290170035
        1.7954779959        0.8713177464       -0.0287672913
        2.1728370930        0.9344376216       -0.0240649566
        1.6506305767        0.8211580037       -0.0338735356
        1.1077461360        0.5722728766       -0.1230520483
        1.1077461360        0.5727771117       -0.1229967858
        1.6506305767        0.8211689257       -0.0338709945
        1.4917846251        0.7698875136       -0.0505250101
        0.8531949185        0.4196605265       -0.2597184965
        0.8531949185        0.4216934306       -0.2607025708
        1.4917846251        0.7703955480       -0.0502433139
        1.7954779959        0.8660116980       -0.0321105160
        1.3138726859        0.6734483821       -0.0731560762
        1.3138726859        0.6744831781       -0.0723063196
        1.7954779959        0.8655311075       -0.0323698274
        2.0547654610        0.9202122143       -0.0240840792
        2.0547654610        0.9200302429       -0.0240295566
        2.0547654610        0.9211954712       -0.0282111015
        1.6506305767        0.8303741540       -0.0366700443
        1.6506305767        0.8305171627       -0.0364768855
        2.0547654610        0.9210944429       -0.0282291066
        1.4917846251        0.7702641310       -0.0501242904
        0.8531949185        0.4223589785       -0.2598816277
        0.8531949185        0.4186488684       -0.2602260352
        1.4917846251        0.7699159880       -0.0504419219
        2.1728370930        0.9325767768       -0.0233046914
        1.3138726859        0.7120283668       -0.0752587170
        0.4783112333        0.1800437653       -0.4919935966
        0.4783112333        0.1779632602       -0.4916388763
        1.3138726859        0.7123847801       -0.0755330040
        2.1728370930        0.9325847088       -0.0232890455
        1.6506305767        0.8319043184       -0.0446586075
        1.1077461360        0.5771987927       -0.1287658626
        1.1077461360        0.5767826009       -0.1279740587
        1.6506305767        0.8319573990       -0.0445702873
        1.9294820981        0.8993125700       -0.0263929280
        1.9294820981        0.8995817917       -0.0266294268
        1.9294820981        0.9002194983       -0.0303163833
        1.9294820981        0.9000702474       -0.0303412530
        1.7954779959        0.8654503872       -0.0322579382
        1.3138726859        0.6737630737       -0.0725060325
        1.3138726859        0.6734540360       -0.0732866390
        1.7954779959        0.8659973839       -0.0322080464
        1.6506305767        0.8319204958       -0.0444705498
        1.1077461360        0.5768904075       -0.1288983355
        1.1077461360        0.5773081280       -0.1287703830
        1.6506305767        0.8320999631       -0.0443055357
        1.9294820981        0.8947249236       -0.0294328518
        1.4917846251        0.7582222681       -0.0498071796
        1.4917846251        0.7582633239       -0.0498259421
        1.9294820981        0.8946770377       -0.0294478283
        2.1728370930        0.9355552043       -0.0234396719
        2.1728370930        0.9355179443       -0.0233114607
        2.0547654610        0.9200956686       -0.0239548410
        2.0547654610        0.9200943329       -0.0239351133
        1.9294820981        0.8995108501       -0.0264560347
        1.9294820981        0.8994326201       -0.0264899621
        2.1728370930        0.9355393692       -0.0234296700
        2.1728370930        0.9354837374       -0.0234630383
