#epsqw diagonal term
#1:q+G [au], 2:Re(eps-1), 3:Im(eps-1)
        2.1728370930        1.0046162828       -0.0000148473
        1.7954779959        1.0075737235       -0.0000258193
        1.7954779959        1.0075741416       -0.0000258181
        2.1728370930        1.0046168787       -0.0000148495
        2.0547654610        1.0054087251       -0.0000173134
        1.6506305767        1.0090704928       -0.0000310535
        1.6506305767        1.0090713866       -0.0000310551
        2.0547654610        1.0054099723       -0.0000173179
        1.9294820981        1.0063673628       -0.0000211604
        1.9294820981        1.0063680765       -0.0000211616
        2.1728370930        1.0046158186       -0.0000148463
        1.7954779959        1.0075716823       -0.0000258112
        1.7954779959        1.0075712053       -0.0000258122
        2.1728370930        1.0046152459       -0.0000148440
        1.6506305767        1.0090817208       -0.0000322547
        1.1077461360        1.0168804830       -0.0000711447
        1.1077461360        1.0168803305       -0.0000711446
        1.6506305767        1.0090815907       -0.0000322542
        1.4917846251        1.0110399988       -0.0000399812
        0.8531949185        1.0211781705       -0.0000986858
        0.8531949185        1.0211800815       -0.0000986843
        1.4917846251        1.0110414373       -0.0000399814
        1.7954779959        1.0075615192       -0.0000259872
        1.3138726859        1.0135403175       -0.0000527367
        1.3138726859        1.0135426122       -0.0000527422
        1.7954779959        1.0075637013       -0.0000259907
        2.0547654610        1.0054092916       -0.0000176888
        2.0547654610        1.0054100079       -0.0000176909
        2.0547654610        1.0054085786       -0.0000173132
        1.6506305767        1.0090690593       -0.0000310481
        1.6506305767        1.0090678125       -0.0000310456
        2.0547654610        1.0054069863       -0.0000173078
        1.4917846251        1.0110411964       -0.0000399789
        0.8531949185        1.0211812657       -0.0000986835
        0.8531949185        1.0211777765       -0.0000986814
        1.4917846251        1.0110388349       -0.0000399765
        2.1728370930        1.0046297138       -0.0000145457
        1.3138726859        1.0136234697       -0.0000498155
        0.4783112333        1.0257511842       -0.0001485360
        0.4783112333        1.0257516868       -0.0001485379
        1.3138726859        1.0136232104       -0.0000498147
        2.1728370930        1.0046295809       -0.0000145454
        1.6506305767        1.0091182018       -0.0000316533
        1.1077461360        1.0169057802       -0.0000691994
        1.1077461360        1.0169073809       -0.0000691980
        1.6506305767        1.0091195390       -0.0000316566
        1.9294820981        1.0063572936       -0.0000207910
        1.9294820981        1.0063579483       -0.0000207929
        1.9294820981        1.0063667294       -0.0000211578
        1.9294820981        1.0063658443       -0.0000211564
        1.7954779959        1.0075645802       -0.0000259936
        1.3138726859        1.0135436410       -0.0000527460
        1.3138726859        1.0135415105       -0.0000527413
        1.7954779959        1.0075623276       -0.0000259899
        1.6506305767        1.0091210749       -0.0000316624
        1.1077461360        1.0169085309       -0.0000692053
        1.1077461360        1.0169077966       -0.0000692090
        1.6506305767        1.0091196832       -0.0000316591
        1.9294820981        1.0063625370       -0.0000212859
        1.4917846251        1.0110362438       -0.0000406584
        1.4917846251        1.0110361596       -0.0000406587
        1.9294820981        1.0063624078       -0.0000212857
        2.1728370930        1.0046223662       -0.0000148795
        2.1728370930        1.0046226672       -0.0000148801
        2.0547654610        1.0054116792       -0.0000176955
        2.0547654610        1.0054110783       -0.0000176936
        1.9294820981        1.0063599325       -0.0000207986
        1.9294820981        1.0063593931       -0.0000207970
        2.1728370930        1.0046239813       -0.0000148836
        2.1728370930        1.0046236659       -0.0000148830
