#epsqw diagonal term
#1:q+G [au], 2:Re(eps-1), 3:Im(eps-1)
        2.1728370930        0.9290577574       -0.0248836826
        1.7954779959        0.8658632893       -0.0324836540
        1.7954779959        0.8657889405       -0.0323040771
        2.1728370930        0.9290004392       -0.0250494210
        2.0547654610        0.9081540348       -0.0257990953
        1.6506305767        0.8244558149       -0.0323391238
        1.6506305767        0.8243676089       -0.0321478568
        2.0547654610        0.9079226178       -0.0257715289
        1.9294820981        0.8898853176       -0.0301499035
        1.9294820981        0.8899797756       -0.0300499956
        2.1728370930        0.9290265591       -0.0251345016
        1.7954779959        0.8656635595       -0.0323862944
        1.7954779959        0.8658579952       -0.0325273124
        2.1728370930        0.9289969105       -0.0248039529
        1.6506305767        0.8322881873       -0.0277530115
        1.1077461360        0.5883667742       -0.0880371629
        1.1077461360        0.5880682175       -0.0879879296
        1.6506305767        0.8323928918       -0.0277354470
        1.4917846251        0.7772498116       -0.0409098292
        0.8531949185        0.4081550773       -0.1424052142
        0.8531949185        0.4086031120       -0.1422798494
        1.4917846251        0.7774535452       -0.0408510893
        1.7954779959        0.8675392244       -0.0276279132
        1.3138726859        0.6978224050       -0.0547115574
        1.3138726859        0.6980620763       -0.0545860992
        1.7954779959        0.8678758166       -0.0277534758
        2.0547654610        0.9111170451       -0.0282232827
        2.0547654610        0.9112589080       -0.0279277357
        2.0547654610        0.9081264801       -0.0258739778
        1.6506305767        0.8241451865       -0.0320871082
        1.6506305767        0.8242778469       -0.0321176209
        2.0547654610        0.9079755516       -0.0257251333
        1.4917846251        0.7774450250       -0.0409296415
        0.8531949185        0.4088754211       -0.1422391703
        0.8531949185        0.4093559171       -0.1428543397
        1.4917846251        0.7772169327       -0.0411204298
        2.1728370930        0.9215842451       -0.0292364712
        1.3138726859        0.7128954277       -0.0526756014
        0.4783112333        0.0981629501       -0.2785167813
        0.4783112333        0.0997986835       -0.2799273583
        1.3138726859        0.7126248166       -0.0526447203
        2.1728370930        0.9217744669       -0.0293757527
        1.6506305767        0.8292034283       -0.0325904391
        1.1077461360        0.5875521888       -0.0852616706
        1.1077461360        0.5874119189       -0.0857523501
        1.6506305767        0.8293260112       -0.0325892356
        1.9294820981        0.8912328223       -0.0265726297
        1.9294820981        0.8911790966       -0.0263513749
        1.9294820981        0.8898873483       -0.0300603086
        1.9294820981        0.8898763912       -0.0302344863
        1.7954779959        0.8677973398       -0.0277390612
        1.3138726859        0.6983304538       -0.0544213319
        1.3138726859        0.6977423455       -0.0543912459
        1.7954779959        0.8675923347       -0.0275763837
        1.6506305767        0.8292867589       -0.0324259483
        1.1077461360        0.5876871907       -0.0854264967
        1.1077461360        0.5874035559       -0.0846904007
        1.6506305767        0.8292549816       -0.0323995212
        1.9294820981        0.8934819354       -0.0241806328
        1.4917846251        0.7764440684       -0.0371042019
        1.4917846251        0.7765239635       -0.0373758034
        1.9294820981        0.8934261360       -0.0241061167
        2.1728370930        0.9260514030       -0.0241667997
        2.1728370930        0.9261325015       -0.0240812377
        2.0547654610        0.9112636183       -0.0278040342
        2.0547654610        0.9111158652       -0.0282500976
        1.9294820981        0.8914082465       -0.0263090206
        1.9294820981        0.8911083334       -0.0266592525
        2.1728370930        0.9261494873       -0.0240346012
        2.1728370930        0.9262562726       -0.0241699936
