#epsqw diagonal term
#1:q+G [au], 2:Re(eps-1), 3:Im(eps-1)
        2.1728370930        0.9044616363       -0.0181426932
        1.7954779959        0.8473405305       -0.0231432496
        1.7954779959        0.8475158041       -0.0230904854
        2.1728370930        0.9044689043       -0.0180790422
        2.0547654610        0.8965036874       -0.0167067162
        1.6506305767        0.8263662358       -0.0197545428
        1.6506305767        0.8264861136       -0.0196511384
        2.0547654610        0.8963873055       -0.0164978204
        1.9294820981        0.8720797502       -0.0202893195
        1.9294820981        0.8722086329       -0.0202895467
        2.1728370930        0.9043535456       -0.0180520901
        1.7954779959        0.8474337498       -0.0230793685
        1.7954779959        0.8475258788       -0.0230162745
        2.1728370930        0.9044850254       -0.0181081559
        1.6506305767        0.8177447791       -0.0292828767
        1.1077461360        0.6149379772       -0.0340140529
        1.1077461360        0.6147915787       -0.0339150341
        1.6506305767        0.8174251091       -0.0293201335
        1.4917846251        0.7751865930       -0.0276169912
        0.8531949185        0.4855502068       -0.0416019745
        0.8531949185        0.4858403049       -0.0413438302
        1.4917846251        0.7754434288       -0.0276106856
        1.7954779959        0.8488350966       -0.0229079178
        1.3138726859        0.7104001234       -0.0295403945
        1.3138726859        0.7102665353       -0.0296560371
        1.7954779959        0.8490928279       -0.0230113991
        2.0547654610        0.8902799943       -0.0233101404
        2.0547654610        0.8901537625       -0.0234385796
        2.0547654610        0.8963576632       -0.0164348327
        1.6506305767        0.8264288496       -0.0196409030
        1.6506305767        0.8264030863       -0.0197212224
        2.0547654610        0.8965725523       -0.0166042170
        1.4917846251        0.7752950859       -0.0274737285
        0.8531949185        0.4856856997       -0.0411938733
        0.8531949185        0.4854729707       -0.0415594884
        1.4917846251        0.7751797546       -0.0274287182
        2.1728370930        0.9176210746       -0.0111937827
        1.3138726859        0.7154165401       -0.0369272966
        0.4783112333        0.2887890576       -0.1262983129
        0.4783112333        0.2887115155       -0.1264389568
        1.3138726859        0.7154312091       -0.0369970873
        2.1728370930        0.9176400053       -0.0111772864
        1.6506305767        0.8217028003       -0.0219006051
        1.1077461360        0.6253590949       -0.0332811013
        1.1077461360        0.6253004653       -0.0329908341
        1.6506305767        0.8219190406       -0.0220731583
        1.9294820981        0.8830737307       -0.0182275556
        1.9294820981        0.8830407885       -0.0180535726
        1.9294820981        0.8722114108       -0.0202784512
        1.9294820981        0.8722076199       -0.0202250554
        1.7954779959        0.8490791644       -0.0230618601
        1.3138726859        0.7102026595       -0.0296435366
        1.3138726859        0.7102567831       -0.0295983256
        1.7954779959        0.8488398049       -0.0229580902
        1.6506305767        0.8219376988       -0.0221800351
        1.1077461360        0.6251971330       -0.0333438770
        1.1077461360        0.6253109377       -0.0336030422
        1.6506305767        0.8217427694       -0.0221000910
        1.9294820981        0.8746196501       -0.0185691269
        1.4917846251        0.7738373871       -0.0261107284
        1.4917846251        0.7737713289       -0.0261635207
        1.9294820981        0.8746694848       -0.0185333653
        2.1728370930        0.9051691125       -0.0204704879
        2.1728370930        0.9051428104       -0.0203038875
        2.0547654610        0.8902817692       -0.0233285312
        2.0547654610        0.8900970196       -0.0233266979
        1.9294820981        0.8830382863       -0.0180522464
        1.9294820981        0.8830070966       -0.0182242067
        2.1728370930        0.9051693249       -0.0202849830
        2.1728370930        0.9051044117       -0.0204525786
