#epsqw diagonal term
#1:q+G [au], 2:Re(eps-1), 3:Im(eps-1)
        2.1728370930        0.9129802252       -0.0005169680
        1.7954779959        0.8612276432       -0.0006631946
        1.7954779959        0.8612784582       -0.0006617430
        2.1728370930        0.9130150691       -0.0005151809
        2.0547654610        0.9025027587       -0.0004918612
        1.6506305767        0.8323634164       -0.0007241000
        1.6506305767        0.8323532352       -0.0007245841
        2.0547654610        0.9024876468       -0.0004919843
        1.9294820981        0.8827555477       -0.0005996689
        1.9294820981        0.8827598045       -0.0005998827
        2.1728370930        0.9130291521       -0.0005152093
        1.7954779959        0.8613037173       -0.0006618150
        1.7954779959        0.8612524706       -0.0006632697
        2.1728370930        0.9129952384       -0.0005169659
        1.6506305767        0.8294706551       -0.0007906190
        1.1077461360        0.6381310809       -0.0013152594
        1.1077461360        0.6381315939       -0.0013151495
        1.6506305767        0.8294735623       -0.0007905870
        1.4917846251        0.7871549141       -0.0008927593
        0.8531949185        0.5084222423       -0.0016969363
        0.8531949185        0.5084325212       -0.0016971652
        1.4917846251        0.7871701497       -0.0008924117
        1.7954779959        0.8597145691       -0.0007113089
        1.3138726859        0.7219119357       -0.0011080402
        1.3138726859        0.7218765356       -0.0011089723
        1.7954779959        0.8597452124       -0.0007110215
        2.0547654610        0.9003723400       -0.0005544959
        2.0547654610        0.9003649252       -0.0005551004
        2.0547654610        0.9025086374       -0.0004920019
        1.6506305767        0.8323861421       -0.0007246136
        1.6506305767        0.8323983229       -0.0007241730
        2.0547654610        0.9025249874       -0.0004919580
        1.4917846251        0.7871806208       -0.0008926543
        0.8531949185        0.5084415613       -0.0016973005
        0.8531949185        0.5084391733       -0.0016968758
        1.4917846251        0.7871691689       -0.0008930841
        2.1728370930        0.9206508792       -0.0003820331
        1.3138726859        0.7334429070       -0.0010685058
        0.4783112333        0.3105056658       -0.0022908138
        0.4783112333        0.3104995788       -0.0022908684
        1.3138726859        0.7334444964       -0.0010685096
        2.1728370930        0.9206518551       -0.0003820398
        1.6506305767        0.8308766839       -0.0007487118
        1.1077461360        0.6375127730       -0.0013480197
        1.1077461360        0.6375342434       -0.0013474977
        1.6506305767        0.8308734694       -0.0007482711
        1.9294820981        0.8870579129       -0.0005476638
        1.9294820981        0.8870617902       -0.0005475880
        1.9294820981        0.8827748534       -0.0005998181
        1.9294820981        0.8827699719       -0.0005997229
        1.7954779959        0.8597363828       -0.0007109118
        1.3138726859        0.7218652338       -0.0011087555
        1.3138726859        0.7218973384       -0.0011079630
        1.7954779959        0.8597063078       -0.0007111983
        1.6506305767        0.8308510597       -0.0007480134
        1.1077461360        0.6375068375       -0.0013473685
        1.1077461360        0.6374825693       -0.0013479648
        1.6506305767        0.8308589393       -0.0007483897
        1.9294820981        0.8820742025       -0.0006453804
        1.4917846251        0.7853593479       -0.0009034458
        1.4917846251        0.7853616461       -0.0009034322
        1.9294820981        0.8820738535       -0.0006454110
        2.1728370930        0.9144861706       -0.0004972503
        2.1728370930        0.9145099878       -0.0004965644
        2.0547654610        0.9003494448       -0.0005549232
        2.0547654610        0.9003579905       -0.0005542771
        1.9294820981        0.8870377859       -0.0005475516
        1.9294820981        0.8870346073       -0.0005475909
        2.1728370930        0.9144967391       -0.0004965624
        2.1728370930        0.9144742172       -0.0004972262
