#epsqw diagonal term
#1:q+G [au], 2:Re(eps-1), 3:Im(eps-1)
        2.1728370930        0.9075038042       -0.0046694624
        1.7954779959        0.8546237662       -0.0041092526
        1.7954779959        0.8546692613       -0.0040361682
        2.1728370930        0.9074986051       -0.0045327235
        2.0547654610        0.8968850181       -0.0024813285
        1.6506305767        0.8232279669       -0.0037786929
        1.6506305767        0.8232220081       -0.0038171925
        2.0547654610        0.8968800981       -0.0024862149
        1.9294820981        0.8761103624       -0.0038618881
        1.9294820981        0.8761279723       -0.0039071446
        2.1728370930        0.9075117115       -0.0045326238
        1.7954779959        0.8547047908       -0.0040221497
        1.7954779959        0.8546267015       -0.0041017856
        2.1728370930        0.9075074296       -0.0046590547
        1.6506305767        0.8217922995       -0.0064149539
        1.1077461360        0.6239933444       -0.0097322117
        1.1077461360        0.6240006559       -0.0096948907
        1.6506305767        0.8217951302       -0.0064144705
        1.4917846251        0.7776777346       -0.0060170022
        0.8531949185        0.4842843789       -0.0106614285
        0.8531949185        0.4843039029       -0.0109159733
        1.4917846251        0.7777372399       -0.0060352160
        1.7954779959        0.8525276153       -0.0061870859
        1.3138726859        0.7100707681       -0.0064182798
        1.3138726859        0.7100868829       -0.0065218182
        1.7954779959        0.8526305032       -0.0061783269
        2.0547654610        0.8938837340       -0.0037891414
        2.0547654610        0.8939146657       -0.0038716999
        2.0547654610        0.8969055729       -0.0024922826
        1.6506305767        0.8232641628       -0.0038278935
        1.6506305767        0.8232574800       -0.0037850021
        2.0547654610        0.8969101086       -0.0024934629
        1.4917846251        0.7777455089       -0.0060547419
        0.8531949185        0.4843386603       -0.0109235283
        0.8531949185        0.4842887271       -0.0106602549
        1.4917846251        0.7777142017       -0.0060463375
        2.1728370930        0.9163167216       -0.0019178590
        1.3138726859        0.7200019630       -0.0053270557
        0.4783112333        0.2685639668       -0.0161049591
        0.4783112333        0.2685573501       -0.0161282719
        1.3138726859        0.7200063482       -0.0053241639
        2.1728370930        0.9163181879       -0.0019138925
        1.6506305767        0.8227140153       -0.0051306606
        1.1077461360        0.6204504919       -0.0060202467
        1.1077461360        0.6205227237       -0.0058598590
        1.6506305767        0.8226608211       -0.0050502239
        1.9294820981        0.8798067567       -0.0029597981
        1.9294820981        0.8798269761       -0.0030049042
        1.9294820981        0.8761190241       -0.0038784342
        1.9294820981        0.8761195799       -0.0038549596
        1.7954779959        0.8526107453       -0.0061675973
        1.3138726859        0.7100597554       -0.0065307873
        1.3138726859        0.7100638817       -0.0064453906
        1.7954779959        0.8525050237       -0.0061825937
        1.6506305767        0.8226307010       -0.0050189759
        1.1077461360        0.6204760242       -0.0058534809
        1.1077461360        0.6204246830       -0.0060140485
        1.6506305767        0.8226689305       -0.0050962674
        1.9294820981        0.8749150040       -0.0063999082
        1.4917846251        0.7757280568       -0.0048404764
        1.4917846251        0.7757328825       -0.0048489941
        1.9294820981        0.8749134066       -0.0064049475
        2.1728370930        0.9083723900       -0.0036603379
        2.1728370930        0.9084094287       -0.0036591038
        2.0547654610        0.8938956418       -0.0038716624
        2.0547654610        0.8938770523       -0.0037872949
        1.9294820981        0.8797957869       -0.0030010654
        1.9294820981        0.8797904322       -0.0029589634
        2.1728370930        0.9083986934       -0.0036668731
        2.1728370930        0.9083772295       -0.0036626682
