#epsqw diagonal term
#1:q+G [au], 2:Re(eps-1), 3:Im(eps-1)
        2.1728370930        0.9036554641       -0.0224035606
        1.7954779959        0.8481250637       -0.0303857313
        1.7954779959        0.8478322727       -0.0304415540
        2.1728370930        0.9034490954       -0.0225457259
        2.0547654610        0.8962728954       -0.0177329599
        1.6506305767        0.8240132060       -0.0233570592
        1.6506305767        0.8240078099       -0.0234015677
        2.0547654610        0.8960701462       -0.0179385425
        1.9294820981        0.8701690909       -0.0262401517
        1.9294820981        0.8700948996       -0.0263632693
        2.1728370930        0.9035300072       -0.0226103784
        1.7954779959        0.8478453684       -0.0303112030
        1.7954779959        0.8480166369       -0.0304360614
        2.1728370930        0.9036920802       -0.0225165470
        1.6506305767        0.8208525099       -0.0340869361
        1.1077461360        0.6119039968       -0.0389673273
        1.1077461360        0.6118608312       -0.0390736871
        1.6506305767        0.8208423290       -0.0340819399
        1.4917846251        0.7777109300       -0.0300101822
        0.8531949185        0.4781154621       -0.0499206893
        0.8531949185        0.4780071529       -0.0498281811
        1.4917846251        0.7777880380       -0.0298028188
        1.7954779959        0.8495567963       -0.0298373144
        1.3138726859        0.7067568611       -0.0345719914
        1.3138726859        0.7068841892       -0.0348094571
        1.7954779959        0.8498811249       -0.0296735477
        2.0547654610        0.8925213502       -0.0287944482
        2.0547654610        0.8926744390       -0.0289442962
        2.0547654610        0.8960695619       -0.0179368219
        1.6506305767        0.8240231142       -0.0234455984
        1.6506305767        0.8239673102       -0.0233655426
        2.0547654610        0.8962661447       -0.0177766756
        1.4917846251        0.7777240210       -0.0299276305
        0.8531949185        0.4777332901       -0.0500409538
        0.8531949185        0.4779681290       -0.0499713219
        1.4917846251        0.7776190771       -0.0301913938
        2.1728370930        0.9183214135       -0.0103599470
        1.3138726859        0.7179137033       -0.0407727965
        0.4783112333        0.3022968036       -0.1217892783
        0.4783112333        0.3024478645       -0.1217223285
        1.3138726859        0.7179957897       -0.0406670651
        2.1728370930        0.9183291917       -0.0103824286
        1.6506305767        0.8216145467       -0.0253917801
        1.1077461360        0.6170911685       -0.0386613335
        1.1077461360        0.6169423552       -0.0387919237
        1.6506305767        0.8217655300       -0.0251005996
        1.9294820981        0.8824973429       -0.0200243555
        1.9294820981        0.8824345790       -0.0199782597
        1.9294820981        0.8700673229       -0.0261729998
        1.9294820981        0.8701424126       -0.0261465978
        1.7954779959        0.8498629649       -0.0295576125
        1.3138726859        0.7068367546       -0.0349053393
        1.3138726859        0.7069050907       -0.0345555689
        1.7954779959        0.8495667475       -0.0296981410
        1.6506305767        0.8219166921       -0.0249711127
        1.1077461360        0.6173220844       -0.0386942635
        1.1077461360        0.6174650969       -0.0385774416
        1.6506305767        0.8217633280       -0.0251385725
        1.9294820981        0.8712496302       -0.0252913793
        1.4917846251        0.7711518398       -0.0334944109
        1.4917846251        0.7711267957       -0.0334523466
        1.9294820981        0.8712624016       -0.0252935607
        2.1728370930        0.9062703768       -0.0262195563
        2.1728370930        0.9061554801       -0.0260793319
        2.0547654610        0.8925449776       -0.0290346358
        2.0547654610        0.8925322790       -0.0288127733
        1.9294820981        0.8824267303       -0.0199545037
        1.9294820981        0.8825098422       -0.0200188428
        2.1728370930        0.9060822726       -0.0262170403
        2.1728370930        0.9061375666       -0.0261988326
