#epsqw diagonal term
#1:q+G [au], 2:Re(eps-1), 3:Im(eps-1)
        2.1728370930        0.9124874212       -0.0005573747
        1.7954779959        0.8606776468       -0.0007041190
        1.7954779959        0.8607320907       -0.0007021785
        2.1728370930        0.9125273203       -0.0005548400
        2.0547654610        0.9021248184       -0.0005159200
        1.6506305767        0.8318287166       -0.0007560747
        1.6506305767        0.8318172256       -0.0007567544
        2.0547654610        0.9021091819       -0.0005161555
        1.9294820981        0.8822537609       -0.0006354240
        1.9294820981        0.8822572425       -0.0006357593
        2.1728370930        0.9125408159       -0.0005550654
        1.7954779959        0.8607563846       -0.0007025888
        1.7954779959        0.8607015670       -0.0007045307
        2.1728370930        0.9125019268       -0.0005575781
        1.6506305767        0.8287743072       -0.0008456546
        1.1077461360        0.6370446928       -0.0013834053
        1.1077461360        0.6370454876       -0.0013832812
        1.6506305767        0.8287771604       -0.0008456600
        1.4917846251        0.7864431494       -0.0009418621
        0.8531949185        0.5069130095       -0.0017767115
        0.8531949185        0.5069216146       -0.0017771909
        1.4917846251        0.7864590278       -0.0009414880
        1.7954779959        0.8590500944       -0.0007670065
        1.3138726859        0.7210118994       -0.0011684711
        1.3138726859        0.7209740523       -0.0011697725
        1.7954779959        0.8590806468       -0.0007668733
        2.0547654610        0.8998721714       -0.0005934746
        2.0547654610        0.8998626661       -0.0005944276
        2.0547654610        0.9021298814       -0.0005162401
        1.6506305767        0.8318498036       -0.0007568685
        1.6506305767        0.8318631647       -0.0007562475
        2.0547654610        0.9021464988       -0.0005161219
        1.4917846251        0.7864687054       -0.0009418635
        0.8531949185        0.5069300533       -0.0017774502
        0.8531949185        0.5069302458       -0.0017766318
        1.4917846251        0.7864563336       -0.0009423609
        2.1728370930        0.9203849461       -0.0003976979
        1.3138726859        0.7326378043       -0.0011130070
        0.4783112333        0.3078718678       -0.0024253272
        0.4783112333        0.3078656051       -0.0024253972
        1.3138726859        0.7326394092       -0.0011130005
        2.1728370930        0.9203859173       -0.0003977021
        1.6506305767        0.8302843886       -0.0007885715
        1.1077461360        0.6364552923       -0.0014031769
        1.1077461360        0.6364789196       -0.0014023210
        1.6506305767        0.8302829334       -0.0007878400
        1.9294820981        0.8866351181       -0.0005739129
        1.9294820981        0.8866390198       -0.0005738378
        1.9294820981        0.8822722355       -0.0006357892
        1.9294820981        0.8822676541       -0.0006356513
        1.7954779959        0.8590725390       -0.0007665508
        1.3138726859        0.7209641601       -0.0011691212
        1.3138726859        0.7209983790       -0.0011679892
        1.7954779959        0.8590426427       -0.0007666506
        1.6506305767        0.8302614412       -0.0007874350
        1.1077461360        0.6364520385       -0.0014021057
        1.1077461360        0.6364252416       -0.0014030909
        1.6506305767        0.8302677393       -0.0007880713
        1.9294820981        0.8814586439       -0.0006955797
        1.4917846251        0.7846541136       -0.0009484835
        1.4917846251        0.7846563846       -0.0009484782
        1.9294820981        0.8814581938       -0.0006956265
        2.1728370930        0.9140335745       -0.0005313117
        2.1728370930        0.9140587652       -0.0005304651
        2.0547654610        0.8998485134       -0.0005938313
        2.0547654610        0.8998592852       -0.0005928127
        1.9294820981        0.8866152815       -0.0005737568
        1.9294820981        0.8866121141       -0.0005737957
        2.1728370930        0.9140457203       -0.0005303937
        2.1728370930        0.9140218185       -0.0005312256
