#epsqw diagonal term
#1:q+G [au], 2:Re(eps-1), 3:Im(eps-1)
        2.1728370930        0.9116448880       -0.0006668219
        1.7954779959        0.8597537286       -0.0008158222
        1.7954779959        0.8598155081       -0.0008123140
        2.1728370930        0.9116953976       -0.0006618368
        2.0547654610        0.9015218486       -0.0005673743
        1.6506305767        0.8309900930       -0.0008179140
        1.6506305767        0.8309758040       -0.0008192984
        2.0547654610        0.9015047201       -0.0005681904
        1.9294820981        0.8814280001       -0.0007233050
        1.9294820981        0.8814297176       -0.0007241639
        2.1728370930        0.9117062160       -0.0006642309
        1.7954779959        0.8598352166       -0.0008164900
        1.7954779959        0.8597730590       -0.0008201016
        2.1728370930        0.9116566447       -0.0006693629
        1.6506305767        0.8275900364       -0.0009940664
        1.1077461360        0.6352860073       -0.0015474948
        1.1077461360        0.6352871101       -0.0015474673
        1.6506305767        0.8275924960       -0.0009943209
        1.4917846251        0.7852788567       -0.0010563526
        0.8531949185        0.5045716783       -0.0019257758
        0.8531949185        0.5045768642       -0.0019269143
        1.4917846251        0.7852954582       -0.0010561598
        1.7954779959        0.8579045090       -0.0009195562
        1.3138726859        0.7195323704       -0.0013249468
        1.3138726859        0.7194889646       -0.0013278687
        1.7954779959        0.8579334027       -0.0009206925
        2.0547654610        0.8990268222       -0.0007007424
        2.0547654610        0.8990125431       -0.0007030425
        2.0547654610        0.9015245258       -0.0005687562
        1.6506305767        0.8310072270       -0.0008201728
        1.6506305767        0.8310231421       -0.0008189014
        2.0547654610        0.9015420963       -0.0005681844
        1.4917846251        0.7853032711       -0.0010571762
        0.8531949185        0.5045836396       -0.0019278998
        0.8531949185        0.5045891702       -0.0019260148
        1.4917846251        0.7852896347       -0.0010575780
        2.1728370930        0.9199694500       -0.0004274333
        1.3138726859        0.7313897336       -0.0011951084
        0.4783112333        0.3038246166       -0.0026590072
        0.4783112333        0.3038180815       -0.0026590812
        1.3138726859        0.7313914496       -0.0011950324
        2.1728370930        0.9199704390       -0.0004274193
        1.6506305767        0.8293263702       -0.0008767530
        1.1077461360        0.6348232663       -0.0015044407
        1.1077461360        0.6348514534       -0.0015025582
        1.6506305767        0.8293288188       -0.0008750384
        1.9294820981        0.8859702774       -0.0006244810
        1.9294820981        0.8859744022       -0.0006242318
        1.9294820981        0.8814433600       -0.0007258505
        1.9294820981        0.8814395103       -0.0007254338
        1.7954779959        0.8579281775       -0.0009182617
        1.3138726859        0.7194850202       -0.0013227089
        1.3138726859        0.7195243253       -0.0013199189
        1.7954779959        0.8579003240       -0.0009168909
        1.6506305767        0.8293093865       -0.0008740078
        1.1077461360        0.6348257815       -0.0015019257
        1.1077461360        0.6347936914       -0.0015040495
        1.6506305767        0.8293121737       -0.0008755330
        1.9294820981        0.8804139866       -0.0008244777
        1.4917846251        0.7835175696       -0.0010533702
        1.4917846251        0.7835197433       -0.0010534052
        1.9294820981        0.8804133026       -0.0008245926
        2.1728370930        0.9132808845       -0.0006177453
        2.1728370930        0.9133087295       -0.0006163587
        2.0547654610        0.8990040903       -0.0006980532
        2.0547654610        0.8990199780       -0.0006955630
        1.9294820981        0.8859512824       -0.0006239278
        1.9294820981        0.8859479429       -0.0006241300
        2.1728370930        0.9132966372       -0.0006155060
        2.1728370930        0.9132700161       -0.0006169128
