#epsqw diagonal term
#1:q+G [au], 2:Re(eps-1), 3:Im(eps-1)
        2.1728370930        0.9126440182       -0.0005434991
        1.7954779959        0.8608516415       -0.0006901001
        1.7954779959        0.8609048867       -0.0006883349
        2.1728370930        0.9126822316       -0.0005412342
        2.0547654610        0.9022432572       -0.0005079744
        1.6506305767        0.8319957831       -0.0007456751
        1.6506305767        0.8319847291       -0.0007462837
        2.0547654610        0.9022278070       -0.0005081655
        1.9294820981        0.8824119595       -0.0006233695
        1.9294820981        0.8824157023       -0.0006236594
        2.1728370930        0.9126959594       -0.0005413724
        1.7954779959        0.8609295668       -0.0006885944
        1.7954779959        0.8608759313       -0.0006903600
        2.1728370930        0.9126587364       -0.0005436097
        1.6506305767        0.8289953153       -0.0008267503
        1.1077461360        0.6373859580       -0.0013604922
        1.1077461360        0.6373866679       -0.0013603706
        1.6506305767        0.8289981959       -0.0008267398
        1.4917846251        0.7866673720       -0.0009253556
        0.8531949185        0.5073833899       -0.0017508536
        0.8531949185        0.5073925541       -0.0017512454
        1.4917846251        0.7866830559       -0.0009249857
        1.7954779959        0.8592616450       -0.0007477957
        1.3138726859        0.7212954060       -0.0011479660
        1.3138726859        0.7212583816       -0.0011491280
        1.7954779959        0.8592922702       -0.0007475931
        2.0547654610        0.9000306313       -0.0005801298
        2.0547654610        0.9000218343       -0.0005809537
        2.0547654610        0.9022486116       -0.0005082230
        1.6506305767        0.8320174294       -0.0007463621
        1.6506305767        0.8320303960       -0.0007458070
        2.0547654610        0.9022651292       -0.0005081355
        1.4917846251        0.7866930036       -0.0009253112
        0.8531949185        0.5074012063       -0.0017514561
        0.8531949185        0.5074005344       -0.0017507763
        1.4917846251        0.7866809182       -0.0009257902
        2.1728370930        0.9204679649       -0.0003926133
        1.3138726859        0.7328887038       -0.0010986324
        0.4783112333        0.3086912898       -0.0023822144
        0.4783112333        0.3086850826       -0.0023822796
        1.3138726859        0.7328903009       -0.0010986303
        2.1728370930        0.9204689369       -0.0003926186
        1.6506305767        0.8304705905       -0.0007752972
        1.1077461360        0.6367844789       -0.0013853864
        1.1077461360        0.6368073817       -0.0013846500
        1.6506305767        0.8304685392       -0.0007746719
        1.9294820981        0.8867673131       -0.0005653784
        1.9294820981        0.8867712033       -0.0005653061
        1.9294820981        0.8824307432       -0.0006236407
        1.9294820981        0.8824260614       -0.0006235199
        1.7954779959        0.8592838872       -0.0007473626
        1.3138726859        0.7212479449       -0.0011486670
        1.3138726859        0.7212814455       -0.0011476659
        1.7954779959        0.8592538821       -0.0007475454
        1.6506305767        0.8304467373       -0.0007743213
        1.1077461360        0.6367803221       -0.0013844669
        1.1077461360        0.6367543730       -0.0013853137
        1.6506305767        0.8304535703       -0.0007748625
        1.9294820981        0.8816540883       -0.0006784590
        1.4917846251        0.7848754787       -0.0009334455
        1.4917846251        0.7848777598       -0.0009334369
        1.9294820981        0.8816536723       -0.0006784997
        2.1728370930        0.9141765775       -0.0005197875
        2.1728370930        0.9142013206       -0.0005189983
        2.0547654610        0.9000071660       -0.0005805412
        2.0547654610        0.9000171828       -0.0005796611
        1.9294820981        0.8867473747       -0.0005652419
        1.9294820981        0.8867442078       -0.0005652778
        2.1728370930        0.9141881951       -0.0005189580
        2.1728370930        0.9141647447       -0.0005197294
