#epsqw diagonal term
#1:q+G [au], 2:Re(eps-1), 3:Im(eps-1)
        2.1728370930        0.9421562023       -0.0758147480
        1.7954779959        0.9000822932       -0.1396909402
        1.7954779959        0.8999803307       -0.1391779393
        2.1728370930        0.9427893053       -0.0760230764
        2.0547654610        0.9278182377       -0.0843125345
        1.6506305767        0.8796577346       -0.1739473637
        1.6506305767        0.8808948080       -0.1740034527
        2.0547654610        0.9276680071       -0.0846796103
        1.9294820981        0.9163606299       -0.1130016180
        1.9294820981        0.9160295243       -0.1129861776
        2.1728370930        0.9426980121       -0.0762100634
        1.7954779959        0.8999761195       -0.1394838400
        1.7954779959        0.9004206549       -0.1401348488
        2.1728370930        0.9423893762       -0.0758067417
        1.6506305767        0.8820529030       -0.1853041451
        1.1077461360        0.6955205831       -0.4592842701
        1.1077461360        0.6957350684       -0.4593734879
        1.6506305767        0.8817653736       -0.1848619869
        1.4917846251        0.8594711134       -0.2474428252
        0.8531949185        0.6597614289       -0.6364493428
        0.8531949185        0.6648764391       -0.6441162839
        1.4917846251        0.8602426318       -0.2463504004
        1.7954779959        0.8935190092       -0.1384264733
        1.3138726859        0.8202432759       -0.3205323425
        1.3138726859        0.8218988146       -0.3198583905
        1.7954779959        0.8934223063       -0.1383975325
        2.0547654610        0.9247519298       -0.0854361153
        2.0547654610        0.9255391486       -0.0850901576
        2.0547654610        0.9275552052       -0.0845622917
        1.6506305767        0.8804711572       -0.1739034152
        1.6506305767        0.8790561722       -0.1749253980
        2.0547654610        0.9278803547       -0.0843445168
        1.4917846251        0.8579425630       -0.2455842571
        0.8531949185        0.6672518729       -0.6403830843
        0.8531949185        0.6592808725       -0.6351021315
        1.4917846251        0.8578185079       -0.2470785362
        2.1728370930        0.9437191854       -0.0597913673
        1.3138726859        0.7989398055       -0.3056615526
        0.4783112333        0.4941503088       -1.0625274977
        0.4783112333        0.4932226986       -1.0634295123
        1.3138726859        0.8003296273       -0.3057170845
        2.1728370930        0.9436855465       -0.0597702509
        1.6506305767        0.8786771486       -0.1835787287
        1.1077461360        0.7752085201       -0.4583924234
        1.1077461360        0.7753405430       -0.4586994007
        1.6506305767        0.8803615192       -0.1837250331
        1.9294820981        0.9090289903       -0.1015633160
        1.9294820981        0.9093537859       -0.1022668351
        1.9294820981        0.9160667288       -0.1128301347
        1.9294820981        0.9162481522       -0.1127348174
        1.7954779959        0.8935848660       -0.1383595891
        1.3138726859        0.8214279673       -0.3207707027
        1.3138726859        0.8210555897       -0.3224588015
        1.7954779959        0.8935204943       -0.1387713266
        1.6506305767        0.8802662608       -0.1827231342
        1.1077461360        0.7739871686       -0.4582172721
        1.1077461360        0.7743021501       -0.4544689085
        1.6506305767        0.8782770512       -0.1826784636
        1.9294820981        0.9060977875       -0.1063360625
        1.4917846251        0.8536675321       -0.2511260586
        1.4917846251        0.8536691646       -0.2504418592
        1.9294820981        0.9058510626       -0.1062998152
        2.1728370930        0.9391416937       -0.0726619917
        2.1728370930        0.9393684500       -0.0725872750
        2.0547654610        0.9248695353       -0.0852366068
        2.0547654610        0.9243425265       -0.0856541384
        1.9294820981        0.9090191442       -0.1024794052
        1.9294820981        0.9081794224       -0.1016206705
        2.1728370930        0.9396282097       -0.0726915447
        2.1728370930        0.9391685564       -0.0729420152
