#epsqw diagonal term
#1:q+G [au], 2:Re(eps-1), 3:Im(eps-1)
        2.1728370930        0.9130865097       -0.0005093178
        1.7954779959        0.8613471938       -0.0006553970
        1.7954779959        0.8613972786       -0.0006540302
        2.1728370930        0.9131203540       -0.0005076585
        2.0547654610        0.9025861277       -0.0004869945
        1.6506305767        0.8324818912       -0.0007174784
        1.6506305767        0.8324719684       -0.0007179294
        2.0547654610        0.9025711083       -0.0004871018
        1.9294820981        0.8828651800       -0.0005926761
        1.9294820981        0.8828695883       -0.0005928704
        2.1728370930        0.9131345196       -0.0005076658
        1.7954779959        0.8614226686       -0.0006540667
        1.7954779959        0.8613721381       -0.0006554380
        2.1728370930        0.9131015834       -0.0005092952
        1.6506305767        0.8296211580       -0.0007802072
        1.1077461360        0.6383698975       -0.0013018784
        1.1077461360        0.6383703464       -0.0013017733
        1.6506305767        0.8296240667       -0.0007801709
        1.4917846251        0.7873105927       -0.0008831302
        0.8531949185        0.5087580730       -0.0016803351
        0.8531949185        0.5087686788       -0.0016805189
        1.4917846251        0.7873256814       -0.0008827920
        1.7954779959        0.8598574244       -0.0007008558
        1.3138726859        0.7221089409       -0.0010963382
        1.3138726859        0.7220740200       -0.0010972120
        1.7954779959        0.8598880426       -0.0007005540
        2.0547654610        0.9004807831       -0.0005470590
        2.0547654610        0.9004737700       -0.0005476068
        2.0547654610        0.9025921494       -0.0004871103
        1.6506305767        0.8325049290       -0.0007179484
        1.6506305767        0.8325168778       -0.0007175382
        2.0547654610        0.9026084574       -0.0004870757
        1.4917846251        0.7873363043       -0.0008830133
        0.8531949185        0.5087778254       -0.0016806364
        0.8531949185        0.5087749353       -0.0016802814
        1.4917846251        0.7873250542       -0.0008834263
        2.1728370930        0.9207098899       -0.0003787789
        1.3138726859        0.7336220733       -0.0010591878
        0.4783112333        0.3110933128       -0.0022623205
        0.4783112333        0.3110872633       -0.0022623718
        1.3138726859        0.7336236615       -0.0010591927
        2.1728370930        0.9207108677       -0.0003787858
        1.6506305767        0.8310066473       -0.0007407719
        1.1077461360        0.6377485498       -0.0013364407
        1.1077461360        0.6377696008       -0.0013359765
        1.6506305767        0.8310030947       -0.0007403796
        1.9294820981        0.8871514756       -0.0005422253
        1.9294820981        0.8871553497       -0.0005421467
        1.9294820981        0.8828846218       -0.0005928007
        1.9294820981        0.8828796801       -0.0005927117
        1.7954779959        0.8598791029       -0.0007004689
        1.3138726859        0.7220625097       -0.0010970435
        1.3138726859        0.7220942073       -0.0010963023
        1.7954779959        0.8598490413       -0.0007007736
        1.6506305767        0.8309805074       -0.0007401461
        1.1077461360        0.6377420955       -0.0013358612
        1.1077461360        0.6377183195       -0.0013363896
        1.6506305767        0.8309886906       -0.0007404792
        1.9294820981        0.8822070858       -0.0006357764
        1.4917846251        0.7855145457       -0.0008944920
        1.4917846251        0.7855168481       -0.0008944772
        1.9294820981        0.8822067561       -0.0006358045
        2.1728370930        0.9145846957       -0.0004906256
        2.1728370930        0.9146082288       -0.0004899680
        2.0547654610        0.9004580951       -0.0005474758
        2.0547654610        0.9004662137       -0.0005468901
        1.9294820981        0.8871312946       -0.0005421174
        1.9294820981        0.8871281105       -0.0005421595
        2.1728370930        0.9145949516       -0.0004899733
        2.1728370930        0.9145727125       -0.0004906079
