#epsqw diagonal term
#1:q+G [au], 2:Re(eps-1), 3:Im(eps-1)
        2.1728370930        0.9127644364       -0.0005335406
        1.7954779959        0.8609859309       -0.0006800212
        1.7954779959        0.8610382835       -0.0006783772
        2.1728370930        0.9128014045       -0.0005314610
        2.0547654610        0.9023354241       -0.0005020669
        1.6506305767        0.8321261309       -0.0007378341
        1.6506305767        0.8321153998       -0.0007383943
        2.0547654610        0.9023201039       -0.0005022300
        1.9294820981        0.8825344310       -0.0006145739
        1.9294820981        0.8825383651       -0.0006148336
        2.1728370930        0.9128152790       -0.0005315504
        1.7954779959        0.8610632051       -0.0006785529
        1.7954779959        0.8610104473       -0.0006801977
        2.1728370930        0.9127792813       -0.0005336002
        1.6506305767        0.8291654352       -0.0008131849
        1.1077461360        0.6376509593       -0.0013437306
        1.1077461360        0.6376515995       -0.0013436124
        1.6506305767        0.8291683289       -0.0008131650
        1.4917846251        0.7868410832       -0.0009132728
        0.8531949185        0.5077511474       -0.0017312946
        0.8531949185        0.5077607249       -0.0017316243
        1.4917846251        0.7868566105       -0.0009129092
        1.7954779959        0.8594240567       -0.0007340596
        1.3138726859        0.7215150266       -0.0011330952
        1.3138726859        0.7214786057       -0.0011341656
        1.7954779959        0.8594547091       -0.0007338183
        2.0547654610        0.9001527851       -0.0005705317
        2.0547654610        0.9001445042       -0.0005712691
        2.0547654610        0.9023409805       -0.0005022709
        1.6506305767        0.8321481815       -0.0007384516
        1.6506305767        0.8321608562       -0.0007379412
        2.0547654610        0.9023574307       -0.0005022019
        1.4917846251        0.7868667539       -0.0009132017
        0.8531949185        0.5077695254       -0.0017318041
        0.8531949185        0.5077682167       -0.0017312220
        1.4917846251        0.7868548929       -0.0009136642
        2.1728370930        0.9205327843       -0.0003887726
        1.3138726859        0.7330848858       -0.0010877279
        0.4783112333        0.3093329226       -0.0023492755
        0.4783112333        0.3093267586       -0.0023493370
        1.3138726859        0.7330864792       -0.0010877284
        2.1728370930        0.9205337572       -0.0003887785
        1.6506305767        0.8306151052       -0.0007654978
        1.1077461360        0.6370421057       -0.0013718738
        1.1077461360        0.6370644776       -0.0013712202
        1.6506305767        0.8306126211       -0.0007649447
        1.9294820981        0.8868703943       -0.0005589416
        1.9294820981        0.8868742793       -0.0005588692
        1.9294820981        0.8825534211       -0.0006147916
        1.9294820981        0.8825486649       -0.0006146813
        1.7954779959        0.8594461462       -0.0007336405
        1.3138726859        0.7214678176       -0.0011338123
        1.3138726859        0.7215007967       -0.0011328955
        1.7954779959        0.8594160924       -0.0007338702
        1.6506305767        0.8305905926       -0.0007646307
        1.1077461360        0.6370372883       -0.0013710585
        1.1077461360        0.6370119627       -0.0013718087
        1.6506305767        0.8305978158       -0.0007651073
        1.9294820981        0.8818044998       -0.0006660902
        1.4917846251        0.7850474918       -0.0009223772
        1.4917846251        0.7850497802       -0.0009223665
        1.9294820981        0.8818041088       -0.0006661268
        2.1728370930        0.9142870805       -0.0005114069
        2.1728370930        0.9143114866       -0.0005106574
        2.0547654610        0.9001295050       -0.0005709605
        2.0547654610        0.9001389724       -0.0005701729
        1.9294820981        0.8868503853       -0.0005588160
        1.9294820981        0.8868472152       -0.0005588520
        2.1728370930        0.9142983100       -0.0005106343
        2.1728370930        0.9142751986       -0.0005113641
