#epsqw diagonal term
#1:q+G [au], 2:Re(eps-1), 3:Im(eps-1)
        2.1728370930        1.0066414117       -0.0000226135
        1.7954779959        1.0108220958       -0.0000387438
        1.7954779959        1.0108228687       -0.0000387425
        2.1728370930        1.0066423163       -0.0000226168
        2.0547654610        1.0077669197       -0.0000262966
        1.6506305767        1.0129212391       -0.0000463291
        1.6506305767        1.0129227229       -0.0000463323
        2.0547654610        1.0077689031       -0.0000263042
        1.9294820981        1.0091210486       -0.0000319296
        1.9294820981        1.0091221523       -0.0000319321
        2.1728370930        1.0066407981       -0.0000226120
        1.7954779959        1.0108191467       -0.0000387316
        1.7954779959        1.0108183956       -0.0000387327
        2.1728370930        1.0066399154       -0.0000226085
        1.6506305767        1.0129461614       -0.0000481114
        1.1077461360        1.0238511711       -0.0001038363
        1.1077461360        1.0238512273       -0.0001038369
        1.6506305767        1.0129460937       -0.0000481110
        1.4917846251        1.0156911911       -0.0000592627
        0.8531949185        1.0298557877       -0.0001430755
        0.8531949185        1.0298601315       -0.0001430796
        1.4917846251        1.0156933940       -0.0000592646
        1.7954779959        1.0108066804       -0.0000389924
        1.3138726859        1.0191868400       -0.0000775463
        1.3138726859        1.0191899711       -0.0000775557
        1.7954779959        1.0108097605       -0.0000389990
        2.0547654610        1.0077632627       -0.0000268053
        2.0547654610        1.0077643160       -0.0000268090
        2.0547654610        1.0077666943       -0.0000262970
        1.6506305767        1.0129184037       -0.0000463200
        1.6506305767        1.0129168549       -0.0000463161
        2.0547654610        1.0077645010       -0.0000262886
        1.4917846251        1.0156926259       -0.0000592607
        0.8531949185        1.0298579483       -0.0001430723
        0.8531949185        1.0298548293       -0.0001430683
        1.4917846251        1.0156900433       -0.0000592571
        2.1728370930        1.0066548739       -0.0000221694
        1.3138726859        1.0193155563       -0.0000735248
        0.4783112333        1.0361985978       -0.0002133387
        0.4783112333        1.0361974392       -0.0002133369
        1.3138726859        1.0193150207       -0.0000735236
        2.1728370930        1.0066546918       -0.0000221689
        1.6506305767        1.0129978453       -0.0000472586
        1.1077461360        1.0238981315       -0.0001011576
        1.1077461360        1.0238991654       -0.0001011552
        1.6506305767        1.0129993894       -0.0000472633
        1.9294820981        1.0091009041       -0.0000313724
        1.9294820981        1.0091017379       -0.0000313753
        1.9294820981        1.0091201030       -0.0000319260
        1.9294820981        1.0091188855       -0.0000319233
        1.7954779959        1.0108110949       -0.0000390034
        1.3138726859        1.0191919396       -0.0000775621
        1.3138726859        1.0191887945       -0.0000775530
        1.7954779959        1.0108077935       -0.0000389962
        1.6506305767        1.0130019702       -0.0000472723
        1.1077461360        1.0239035129       -0.0001011698
        1.1077461360        1.0239024573       -0.0001011733
        1.6506305767        1.0129997415       -0.0000472660
        1.9294820981        1.0091137511       -0.0000321100
        1.4917846251        1.0156936810       -0.0000602831
        1.4917846251        1.0156935054       -0.0000602827
        1.9294820981        1.0091136688       -0.0000321098
        2.1728370930        1.0066513292       -0.0000226710
        2.1728370930        1.0066515699       -0.0000226717
        2.0547654610        1.0077669072       -0.0000268165
        2.0547654610        1.0077659508       -0.0000268131
        1.9294820981        1.0091050837       -0.0000313848
        1.9294820981        1.0091042703       -0.0000313820
        2.1728370930        1.0066535249       -0.0000226775
        2.1728370930        1.0066531346       -0.0000226765
