#epsqw diagonal term
#1:q+G [au], 2:Re(eps-1), 3:Im(eps-1)
        2.1728370930        0.9079759207       -0.0237416539
        1.7954779959        0.8444448098       -0.0314944771
        1.7954779959        0.8444016134       -0.0313833991
        2.1728370930        0.9081558786       -0.0237200423
        2.0547654610        0.8869474852       -0.0258912233
        1.6506305767        0.7966245903       -0.0396671514
        1.6506305767        0.7963793364       -0.0392490255
        2.0547654610        0.8870522622       -0.0259386399
        1.9294820981        0.8685676017       -0.0296569306
        1.9294820981        0.8686583125       -0.0297152585
        2.1728370930        0.9081134345       -0.0237975941
        1.7954779959        0.8444399378       -0.0314522854
        1.7954779959        0.8445228242       -0.0315079458
        2.1728370930        0.9079620454       -0.0238083138
        1.6506305767        0.8066972327       -0.0460908028
        1.1077461360        0.6498583277       -0.0961693739
        1.1077461360        0.6498844057       -0.0961010889
        1.6506305767        0.8066510749       -0.0461799521
        1.4917846251        0.7494467187       -0.0524758876
        0.8531949185        0.5385357951       -0.1521854735
        0.8531949185        0.5389333780       -0.1532703756
        1.4917846251        0.7487147342       -0.0521576976
        1.7954779959        0.8435462345       -0.0362005700
        1.3138726859        0.6991005189       -0.0796873490
        1.3138726859        0.6985095919       -0.0795292473
        1.7954779959        0.8435402908       -0.0361460008
        2.0547654610        0.8954460251       -0.0223810942
        2.0547654610        0.8955987780       -0.0225051583
        2.0547654610        0.8870101676       -0.0260030880
        1.6506305767        0.7962649129       -0.0393170021
        1.6506305767        0.7965504273       -0.0395178502
        2.0547654610        0.8868652854       -0.0259748780
        1.4917846251        0.7485557718       -0.0522924101
        0.8531949185        0.5377604309       -0.1538386864
        0.8531949185        0.5374349924       -0.1530228247
        1.4917846251        0.7493854758       -0.0525745732
        2.1728370930        0.9066640863       -0.0189385601
        1.3138726859        0.7057643130       -0.0624227580
        0.4783112333        0.4574898392       -0.2607772844
        0.4783112333        0.4575500369       -0.2610749070
        1.3138726859        0.7057084051       -0.0624288747
        2.1728370930        0.9066570649       -0.0189480965
        1.6506305767        0.7995392274       -0.0398643046
        1.1077461360        0.6190703215       -0.1073522413
        1.1077461360        0.6184580390       -0.1076462391
        1.6506305767        0.7993872896       -0.0397842513
        1.9294820981        0.8686857582       -0.0238820298
        1.9294820981        0.8687616728       -0.0239808126
        1.9294820981        0.8687924336       -0.0296928442
        1.9294820981        0.8686892107       -0.0296782075
        1.7954779959        0.8435495158       -0.0361515787
        1.3138726859        0.6986807672       -0.0796079055
        1.3138726859        0.6993320435       -0.0795042602
        1.7954779959        0.8435833852       -0.0361083515
        1.6506305767        0.7995330959       -0.0395760820
        1.1077461360        0.6194229022       -0.1070877061
        1.1077461360        0.6199971839       -0.1065763984
        1.6506305767        0.7996389475       -0.0396757125
        1.9294820981        0.8711623170       -0.0322214158
        1.4917846251        0.7529227416       -0.0568375922
        1.4917846251        0.7530004509       -0.0569811191
        1.9294820981        0.8711510616       -0.0322167620
        2.1728370930        0.9101627317       -0.0207354420
        2.1728370930        0.9100789763       -0.0206871078
        2.0547654610        0.8955326105       -0.0223860470
        2.0547654610        0.8953091257       -0.0223288273
        1.9294820981        0.8687325474       -0.0239639630
        1.9294820981        0.8686851195       -0.0238825209
        2.1728370930        0.9101208530       -0.0206719813
        2.1728370930        0.9101699319       -0.0207733615
