#epsqw diagonal term
#1:q+G [au], 2:Re(eps-1), 3:Im(eps-1)
        2.1728370930        0.9243648665       -0.0299951807
        1.7954779959        0.8665756952       -0.0259708432
        1.7954779959        0.8665295375       -0.0258968050
        2.1728370930        0.9244050307       -0.0298071290
        2.0547654610        0.9051155548       -0.0265714298
        1.6506305767        0.8264604778       -0.0221119393
        1.6506305767        0.8263747168       -0.0220830036
        2.0547654610        0.9051265957       -0.0263419723
        1.9294820981        0.8884086147       -0.0282373997
        1.9294820981        0.8884893103       -0.0280047174
        2.1728370930        0.9243685524       -0.0295993154
        1.7954779959        0.8663590803       -0.0257193304
        1.7954779959        0.8667019044       -0.0259772596
        2.1728370930        0.9245503504       -0.0299880071
        1.6506305767        0.8361402735       -0.0317960695
        1.1077461360        0.5975489405       -0.0593938423
        1.1077461360        0.5974437735       -0.0593362236
        1.6506305767        0.8361149748       -0.0318104725
        1.4917846251        0.7803477835       -0.0360571850
        0.8531949185        0.4363282131       -0.0863609488
        0.8531949185        0.4366084992       -0.0857134938
        1.4917846251        0.7802501064       -0.0356363616
        1.7954779959        0.8693857603       -0.0305232853
        1.3138726859        0.7027018822       -0.0423146202
        1.3138726859        0.7027307381       -0.0421979274
        1.7954779959        0.8694319543       -0.0306500327
        2.0547654610        0.9072505610       -0.0240150323
        2.0547654610        0.9073892799       -0.0239791723
        2.0547654610        0.9052001713       -0.0262980274
        1.6506305767        0.8264720715       -0.0221244435
        1.6506305767        0.8264934928       -0.0220638193
        2.0547654610        0.9051793582       -0.0265200822
        1.4917846251        0.7802374122       -0.0357250496
        0.8531949185        0.4365503373       -0.0859325131
        0.8531949185        0.4362566928       -0.0866292673
        1.4917846251        0.7803151477       -0.0360357562
        2.1728370930        0.9130426710       -0.0233805110
        1.3138726859        0.7219496443       -0.0390217198
        0.4783112333        0.2011382203       -0.1170254583
        0.4783112333        0.2011076892       -0.1170613370
        1.3138726859        0.7218340532       -0.0390109780
        2.1728370930        0.9129763681       -0.0233429375
        1.6506305767        0.8316838485       -0.0341668679
        1.1077461360        0.6018448832       -0.0553322544
        1.1077461360        0.6021632633       -0.0549680137
        1.6506305767        0.8321043459       -0.0346694743
        1.9294820981        0.8852667985       -0.0236224325
        1.9294820981        0.8854688464       -0.0234739629
        1.9294820981        0.8885262280       -0.0279305679
        1.9294820981        0.8883716203       -0.0280240077
        1.7954779959        0.8694658050       -0.0305814251
        1.3138726859        0.7026939814       -0.0422304078
        1.3138726859        0.7025848684       -0.0424422480
        1.7954779959        0.8693685515       -0.0303813620
        1.6506305767        0.8321167116       -0.0345156024
        1.1077461360        0.6019088960       -0.0549873694
        1.1077461360        0.6017199311       -0.0553595086
        1.6506305767        0.8317987510       -0.0340424025
        1.9294820981        0.8968633138       -0.0306231241
        1.4917846251        0.7818640897       -0.0333807465
        1.4917846251        0.7818183414       -0.0333614993
        1.9294820981        0.8968023298       -0.0306370499
        2.1728370930        0.9212863595       -0.0228092774
        2.1728370930        0.9214034116       -0.0228855670
        2.0547654610        0.9074249082       -0.0238768897
        2.0547654610        0.9073157926       -0.0239909442
        1.9294820981        0.8854275473       -0.0234349646
        1.9294820981        0.8852013682       -0.0235250592
        2.1728370930        0.9215113759       -0.0227949300
        2.1728370930        0.9212881997       -0.0227390397
