#epsqw diagonal term
#1:q+G [au], 2:Re(eps-1), 3:Im(eps-1)
        2.1728370930        0.9071762797       -0.0123042488
        1.7954779959        0.8516343070       -0.0151122320
        1.7954779959        0.8515921828       -0.0151768962
        2.1728370930        0.9071165586       -0.0122777809
        2.0547654610        0.8958163519       -0.0132469894
        1.6506305767        0.8285146360       -0.0217534096
        1.6506305767        0.8283810187       -0.0218072586
        2.0547654610        0.8958724905       -0.0132758760
        1.9294820981        0.8753355078       -0.0146518945
        1.9294820981        0.8753275162       -0.0146236238
        2.1728370930        0.9071354874       -0.0123378918
        1.7954779959        0.8516286037       -0.0151541981
        1.7954779959        0.8516174723       -0.0150846698
        2.1728370930        0.9072122458       -0.0123347484
        1.6506305767        0.8194545797       -0.0182889098
        1.1077461360        0.6233096342       -0.0289443158
        1.1077461360        0.6233326625       -0.0289656306
        1.6506305767        0.8195365267       -0.0182960637
        1.4917846251        0.7791343717       -0.0189375447
        0.8531949185        0.4954913150       -0.0649702157
        0.8531949185        0.4951594852       -0.0652264634
        1.4917846251        0.7790998317       -0.0192414325
        1.7954779959        0.8542057273       -0.0157600072
        1.3138726859        0.7120219934       -0.0353307198
        1.3138726859        0.7118957956       -0.0353245012
        1.7954779959        0.8542092780       -0.0159576279
        2.0547654610        0.8929158865       -0.0144355809
        2.0547654610        0.8927987995       -0.0143785786
        2.0547654610        0.8959583642       -0.0132683231
        1.6506305767        0.8284746937       -0.0217879467
        1.6506305767        0.8285705262       -0.0217745308
        2.0547654610        0.8958751511       -0.0132379513
        1.4917846251        0.7791593739       -0.0192968073
        0.8531949185        0.4952302134       -0.0651444831
        0.8531949185        0.4955400558       -0.0649084687
        1.4917846251        0.7791198735       -0.0190295126
        2.1728370930        0.9179443864       -0.0086043112
        1.3138726859        0.7201345978       -0.0275523398
        0.4783112333        0.2781909407       -0.1350164388
        0.4783112333        0.2780683859       -0.1348068441
        1.3138726859        0.7201410181       -0.0275191324
        2.1728370930        0.9179436219       -0.0086140507
        1.6506305767        0.8249140613       -0.0176452608
        1.1077461360        0.6253204984       -0.0541954638
        1.1077461360        0.6256532026       -0.0544750198
        1.6506305767        0.8247316401       -0.0176845619
        1.9294820981        0.8830347549       -0.0165479670
        1.9294820981        0.8829613876       -0.0164387682
        1.9294820981        0.8754065682       -0.0146641302
        1.9294820981        0.8754031149       -0.0146718844
        1.7954779959        0.8542692666       -0.0159959110
        1.3138726859        0.7118741449       -0.0352017306
        1.3138726859        0.7118695314       -0.0352052872
        1.7954779959        0.8542539421       -0.0158055195
        1.6506305767        0.8246675932       -0.0176333084
        1.1077461360        0.6255415953       -0.0543454227
        1.1077461360        0.6251685067       -0.0540509215
        1.6506305767        0.8247889269       -0.0175562717
        1.9294820981        0.8790208362       -0.0170288857
        1.4917846251        0.7758935302       -0.0274358085
        1.4917846251        0.7759506457       -0.0274399640
        1.9294820981        0.8790173354       -0.0170407863
        2.1728370930        0.9086855422       -0.0130316251
        2.1728370930        0.9086761123       -0.0130610558
        2.0547654610        0.8926881450       -0.0144359568
        2.0547654610        0.8928671985       -0.0144687287
        1.9294820981        0.8828804645       -0.0164425937
        1.9294820981        0.8829947168       -0.0165691896
        2.1728370930        0.9086362190       -0.0130419292
        2.1728370930        0.9086949881       -0.0130389954
