#epsqw diagonal term
#1:q+G [au], 2:Re(eps-1), 3:Im(eps-1)
        2.1728370930        1.1696991705       -0.1047207856
        1.7954779959        1.3155162697       -0.2315624730
        1.7954779959        1.3165973181       -0.2323386746
        2.1728370930        1.1692858082       -0.1054469908
        2.0547654610        1.2225389450       -0.1458929259
        1.6506305767        1.3567810649       -0.2255289203
        1.6506305767        1.3565954414       -0.2269790487
        2.0547654610        1.2217095048       -0.1479930631
        1.9294820981        1.2462178356       -0.1580571150
        1.9294820981        1.2461758670       -0.1606603672
        2.1728370930        1.1694883646       -0.1059117786
        1.7954779959        1.3175594682       -0.2321879733
        1.7954779959        1.3161279734       -0.2322802148
        2.1728370930        1.1703741894       -0.1057597786
        1.6506305767        1.4274557058       -0.3534460705
        1.1077461360        1.7286582644       -0.3394096012
        1.1077461360        1.7300810319       -0.3396772931
        1.6506305767        1.4278398807       -0.3543221607
        1.4917846251        1.4720679100       -0.3447815838
        0.8531949185        2.0439092584       -0.4948970652
        0.8531949185        2.0412517330       -0.5075393807
        1.4917846251        1.4713554660       -0.3473122930
        1.7954779959        1.3249801622       -0.2289071647
        1.3138726859        1.5987075653       -0.2878114094
        1.3138726859        1.5985809098       -0.2896528226
        1.7954779959        1.3243319542       -0.2339643712
        2.0547654610        1.1834240641       -0.1204248478
        2.0547654610        1.1838369416       -0.1220585092
        2.0547654610        1.2215110758       -0.1484296395
        1.6506305767        1.3578893568       -0.2276134938
        1.6506305767        1.3586998113       -0.2263862074
        2.0547654610        1.2226064842       -0.1469821824
        1.4917846251        1.4706150578       -0.3484744180
        0.8531949185        2.0458083875       -0.5075268182
        0.8531949185        2.0491389924       -0.4969171632
        1.4917846251        1.4723417587       -0.3465909160
        2.1728370930        1.1450345009       -0.1141385573
        1.3138726859        1.6282350982       -0.4598710838
        0.4783112333        2.2863249220       -0.7611577410
        0.4783112333        2.2864089836       -0.7593303684
        1.3138726859        1.6282526884       -0.4602831708
        2.1728370930        1.1450238253       -0.1141754405
        1.6506305767        1.4127110810       -0.3166599481
        1.1077461360        1.8031051949       -0.3664313081
        1.1077461360        1.8018069629       -0.3690914211
        1.6506305767        1.4114001307       -0.3177346552
        1.9294820981        1.2167568790       -0.1559750633
        1.9294820981        1.2173264477       -0.1563061755
        1.9294820981        1.2470514884       -0.1613673720
        1.9294820981        1.2468691070       -0.1587971612
        1.7954779959        1.3246214202       -0.2330616477
        1.3138726859        1.5951181913       -0.2885152133
        1.3138726859        1.5969614916       -0.2872292688
        1.7954779959        1.3253634491       -0.2283916954
        1.6506305767        1.4110187472       -0.3166127025
        1.1077461360        1.7985555090       -0.3693191273
        1.1077461360        1.7991976921       -0.3654700815
        1.6506305767        1.4118763781       -0.3138899702
        1.9294820981        1.2624448131       -0.1495995025
        1.4917846251        1.5374379300       -0.3406424521
        1.4917846251        1.5355841335       -0.3390797164
        1.9294820981        1.2617573895       -0.1492068458
        2.1728370930        1.1647788430       -0.1020590397
        2.1728370930        1.1646881702       -0.1020687307
        2.0547654610        1.1830171252       -0.1217767651
        2.0547654610        1.1829366846       -0.1201668644
        1.9294820981        1.2167774392       -0.1561878000
        1.9294820981        1.2157975992       -0.1550299051
        2.1728370930        1.1644144334       -0.1017545469
        2.1728370930        1.1645202217       -0.1018516112
