#epsqw diagonal term
#1:q+G [au], 2:Re(eps-1), 3:Im(eps-1)
        2.1728370930        0.9049301177       -0.0109978812
        1.7954779959        0.8498830593       -0.0108121699
        1.7954779959        0.8500255443       -0.0107357273
        2.1728370930        0.9048894346       -0.0109441950
        2.0547654610        0.8928787609       -0.0100457659
        1.6506305767        0.8188594575       -0.0169963995
        1.6506305767        0.8187789255       -0.0171769753
        2.0547654610        0.8928074510       -0.0099248643
        1.9294820981        0.8722070324       -0.0117069151
        1.9294820981        0.8720893745       -0.0117069663
        2.1728370930        0.9049065643       -0.0109389337
        1.7954779959        0.8500551135       -0.0107421314
        1.7954779959        0.8499520049       -0.0108339347
        2.1728370930        0.9049640824       -0.0109999345
        1.6506305767        0.8183258188       -0.0134583191
        1.1077461360        0.6175631973       -0.0196413571
        1.1077461360        0.6175826995       -0.0196329908
        1.6506305767        0.8183283737       -0.0134559155
        1.4917846251        0.7738821388       -0.0176947046
        0.8531949185        0.4695893444       -0.0350764237
        0.8531949185        0.4699525191       -0.0350901771
        1.4917846251        0.7738210511       -0.0174228655
        1.7954779959        0.8497639073       -0.0152775459
        1.3138726859        0.7012369476       -0.0181851251
        1.3138726859        0.7009222352       -0.0182449643
        1.7954779959        0.8494995202       -0.0151847441
        2.0547654610        0.8904548387       -0.0116452973
        2.0547654610        0.8905504935       -0.0116940530
        2.0547654610        0.8928255113       -0.0099497566
        1.6506305767        0.8188159043       -0.0171714705
        1.6506305767        0.8189056724       -0.0170169424
        2.0547654610        0.8928860538       -0.0100719306
        1.4917846251        0.7738992502       -0.0174616870
        0.8531949185        0.4699369120       -0.0350620700
        0.8531949185        0.4695848821       -0.0350321204
        1.4917846251        0.7739508542       -0.0177097609
        2.1728370930        0.9137728020       -0.0084024158
        1.3138726859        0.7123141545       -0.0217786384
        0.4783112333        0.2259935136       -0.0510722069
        0.4783112333        0.2259920883       -0.0510895155
        1.3138726859        0.7123187279       -0.0217800776
        2.1728370930        0.9137763781       -0.0084131784
        1.6506305767        0.8184851985       -0.0157166821
        1.1077461360        0.6050233557       -0.0270451951
        1.1077461360        0.6043848442       -0.0271453663
        1.6506305767        0.8184664591       -0.0156084987
        1.9294820981        0.8759997771       -0.0141832277
        1.9294820981        0.8761996983       -0.0142626489
        1.9294820981        0.8720577814       -0.0117671447
        1.9294820981        0.8721779975       -0.0117449930
        1.7954779959        0.8494906469       -0.0152384716
        1.3138726859        0.7008998323       -0.0182564079
        1.3138726859        0.7012002904       -0.0181555195
        1.7954779959        0.8497471974       -0.0152887297
        1.6506305767        0.8183963237       -0.0155924282
        1.1077461360        0.6043568305       -0.0271440650
        1.1077461360        0.6049895415       -0.0270291563
        1.6506305767        0.8184466013       -0.0157164847
        1.9294820981        0.8722778592       -0.0154481156
        1.4917846251        0.7674095092       -0.0158121166
        1.4917846251        0.7673897783       -0.0157985206
        1.9294820981        0.8722752679       -0.0154487681
        2.1728370930        0.9051650868       -0.0116196576
        2.1728370930        0.9052607064       -0.0115088502
        2.0547654610        0.8905432437       -0.0116530547
        2.0547654610        0.8904396219       -0.0116141199
        1.9294820981        0.8761714309       -0.0142352059
        1.9294820981        0.8759654621       -0.0141469160
        2.1728370930        0.9052683398       -0.0114980786
        2.1728370930        0.9051505437       -0.0116008458
