#epsqw diagonal term
#1:q+G [au], 2:Re(eps-1), 3:Im(eps-1)
        2.1728370930        0.9087495731       -0.0026256692
        1.7954779959        0.8567150556       -0.0025556895
        1.7954779959        0.8568089783       -0.0025123979
        2.1728370930        0.9088406695       -0.0025556623
        2.0547654610        0.8990159122       -0.0013529771
        1.6506305767        0.8269657097       -0.0015696959
        1.6506305767        0.8269414945       -0.0015756392
        2.0547654610        0.8990020035       -0.0013515027
        1.9294820981        0.8782761071       -0.0022412300
        1.9294820981        0.8782602016       -0.0022554236
        2.1728370930        0.9088530957       -0.0025528195
        1.7954779959        0.8568353907       -0.0025073852
        1.7954779959        0.8567475112       -0.0025282341
        2.1728370930        0.9087719237       -0.0026077137
        1.6506305767        0.8236119305       -0.0036593136
        1.1077461360        0.6277818038       -0.0042832452
        1.1077461360        0.6277949621       -0.0042725175
        1.6506305767        0.8236193880       -0.0036527124
        1.4917846251        0.7806990263       -0.0031264703
        0.8531949185        0.4930923299       -0.0040132110
        0.8531949185        0.4930357418       -0.0040148377
        1.4917846251        0.7807197531       -0.0031109040
        1.7954779959        0.8543334778       -0.0038321653
        1.3138726859        0.7141309751       -0.0037160613
        1.3138726859        0.7140581357       -0.0037231238
        1.7954779959        0.8543787760       -0.0038108406
        2.0547654610        0.8961892707       -0.0022504173
        2.0547654610        0.8961481654       -0.0022685693
        2.0547654610        0.8990204586       -0.0013533826
        1.6506305767        0.8269702846       -0.0015766938
        1.6506305767        0.8269980458       -0.0015666873
        2.0547654610        0.8990335120       -0.0013574232
        1.4917846251        0.7807203823       -0.0031176535
        0.8531949185        0.4930386627       -0.0040329334
        0.8531949185        0.4931180707       -0.0039986081
        1.4917846251        0.7806970619       -0.0031499543
        2.1728370930        0.9179732104       -0.0008168789
        1.3138726859        0.7254250962       -0.0021520886
        0.4783112333        0.2833746194       -0.0056075254
        0.4783112333        0.2833617483       -0.0056113950
        1.3138726859        0.7254251529       -0.0021537575
        2.1728370930        0.9179740978       -0.0008171666
        1.6506305767        0.8251789970       -0.0025114282
        1.1077461360        0.6270800999       -0.0027185002
        1.1077461360        0.6271378906       -0.0027124352
        1.6506305767        0.8251921011       -0.0024837763
        1.9294820981        0.8827996805       -0.0012494650
        1.9294820981        0.8827831474       -0.0012545007
        1.9294820981        0.8782865122       -0.0022342780
        1.9294820981        0.8782911178       -0.0022301559
        1.7954779959        0.8543762340       -0.0038111925
        1.3138726859        0.7140482508       -0.0037249167
        1.3138726859        0.7141047560       -0.0037382670
        1.7954779959        0.8543242482       -0.0038327633
        1.6506305767        0.8251841775       -0.0024711787
        1.1077461360        0.6271200942       -0.0026973061
        1.1077461360        0.6270515664       -0.0027267311
        1.6506305767        0.8251791588       -0.0024906003
        1.9294820981        0.8764529948       -0.0034500841
        1.4917846251        0.7789169112       -0.0028296066
        1.4917846251        0.7789186258       -0.0028305790
        1.9294820981        0.8764520362       -0.0034500338
        2.1728370930        0.9103920939       -0.0020059314
        2.1728370930        0.9104277555       -0.0019940554
        2.0547654610        0.8961335760       -0.0022790828
        2.0547654610        0.8961747583       -0.0022676558
        1.9294820981        0.8827633848       -0.0012492874
        1.9294820981        0.8827790120       -0.0012500397
        2.1728370930        0.9104131991       -0.0019978703
        2.1728370930        0.9103795469       -0.0020159602
