#epsqw diagonal term
#1:q+G [au], 2:Re(eps-1), 3:Im(eps-1)
        2.1728370930        1.0012095339       -0.0000035530
        1.7954779959        1.0020043986       -0.0000062960
        1.7954779959        1.0020042840       -0.0000062949
        2.1728370930        1.0012103830       -0.0000035527
        2.0547654610        1.0014214812       -0.0000041543
        1.6506305767        1.0024099330       -0.0000076308
        1.6506305767        1.0024107529       -0.0000076310
        2.0547654610        1.0014218599       -0.0000041548
        1.9294820981        1.0016793102       -0.0000051225
        1.9294820981        1.0016793980       -0.0000051226
        2.1728370930        1.0012099513       -0.0000035525
        1.7954779959        1.0020037279       -0.0000062937
        1.7954779959        1.0020040796       -0.0000062941
        2.1728370930        1.0012093959       -0.0000035518
        1.6506305767        1.0024117507       -0.0000079397
        1.1077461360        1.0045459939       -0.0000181104
        1.1077461360        1.0045471186       -0.0000181095
        1.6506305767        1.0024122527       -0.0000079387
        1.4917846251        1.0029480141       -0.0000099328
        0.8531949185        1.0057202815       -0.0000253944
        0.8531949185        1.0057213260       -0.0000253833
        1.4917846251        1.0029478244       -0.0000099304
        1.7954779959        1.0020017211       -0.0000063409
        1.3138726859        1.0036295887       -0.0000132663
        1.3138726859        1.0036299279       -0.0000132651
        1.7954779959        1.0020019687       -0.0000063411
        2.0547654610        1.0014222790       -0.0000042563
        2.0547654610        1.0014227222       -0.0000042564
        2.0547654610        1.0014219524       -0.0000041540
        1.6506305767        1.0024120129       -0.0000076319
        1.6506305767        1.0024110763       -0.0000076301
        2.0547654610        1.0014211735       -0.0000041527
        1.4917846251        1.0029479421       -0.0000099297
        0.8531949185        1.0057253195       -0.0000253925
        0.8531949185        1.0057236819       -0.0000253917
        1.4917846251        1.0029466599       -0.0000099284
        2.1728370930        1.0012152709       -0.0000034660
        1.3138726859        1.0036513735       -0.0000124381
        0.4783112333        1.0069963301       -0.0000388137
        0.4783112333        1.0070052191       -0.0000388231
        1.3138726859        1.0036503205       -0.0000124388
        2.1728370930        1.0012150331       -0.0000034660
        1.6506305767        1.0024220609       -0.0000077758
        1.1077461360        1.0045488759       -0.0000175610
        1.1077461360        1.0045491353       -0.0000175620
        1.6506305767        1.0024233562       -0.0000077778
        1.9294820981        1.0016773547       -0.0000050249
        1.9294820981        1.0016778381       -0.0000050266
        1.9294820981        1.0016793264       -0.0000051215
        1.9294820981        1.0016790819       -0.0000051214
        1.7954779959        1.0020022790       -0.0000063414
        1.3138726859        1.0036300266       -0.0000132660
        1.3138726859        1.0036295414       -0.0000132681
        1.7954779959        1.0020015486       -0.0000063418
        1.6506305767        1.0024239770       -0.0000077782
        1.1077461360        1.0045464089       -0.0000175567
        1.1077461360        1.0045478865       -0.0000175622
        1.6506305767        1.0024221976       -0.0000077793
        1.9294820981        1.0016781820       -0.0000051557
        1.4917846251        1.0029424412       -0.0000100966
        1.4917846251        1.0029422497       -0.0000100971
        1.9294820981        1.0016775209       -0.0000051559
        2.1728370930        1.0012108802       -0.0000035560
        2.1728370930        1.0012115632       -0.0000035564
        2.0547654610        1.0014229150       -0.0000042573
        2.0547654610        1.0014225714       -0.0000042572
        1.9294820981        1.0016774644       -0.0000050270
        1.9294820981        1.0016772031       -0.0000050261
        2.1728370930        1.0012120385       -0.0000035572
        2.1728370930        1.0012112243       -0.0000035571
