#epsqw diagonal term
#1:q+G [au], 2:Re(eps-1), 3:Im(eps-1)
        2.1728370930        0.9682632180       -0.0998128153
        1.7954779959        0.9540157097       -0.2202382143
        1.7954779959        0.9539612860       -0.2197162507
        2.1728370930        0.9682953892       -0.0999067068
        2.0547654610        0.9770272892       -0.1229145263
        1.6506305767        0.9612290971       -0.2910960173
        1.6506305767        0.9610290816       -0.2917119402
        2.0547654610        0.9762329855       -0.1228710129
        1.9294820981        0.9609692411       -0.1656023780
        1.9294820981        0.9611334690       -0.1657717040
        2.1728370930        0.9686697563       -0.0994776801
        1.7954779959        0.9540192000       -0.2201096490
        1.7954779959        0.9543150215       -0.2200657312
        2.1728370930        0.9686848945       -0.0990796721
        1.6506305767        0.9622488397       -0.2722111922
        1.1077461360        0.7909159693       -0.8388170585
        1.1077461360        0.7901621177       -0.8389355025
        1.6506305767        0.9621803313       -0.2717781444
        1.4917846251        0.9585665902       -0.3824093659
        0.8531949185        0.7584590116       -1.0394268047
        0.8531949185        0.7520914465       -1.0418078616
        1.4917846251        0.9603887097       -0.3851120357
        1.7954779959        0.9435659147       -0.2092277334
        1.3138726859        0.9545084568       -0.5208538704
        1.3138726859        0.9552756638       -0.5204225119
        1.7954779959        0.9423153301       -0.2105287719
        2.0547654610        0.9688210970       -0.1451034625
        2.0547654610        0.9696520440       -0.1460336697
        2.0547654610        0.9768074396       -0.1222458865
        1.6506305767        0.9610878686       -0.2914410639
        1.6506305767        0.9602441641       -0.2921461028
        2.0547654610        0.9775477802       -0.1224177424
        1.4917846251        0.9617412275       -0.3829077698
        0.8531949185        0.7573408751       -1.0442519561
        0.8531949185        0.7626698497       -1.0400262689
        1.4917846251        0.9588043648       -0.3798130490
        2.1728370930        0.9571068854       -0.1032724097
        1.3138726859        0.8956541760       -0.4870909955
        0.4783112333        0.8408256070       -1.3974500679
        0.4783112333        0.8409289327       -1.3996818923
        1.3138726859        0.8961831045       -0.4870609975
        2.1728370930        0.9570011649       -0.1032502593
        1.6506305767        0.9602378194       -0.2926866740
        1.1077461360        0.9140311424       -0.7188728874
        1.1077461360        0.9083919659       -0.7147637781
        1.6506305767        0.9625746920       -0.2970265875
        1.9294820981        0.9564412193       -0.1798502173
        1.9294820981        0.9556892770       -0.1810839697
        1.9294820981        0.9613736007       -0.1651127294
        1.9294820981        0.9610144906       -0.1661493705
        1.7954779959        0.9409693018       -0.2110379422
        1.3138726859        0.9513435422       -0.5220762380
        1.3138726859        0.9525936531       -0.5210811241
        1.7954779959        0.9421769968       -0.2095274257
        1.6506305767        0.9606791367       -0.2987041111
        1.1077461360        0.9057395852       -0.7136251731
        1.1077461360        0.9135239081       -0.7179430883
        1.6506305767        0.9583496716       -0.2947877088
        1.9294820981        0.9417824881       -0.1691674594
        1.4917846251        0.9657407470       -0.3689397094
        1.4917846251        0.9653907121       -0.3694933128
        1.9294820981        0.9417792209       -0.1699131252
        2.1728370930        0.9779263149       -0.1112894910
        2.1728370930        0.9782981525       -0.1120334361
        2.0547654610        0.9690178098       -0.1459463240
        2.0547654610        0.9682909551       -0.1447837751
        1.9294820981        0.9544392036       -0.1810250214
        1.9294820981        0.9553744722       -0.1801556977
        2.1728370930        0.9780874764       -0.1120150022
        2.1728370930        0.9776733713       -0.1113101034
