#epsqw diagonal term
#1:q+G [au], 2:Re(eps-1), 3:Im(eps-1)
        2.1728370930        0.9163096109       -0.0500197377
        1.7954779959        0.8313902288       -0.0789368441
        1.7954779959        0.8316204380       -0.0789636278
        2.1728370930        0.9160171315       -0.0498925148
        2.0547654610        0.8952065419       -0.0682492157
        1.6506305767        0.7763508211       -0.1094776721
        1.6506305767        0.7756664196       -0.1096660850
        2.0547654610        0.8949637208       -0.0687991346
        1.9294820981        0.8698284692       -0.0699489968
        1.9294820981        0.8699821116       -0.0696535511
        2.1728370930        0.9159973208       -0.0499846576
        1.7954779959        0.8316770594       -0.0789036903
        1.7954779959        0.8314316911       -0.0786800444
        2.1728370930        0.9163058694       -0.0500780667
        1.6506305767        0.7943737495       -0.1045508049
        1.1077461360        0.5722866660       -0.2074480200
        1.1077461360        0.5725015517       -0.2078067240
        1.6506305767        0.7943259561       -0.1045353855
        1.4917846251        0.7221661252       -0.1413215042
        0.8531949185        0.4551449717       -0.2794627673
        0.8531949185        0.4527358951       -0.2799185449
        1.4917846251        0.7235095152       -0.1421560568
        1.7954779959        0.8352947970       -0.0806573087
        1.3138726859        0.6537511929       -0.1790412109
        1.3138726859        0.6540437667       -0.1806798816
        1.7954779959        0.8353973317       -0.0804816143
        2.0547654610        0.8851470964       -0.0458493884
        2.0547654610        0.8848794600       -0.0458474503
        2.0547654610        0.8948898312       -0.0687440322
        1.6506305767        0.7759888867       -0.1091993228
        1.6506305767        0.7767695410       -0.1090464507
        2.0547654610        0.8951998993       -0.0682489301
        1.4917846251        0.7234204589       -0.1419806453
        0.8531949185        0.4524859584       -0.2802919587
        0.8531949185        0.4545537252       -0.2793771356
        1.4917846251        0.7225929929       -0.1413450623
        2.1728370930        0.9097521619       -0.0620142802
        1.3138726859        0.6550601268       -0.1360931866
        0.4783112333        0.3518639252       -0.3365278819
        0.4783112333        0.3521453424       -0.3369518481
        1.3138726859        0.6552108656       -0.1362800319
        2.1728370930        0.9097044452       -0.0620810375
        1.6506305767        0.7824852204       -0.1136774131
        1.1077461360        0.5463107028       -0.2195156233
        1.1077461360        0.5467992060       -0.2175232502
        1.6506305767        0.7830451600       -0.1123450950
        1.9294820981        0.8569900074       -0.0661389370
        1.9294820981        0.8566700233       -0.0663719008
        1.9294820981        0.8698430423       -0.0696181726
        1.9294820981        0.8698502072       -0.0699505899
        1.7954779959        0.8357045893       -0.0805507550
        1.3138726859        0.6542699099       -0.1806443399
        1.3138726859        0.6535858479       -0.1793938906
        1.7954779959        0.8355243911       -0.0806129731
        1.6506305767        0.7827614342       -0.1123441787
        1.1077461360        0.5461805356       -0.2180629876
        1.1077461360        0.5459187062       -0.2196336260
        1.6506305767        0.7821838055       -0.1135529950
        1.9294820981        0.8674906842       -0.0651906440
        1.4917846251        0.7244537646       -0.1450047995
        1.4917846251        0.7245613716       -0.1450034573
        1.9294820981        0.8674123320       -0.0651148286
        2.1728370930        0.9111324302       -0.0481667918
        2.1728370930        0.9109672705       -0.0479849693
        2.0547654610        0.8851184992       -0.0458170553
        2.0547654610        0.8854212011       -0.0460239828
        1.9294820981        0.8564800722       -0.0665571197
        1.9294820981        0.8566635142       -0.0662382405
        2.1728370930        0.9108735977       -0.0481188277
        2.1728370930        0.9110597650       -0.0482520515
