#epsqw diagonal term
#1:q+G [au], 2:Re(eps-1), 3:Im(eps-1)
        2.1728370930        0.9418068979       -0.0725255081
        1.7954779959        0.8859469751       -0.1531877554
        1.7954779959        0.8876530701       -0.1534795313
        2.1728370930        0.9419271362       -0.0720387804
        2.0547654610        0.9353599594       -0.0894241748
        1.6506305767        0.8982837132       -0.2177742139
        1.6506305767        0.8974470907       -0.2163195197
        2.0547654610        0.9369436569       -0.0885902739
        1.9294820981        0.9149759674       -0.1111480050
        1.9294820981        0.9166064128       -0.1117002358
        2.1728370930        0.9418082559       -0.0719438577
        1.7954779959        0.8878378628       -0.1530832370
        1.7954779959        0.8863175338       -0.1527690441
        2.1728370930        0.9416538837       -0.0724818974
        1.6506305767        0.8653382803       -0.1976930701
        1.1077461360        0.6312343347       -0.4469470838
        1.1077461360        0.6320648873       -0.4476558729
        1.6506305767        0.8653585804       -0.1971301785
        1.4917846251        0.8150800709       -0.2670258580
        0.8531949185        0.4756663977       -0.6460054469
        0.8531949185        0.4765711943       -0.6405980684
        1.4917846251        0.8171025293       -0.2674400127
        1.7954779959        0.8932456330       -0.1417032291
        1.3138726859        0.8082764021       -0.3801292615
        1.3138726859        0.8061309947       -0.3814191070
        1.7954779959        0.8932965293       -0.1414055170
        2.0547654610        0.9264794482       -0.0901398343
        2.0547654610        0.9261439431       -0.0900732987
        2.0547654610        0.9373070841       -0.0886957556
        1.6506305767        0.8974460817       -0.2164565791
        1.6506305767        0.8986887837       -0.2185554867
        2.0547654610        0.9359543560       -0.0897380388
        1.4917846251        0.8163671150       -0.2676089381
        0.8531949185        0.4768909930       -0.6385021462
        0.8531949185        0.4758984559       -0.6437447502
        1.4917846251        0.8152724349       -0.2666211130
        2.1728370930        0.9515733497       -0.0647898075
        1.3138726859        0.7689412272       -0.3401145495
        0.4783112333        0.1236203669       -0.7309986941
        0.4783112333        0.1251954424       -0.7331228025
        1.3138726859        0.7687133388       -0.3400025006
        2.1728370930        0.9516406179       -0.0647544070
        1.6506305767        0.8441929290       -0.1894034021
        1.1077461360        0.6762278816       -0.5195650526
        1.1077461360        0.6710681357       -0.5183278965
        1.6506305767        0.8441831442       -0.1895872966
        1.9294820981        0.9264590273       -0.1145332570
        1.9294820981        0.9257429943       -0.1137346741
        1.9294820981        0.9167142548       -0.1111533536
        1.9294820981        0.9147299651       -0.1107974322
        1.7954779959        0.8931148091       -0.1407534782
        1.3138726859        0.8053823675       -0.3804007179
        1.3138726859        0.8086586355       -0.3799306187
        1.7954779959        0.8936221641       -0.1414174051
        1.6506305767        0.8441020527       -0.1894997760
        1.1077461360        0.6719665037       -0.5176093848
        1.1077461360        0.6756473213       -0.5195065704
        1.6506305767        0.8435257414       -0.1898673611
        1.9294820981        0.9039822594       -0.0941642599
        1.4917846251        0.8373483715       -0.2678557960
        1.4917846251        0.8369652830       -0.2680088756
        1.9294820981        0.9038703969       -0.0942061751
        2.1728370930        0.9414036951       -0.0723006030
        2.1728370930        0.9418555165       -0.0718857036
        2.0547654610        0.9261565456       -0.0903741176
        2.0547654610        0.9267327639       -0.0901749296
        1.9294820981        0.9260377850       -0.1135314050
        1.9294820981        0.9267881479       -0.1141793657
        2.1728370930        0.9416957662       -0.0718129165
        2.1728370930        0.9413823443       -0.0723607251
