#epsqw diagonal term
#1:q+G [au], 2:Re(eps-1), 3:Im(eps-1)
        2.1728370930        1.0032630218       -0.0000101164
        1.7954779959        1.0053750867       -0.0000177387
        1.7954779959        1.0053754029       -0.0000177377
        2.1728370930        1.0032634352       -0.0000101181
        2.0547654610        1.0038274026       -0.0000118118
        1.6506305767        1.0064489864       -0.0000214064
        1.6506305767        1.0064495307       -0.0000214077
        2.0547654610        1.0038283716       -0.0000118152
        1.9294820981        1.0045119739       -0.0000144916
        1.9294820981        1.0045125799       -0.0000144923
        2.1728370930        1.0032628747       -0.0000101160
        1.7954779959        1.0053738648       -0.0000177331
        1.7954779959        1.0053732401       -0.0000177337
        2.1728370930        1.0032621565       -0.0000101140
        1.6506305767        1.0064545344       -0.0000222407
        1.1077461360        1.0120648283       -0.0000497332
        1.1077461360        1.0120643078       -0.0000497330
        1.6506305767        1.0064541853       -0.0000222405
        1.4917846251        1.0078617595       -0.0000276734
        0.8531949185        1.0151602699       -0.0000692835
        0.8531949185        1.0151609245       -0.0000692836
        1.4917846251        1.0078624786       -0.0000276738
        1.7954779959        1.0053659376       -0.0000178558
        1.3138726859        1.0096597125       -0.0000366896
        1.3138726859        1.0096612387       -0.0000366933
        1.7954779959        1.0053675452       -0.0000178581
        2.0547654610        1.0038287862       -0.0000120832
        2.0547654610        1.0038293175       -0.0000120845
        2.0547654610        1.0038274488       -0.0000118118
        1.6506305767        1.0064480539       -0.0000214024
        1.6506305767        1.0064470986       -0.0000214005
        2.0547654610        1.0038260356       -0.0000118080
        1.4917846251        1.0078624891       -0.0000276722
        0.8531949185        1.0151625664       -0.0000692824
        0.8531949185        1.0151606116       -0.0000692809
        1.4917846251        1.0078605719       -0.0000276708
        2.1728370930        1.0032735211       -0.0000098974
        1.3138726859        1.0097147346       -0.0000345620
        0.4783112333        1.0184673617       -0.0001049494
        0.4783112333        1.0184715317       -0.0001049496
        1.3138726859        1.0097144500       -0.0000345610
        2.1728370930        1.0032734468       -0.0000098971
        1.6506305767        1.0064809514       -0.0000218123
        1.1077461360        1.0120798781       -0.0000483219
        1.1077461360        1.0120816100       -0.0000483203
        1.6506305767        1.0064820332       -0.0000218144
        1.9294820981        1.0045062093       -0.0000142335
        1.9294820981        1.0045068084       -0.0000142347
        1.9294820981        1.0045116903       -0.0000144898
        1.9294820981        1.0045110584       -0.0000144889
        1.7954779959        1.0053682825       -0.0000178604
        1.3138726859        1.0096622460       -0.0000366966
        1.3138726859        1.0096608506       -0.0000366932
        1.7954779959        1.0053665140       -0.0000178576
        1.6506305767        1.0064830310       -0.0000218188
        1.1077461360        1.0120817853       -0.0000483266
        1.1077461360        1.0120818195       -0.0000483285
        1.6506305767        1.0064821516       -0.0000218157
        1.9294820981        1.0045087205       -0.0000145802
        1.4917846251        1.0078563749       -0.0000281421
        1.4917846251        1.0078564935       -0.0000281419
        1.9294820981        1.0045087428       -0.0000145801
        2.1728370930        1.0032669640       -0.0000101349
        2.1728370930        1.0032672256       -0.0000101354
        2.0547654610        1.0038305113       -0.0000120879
        2.0547654610        1.0038300639       -0.0000120865
        1.9294820981        1.0045080916       -0.0000142389
        1.9294820981        1.0045077089       -0.0000142376
        2.1728370930        1.0032681018       -0.0000101378
        2.1728370930        1.0032678735       -0.0000101372
