#epsqw diagonal term
#1:q+G [au], 2:Re(eps-1), 3:Im(eps-1)
        2.1728370930        0.9130663024       -0.0005107488
        1.7954779959        0.8613244393       -0.0006568573
        1.7954779959        0.8613746612       -0.0006554748
        2.1728370930        0.9131003352       -0.0005090660
        2.0547654610        0.9025702315       -0.0004879122
        1.6506305767        0.8324592896       -0.0007187302
        1.6506305767        0.8324493186       -0.0007191873
        2.0547654610        0.9025551954       -0.0004880224
        1.9294820981        0.8828443007       -0.0005939895
        1.9294820981        0.8828486803       -0.0005941874
        2.1728370930        0.9131144856       -0.0005090769
        1.7954779959        0.8614000279       -0.0006555174
        1.7954779959        0.8613493629       -0.0006569041
        2.1728370930        0.9130813657       -0.0005107298
        1.6506305767        0.8295925342       -0.0007821545
        1.1077461360        0.6383243767       -0.0013043926
        1.1077461360        0.6383248382       -0.0013042866
        1.6506305767        0.8295954436       -0.0007821190
        1.4917846251        0.7872809399       -0.0008849387
        0.8531949185        0.5086939658       -0.0016834753
        0.8531949185        0.5087045112       -0.0016836674
        1.4917846251        0.7872960576       -0.0008845986
        1.7954779959        0.8598302750       -0.0007028087
        1.3138726859        0.7220714090       -0.0010985338
        1.3138726859        0.7220363981       -0.0010994183
        1.7954779959        0.8598608993       -0.0007025093
        2.0547654610        0.9004601498       -0.0005484520
        2.0547654610        0.9004530616       -0.0005490102
        2.0547654610        0.9025762266       -0.0004880325
        1.6506305767        0.8324822687       -0.0007192082
        1.6506305767        0.8324942614       -0.0007187924
        2.0547654610        0.9025925425       -0.0004879963
        1.4917846251        0.7873066517       -0.0008848239
        0.8531949185        0.5087136374       -0.0016837881
        0.8531949185        0.5087108417       -0.0016834202
        1.4917846251        0.7872953636       -0.0008852401
        2.1728370930        0.9206986294       -0.0003793944
        1.3138726859        0.7335878707       -0.0010609518
        0.4783112333        0.3109811006       -0.0022677215
        0.4783112333        0.3109750435       -0.0022677734
        1.3138726859        0.7335894588       -0.0010609566
        2.1728370930        0.9206996071       -0.0003794012
        1.6506305767        0.8309818841       -0.0007422660
        1.1077461360        0.6377035307       -0.0013386335
        1.1077461360        0.6377246588       -0.0013381586
        1.6506305767        0.8309783940       -0.0007418647
        1.9294820981        0.8871336297       -0.0005432535
        1.9294820981        0.8871375041       -0.0005431755
        1.9294820981        0.8828637170       -0.0005941184
        1.9294820981        0.8828587871       -0.0005940283
        1.7954779959        0.8598519794       -0.0007024198
        1.3138726859        0.7220249256       -0.0010992413
        1.3138726859        0.7220566994       -0.0010984908
        1.7954779959        0.8598219140       -0.0007027215
        1.6506305767        0.8309558403       -0.0007416268
        1.1077461360        0.6376971731       -0.0013380408
        1.1077461360        0.6376733047       -0.0013385817
        1.6506305767        0.8309639667       -0.0007419678
        1.9294820981        0.8821818196       -0.0006375747
        1.4917846251        0.7854849609       -0.0008961771
        1.4917846251        0.7854872624       -0.0008961626
        1.9294820981        0.8821814865       -0.0006376032
        2.1728370930        0.9145659407       -0.0004918691
        2.1728370930        0.9145895275       -0.0004912063
        2.0547654610        0.9004374218       -0.0005488711
        2.0547654610        0.9004456204       -0.0005482744
        1.9294820981        0.8871134587       -0.0005431449
        1.9294820981        0.8871102757       -0.0005431864
        2.1728370930        0.9145762553       -0.0004912103
        2.1728370930        0.9145539629       -0.0004918503
