#epsqw diagonal term
#1:q+G [au], 2:Re(eps-1), 3:Im(eps-1)
        2.1728370930        1.0441344026       -0.0351606643
        1.7954779959        1.0947350224       -0.0643705120
        1.7954779959        1.0944650573       -0.0644356955
        2.1728370930        1.0440964423       -0.0349862893
        2.0547654610        1.0540172061       -0.0481666849
        1.6506305767        1.1236939014       -0.0734656385
        1.6506305767        1.1234578312       -0.0732524478
        2.0547654610        1.0540497102       -0.0475060867
        1.9294820981        1.0710122885       -0.0519084578
        1.9294820981        1.0711138619       -0.0513000138
        2.1728370930        1.0444198535       -0.0348318915
        1.7954779959        1.0951200554       -0.0643407755
        1.7954779959        1.0952614738       -0.0645314158
        2.1728370930        1.0442804247       -0.0352040398
        1.6506305767        1.1253940944       -0.0741182644
        1.1077461360        1.2673643768       -0.1103371668
        1.1077461360        1.2672407299       -0.1108975335
        1.6506305767        1.1253350593       -0.0744069897
        1.4917846251        1.1586719531       -0.0928190000
        0.8531949185        1.3639676904       -0.1493474143
        0.8531949185        1.3602943408       -0.1487955421
        1.4917846251        1.1572516493       -0.0924888900
        1.7954779959        1.0956906626       -0.0584455668
        1.3138726859        1.2075218463       -0.0967476934
        1.3138726859        1.2062415525       -0.0959790725
        1.7954779959        1.0952086051       -0.0573338225
        2.0547654610        1.0560131153       -0.0447325371
        2.0547654610        1.0561230078       -0.0442775303
        2.0547654610        1.0546311130       -0.0472825959
        1.6506305767        1.1244287448       -0.0732184308
        1.6506305767        1.1246291197       -0.0736432051
        2.0547654610        1.0543418876       -0.0482071003
        1.4917846251        1.1579177495       -0.0921087983
        0.8531949185        1.3614870346       -0.1488067314
        0.8531949185        1.3648981065       -0.1498058294
        1.4917846251        1.1590045930       -0.0929210427
        2.1728370930        1.0455922099       -0.0441327405
        1.3138726859        1.2212235375       -0.1118090179
        0.4783112333        1.4492897902       -0.1781029944
        0.4783112333        1.4495198972       -0.1777243865
        1.3138726859        1.2212845205       -0.1116266306
        2.1728370930        1.0455893340       -0.0441077830
        1.6506305767        1.1202687608       -0.0818919308
        1.1077461360        1.2786873403       -0.1248365545
        1.1077461360        1.2771667484       -0.1242348178
        1.6506305767        1.1198151638       -0.0810777357
        1.9294820981        1.0728985335       -0.0543110707
        1.9294820981        1.0729147394       -0.0539581468
        1.9294820981        1.0713585364       -0.0513072616
        1.9294820981        1.0714095312       -0.0518816238
        1.7954779959        1.0950068300       -0.0574016825
        1.3138726859        1.2059051756       -0.0958961523
        1.3138726859        1.2070801596       -0.0966781036
        1.7954779959        1.0955773239       -0.0584626847
        1.6506305767        1.1189773535       -0.0815407018
        1.1077461360        1.2759174568       -0.1244295002
        1.1077461360        1.2778440964       -0.1241412417
        1.6506305767        1.1198958832       -0.0816792953
        1.9294820981        1.0733681724       -0.0442304168
        1.4917846251        1.1580891350       -0.0914679355
        1.4917846251        1.1581882032       -0.0911391003
        1.9294820981        1.0734343963       -0.0440596127
        2.1728370930        1.0424869231       -0.0380151824
        2.1728370930        1.0425327959       -0.0378877776
        2.0547654610        1.0556712304       -0.0442900761
        2.0547654610        1.0554875879       -0.0447801831
        1.9294820981        1.0721343435       -0.0540399492
        1.9294820981        1.0721884757       -0.0542392098
        2.1728370930        1.0422244660       -0.0379414087
        2.1728370930        1.0422151995       -0.0380058390
