#epsqw diagonal term
#1:q+G [au], 2:Re(eps-1), 3:Im(eps-1)
        2.1728370930        1.0243718645       -0.0062307754
        1.7954779959        1.0409799930       -0.0054731105
        1.7954779959        1.0409003639       -0.0053968345
        2.1728370930        1.0241934720       -0.0060680689
        2.0547654610        1.0289843037       -0.0059311561
        1.6506305767        1.0488231255       -0.0046833441
        1.6506305767        1.0486737483       -0.0044952460
        2.0547654610        1.0286208922       -0.0055275252
        1.9294820981        1.0342027523       -0.0057256047
        1.9294820981        1.0338832513       -0.0053957160
        2.1728370930        1.0242029115       -0.0061516016
        1.7954779959        1.0409332561       -0.0054140437
        1.7954779959        1.0409241645       -0.0054422487
        2.1728370930        1.0241818172       -0.0061968434
        1.6506305767        1.0477772599       -0.0054755831
        1.1077461360        1.0811387996       -0.0039806559
        1.1077461360        1.0811294876       -0.0039740610
        1.6506305767        1.0477383127       -0.0054532035
        1.4917846251        1.0570735594       -0.0049609158
        0.8531949185        1.0982530096       -0.0035306758
        0.8531949185        1.0981943776       -0.0034435066
        1.4917846251        1.0568658144       -0.0046886480
        1.7954779959        1.0402187197       -0.0059656726
        1.3138726859        1.0674561498       -0.0045300405
        1.3138726859        1.0672824847       -0.0043193536
        1.7954779959        1.0396740350       -0.0053767515
        2.0547654610        1.0298569612       -0.0051133139
        2.0547654610        1.0295611094       -0.0048077370
        2.0547654610        1.0284685289       -0.0055618989
        1.6506305767        1.0486354684       -0.0044984593
        1.6506305767        1.0487952559       -0.0046916649
        2.0547654610        1.0288556544       -0.0059889888
        1.4917846251        1.0568101625       -0.0047077093
        0.8531949185        1.0981749311       -0.0034604227
        0.8531949185        1.0982203667       -0.0035538460
        1.4917846251        1.0570347452       -0.0049816752
        2.1728370930        1.0268621934       -0.0036199842
        1.3138726859        1.0691991891       -0.0042736434
        0.4783112333        1.1139111950       -0.0031762555
        0.4783112333        1.1139353041       -0.0031659884
        1.3138726859        1.0691964194       -0.0042749341
        2.1728370930        1.0268659472       -0.0036191419
        1.6506305767        1.0478524362       -0.0054700622
        1.1077461360        1.0820495817       -0.0042003106
        1.1077461360        1.0819855735       -0.0041105179
        1.6506305767        1.0476690398       -0.0052439603
        1.9294820981        1.0357821669       -0.0045793814
        1.9294820981        1.0356766211       -0.0044398709
        1.9294820981        1.0338687673       -0.0053815426
        1.9294820981        1.0342102887       -0.0057294118
        1.7954779959        1.0397206657       -0.0053704647
        1.3138726859        1.0672891523       -0.0043247708
        1.3138726859        1.0674562962       -0.0045333281
        1.7954779959        1.0402411202       -0.0059486326
        1.6506305767        1.0477478199       -0.0052062965
        1.1077461360        1.0820161264       -0.0040966920
        1.1077461360        1.0820815854       -0.0041898716
        1.6506305767        1.0479361750       -0.0054435567
        1.9294820981        1.0337370897       -0.0062251506
        1.4917846251        1.0569121499       -0.0053334770
        1.4917846251        1.0569508438       -0.0053536122
        1.9294820981        1.0338343512       -0.0062800099
        2.1728370930        1.0250501924       -0.0056908297
        2.1728370930        1.0251024667       -0.0057041541
        2.0547654610        1.0295981588       -0.0048161800
        2.0547654610        1.0298642455       -0.0050935319
        1.9294820981        1.0357070430       -0.0044202158
        1.9294820981        1.0358347346       -0.0045685431
        2.1728370930        1.0250471526       -0.0056584793
        2.1728370930        1.0251325050       -0.0057288209
