#epsqw diagonal term
#1:q+G [au], 2:Re(eps-1), 3:Im(eps-1)
        2.1728370930        0.9128568481       -0.0005262589
        1.7954779959        0.8610892775       -0.0006726376
        1.7954779959        0.8611409627       -0.0006710795
        2.1728370930        0.9128928906       -0.0005243103
        2.0547654610        0.9024067559       -0.0004976399
        1.6506305767        0.8322271908       -0.0007319038
        1.6506305767        0.8322166998       -0.0007324299
        2.0547654610        0.9023915295       -0.0004977844
        1.9294820981        0.8826288734       -0.0006080660
        1.9294820981        0.8826329491       -0.0006083049
        2.1728370930        0.9129068620       -0.0005243701
        1.7954779959        0.8611660417       -0.0006712046
        1.7954779959        0.8611139403       -0.0006727643
        2.1728370930        0.9128717737       -0.0005262881
        1.6506305767        0.8292960882       -0.0008032681
        1.1077461360        0.6378557707       -0.0013313088
        1.1077461360        0.6378563578       -0.0013311939
        1.6506305767        0.8292989902       -0.0008032423
        1.4917846251        0.7869750961       -0.0009043198
        0.8531949185        0.5080367148       -0.0017164728
        0.8531949185        0.5080466008       -0.0017167577
        1.4917846251        0.7869905013       -0.0009039625
        1.7954779959        0.8595485503       -0.0007240459
        1.3138726859        0.7216844875       -0.0011221350
        1.3138726859        0.7216485126       -0.0011231425
        1.7954779959        0.8595792070       -0.0007237817
        2.0547654610        0.9002467067       -0.0005634971
        2.0547654610        0.9002388054       -0.0005641743
        2.0547654610        0.9024124566       -0.0004978145
        1.6506305767        0.8322495369       -0.0007324740
        1.6506305767        0.8322619962       -0.0007319950
        2.0547654610        0.9024288613       -0.0004977574
        1.4917846251        0.7870007879       -0.0009042323
        0.8531949185        0.5080555065       -0.0017169170
        0.8531949185        0.5080537258       -0.0017164050
        1.4917846251        0.7869891018       -0.0009046812
        2.1728370930        0.9205830648       -0.0003858643
        1.3138726859        0.7332372273       -0.0010794461
        0.4783112333        0.3098316794       -0.0023241444
        0.4783112333        0.3098255479       -0.0023242030
        1.3138726859        0.7332388187       -0.0010794482
        2.1728370930        0.9205840390       -0.0003858706
        1.6506305767        0.8307267349       -0.0007581940
        1.1077461360        0.6372423038       -0.0013616017
        1.1077461360        0.6372642812       -0.0013610069
        1.6506305767        0.8307239303       -0.0007576915
        1.9294820981        0.8869502793       -0.0005540724
        1.9294820981        0.8869541603       -0.0005539990
        1.9294820981        0.8826480063       -0.0006082507
        1.9294820981        0.8826431953       -0.0006081475
        1.7954779959        0.8595705223       -0.0007236365
        1.3138726859        0.7216374893       -0.0011228552
        1.3138726859        0.7216700844       -0.0011219954
        1.7954779959        0.8595404493       -0.0007238943
        1.6506305767        0.8307017353       -0.0007574029
        1.1077461360        0.6372369994       -0.0013608600
        1.1077461360        0.6372121344       -0.0013615414
        1.6506305767        0.8307092452       -0.0007578344
        1.9294820981        0.8819199808       -0.0006570083
        1.4917846251        0.7851804951       -0.0009141377
        1.4917846251        0.7851827879       -0.0009141257
        1.9294820981        0.8819196083       -0.0006570423
        2.1728370930        0.9143721794       -0.0005052193
        2.1728370930        0.9143963312       -0.0005044982
        2.0547654610        0.9002235848       -0.0005639293
        2.0547654610        0.9002326482       -0.0005632057
        1.9294820981        0.8869302192       -0.0005539534
        1.9294820981        0.8869270458       -0.0005539903
        2.1728370930        0.9143831213       -0.0005044854
        2.1728370930        0.9143602648       -0.0005051857
