#epsqw diagonal term
#1:q+G [au], 2:Re(eps-1), 3:Im(eps-1)
        2.1728370930        1.0302047710       -0.1026189249
        1.7954779959        1.0540278376       -0.1708554452
        1.7954779959        1.0533226862       -0.1702524200
        2.1728370930        1.0298290721       -0.1029669475
        2.0547654610        1.0322718304       -0.1054687781
        1.6506305767        1.0794397449       -0.2242384759
        1.6506305767        1.0801882956       -0.2214548638
        2.0547654610        1.0339267733       -0.1053939661
        1.9294820981        1.0429639308       -0.1269026053
        1.9294820981        1.0438178207       -0.1259552269
        2.1728370930        1.0311136703       -0.1024498738
        1.7954779959        1.0548925132       -0.1700923857
        1.7954779959        1.0520255467       -0.1719477371
        2.1728370930        1.0287369722       -0.1029916608
        1.6506305767        1.0594249814       -0.2043337349
        1.1077461360        1.2783415154       -0.4742467581
        1.1077461360        1.2703971412       -0.4749269936
        1.6506305767        1.0561591213       -0.2058180555
        1.4917846251        1.0910696383       -0.2513522193
        0.8531949185        1.3484388264       -0.5216446039
        0.8531949185        1.3519904470       -0.5177340749
        1.4917846251        1.0933015133       -0.2499985053
        1.7954779959        1.0455456005       -0.1598904531
        1.3138726859        1.1469218746       -0.3774385583
        1.3138726859        1.1435534322       -0.3704921294
        1.7954779959        1.0468077184       -0.1598585170
        2.0547654610        1.0442426042       -0.1094822424
        2.0547654610        1.0441832459       -0.1091307813
        2.0547654610        1.0337660822       -0.1045599811
        1.6506305767        1.0799527468       -0.2206697202
        1.6506305767        1.0792716604       -0.2235390495
        2.0547654610        1.0320135211       -0.1044250401
        1.4917846251        1.0931699416       -0.2490658985
        0.8531949185        1.3529460360       -0.5169168655
        0.8531949185        1.3501153946       -0.5202509929
        1.4917846251        1.0922412639       -0.2495173333
        2.1728370930        1.0302676391       -0.1077222753
        1.3138726859        1.1494165758       -0.3643142754
        0.4783112333        1.4380690359       -0.5150300672
        0.4783112333        1.4390616518       -0.5155249995
        1.3138726859        1.1500255148       -0.3639156191
        2.1728370930        1.0301532380       -0.1078918289
        1.6506305767        1.0607255963       -0.1990329232
        1.1077461360        1.1963919767       -0.4462094536
        1.1077461360        1.2031199526       -0.4449171676
        1.6506305767        1.0641947276       -0.1998341079
        1.9294820981        1.0625625644       -0.1419111811
        1.9294820981        1.0624074229       -0.1407315934
        1.9294820981        1.0440201295       -0.1267391265
        1.9294820981        1.0439108152       -0.1277601171
        1.7954779959        1.0468715805       -0.1602884351
        1.3138726859        1.1429085221       -0.3707688680
        1.3138726859        1.1440434424       -0.3777047690
        1.7954779959        1.0450479165       -0.1609368112
        1.6506305767        1.0639533496       -0.2008770707
        1.1077461360        1.2008834477       -0.4457094655
        1.1077461360        1.2002184137       -0.4465476602
        1.6506305767        1.0613640636       -0.2002960156
        1.9294820981        1.0341460350       -0.1639709603
        1.4917846251        1.0693189052       -0.2595612012
        1.4917846251        1.0742143894       -0.2579549475
        1.9294820981        1.0372063235       -0.1625075114
        2.1728370930        1.0344168102       -0.0980364984
        2.1728370930        1.0355394281       -0.0971087276
        2.0547654610        1.0436036546       -0.1087706595
        2.0547654610        1.0431345634       -0.1093167827
        1.9294820981        1.0632936972       -0.1411096339
        1.9294820981        1.0636413280       -0.1419360156
        2.1728370930        1.0345948784       -0.0966603646
        2.1728370930        1.0351936948       -0.0968841373
