#epsqw diagonal term
#1:q+G [au], 2:Re(eps-1), 3:Im(eps-1)
        1.9132449334        0.8810710183       -0.0006081921
        1.8468692993        0.8716462939       -0.0006160504
        2.1584313844        0.9122436550       -0.0005097477
        1.8468692993        0.8716553918       -0.0006159714
        1.7780175033        0.8608984449       -0.0006240063
        2.0998204863        0.9070702688       -0.0004998112
        2.1584313844        0.9122643826       -0.0005096729
        2.0998204863        0.9070876066       -0.0004997980
        2.2154922721        0.9174776960       -0.0005215072
        1.7780175033        0.8566141692       -0.0007121879
        1.7063898370        0.8429705052       -0.0007426618
        2.0395259518        0.8971962011       -0.0006016045
        1.7780175033        0.8565728306       -0.0007121764
        1.1892377713        0.6728415565       -0.0012472968
        1.0792156922        0.6206515314       -0.0013926068
        1.5532566892        0.8030644111       -0.0008765059
        1.7063898370        0.8429241022       -0.0007421601
        1.0792156922        0.6206386692       -0.0013924304
        0.9566224667        0.5668619078       -0.0015549376
        1.4707230794        0.7798495349       -0.0009263292
        2.2154922721        0.9197585083       -0.0004839672
        2.0395259518        0.8971950572       -0.0006014754
        1.5532566892        0.8031091603       -0.0008765192
        1.4707230794        0.7799067510       -0.0009266996
        1.8468692993        0.8690142554       -0.0006939313
        2.2154922721        0.9197786856       -0.0004841318
        2.0395259518        0.9011907684       -0.0004857295
        1.5532566892        0.8054841870       -0.0008323512
        1.4707230794        0.7836539839       -0.0009133124
        1.8468692993        0.8718067022       -0.0005973227
        1.5532566892        0.8054349559       -0.0008324301
        0.8158103807        0.4885415930       -0.0017750866
        0.6449547355        0.3971509367       -0.0020696095
        1.2899094709        0.7175196811       -0.0011026700
        2.0998204863        0.9091615233       -0.0004895149
        1.4707230794        0.7836031726       -0.0009131415
        0.6449547355        0.3971420707       -0.0020695728
        0.4079051904        0.2724378211       -0.0024198142
        1.1892377713        0.6794107033       -0.0012660225
        2.0395259518        0.9044160285       -0.0004652542
        1.8468692993        0.8717908607       -0.0005975685
        1.2899094709        0.7175598762       -0.0011028170
        1.1892377713        0.6794596350       -0.0012663588
        1.6316207614        0.8290208911       -0.0007287779
        2.0998204863        0.9091968104       -0.0004894870
        2.0395259518        0.9044517568       -0.0004652399
        2.2154922721        0.9174564841       -0.0005224286
        1.7780175033        0.8565833023       -0.0007130913
        1.7063898370        0.8430129162       -0.0007408649
        2.0395259518        0.8972450992       -0.0006000609
        1.7780175033        0.8565463010       -0.0007129483
        1.1892377713        0.6727204632       -0.0012509089
        1.0792156922        0.6206672825       -0.0013927090
        1.5532566892        0.8030320843       -0.0008772944
        1.7063898370        0.8429657478       -0.0007405027
        1.0792156922        0.6206525950       -0.0013926045
        0.9566224667        0.5668584996       -0.0015554179
        1.4707230794        0.7798527734       -0.0009258558
        2.2154922721        0.9197628490       -0.0004835836
        2.0395259518        0.8972352668       -0.0006003084
        1.5532566892        0.8030687480       -0.0008777285
        1.4707230794        0.7799135887       -0.0009263385
        1.8468692993        0.8690480679       -0.0006919586
        2.2154922721        0.9197819016       -0.0004839041
        1.9132449334        0.8810999744       -0.0006074905
        1.8468692993        0.8716470028       -0.0006157987
        2.1584313844        0.9122631218       -0.0005096277
        1.8468692993        0.8716533209       -0.0006158269
        1.7780175033        0.8608926302       -0.0006237091
        2.0998204863        0.9070641991       -0.0005001816
        2.1584313844        0.9122814640       -0.0005097446
        2.0998204863        0.9070800245       -0.0005002600
