#epsqw diagonal term
#1:q+G [au], 2:Re(eps-1), 3:Im(eps-1)
        1.9132449334        0.8812990389       -0.0005947305
        1.8468692993        0.8718683411       -0.0006032479
        2.1584313844        0.9124524238       -0.0004960607
        1.8468692993        0.8718773985       -0.0006031665
        1.7780175033        0.8611109043       -0.0006124191
        2.0998204863        0.9072599403       -0.0004882314
        2.1584313844        0.9124732183       -0.0004959650
        2.0998204863        0.9072774194       -0.0004881859
        2.2154922721        0.9177180082       -0.0005029618
        1.7780175033        0.8569010807       -0.0006924862
        1.7063898370        0.8432623906       -0.0007227702
        2.0395259518        0.8974654613       -0.0005811932
        1.7780175033        0.8568595481       -0.0006925148
        1.1892377713        0.6733098863       -0.0012217204
        1.0792156922        0.6211850285       -0.0013643251
        1.5532566892        0.8034014033       -0.0008547639
        1.7063898370        0.8432151321       -0.0007224032
        1.0792156922        0.6211718096       -0.0013642064
        0.9566224667        0.5674795722       -0.0015244549
        1.4707230794        0.7801946881       -0.0009050544
        2.2154922721        0.9199681280       -0.0004691115
        2.0395259518        0.8974641025       -0.0005811044
        1.5532566892        0.8034463710       -0.0008547326
        1.4707230794        0.7802526180       -0.0009053086
        1.8468692993        0.8693106491       -0.0006724354
        2.2154922721        0.9199887043       -0.0004692003
        2.0395259518        0.9013566391       -0.0004766818
        1.5532566892        0.8057767870       -0.0008159669
        1.4707230794        0.7839818332       -0.0008945564
        1.8468692993        0.8720127041       -0.0005859723
        1.5532566892        0.8057275052       -0.0008160592
        0.8158103807        0.4893028629       -0.0017386530
        0.6449547355        0.3981483917       -0.0020207753
        1.2899094709        0.7179075589       -0.0010829272
        2.0998204863        0.9093507943       -0.0004778211
        1.4707230794        0.7839307340       -0.0008944151
        0.6449547355        0.3981395283       -0.0020207332
        0.4079051904        0.2738276323       -0.0023522821
        1.1892377713        0.6798774312       -0.0012424067
        2.0395259518        0.9045771403       -0.0004560788
        1.8468692993        0.8719970556       -0.0005862075
        1.2899094709        0.7179479966       -0.0010830426
        1.1892377713        0.6799267653       -0.0012427071
        1.6316207614        0.8292712288       -0.0007151940
        2.0998204863        0.9093861596       -0.0004777794
        2.0395259518        0.9046128946       -0.0004560660
        2.2154922721        0.9176977523       -0.0005037762
        1.7780175033        0.8568710627       -0.0006933000
        1.7063898370        0.8433029183       -0.0007211873
        2.0395259518        0.8975128171       -0.0005798334
        1.7780175033        0.8568337174       -0.0006932189
        1.1892377713        0.6731928510       -0.0012249168
        1.0792156922        0.6212013521       -0.0013643502
        1.5532566892        0.8033697493       -0.0008554972
        1.7063898370        0.8432550727       -0.0007209347
        1.0792156922        0.6211863326       -0.0013643008
        0.9566224667        0.5674771088       -0.0015247899
        1.4707230794        0.7801973255       -0.0009046665
        2.2154922721        0.9199718520       -0.0004688171
        2.0395259518        0.8975032322       -0.0005800534
        1.5532566892        0.8034071572       -0.0008558126
        1.4707230794        0.7802590493       -0.0009049990
        1.8468692993        0.8693422338       -0.0006707228
        2.2154922721        0.9199915325       -0.0004690251
        1.9132449334        0.8813274023       -0.0005940780
        1.8468692993        0.8718687138       -0.0006030484
        2.1584313844        0.9124718314       -0.0004959515
        1.8468692993        0.8718751117       -0.0006030592
        1.7780175033        0.8611047154       -0.0006121813
        2.0998204863        0.9072541477       -0.0004885848
        2.1584313844        0.9124905186       -0.0004960021
        2.0998204863        0.9072702105       -0.0004886191
