#epsqw diagonal term
#1:q+G [au], 2:Re(eps-1), 3:Im(eps-1)
        1.9132449334        0.8447263367       -0.1280468563
        1.8468692993        0.8232571666       -0.1424946235
        2.1584313844        0.8929130817       -0.0958310997
        1.8468692993        0.8235702823       -0.1422339325
        1.7780175033        0.8054045053       -0.1578247934
        2.0998204863        0.8872108307       -0.1086682657
        2.1584313844        0.8925086133       -0.0963092641
        2.0998204863        0.8864676841       -0.1091622663
        2.2154922721        0.9040629504       -0.0954699944
        1.7780175033        0.8180109185       -0.1483896588
        1.7063898370        0.7981642577       -0.1581083628
        2.0395259518        0.8814923173       -0.1158336121
        1.7780175033        0.8166118356       -0.1488925431
        1.1892377713        0.5944867690       -0.2683976308
        1.0792156922        0.5235973012       -0.3117456152
        1.5532566892        0.7423182472       -0.1992024451
        1.7063898370        0.7958436508       -0.1580434386
        1.0792156922        0.5235220112       -0.3107596864
        0.9566224667        0.4873602460       -0.3359692780
        1.4707230794        0.7085682820       -0.2151046630
        2.2154922721        0.9078056111       -0.0955123105
        2.0395259518        0.8820036440       -0.1165330981
        1.5532566892        0.7440316830       -0.1988579542
        1.4707230794        0.7096680325       -0.2158429202
        1.8468692993        0.8337081694       -0.1491230686
        2.2154922721        0.9093082442       -0.0969228837
        2.0395259518        0.8792277337       -0.1151024233
        1.5532566892        0.7189590550       -0.2036429910
        1.4707230794        0.6944274807       -0.2099724421
        1.8468692993        0.8324218204       -0.1393154076
        1.5532566892        0.7198077174       -0.2031497103
        0.8158103807        0.4749749507       -0.4181180483
        0.6449547355        0.3953604382       -0.3993430864
        1.2899094709        0.6047055486       -0.2551957932
        2.0998204863        0.8927352272       -0.1040305066
        1.4707230794        0.6957594564       -0.2096871690
        0.6449547355        0.3948806309       -0.4012029206
        0.4079051904        0.4159358782       -0.5033083090
        1.1892377713        0.5720407717       -0.2592840357
        2.0395259518        0.8811051534       -0.1141834855
        1.8468692993        0.8331508319       -0.1393276538
        1.2899094709        0.6049332658       -0.2551419317
        1.1892377713        0.5711534846       -0.2595270576
        1.6316207614        0.7584333457       -0.1666011735
        2.0998204863        0.8925949689       -0.1064627148
        2.0395259518        0.8806608897       -0.1175172569
        2.2154922721        0.9040014545       -0.0958447221
        1.7780175033        0.8170090311       -0.1486505023
        1.7063898370        0.7977203993       -0.1599740998
        2.0395259518        0.8812285531       -0.1173870794
        1.7780175033        0.8154310901       -0.1484958845
        1.1892377713        0.5946296687       -0.2698686292
        1.0792156922        0.5250156447       -0.3119217209
        1.5532566892        0.7422202553       -0.1989527289
        1.7063898370        0.7957248884       -0.1587925443
        1.0792156922        0.5243377017       -0.3130866207
        0.9566224667        0.4902244780       -0.3390856594
        1.4707230794        0.7090716387       -0.2155532584
        2.2154922721        0.9080897199       -0.0958258427
        2.0395259518        0.8808743287       -0.1166906458
        1.5532566892        0.7440247864       -0.1989507780
        1.4707230794        0.7103862550       -0.2152127119
        1.8468692993        0.8341369206       -0.1486805267
        2.2154922721        0.9096992196       -0.0966882729
        1.9132449334        0.8444117264       -0.1276748220
        1.8468692993        0.8229240900       -0.1438003219
        2.1584313844        0.8926163810       -0.0951610401
        1.8468692993        0.8234805086       -0.1433272756
        1.7780175033        0.8036502404       -0.1590603450
        2.0998204863        0.8876379514       -0.1091950984
        2.1584313844        0.8922772859       -0.0957458781
        2.0998204863        0.8872188315       -0.1089425686
