#epsqw diagonal term
#1:q+G [au], 2:Re(eps-1), 3:Im(eps-1)
        1.9132449334        0.8876113813       -0.0265941665
        1.8468692993        0.8753189317       -0.0293711846
        2.1584313844        0.9237069787       -0.0255080781
        1.8468692993        0.8752814196       -0.0294674242
        1.7780175033        0.8579141026       -0.0271472962
        2.0998204863        0.9161608540       -0.0253102269
        2.1584313844        0.9235460906       -0.0255109933
        2.0998204863        0.9159024015       -0.0252612499
        2.2154922721        0.9370063783       -0.0215823775
        1.7780175033        0.8627894846       -0.0295145999
        1.7063898370        0.8452064003       -0.0337944981
        2.0395259518        0.9121154619       -0.0244638899
        1.7780175033        0.8627189018       -0.0296888627
        1.1892377713        0.6360007941       -0.0704552968
        1.0792156922        0.5627803999       -0.0936678577
        1.5532566892        0.7984205788       -0.0323395238
        1.7063898370        0.8453186506       -0.0339249073
        1.0792156922        0.5633765096       -0.0938149716
        0.9566224667        0.4990388914       -0.1285845423
        1.4707230794        0.7706617911       -0.0378272336
        2.2154922721        0.9314534322       -0.0231697437
        2.0395259518        0.9120767485       -0.0244042895
        1.5532566892        0.7983786603       -0.0321419275
        1.4707230794        0.7704722928       -0.0378465701
        1.8468692993        0.8782425137       -0.0255953482
        2.2154922721        0.9312863145       -0.0230333556
        2.0395259518        0.9046409686       -0.0243496971
        1.5532566892        0.7968320476       -0.0370542112
        1.4707230794        0.7657007915       -0.0416910437
        1.8468692993        0.8724366764       -0.0285995700
        1.5532566892        0.7967220413       -0.0371246446
        0.8158103807        0.3692006846       -0.1303726329
        0.6449547355        0.2588061443       -0.1978195681
        1.2899094709        0.6860350000       -0.0538138687
        2.0998204863        0.9177357301       -0.0261619543
        1.4707230794        0.7656660161       -0.0419214008
        0.6449547355        0.2609048230       -0.1972439180
        0.4079051904        0.0829920113       -0.3548949177
        1.1892377713        0.6534012613       -0.0613072410
        2.0395259518        0.9090067182       -0.0269235366
        1.8468692993        0.8724502964       -0.0285264146
        1.2899094709        0.6864014588       -0.0536212596
        1.1892377713        0.6529113709       -0.0611796771
        1.6316207614        0.8242761124       -0.0297650854
        2.0998204863        0.9177054525       -0.0261962649
        2.0395259518        0.9091089235       -0.0270685169
        2.2154922721        0.9369441426       -0.0215105984
        1.7780175033        0.8630510405       -0.0292128241
        1.7063898370        0.8454725824       -0.0334054959
        2.0395259518        0.9120993012       -0.0242842103
        1.7780175033        0.8630661450       -0.0292354857
        1.1892377713        0.6366768937       -0.0707411862
        1.0792156922        0.5630894859       -0.0933458485
        1.5532566892        0.7986939630       -0.0325120308
        1.7063898370        0.8454210805       -0.0337854407
        1.0792156922        0.5635482738       -0.0934049347
        0.9566224667        0.4989412566       -0.1281267721
        1.4707230794        0.7709512152       -0.0376056330
        2.2154922721        0.9314652063       -0.0229079299
        2.0395259518        0.9121202832       -0.0243554174
        1.5532566892        0.7986624539       -0.0324221398
        1.4707230794        0.7706071797       -0.0375760162
        1.8468692993        0.8779466413       -0.0255146420
        2.2154922721        0.9312999076       -0.0230951578
        1.9132449334        0.8877727699       -0.0265679749
        1.8468692993        0.8754020298       -0.0290149342
        2.1584313844        0.9238350836       -0.0254585622
        1.8468692993        0.8754935081       -0.0290437602
        1.7780175033        0.8581156418       -0.0271770111
        2.0998204863        0.9163176786       -0.0253418218
        2.1584313844        0.9238529283       -0.0253146010
        2.0998204863        0.9163637541       -0.0251102510
