#epsqw diagonal term
#1:q+G [au], 2:Re(eps-1), 3:Im(eps-1)
        1.9132449334        0.9042779969       -0.1436015693
        1.8468692993        0.8934654261       -0.1631602233
        2.1584313844        0.9354828473       -0.0942837597
        1.8468692993        0.8933318291       -0.1635028433
        1.7780175033        0.8805023695       -0.1742828551
        2.0998204863        0.9327291727       -0.1043686420
        2.1584313844        0.9350090241       -0.0942565298
        2.0998204863        0.9327081443       -0.1040813975
        2.2154922721        0.9425397018       -0.0803529589
        1.7780175033        0.8820977807       -0.1808051520
        1.7063898370        0.8705606555       -0.2013697967
        2.0395259518        0.9133410215       -0.1053521659
        1.7780175033        0.8817935012       -0.1813187962
        1.1892377713        0.7327545555       -0.4601387166
        1.0792156922        0.7741538262       -0.5165521857
        1.5532566892        0.8433533801       -0.2637606918
        1.7063898370        0.8708920183       -0.2014378012
        1.0792156922        0.7722075920       -0.5144576435
        0.9566224667        0.7585362917       -0.5506747124
        1.4707230794        0.8389286602       -0.3050509200
        2.2154922721        0.9398697090       -0.0840490080
        2.0395259518        0.9137897886       -0.1056472929
        1.5532566892        0.8430689117       -0.2633285355
        1.4707230794        0.8398001102       -0.3047581720
        1.8468692993        0.8717685096       -0.1544157424
        2.2154922721        0.9396003479       -0.0839410014
        2.0395259518        0.9258762633       -0.1277075418
        1.5532566892        0.8625497075       -0.2620681747
        1.4707230794        0.8352089171       -0.2757623443
        1.8468692993        0.8980520020       -0.1735999664
        1.5532566892        0.8616221284       -0.2627884433
        0.8158103807        0.7809109362       -0.6993091209
        0.6449547355        0.8288839309       -0.8638843918
        1.2899094709        0.8045339366       -0.3705903350
        2.0998204863        0.9216696224       -0.1031509868
        1.4707230794        0.8343575144       -0.2769098065
        0.6449547355        0.8347716026       -0.8548349606
        0.4079051904        0.9548257450       -1.1116571798
        1.1892377713        0.7925934791       -0.4462502552
        2.0395259518        0.9157633237       -0.0977935707
        1.8468692993        0.8979031711       -0.1732694146
        1.2899094709        0.8058497590       -0.3706925192
        1.1892377713        0.7958610848       -0.4454677907
        1.6316207614        0.8481099252       -0.2398130293
        2.0998204863        0.9213337888       -0.1036312891
        2.0395259518        0.9157439616       -0.0979847229
        2.2154922721        0.9419580955       -0.0794114172
        1.7780175033        0.8826989899       -0.1808395599
        1.7063898370        0.8727724107       -0.2033410019
        2.0395259518        0.9144444270       -0.1048565270
        1.7780175033        0.8833851219       -0.1806161397
        1.1892377713        0.7383997854       -0.4609824637
        1.0792156922        0.7804466381       -0.5216588505
        1.5532566892        0.8419377413       -0.2627365260
        1.7063898370        0.8726614923       -0.2037742948
        1.0792156922        0.7787078835       -0.5195131691
        0.9566224667        0.7609698664       -0.5502682921
        1.4707230794        0.8375479407       -0.3037770157
        2.2154922721        0.9389485487       -0.0844880094
        2.0395259518        0.9145863821       -0.1050419290
        1.5532566892        0.8417885389       -0.2624588164
        1.4707230794        0.8381982752       -0.3040907505
        1.8468692993        0.8722613253       -0.1534709180
        2.2154922721        0.9384494619       -0.0846208908
        1.9132449334        0.9057242759       -0.1455734775
        1.8468692993        0.8944177347       -0.1639192287
        2.1584313844        0.9352616742       -0.0947280684
        1.8468692993        0.8940747909       -0.1637031583
        1.7780175033        0.8813671314       -0.1752197574
        2.0998204863        0.9321861215       -0.1044213956
        2.1584313844        0.9347535270       -0.0943761228
        2.0998204863        0.9321234861       -0.1038516894
