#epsqw diagonal term
#1:q+G [au], 2:Re(eps-1), 3:Im(eps-1)
        1.9132449334        0.8730576199       -0.0141316359
        1.8468692993        0.8669982074       -0.0177356876
        2.1584313844        0.9064977280       -0.0135448571
        1.8468692993        0.8669443065       -0.0176844917
        1.7780175033        0.8574076343       -0.0227945108
        2.0998204863        0.9009884184       -0.0151811323
        2.1584313844        0.9065193373       -0.0134995278
        2.0998204863        0.9010295393       -0.0151684139
        2.2154922721        0.9152710783       -0.0136195453
        1.7780175033        0.8485485896       -0.0159067089
        1.7063898370        0.8363414626       -0.0186348456
        2.0395259518        0.8942879509       -0.0148686915
        1.7780175033        0.8485913778       -0.0159333838
        1.1892377713        0.6637066729       -0.0309126332
        1.0792156922        0.6165257099       -0.0405393391
        1.5532566892        0.7917796962       -0.0204434193
        1.7063898370        0.8363352069       -0.0187096942
        1.0792156922        0.6164581856       -0.0406155865
        0.9566224667        0.5772939659       -0.0513746765
        1.4707230794        0.7686355437       -0.0247133063
        2.2154922721        0.9170942100       -0.0132660353
        2.0395259518        0.8943613343       -0.0149636169
        1.5532566892        0.7920051137       -0.0205220780
        1.4707230794        0.7687256349       -0.0247339550
        1.8468692993        0.8655875359       -0.0175549879
        2.2154922721        0.9171383650       -0.0132741042
        2.0395259518        0.8956025087       -0.0130783909
        1.5532566892        0.8000060873       -0.0188779102
        1.4707230794        0.7756056910       -0.0258744445
        1.8468692993        0.8666258404       -0.0154205249
        1.5532566892        0.7999677003       -0.0188692996
        0.8158103807        0.4997713965       -0.0703993189
        0.6449547355        0.3888671448       -0.0928077403
        1.2899094709        0.7047797579       -0.0261310787
        2.0998204863        0.9064727996       -0.0126650124
        1.4707230794        0.7756631420       -0.0259431889
        0.6449547355        0.3888678271       -0.0927707977
        0.4079051904        0.2195845368       -0.1423769358
        1.1892377713        0.6609410580       -0.0356631141
        2.0395259518        0.9004751922       -0.0127983957
        1.8468692993        0.8666318303       -0.0156040595
        1.2899094709        0.7048126871       -0.0261463097
        1.1892377713        0.6608405034       -0.0355655839
        1.6316207614        0.8214298749       -0.0165895708
        2.0998204863        0.9065859606       -0.0126499093
        2.0395259518        0.9005076050       -0.0128427430
        2.2154922721        0.9153413252       -0.0139235058
        1.7780175033        0.8486605322       -0.0158856949
        1.7063898370        0.8363385994       -0.0185059061
        2.0395259518        0.8942359017       -0.0149909670
        1.7780175033        0.8486004439       -0.0159038992
        1.1892377713        0.6639610512       -0.0308244533
        1.0792156922        0.6164250898       -0.0404678362
        1.5532566892        0.7919276451       -0.0203453457
        1.7063898370        0.8363258048       -0.0185247902
        1.0792156922        0.6163229263       -0.0406362682
        0.9566224667        0.5760789862       -0.0510938480
        1.4707230794        0.7684461108       -0.0247216229
        2.2154922721        0.9169235813       -0.0134055698
        2.0395259518        0.8942569568       -0.0150370500
        1.5532566892        0.7918929133       -0.0203304515
        1.4707230794        0.7685842419       -0.0246802773
        1.8468692993        0.8654073881       -0.0177910395
        2.2154922721        0.9169638934       -0.0133692730
        1.9132449334        0.8732402354       -0.0139710413
        1.8468692993        0.8667820611       -0.0173681868
        2.1584313844        0.9065392359       -0.0132639604
        1.8468692993        0.8668843990       -0.0174283401
        1.7780175033        0.8576898300       -0.0226018338
        2.0998204863        0.9011574933       -0.0148782413
        2.1584313844        0.9067020563       -0.0132820579
        2.0998204863        0.9012413641       -0.0148635813
