#epsqw diagonal term
#1:q+G [au], 2:Re(eps-1), 3:Im(eps-1)
        1.9132449334        0.8812318927       -0.0005986187
        1.8468692993        0.8718029216       -0.0006069535
        2.1584313844        0.9123910947       -0.0004999869
        1.8468692993        0.8718119914       -0.0006068726
        1.7780175033        0.8610482353       -0.0006157890
        2.0998204863        0.9072041331       -0.0004915662
        2.1584313844        0.9124118713       -0.0004998969
        2.0998204863        0.9072215737       -0.0004915293
        2.2154922721        0.9176477346       -0.0005082261
        1.7780175033        0.8568169340       -0.0006981091
        1.7063898370        0.8431767811       -0.0007284467
        2.0395259518        0.8973866864       -0.0005869924
        1.7780175033        0.8567754546       -0.0006981268
        1.1892377713        0.6731719225       -0.0012290948
        1.0792156922        0.6210277954       -0.0013724965
        1.5532566892        0.8033024517       -0.0008609792
        1.7063898370        0.8431297642       -0.0007280428
        1.0792156922        0.6210146767       -0.0013723620
        0.9566224667        0.5672972552       -0.0015333216
        1.4707230794        0.7800932536       -0.0009111449
        2.2154922721        0.9199066564       -0.0004733604
        2.0395259518        0.8973853872       -0.0005868928
        1.5532566892        0.8033473586       -0.0008609601
        1.4707230794        0.7801509822       -0.0009114310
        1.8468692993        0.8692238354       -0.0006785552
        2.2154922721        0.9199271216       -0.0004734697
        2.0395259518        0.9013077169       -0.0004793113
        1.5532566892        0.8056905447       -0.0008207228
        1.4707230794        0.7838852402       -0.0008999953
        1.8468692993        0.8719519590       -0.0005892700
        1.5532566892        0.8056412768       -0.0008208115
        0.8158103807        0.4890780591       -0.0017492705
        0.6449547355        0.3978539689       -0.0020349882
        1.2899094709        0.7177930844       -0.0010886728
        2.0998204863        0.9092950776       -0.0004812100
        1.4707230794        0.7838342247       -0.0008998458
        0.6449547355        0.3978451051       -0.0020349478
        0.4079051904        0.2734172557       -0.0023719790
        1.1892377713        0.6797396551       -0.0012492874
        2.0395259518        0.9045296476       -0.0004587451
        1.8468692993        0.8719362531       -0.0005895085
        1.2899094709        0.7178334522       -0.0010887971
        1.1892377713        0.6797888720       -0.0012495980
        1.6316207614        0.8291974065       -0.0007191385
        2.0998204863        0.9093304208       -0.0004811721
        2.0395259518        0.9045653936       -0.0004587320
        2.2154922721        0.9176272035       -0.0005090702
        1.7780175033        0.8567866716       -0.0006989479
        1.7063898370        0.8432178525       -0.0007268036
        2.0395259518        0.8974344861       -0.0005855813
        1.7780175033        0.8567494226       -0.0006988500
        1.1892377713        0.6730537124       -0.0012324093
        1.0792156922        0.6210439555       -0.0013725435
        1.5532566892        0.8032706012       -0.0008617284
        1.7063898370        0.8431701982       -0.0007265209
        1.0792156922        0.6210290298       -0.0013724789
        0.9566224667        0.5672945227       -0.0015336973
        1.4707230794        0.7800960614       -0.0009107333
        2.2154922721        0.9199105556       -0.0004730411
        2.0395259518        0.8974248297       -0.0005858090
        1.5532566892        0.8033077990       -0.0008620764
        1.4707230794        0.7801575295       -0.0009111069
        1.8468692993        0.8692560608       -0.0006767694
        2.2154922721        0.9199300606       -0.0004732798
        1.9132449334        0.8812604311       -0.0005979520
        1.8468692993        0.8718033900       -0.0006067397
        2.1584313844        0.9124105182       -0.0004998750
        1.8468692993        0.8718097662       -0.0006067552
        1.7780175033        0.8610421534       -0.0006155343
        2.0998204863        0.9071982582       -0.0004919247
        2.1584313844        0.9124291098       -0.0004999436
        2.0998204863        0.9072142551       -0.0004919711
