#epsqw diagonal term
#1:q+G [au], 2:Re(eps-1), 3:Im(eps-1)
        1.9132449334        1.0490374268       -0.0338903147
        1.8468692993        1.0570415967       -0.0347103026
        2.1584313844        1.0226225802       -0.0275177095
        1.8468692993        1.0572182842       -0.0347769624
        1.7780175033        1.0662534413       -0.0357337802
        2.0998204863        1.0261090489       -0.0290837314
        2.1584313844        1.0223927062       -0.0275334885
        2.0998204863        1.0257313593       -0.0291418895
        2.2154922721        1.0172552490       -0.0264587524
        1.7780175033        1.0575975067       -0.0378474491
        1.7063898370        1.0677156461       -0.0366072592
        2.0395259518        1.0289154786       -0.0322046727
        1.7780175033        1.0576613506       -0.0379577856
        1.1892377713        1.1396969215       -0.0364434542
        1.0792156922        1.1599748259       -0.0330578231
        1.5532566892        1.0819306881       -0.0417514139
        1.7063898370        1.0677950642       -0.0366242456
        1.0792156922        1.1600904143       -0.0329935352
        0.9566224667        1.1851762533       -0.0298886204
        1.4707230794        1.0961776910       -0.0381449912
        2.2154922721        1.0230270614       -0.0270572812
        2.0395259518        1.0288403086       -0.0320885646
        1.5532566892        1.0818277311       -0.0416217657
        1.4707230794        1.0960166438       -0.0382431497
        1.8468692993        1.0430917567       -0.0377023856
        2.2154922721        1.0231394254       -0.0268999668
        2.0395259518        1.0312486106       -0.0297432216
        1.5532566892        1.0913983762       -0.0366282515
        1.4707230794        1.1073804200       -0.0373787169
        1.8468692993        1.0496726782       -0.0345781902
        1.5532566892        1.0909816251       -0.0366821959
        0.8158103807        1.2105695959       -0.0249848141
        0.6449547355        1.2338835872       -0.0193666567
        1.2899094709        1.1272085750       -0.0352385646
        2.0998204863        1.0346379239       -0.0301622456
        1.4707230794        1.1068902221       -0.0374262852
        0.6449547355        1.2337915215       -0.0192651115
        0.4079051904        1.2523715808       -0.0142793284
        1.1892377713        1.1521964499       -0.0367357540
        2.0395259518        1.0428825331       -0.0318255959
        1.8468692993        1.0495578920       -0.0346046849
        1.2899094709        1.1274477887       -0.0352833565
        1.1892377713        1.1525848632       -0.0368510231
        1.6316207614        1.0767278045       -0.0370784501
        2.0998204863        1.0350402188       -0.0298376503
        2.0395259518        1.0433751563       -0.0314445196
        2.2154922721        1.0168335986       -0.0260533016
        1.7780175033        1.0574226298       -0.0374056974
        1.7063898370        1.0678864460       -0.0368341459
        2.0395259518        1.0288563114       -0.0321606336
        1.7780175033        1.0574231435       -0.0373763985
        1.1892377713        1.1396077823       -0.0358871497
        1.0792156922        1.1600489973       -0.0331020811
        1.5532566892        1.0818170748       -0.0413854063
        1.7063898370        1.0678987559       -0.0368964760
        1.0792156922        1.1601137849       -0.0330003481
        0.9566224667        1.1850824084       -0.0300156539
        1.4707230794        1.0961660691       -0.0385001661
        2.2154922721        1.0231393020       -0.0270825042
        2.0395259518        1.0288752986       -0.0323566606
        1.5532566892        1.0817428188       -0.0415111347
        1.4707230794        1.0959705411       -0.0385333859
        1.8468692993        1.0434781432       -0.0382670059
        2.2154922721        1.0231781898       -0.0268106996
        1.9132449334        1.0489303989       -0.0340693165
        1.8468692993        1.0571605686       -0.0349526788
        2.1584313844        1.0225646022       -0.0273714089
        1.8468692993        1.0571899835       -0.0348211688
        1.7780175033        1.0661919544       -0.0354976703
        2.0998204863        1.0261711296       -0.0290420939
        2.1584313844        1.0222701668       -0.0274311727
        2.0998204863        1.0257581116       -0.0290995023
