#epsqw diagonal term
#1:q+G [au], 2:Re(eps-1), 3:Im(eps-1)
        1.9132449334        0.8797990652       -0.0390479486
        1.8468692993        0.8677671767       -0.0324381529
        2.1584313844        0.9112217426       -0.0324143449
        1.8468692993        0.8676198425       -0.0323704114
        1.7780175033        0.8567395629       -0.0283050084
        2.0998204863        0.9056732433       -0.0276855367
        2.1584313844        0.9109530841       -0.0326524791
        2.0998204863        0.9055555174       -0.0279289057
        2.2154922721        0.9093164907       -0.0277031863
        1.7780175033        0.8533565377       -0.0378240199
        1.7063898370        0.8371962265       -0.0355862984
        2.0395259518        0.8926587864       -0.0318631018
        1.7780175033        0.8535377910       -0.0377496385
        1.1892377713        0.6521781647       -0.0509106322
        1.0792156922        0.5959503618       -0.0464727536
        1.5532566892        0.7996934195       -0.0429921879
        1.7063898370        0.8373172888       -0.0356466713
        1.0792156922        0.5960089688       -0.0465184611
        0.9566224667        0.5334601470       -0.0526490717
        1.4707230794        0.7729814773       -0.0372245961
        2.2154922721        0.9210080842       -0.0303927064
        2.0395259518        0.8926731741       -0.0316955829
        1.5532566892        0.7996816376       -0.0427588911
        1.4707230794        0.7729080798       -0.0369198099
        1.8468692993        0.8660323527       -0.0364633809
        2.2154922721        0.9209463885       -0.0304796887
        2.0395259518        0.8946593204       -0.0190003458
        1.5532566892        0.8018745230       -0.0332216992
        1.4707230794        0.7812025064       -0.0378716137
        1.8468692993        0.8679032572       -0.0236793027
        1.5532566892        0.8020932911       -0.0334744275
        0.8158103807        0.4615842566       -0.0717688128
        0.6449547355        0.3693951770       -0.0993165930
        1.2899094709        0.7125050758       -0.0404488526
        2.0998204863        0.9079934555       -0.0217081477
        1.4707230794        0.7809702564       -0.0379041640
        0.6449547355        0.3695558028       -0.0984953672
        0.4079051904        0.2853604908       -0.1121615977
        1.1892377713        0.6661574708       -0.0602710553
        2.0395259518        0.9022269989       -0.0185141314
        1.8468692993        0.8679818426       -0.0235646029
        1.2899094709        0.7125300851       -0.0403545469
        1.1892377713        0.6663042770       -0.0605334795
        1.6316207614        0.8237162059       -0.0285838693
        2.0998204863        0.9079529815       -0.0216747993
        2.0395259518        0.9022209144       -0.0184090834
        2.2154922721        0.9092268332       -0.0279844725
        1.7780175033        0.8534371478       -0.0378219764
        1.7063898370        0.8371148715       -0.0355527574
        2.0395259518        0.8923676580       -0.0317270820
        1.7780175033        0.8534969083       -0.0378293547
        1.1892377713        0.6522047660       -0.0513209785
        1.0792156922        0.5956198355       -0.0463018942
        1.5532566892        0.7997849100       -0.0435885880
        1.7063898370        0.8371534828       -0.0356734959
        1.0792156922        0.5956846745       -0.0463362199
        0.9566224667        0.5339519620       -0.0537350474
        1.4707230794        0.7730601102       -0.0371454831
        2.2154922721        0.9210810559       -0.0303196761
        2.0395259518        0.8923726293       -0.0316420027
        1.5532566892        0.7995138138       -0.0432976940
        1.4707230794        0.7730559594       -0.0369276947
        1.8468692993        0.8656010644       -0.0361070200
        2.2154922721        0.9209963496       -0.0305425526
        1.9132449334        0.8799114587       -0.0397077646
        1.8468692993        0.8679103126       -0.0325945398
        2.1584313844        0.9113074059       -0.0324546128
        1.8468692993        0.8678806253       -0.0323294458
        1.7780175033        0.8565564790       -0.0281864713
        2.0998204863        0.9056442843       -0.0277703024
        2.1584313844        0.9110769431       -0.0325474200
        2.0998204863        0.9055403458       -0.0280025301
