#epsqw diagonal term
#1:q+G [au], 2:Re(eps-1), 3:Im(eps-1)
        1.9132449334        0.8573195054       -0.0572103460
        1.8468692993        0.8388317379       -0.0683693638
        2.1584313844        0.9115389724       -0.0537580318
        1.8468692993        0.8383070550       -0.0683878894
        1.7780175033        0.8152795238       -0.0810210309
        2.0998204863        0.9027343690       -0.0663801289
        2.1584313844        0.9116936491       -0.0538620648
        2.0998204863        0.9032246015       -0.0663807567
        2.2154922721        0.9246538374       -0.0446857215
        1.7780175033        0.8336903557       -0.0842943583
        1.7063898370        0.8091186701       -0.1002977094
        2.0395259518        0.8948842724       -0.0587192626
        1.7780175033        0.8335674624       -0.0845272783
        1.1892377713        0.6135213296       -0.1827194159
        1.0792156922        0.5527444619       -0.2242513502
        1.5532566892        0.7517637275       -0.1267331158
        1.7063898370        0.8090118450       -0.1003981705
        1.0792156922        0.5517761016       -0.2241347028
        0.9566224667        0.4984449301       -0.2318044170
        1.4707230794        0.7149366191       -0.1428854383
        2.2154922721        0.9150506013       -0.0417392069
        2.0395259518        0.8950769280       -0.0584128768
        1.5532566892        0.7515871346       -0.1268118401
        1.4707230794        0.7145948586       -0.1432441144
        1.8468692993        0.8500728154       -0.0724689554
        2.2154922721        0.9152465252       -0.0418302131
        2.0395259518        0.8949964378       -0.0686641723
        1.5532566892        0.7446850447       -0.1328627375
        1.4707230794        0.7099930371       -0.1374760719
        1.8468692993        0.8475249499       -0.0911795683
        1.5532566892        0.7448543441       -0.1327662675
        0.8158103807        0.4217753414       -0.2787592362
        0.6449547355        0.3872139181       -0.2985906754
        1.2899094709        0.6330257003       -0.1811891389
        2.0998204863        0.8932049174       -0.0582818776
        1.4707230794        0.7098197276       -0.1376157128
        0.6449547355        0.3857566726       -0.2968487577
        0.4079051904        0.3439390759       -0.3590760809
        1.1892377713        0.5858337117       -0.1683580254
        2.0395259518        0.8845322659       -0.0652152184
        1.8468692993        0.8476829045       -0.0910132801
        1.2899094709        0.6324914565       -0.1808912106
        1.1892377713        0.5860228794       -0.1686274067
        1.6316207614        0.7739385946       -0.1076183280
        2.0998204863        0.8936555978       -0.0584205573
        2.0395259518        0.8851134542       -0.0652595658
        2.2154922721        0.9245861457       -0.0448095638
        1.7780175033        0.8338356990       -0.0844096893
        1.7063898370        0.8096460835       -0.1005882039
        2.0395259518        0.8950548529       -0.0583719034
        1.7780175033        0.8340758844       -0.0843720470
        1.1892377713        0.6137332678       -0.1851480295
        1.0792156922        0.5534759692       -0.2255406585
        1.5532566892        0.7525282583       -0.1269177803
        1.7063898370        0.8095940975       -0.1005166432
        1.0792156922        0.5536112304       -0.2249874075
        0.9566224667        0.5013998433       -0.2328666109
        1.4707230794        0.7142264874       -0.1429751045
        2.2154922721        0.9146337374       -0.0417193736
        2.0395259518        0.8950200943       -0.0584291251
        1.5532566892        0.7522922386       -0.1267798829
        1.4707230794        0.7149188325       -0.1428146689
        1.8468692993        0.8500507856       -0.0724912469
        2.2154922721        0.9148425691       -0.0417275802
        1.9132449334        0.8578092964       -0.0570885014
        1.8468692993        0.8388320534       -0.0680747736
        2.1584313844        0.9114843292       -0.0538517365
        1.8468692993        0.8387553444       -0.0680407058
        1.7780175033        0.8153915123       -0.0802518077
        2.0998204863        0.9028770584       -0.0656416476
        2.1584313844        0.9117531421       -0.0537943551
        2.0998204863        0.9031575436       -0.0657049604
