#epsqw diagonal term
#1:q+G [au], 2:Re(eps-1), 3:Im(eps-1)
        1.9132449334        1.0222913245       -0.0001814336
        1.8468692993        1.0238669657       -0.0001819002
        2.1584313844        1.0172099737       -0.0001764116
        1.8468692993        1.0238641033       -0.0001815749
        1.7780175033        1.0255755254       -0.0001771355
        2.0998204863        1.0184996708       -0.0001902928
        2.1584313844        1.0172144719       -0.0001779221
        2.0998204863        1.0185047874       -0.0001920100
        2.2154922721        1.0161214222       -0.0001619430
        1.7780175033        1.0259178106       -0.0001912055
        1.7063898370        1.0280291176       -0.0002045722
        2.0395259518        1.0194569936       -0.0001666844
        1.7780175033        1.0259298680       -0.0001920085
        1.1892377713        1.0475036446       -0.0002827868
        1.0792156922        1.0527051079       -0.0003180049
        1.5532566892        1.0330443220       -0.0002150381
        1.7063898370        1.0280402302       -0.0002042476
        1.0792156922        1.0527022852       -0.0003173786
        0.9566224667        1.0587908120       -0.0003535603
        1.4707230794        1.0361144722       -0.0002354951
        2.2154922721        1.0161649900       -0.0001779302
        2.0395259518        1.0194649177       -0.0001677566
        1.5532566892        1.0330374507       -0.0002151187
        1.4707230794        1.0361063812       -0.0002361479
        1.8468692993        1.0240764669       -0.0001771514
        2.2154922721        1.0161414848       -0.0001741998
        2.0395259518        1.0197919511       -0.0002001300
        1.5532566892        1.0327802377       -0.0002095322
        1.4707230794        1.0357075965       -0.0002046356
        1.8468692993        1.0243426966       -0.0002065383
        1.5532566892        1.0327960743       -0.0002097169
        0.8158103807        1.0651334156       -0.0004191140
        0.6449547355        1.0715097632       -0.0004786311
        1.2899094709        1.0432574384       -0.0002595203
        2.0998204863        1.0180946665       -0.0001704543
        1.4707230794        1.0357269778       -0.0002047967
        0.6449547355        1.0715333791       -0.0004808256
        0.4079051904        1.0769068026       -0.0005830494
        1.1892377713        1.0480567030       -0.0002709426
        2.0395259518        1.0191284480       -0.0001599329
        1.8468692993        1.0243475934       -0.0002068271
        1.2899094709        1.0432409177       -0.0002593594
        1.1892377713        1.0480309480       -0.0002702106
        1.6316207614        1.0307164379       -0.0002243059
        2.0998204863        1.0180681366       -0.0001668686
        2.0395259518        1.0191038972       -0.0001568735
        2.2154922721        1.0161271960       -0.0001621118
        1.7780175033        1.0259284389       -0.0001920605
        1.7063898370        1.0280334302       -0.0002045177
        2.0395259518        1.0194597079       -0.0001665039
        1.7780175033        1.0259399653       -0.0001928841
        1.1892377713        1.0475127563       -0.0002827365
        1.0792156922        1.0527080029       -0.0003182535
        1.5532566892        1.0330422319       -0.0002149711
        1.7063898370        1.0280437669       -0.0002045392
        1.0792156922        1.0527044448       -0.0003178484
        0.9566224667        1.0587817869       -0.0003537463
        1.4707230794        1.0361028010       -0.0002344463
        2.2154922721        1.0161606360       -0.0001774213
        2.0395259518        1.0194622314       -0.0001674054
        1.5532566892        1.0330347759       -0.0002151034
        1.4707230794        1.0360950841       -0.0002353529
        1.8468692993        1.0240655928       -0.0001767952
        2.2154922721        1.0161364921       -0.0001742272
        1.9132449334        1.0222974337       -0.0001813131
        1.8468692993        1.0238693759       -0.0001820860
        2.1584313844        1.0172105092       -0.0001763472
        1.8468692993        1.0238647624       -0.0001816554
        1.7780175033        1.0255714619       -0.0001771349
        2.0998204863        1.0184937115       -0.0001900114
        2.1584313844        1.0172094769       -0.0001777075
        2.0998204863        1.0184973495       -0.0001920651
