#epsqw diagonal term
#1:q+G [au], 2:Re(eps-1), 3:Im(eps-1)
        1.9132449334        1.0017200596       -0.0000052781
        1.8468692993        1.0018749771       -0.0000057647
        2.1584313844        1.0012353648       -0.0000036356
        1.8468692993        1.0018745493       -0.0000057643
        1.7780175033        1.0020486112       -0.0000062876
        2.0998204863        1.0013370104       -0.0000039276
        2.1584313844        1.0012351581       -0.0000036349
        2.0998204863        1.0013370373       -0.0000039270
        2.2154922721        1.0011428204       -0.0000033292
        1.7780175033        1.0020487749       -0.0000065038
        1.7063898370        1.0022484462       -0.0000071766
        2.0395259518        1.0014481987       -0.0000043542
        1.7780175033        1.0020490122       -0.0000065060
        1.1892377713        1.0041728500       -0.0000160580
        1.0792156922        1.0046774691       -0.0000187042
        1.5532566892        1.0027233608       -0.0000092185
        1.7063898370        1.0022489382       -0.0000071795
        1.0792156922        1.0046774429       -0.0000187039
        0.9566224667        1.0052605968       -0.0000218647
        1.4707230794        1.0030230418       -0.0000103689
        2.2154922721        1.0011445483       -0.0000033345
        2.0395259518        1.0014483188       -0.0000043543
        1.5532566892        1.0027230753       -0.0000092159
        1.4707230794        1.0030224738       -0.0000103659
        1.8468692993        1.0018709981       -0.0000058563
        2.2154922721        1.0011442233       -0.0000033335
        2.0395259518        1.0014524774       -0.0000042282
        1.5532566892        1.0027252138       -0.0000089215
        1.4707230794        1.0030182124       -0.0000098597
        1.8468692993        1.0018774560       -0.0000057026
        1.5532566892        1.0027257668       -0.0000089241
        0.8158103807        1.0058754844       -0.0000267944
        0.6449547355        1.0065246764       -0.0000325111
        1.2899094709        1.0037343690       -0.0000134330
        2.0998204863        1.0013374840       -0.0000039243
        1.4707230794        1.0030184265       -0.0000098625
        0.6449547355        1.0065249860       -0.0000325131
        0.4079051904        1.0070911465       -0.0000417175
        1.1892377713        1.0041877274       -0.0000151889
        2.0395259518        1.0014494541       -0.0000042293
        1.8468692993        1.0018777279       -0.0000057035
        1.2899094709        1.0037335750       -0.0000134301
        1.1892377713        1.0041872809       -0.0000151862
        1.6316207614        1.0024870612       -0.0000079873
        2.0998204863        1.0013366305       -0.0000039222
        2.0395259518        1.0014487738       -0.0000042275
        2.2154922721        1.0011426045       -0.0000033288
        1.7780175033        1.0020492428       -0.0000065048
        1.7063898370        1.0022485239       -0.0000071775
        2.0395259518        1.0014483232       -0.0000043543
        1.7780175033        1.0020496140       -0.0000065068
        1.1892377713        1.0041713005       -0.0000160595
        1.0792156922        1.0046771466       -0.0000187023
        1.5532566892        1.0027242660       -0.0000092190
        1.7063898370        1.0022492598       -0.0000071802
        1.0792156922        1.0046771753       -0.0000187021
        0.9566224667        1.0052593847       -0.0000218532
        1.4707230794        1.0030232424       -0.0000103672
        2.2154922721        1.0011441680       -0.0000033336
        2.0395259518        1.0014482604       -0.0000043545
        1.5532566892        1.0027236896       -0.0000092166
        1.4707230794        1.0030229170       -0.0000103638
        1.8468692993        1.0018706526       -0.0000058568
        2.2154922721        1.0011439698       -0.0000033325
        1.9132449334        1.0017199233       -0.0000052784
        1.8468692993        1.0018744144       -0.0000057643
        2.1584313844        1.0012349264       -0.0000036347
        1.8468692993        1.0018742052       -0.0000057635
        1.7780175033        1.0020483915       -0.0000062873
        2.0998204863        1.0013364199       -0.0000039262
        2.1584313844        1.0012348884       -0.0000036341
        2.0998204863        1.0013364793       -0.0000039256
