#epsqw diagonal term
#1:q+G [au], 2:Re(eps-1), 3:Im(eps-1)
        1.9132449334        1.0357500233       -0.0053273341
        1.8468692993        1.0389426133       -0.0049959756
        2.1584313844        1.0249679856       -0.0057993282
        1.8468692993        1.0389652570       -0.0049663540
        1.7780175033        1.0424795364       -0.0044789400
        2.0998204863        1.0272068677       -0.0055002862
        2.1584313844        1.0249851022       -0.0059013320
        2.0998204863        1.0271334319       -0.0055933428
        2.2154922721        1.0226818091       -0.0062436525
        1.7780175033        1.0413640061       -0.0057390905
        1.7063898370        1.0450272587       -0.0054750353
        2.0395259518        1.0291421401       -0.0063085368
        1.7780175033        1.0413730716       -0.0056751404
        1.1892377713        1.0755606989       -0.0041745596
        1.0792156922        1.0831348423       -0.0040061096
        1.5532566892        1.0533527877       -0.0053911510
        1.7063898370        1.0450972977       -0.0054369241
        1.0792156922        1.0831399351       -0.0040039067
        0.9566224667        1.0923411865       -0.0038284849
        1.4707230794        1.0579010209       -0.0048228910
        2.2154922721        1.0239760052       -0.0047326702
        2.0395259518        1.0292790695       -0.0063708599
        1.5532566892        1.0533727515       -0.0054413853
        1.4707230794        1.0578587055       -0.0048554328
        1.8468692993        1.0372736960       -0.0057341036
        2.2154922721        1.0238917065       -0.0047955815
        2.0395259518        1.0289938472       -0.0056373148
        1.5532566892        1.0534961274       -0.0046053290
        1.4707230794        1.0592180186       -0.0044826644
        1.8468692993        1.0379558323       -0.0058880866
        1.5532566892        1.0535247008       -0.0046138913
        0.8158103807        1.1003375933       -0.0033433852
        0.6449547355        1.1087410421       -0.0033514378
        1.2899094709        1.0696442303       -0.0045592616
        2.0998204863        1.0289800085       -0.0045699845
        1.4707230794        1.0592546251       -0.0044867688
        0.6449547355        1.1088036448       -0.0033200350
        0.4079051904        1.1149380810       -0.0030398387
        1.1892377713        1.0778529849       -0.0043915875
        2.0395259518        1.0315636200       -0.0039989641
        1.8468692993        1.0379616522       -0.0058920550
        1.2899094709        1.0696134196       -0.0045520362
        1.1892377713        1.0778050517       -0.0043925828
        1.6316207614        1.0487144827       -0.0052378749
        2.0998204863        1.0289360747       -0.0045764398
        2.0395259518        1.0315177893       -0.0040136307
        2.2154922721        1.0220964331       -0.0056760361
        1.7780175033        1.0409107165       -0.0052439172
        1.7063898370        1.0449166327       -0.0053023316
        2.0395259518        1.0292576547       -0.0063639492
        1.7780175033        1.0409720268       -0.0052166730
        1.1892377713        1.0753810514       -0.0039336248
        1.0792156922        1.0831064747       -0.0039578202
        1.5532566892        1.0534612114       -0.0055108424
        1.7063898370        1.0449261906       -0.0052339617
        1.0792156922        1.0831021929       -0.0039495451
        0.9566224667        1.0924314478       -0.0039661780
        1.4707230794        1.0581482751       -0.0051493721
        2.2154922721        1.0242968207       -0.0050886231
        2.0395259518        1.0291393147       -0.0062740025
        1.5532566892        1.0533906514       -0.0055125925
        1.4707230794        1.0581307530       -0.0051894948
        1.8468692993        1.0378389494       -0.0063407032
        2.2154922721        1.0242396254       -0.0051964590
        1.9132449334        1.0353579815       -0.0048760750
        1.8468692993        1.0388836756       -0.0049034412
        2.1584313844        1.0251340166       -0.0059549512
        1.8468692993        1.0388767615       -0.0048749794
        1.7780175033        1.0426796606       -0.0047333551
        2.0998204863        1.0276264523       -0.0059753522
        2.1584313844        1.0250090890       -0.0060035383
        2.0998204863        1.0275653831       -0.0060971272
