#epsqw diagonal term
#1:q+G [au], 2:Re(eps-1), 3:Im(eps-1)
        1.9132449334        0.8675021469       -0.0159099473
        1.8468692993        0.8641557402       -0.0155591295
        2.1584313844        0.9033232557       -0.0145405050
        1.8468692993        0.8642152186       -0.0156768295
        1.7780175033        0.8604594504       -0.0173246352
        2.0998204863        0.9002563499       -0.0149607221
        2.1584313844        0.9034981955       -0.0145438770
        2.0998204863        0.9003874121       -0.0149134720
        2.2154922721        0.9133469650       -0.0120756108
        1.7780175033        0.8459805075       -0.0182121909
        1.7063898370        0.8359886550       -0.0166702963
        2.0395259518        0.8914998954       -0.0140772361
        1.7780175033        0.8458413362       -0.0181596232
        1.1892377713        0.6596389985       -0.0258680729
        1.0792156922        0.6155763762       -0.0278244957
        1.5532566892        0.7911339339       -0.0226379381
        1.7063898370        0.8359633885       -0.0166141774
        1.0792156922        0.6155514737       -0.0278566750
        0.9566224667        0.5666919890       -0.0311570537
        1.4707230794        0.7702029367       -0.0245390781
        2.2154922721        0.9144370498       -0.0124591734
        2.0395259518        0.8915736439       -0.0140313380
        1.5532566892        0.7912757379       -0.0224583123
        1.4707230794        0.7703432439       -0.0246627308
        1.8468692993        0.8623494829       -0.0168743407
        2.2154922721        0.9144871147       -0.0124103274
        2.0395259518        0.8965234444       -0.0130465832
        1.5532566892        0.7987716305       -0.0192281183
        1.4707230794        0.7823367319       -0.0234472712
        1.8468692993        0.8654271581       -0.0146432786
        1.5532566892        0.7987833113       -0.0192712243
        0.8158103807        0.4855072891       -0.0409363190
        0.6449547355        0.3918258313       -0.0642367096
        1.2899094709        0.7053715069       -0.0306582796
        2.0998204863        0.9052886531       -0.0134523359
        1.4707230794        0.7824080798       -0.0234361018
        0.6449547355        0.3918873851       -0.0644297360
        0.4079051904        0.2540936419       -0.1501274503
        1.1892377713        0.6668390829       -0.0389188635
        2.0395259518        0.9015803697       -0.0120953251
        1.8468692993        0.8655440769       -0.0147490013
        1.2899094709        0.7053994375       -0.0306876253
        1.1892377713        0.6667294509       -0.0392050761
        1.6316207614        0.8195847350       -0.0183265584
        2.0998204863        0.9053608155       -0.0133856161
        2.0395259518        0.9015838333       -0.0121524265
        2.2154922721        0.9134951123       -0.0121461678
        1.7780175033        0.8457839117       -0.0181521723
        1.7063898370        0.8357837712       -0.0166002782
        2.0395259518        0.8916496235       -0.0140891527
        1.7780175033        0.8459130802       -0.0181858963
        1.1892377713        0.6599714140       -0.0257158055
        1.0792156922        0.6155096417       -0.0278171921
        1.5532566892        0.7910199940       -0.0222269327
        1.7063898370        0.8357445561       -0.0165475040
        1.0792156922        0.6154479270       -0.0279895327
        0.9566224667        0.5664103255       -0.0317313649
        1.4707230794        0.7702752764       -0.0246498480
        2.2154922721        0.9145490388       -0.0126207866
        2.0395259518        0.8916854958       -0.0141393118
        1.5532566892        0.7911473347       -0.0224273866
        1.4707230794        0.7703769995       -0.0246427309
        1.8468692993        0.8625435442       -0.0170220671
        2.2154922721        0.9146039762       -0.0125214167
        1.9132449334        0.8676251286       -0.0157420560
        1.8468692993        0.8641516681       -0.0158112631
        2.1584313844        0.9033072912       -0.0144408911
        1.8468692993        0.8641535782       -0.0156818685
        1.7780175033        0.8602117082       -0.0172573848
        2.0998204863        0.9000482397       -0.0147407963
        2.1584313844        0.9033787664       -0.0142021821
        2.0998204863        0.9001539741       -0.0145885154
