#epsqw diagonal term
#1:q+G [au], 2:Re(eps-1), 3:Im(eps-1)
        1.9132449334        0.8756353869       -0.0023526863
        1.8468692993        0.8660661191       -0.0021142066
        2.1584313844        0.9076170409       -0.0026747411
        1.8468692993        0.8660831850       -0.0021270743
        1.7780175033        0.8551546937       -0.0015858015
        2.0998204863        0.9027167739       -0.0019513631
        2.1584313844        0.9076523306       -0.0027104054
        2.0998204863        0.9027552728       -0.0019794589
        2.2154922721        0.9129426828       -0.0045103038
        1.7780175033        0.8505853603       -0.0046294586
        1.7063898370        0.8368242520       -0.0049634824
        2.0395259518        0.8920295607       -0.0050019231
        1.7780175033        0.8505172468       -0.0045891932
        1.1892377713        0.6615349907       -0.0048734570
        1.0792156922        0.6074090490       -0.0056882630
        1.5532566892        0.7959661846       -0.0048910470
        1.7063898370        0.8367293008       -0.0048736215
        1.0792156922        0.6073762118       -0.0056581459
        0.9566224667        0.5504247041       -0.0042458900
        1.4707230794        0.7724701584       -0.0045526514
        2.2154922721        0.9149901003       -0.0030435630
        2.0395259518        0.8920142094       -0.0049763637
        1.5532566892        0.7960332685       -0.0049374505
        1.4707230794        0.7725720187       -0.0046328404
        1.8468692993        0.8631190372       -0.0048736281
        2.2154922721        0.9150611030       -0.0031046631
        2.0395259518        0.8968042461       -0.0014740606
        1.5532566892        0.7971236253       -0.0025669839
        1.4707230794        0.7742216764       -0.0033650951
        1.8468692993        0.8662203070       -0.0018583060
        1.5532566892        0.7970710218       -0.0025514189
        0.8158103807        0.4682552013       -0.0045558137
        0.6449547355        0.3708306364       -0.0072757345
        1.2899094709        0.7068482449       -0.0027932582
        2.0998204863        0.9036707663       -0.0020568108
        1.4707230794        0.7741702698       -0.0033497222
        0.6449547355        0.3708072792       -0.0072686532
        0.4079051904        0.2349028990       -0.0075966370
        1.1892377713        0.6665299217       -0.0030521263
        2.0395259518        0.8997991107       -0.0013796677
        1.8468692993        0.8661902015       -0.0018501329
        1.2899094709        0.7068791382       -0.0028093502
        1.1892377713        0.6665644694       -0.0030636311
        1.6316207614        0.8222761804       -0.0023210368
        2.0998204863        0.9037098062       -0.0020682989
        2.0395259518        0.8998364505       -0.0013767874
        2.2154922721        0.9129472557       -0.0045013710
        1.7780175033        0.8505458265       -0.0046039737
        1.7063898370        0.8368934517       -0.0048071414
        2.0395259518        0.8921015449       -0.0048594813
        1.7780175033        0.8504766406       -0.0045547434
        1.1892377713        0.6612332982       -0.0049003882
        1.0792156922        0.6073288072       -0.0056207174
        1.5532566892        0.7958875650       -0.0048422937
        1.7063898370        0.8368013325       -0.0047213651
        1.0792156922        0.6073079317       -0.0055840507
        0.9566224667        0.5503230940       -0.0042462174
        1.4707230794        0.7724563905       -0.0044099165
        2.2154922721        0.9149918459       -0.0029258638
        2.0395259518        0.8920819692       -0.0048593544
        1.5532566892        0.7959605946       -0.0049252448
        1.4707230794        0.7725705167       -0.0045212744
        1.8468692993        0.8631871751       -0.0046586945
        2.2154922721        0.9150682753       -0.0030199478
        1.9132449334        0.8757090740       -0.0023335191
        1.8468692993        0.8660699141       -0.0020797648
        2.1584313844        0.9076373105       -0.0026585220
        1.8468692993        0.8660842880       -0.0020871171
        1.7780175033        0.8552013908       -0.0015663927
        2.0998204863        0.9026924629       -0.0019307364
        2.1584313844        0.9076815826       -0.0027047378
        2.0998204863        0.9027236615       -0.0019694276
