#epsqw diagonal term
#1:q+G [au], 2:Re(eps-1), 3:Im(eps-1)
        1.9132449334        0.8928359350       -0.0341600377
        1.8468692993        0.8790985162       -0.0330944999
        2.1584313844        0.9263678395       -0.0269151841
        1.8468692993        0.8791337547       -0.0332081514
        1.7780175033        0.8623947596       -0.0289817886
        2.0998204863        0.9176932798       -0.0283703351
        2.1584313844        0.9264654949       -0.0269000016
        2.0998204863        0.9176747717       -0.0283747740
        2.2154922721        0.9332278665       -0.0229312532
        1.7780175033        0.8623699730       -0.0329891443
        1.7063898370        0.8462889418       -0.0354247553
        2.0395259518        0.9118465368       -0.0277417801
        1.7780175033        0.8623966406       -0.0330639787
        1.1892377713        0.6277895883       -0.0830179579
        1.0792156922        0.5608180133       -0.1182736008
        1.5532566892        0.7910858555       -0.0366388509
        1.7063898370        0.8463858640       -0.0354694295
        1.0792156922        0.5606788119       -0.1171148807
        0.9566224667        0.5184311715       -0.1394779389
        1.4707230794        0.7643245599       -0.0437291088
        2.2154922721        0.9345871397       -0.0246325938
        2.0395259518        0.9118563633       -0.0276315738
        1.5532566892        0.7911185253       -0.0367122254
        1.4707230794        0.7643223424       -0.0436346503
        1.8468692993        0.8760014400       -0.0285361882
        2.2154922721        0.9347364104       -0.0247583508
        2.0395259518        0.9050838643       -0.0334571520
        1.5532566892        0.7925460840       -0.0443426396
        1.4707230794        0.7645134276       -0.0541200324
        1.8468692993        0.8742977327       -0.0371385827
        1.5532566892        0.7922215748       -0.0443937106
        0.8158103807        0.3315379605       -0.2290388634
        0.6449547355        0.2704099289       -0.3148813888
        1.2899094709        0.6759968491       -0.0749541467
        2.0998204863        0.9216315877       -0.0260220129
        1.4707230794        0.7643844090       -0.0542152689
        0.6449547355        0.2699803304       -0.3130177875
        0.4079051904        0.1713261182       -0.4389987801
        1.1892377713        0.6446441355       -0.0934855271
        2.0395259518        0.9129605033       -0.0276672049
        1.8468692993        0.8741500410       -0.0370691748
        1.2899094709        0.6760453910       -0.0747372650
        1.1892377713        0.6447757738       -0.0938171280
        1.6316207614        0.8217689754       -0.0393226690
        2.0998204863        0.9218107450       -0.0261382165
        2.0395259518        0.9132259644       -0.0277185255
        2.2154922721        0.9330478219       -0.0230874947
        1.7780175033        0.8624533810       -0.0327595884
        1.7063898370        0.8459797888       -0.0351956901
        2.0395259518        0.9120091422       -0.0277487426
        1.7780175033        0.8623272991       -0.0330675364
        1.1892377713        0.6277920879       -0.0832132568
        1.0792156922        0.5617197371       -0.1171022698
        1.5532566892        0.7911225611       -0.0368075559
        1.7063898370        0.8460047816       -0.0352760455
        1.0792156922        0.5617717209       -0.1170348135
        0.9566224667        0.5169797503       -0.1417152798
        1.4707230794        0.7638199415       -0.0437772255
        2.2154922721        0.9347731058       -0.0247806701
        2.0395259518        0.9120428274       -0.0276360843
        1.5532566892        0.7910939453       -0.0367701240
        1.4707230794        0.7639213812       -0.0437127867
        1.8468692993        0.8759276466       -0.0284356453
        2.2154922721        0.9349155074       -0.0247731697
        1.9132449334        0.8927504081       -0.0338715827
        1.8468692993        0.8786906592       -0.0331431934
        2.1584313844        0.9261900859       -0.0268142568
        1.8468692993        0.8785376705       -0.0331641789
        1.7780175033        0.8623181255       -0.0289839668
        2.0998204863        0.9177085341       -0.0285547001
        2.1584313844        0.9261308517       -0.0268346672
        2.0998204863        0.9178623515       -0.0286412494
