#epsqw diagonal term
#1:q+G [au], 2:Re(eps-1), 3:Im(eps-1)
        1.9132449334        0.8812908000       -0.0005952043
        1.8468692993        0.8718603128       -0.0006036998
        2.1584313844        0.9124449050       -0.0004965380
        1.8468692993        0.8718693716       -0.0006036185
        1.7780175033        0.8611032094       -0.0006128307
        2.0998204863        0.9072530942       -0.0004886374
        2.1584313844        0.9124656971       -0.0004964430
        2.0998204863        0.9072705687       -0.0004885929
        2.2154922721        0.9177094070       -0.0005035994
        1.7780175033        0.8568907705       -0.0006931686
        1.7063898370        0.8432519016       -0.0007234590
        2.0395259518        0.8974558186       -0.0005818959
        1.7780175033        0.8568492445       -0.0006931959
        1.1892377713        0.6732929560       -0.0012226185
        1.0792156922        0.6211657315       -0.0013653210
        1.5532566892        0.8033892736       -0.0008555186
        1.7063898370        0.8432046721       -0.0007230876
        1.0792156922        0.6211525249       -0.0013652004
        0.9566224667        0.5674571836       -0.0015255380
        1.4707230794        0.7801822498       -0.0009057943
        2.2154922721        0.9199605961       -0.0004696275
        2.0395259518        0.8974544668       -0.0005818058
        1.5532566892        0.8034342337       -0.0008554887
        1.4707230794        0.7802401553       -0.0009060523
        1.8468692993        0.8693000167       -0.0006731774
        2.2154922721        0.9199811589       -0.0004697188
        2.0395259518        0.9013506336       -0.0004770029
        1.5532566892        0.8057662018       -0.0008165474
        1.4707230794        0.7839699796       -0.0008952200
        1.8468692993        0.8720052491       -0.0005863750
        1.5532566892        0.8057169223       -0.0008166393
        0.8158103807        0.4892752520       -0.0017399507
        0.6449547355        0.3981122373       -0.0020225117
        1.2899094709        0.7178935040       -0.0010836291
        2.0998204863        0.9093439594       -0.0004782345
        1.4707230794        0.7839188912       -0.0008950778
        0.6449547355        0.3981033738       -0.0020224698
        0.4079051904        0.2737772326       -0.0023546903
        1.1892377713        0.6798605116       -0.0012432477
        2.0395259518        0.9045713112       -0.0004564044
        1.8468692993        0.8719895935       -0.0005866106
        1.2899094709        0.7179339327       -0.0010837457
        1.1892377713        0.6799098313       -0.0012435493
        1.6316207614        0.8292621666       -0.0007156756
        2.0998204863        0.9093793217       -0.0004781932
        2.0395259518        0.9046070640       -0.0004563916
        2.2154922721        0.9176891177       -0.0005044174
        1.7780175033        0.8568607222       -0.0006939854
        1.7063898370        0.8432924937       -0.0007218688
        2.0395259518        0.8975032281       -0.0005805299
        1.7780175033        0.8568233887       -0.0006939023
        1.1892377713        0.6731757769       -0.0012258292
        1.0792156922        0.6211820346       -0.0013653487
        1.5532566892        0.8033575965       -0.0008562538
        1.7063898370        0.8432446719       -0.0007216127
        1.0792156922        0.6211670264       -0.0013652975
        0.9566224667        0.5674546879       -0.0015258779
        1.4707230794        0.7801849075       -0.0009054036
        2.2154922721        0.9199643417       -0.0004693301
        2.0395259518        0.8974936347       -0.0005807508
        1.5532566892        0.8033949789       -0.0008565731
        1.4707230794        0.7802466004       -0.0009057410
        1.8468692993        0.8693316789       -0.0006714560
        2.2154922721        0.9199840009       -0.0004695418
        1.9132449334        0.8813191850       -0.0005945501
        1.8468692993        0.8718606971       -0.0006034986
        2.1584313844        0.9124643140       -0.0004964285
        1.8468692993        0.8718670924       -0.0006035099
        1.7780175033        0.8610970337       -0.0006125908
        2.0998204863        0.9072472915       -0.0004889914
        2.1584313844        0.9124829900       -0.0004964813
        2.0998204863        0.9072633465       -0.0004890271
