#epsqw diagonal term
#1:q+G [au], 2:Re(eps-1), 3:Im(eps-1)
        1.9132449334        0.9154803275       -0.1134848934
        1.8468692993        0.9024496223       -0.1242195786
        2.1584313844        0.9391557892       -0.0761529355
        1.8468692993        0.9023632083       -0.1239715781
        1.7780175033        0.8897299147       -0.1363873570
        2.0998204863        0.9362882945       -0.0820404071
        2.1584313844        0.9393771015       -0.0762006844
        2.0998204863        0.9364976749       -0.0816323276
        2.2154922721        0.9442779872       -0.0698916631
        1.7780175033        0.8966666754       -0.1479943520
        1.7063898370        0.8793716006       -0.1627494258
        2.0395259518        0.9256467424       -0.0905393515
        1.7780175033        0.8966077532       -0.1488264167
        1.1892377713        0.7315875938       -0.3993395780
        1.0792156922        0.7405086642       -0.4712977338
        1.5532566892        0.8657924176       -0.2185036793
        1.7063898370        0.8789316680       -0.1630706842
        1.0792156922        0.7400957742       -0.4729256403
        0.9566224667        0.7058472102       -0.5370788456
        1.4707230794        0.8520916764       -0.2569481147
        2.2154922721        0.9413237642       -0.0632095820
        2.0395259518        0.9256013905       -0.0907888357
        1.5532566892        0.8662156745       -0.2183648994
        1.4707230794        0.8512015502       -0.2569737028
        1.8468692993        0.8954501563       -0.1250809493
        2.2154922721        0.9417177826       -0.0627169707
        2.0395259518        0.9199147884       -0.0863204221
        1.5532566892        0.8672958255       -0.2170445968
        1.4707230794        0.8439722621       -0.2207076246
        1.8468692993        0.9030506832       -0.1206843585
        1.5532566892        0.8658238660       -0.2176179977
        0.8158103807        0.6781676682       -0.6548059518
        0.6449547355        0.5725723362       -0.8609040210
        1.2899094709        0.8203698402       -0.3433223221
        2.0998204863        0.9301337744       -0.0753038999
        1.4707230794        0.8415524079       -0.2226361385
        0.6449547355        0.5701935868       -0.8538338019
        0.4079051904        0.5155871371       -1.1694381008
        1.1892377713        0.7764028830       -0.3970324642
        2.0395259518        0.9283027742       -0.0788584952
        1.8468692993        0.9028530858       -0.1214289609
        1.2899094709        0.8216398108       -0.3438473447
        1.1892377713        0.7805631377       -0.3971350203
        1.6316207614        0.8853960265       -0.1795633890
        2.0998204863        0.9305243766       -0.0743056395
        2.0395259518        0.9288809670       -0.0782312290
        2.2154922721        0.9447214250       -0.0698917362
        1.7780175033        0.8971824930       -0.1480839712
        1.7063898370        0.8802264384       -0.1624665461
        2.0395259518        0.9256720928       -0.0909276563
        1.7780175033        0.8971560644       -0.1485463147
        1.1892377713        0.7359281702       -0.3988956725
        1.0792156922        0.7437980001       -0.4717746432
        1.5532566892        0.8675829621       -0.2177376976
        1.7063898370        0.8796701199       -0.1625680589
        1.0792156922        0.7435890489       -0.4725311317
        0.9566224667        0.7067410072       -0.5417976433
        1.4707230794        0.8511538786       -0.2584906713
        2.2154922721        0.9413397355       -0.0632521276
        2.0395259518        0.9256766193       -0.0911922732
        1.5532566892        0.8668806749       -0.2185632123
        1.4707230794        0.8505523224       -0.2577967362
        1.8468692993        0.8953736045       -0.1240716774
        2.2154922721        0.9417021323       -0.0628903260
        1.9132449334        0.9157573220       -0.1115756278
        1.8468692993        0.9026966679       -0.1238155975
        2.1584313844        0.9394454917       -0.0753592560
        1.8468692993        0.9026936171       -0.1235937529
        1.7780175033        0.8899403372       -0.1353291963
        2.0998204863        0.9358307449       -0.0814288212
        2.1584313844        0.9394358343       -0.0755748391
        2.0998204863        0.9362584718       -0.0812283428
