#epsqw diagonal term
#1:q+G [au], 2:Re(eps-1), 3:Im(eps-1)
        1.9132449334        1.0412907777       -0.0014542960
        1.8468692993        1.0451555174       -0.0015122752
        2.1584313844        1.0287886194       -0.0013597384
        1.8468692993        1.0451504222       -0.0015114122
        1.7780175033        1.0494034755       -0.0015842542
        2.0998204863        1.0317661088       -0.0013965206
        2.1584313844        1.0287886412       -0.0013605241
        2.0998204863        1.0317712449       -0.0013983741
        2.2154922721        1.0260271263       -0.0013269920
        1.7780175033        1.0482658528       -0.0015374043
        1.7063898370        1.0526982334       -0.0014994465
        2.0395259518        1.0334879592       -0.0014178914
        1.7780175033        1.0482887238       -0.0015390781
        1.1892377713        1.0915924159       -0.0015378965
        1.0792156922        1.1012350037       -0.0015386898
        1.5532566892        1.0632732136       -0.0016544350
        1.7063898370        1.0527251114       -0.0015003667
        1.0792156922        1.1012335730       -0.0015388673
        0.9566224667        1.1131121279       -0.0016636455
        1.4707230794        1.0691933776       -0.0016087260
        2.2154922721        1.0280489114       -0.0012931945
        2.0395259518        1.0334901673       -0.0014184536
        1.5532566892        1.0632552419       -0.0016527015
        1.4707230794        1.0691720166       -0.0016073554
        1.8468692993        1.0438483979       -0.0015571905
        2.2154922721        1.0280374419       -0.0012956557
        2.0395259518        1.0342245539       -0.0013738075
        1.5532566892        1.0633934410       -0.0015857785
        1.4707230794        1.0697300402       -0.0016115011
        1.8468692993        1.0442966184       -0.0014401055
        1.5532566892        1.0634420062       -0.0015887541
        0.8158103807        1.1247643500       -0.0015002968
        0.6449547355        1.1354264669       -0.0015447556
        1.2899094709        1.0834525166       -0.0015725295
        2.0998204863        1.0336099683       -0.0013443034
        1.4707230794        1.0697890828       -0.0016138143
        0.6449547355        1.1354479945       -0.0015415295
        0.4079051904        1.1442663423       -0.0015781963
        1.1892377713        1.0934778654       -0.0017432700
        2.0395259518        1.0367206638       -0.0013814967
        1.8468692993        1.0443090796       -0.0014411701
        1.2899094709        1.0834089799       -0.0015701820
        1.1892377713        1.0934196994       -0.0017415063
        1.6316207614        1.0579360548       -0.0015396367
        2.0998204863        1.0335692940       -0.0013445836
        2.0395259518        1.0366737722       -0.0013828272
        2.2154922721        1.0260429359       -0.0012616983
        1.7780175033        1.0483402481       -0.0015383579
        1.7063898370        1.0527686886       -0.0015490179
        2.0395259518        1.0335004937       -0.0014293960
        1.7780175033        1.0483591543       -0.0015398725
        1.1892377713        1.0916945683       -0.0015765408
        1.0792156922        1.1012636910       -0.0015550216
        1.5532566892        1.0632324144       -0.0016194269
        1.7063898370        1.0527910267       -0.0015496663
        1.0792156922        1.1012558978       -0.0015548087
        0.9566224667        1.1130272980       -0.0016209221
        1.4707230794        1.0690970072       -0.0015639966
        2.2154922721        1.0279908537       -0.0012789394
        2.0395259518        1.0335042914       -0.0014299024
        1.5532566892        1.0632102843       -0.0016173789
        1.4707230794        1.0690710624       -0.0015623845
        1.8468692993        1.0437917153       -0.0015953342
        2.2154922721        1.0279771834       -0.0012812874
        1.9132449334        1.0413787573       -0.0014851379
        1.8468692993        1.0451834222       -0.0015290897
        2.1584313844        1.0287473354       -0.0013274363
        1.8468692993        1.0451752165       -0.0015279937
        1.7780175033        1.0493372505       -0.0015481449
        2.0998204863        1.0316769703       -0.0013647068
        2.1584313844        1.0287465431       -0.0013281084
        2.0998204863        1.0316805554       -0.0013664452
