#epsqw diagonal term
#1:q+G [au], 2:Re(eps-1), 3:Im(eps-1)
        1.9132449334        0.9019876330       -0.0412471404
        1.8468692993        0.8864242062       -0.0349581746
        2.1584313844        0.9245283655       -0.0317220880
        1.8468692993        0.8863988115       -0.0351106452
        1.7780175033        0.8711468065       -0.0285426480
        2.0998204863        0.9138582113       -0.0278575915
        2.1584313844        0.9247271846       -0.0319874299
        2.0998204863        0.9140411025       -0.0281355374
        2.2154922721        0.9319208945       -0.0360343090
        1.7780175033        0.8714460549       -0.0362074113
        1.7063898370        0.8543382824       -0.0345162210
        2.0395259518        0.9085944132       -0.0376747397
        1.7780175033        0.8713087035       -0.0362336615
        1.1892377713        0.6699345949       -0.0614104727
        1.0792156922        0.6028139732       -0.0566603632
        1.5532566892        0.8137340727       -0.0376602683
        1.7063898370        0.8542126289       -0.0344477513
        1.0792156922        0.6033226199       -0.0562321729
        0.9566224667        0.5410905466       -0.0648723774
        1.4707230794        0.7826649909       -0.0401077509
        2.2154922721        0.9304052861       -0.0225895013
        2.0395259518        0.9086093362       -0.0377818444
        1.5532566892        0.8139130745       -0.0380483929
        1.4707230794        0.7827396573       -0.0407114194
        1.8468692993        0.8807387084       -0.0393036561
        2.2154922721        0.9306573460       -0.0227679565
        2.0395259518        0.9040677736       -0.0278918092
        1.5532566892        0.8106072372       -0.0306045964
        1.4707230794        0.7907871129       -0.0275052600
        1.8468692993        0.8717715130       -0.0306605181
        1.5532566892        0.8104085225       -0.0305690412
        0.8158103807        0.4665540373       -0.0666714000
        0.6449547355        0.3671727623       -0.0791509016
        1.2899094709        0.7123377899       -0.0430375734
        2.0998204863        0.9138792289       -0.0179645236
        1.4707230794        0.7906456286       -0.0274616922
        0.6449547355        0.3674070863       -0.0798365430
        0.4079051904        0.2217084463       -0.1037904012
        1.1892377713        0.6859554341       -0.0511570377
        2.0395259518        0.9034191556       -0.0160605933
        1.8468692993        0.8716981897       -0.0306580589
        1.2899094709        0.7123175298       -0.0429298262
        1.1892377713        0.6856569070       -0.0509441961
        1.6316207614        0.8260065428       -0.0411452440
        2.0998204863        0.9140450384       -0.0179700491
        2.0395259518        0.9035318971       -0.0161174511
        2.2154922721        0.9319711531       -0.0354833861
        1.7780175033        0.8713378780       -0.0362248903
        1.7063898370        0.8542174262       -0.0342990350
        2.0395259518        0.9084425317       -0.0371449441
        1.7780175033        0.8712523309       -0.0361897096
        1.1892377713        0.6686409846       -0.0611467187
        1.0792156922        0.6024793552       -0.0561455915
        1.5532566892        0.8137063012       -0.0376940816
        1.7063898370        0.8541081501       -0.0341563024
        1.0792156922        0.6030093043       -0.0557195856
        0.9566224667        0.5410002724       -0.0642391862
        1.4707230794        0.7827900494       -0.0402927882
        2.2154922721        0.9303034766       -0.0228418264
        2.0395259518        0.9083778905       -0.0371783238
        1.5532566892        0.8138042659       -0.0380170053
        1.4707230794        0.7828726035       -0.0409689255
        1.8468692993        0.8804959402       -0.0395883305
        2.2154922721        0.9305154431       -0.0230102134
        1.9132449334        0.9022173283       -0.0405668843
        1.8468692993        0.8864311206       -0.0346446260
        2.1584313844        0.9243958083       -0.0317195642
        1.8468692993        0.8864014559       -0.0348178534
        1.7780175033        0.8711520730       -0.0287742776
        2.0998204863        0.9138175679       -0.0279678595
        2.1584313844        0.9245834839       -0.0319497627
        2.0998204863        0.9140309286       -0.0282535012
