#epsqw diagonal term
#1:q+G [au], 2:Re(eps-1), 3:Im(eps-1)
        1.9132449334        1.0757066585       -0.0541879102
        1.8468692993        1.0854520324       -0.0593186787
        2.1584313844        1.0446130003       -0.0358142871
        1.8468692993        1.0855171399       -0.0590845874
        1.7780175033        1.0967317155       -0.0621788461
        2.0998204863        1.0487055470       -0.0428488325
        2.1584313844        1.0446785133       -0.0356900468
        2.0998204863        1.0488868066       -0.0427541989
        2.2154922721        1.0419818464       -0.0332408152
        1.7780175033        1.0986794904       -0.0666222293
        1.7063898370        1.1116375372       -0.0742916247
        2.0395259518        1.0586730988       -0.0398709055
        1.7780175033        1.0982183784       -0.0666823772
        1.1892377713        1.2450529758       -0.1059592300
        1.0792156922        1.2789415077       -0.1177223448
        1.5532566892        1.1450626373       -0.0843808209
        1.7063898370        1.1111924484       -0.0741094220
        1.0792156922        1.2789479328       -0.1169239576
        0.9566224667        1.3290329499       -0.1373201485
        1.4707230794        1.1608752107       -0.0911300148
        2.2154922721        1.0389855266       -0.0371743320
        2.0395259518        1.0585634446       -0.0397528621
        1.5532566892        1.1456915533       -0.0836438865
        1.4707230794        1.1617453484       -0.0905649497
        1.8468692993        1.0842300115       -0.0499488345
        2.2154922721        1.0392964354       -0.0370735324
        2.0395259518        1.0555995587       -0.0497017643
        1.5532566892        1.1461670133       -0.0864475583
        1.4707230794        1.1716456739       -0.0938825420
        1.8468692993        1.0831967505       -0.0671824887
        1.5532566892        1.1454673021       -0.0866910067
        0.8158103807        1.3739740321       -0.1633562868
        0.6449547355        1.4267328759       -0.1692874485
        1.2899094709        1.2159568701       -0.1058143143
        2.0998204863        1.0506425887       -0.0449438098
        1.4707230794        1.1707861627       -0.0941103500
        0.6449547355        1.4263455424       -0.1692427743
        0.4079051904        1.4508886189       -0.1815400423
        1.1892377713        1.2555116951       -0.1315846962
        2.0395259518        1.0588645334       -0.0503558789
        1.8468692993        1.0829863835       -0.0672246654
        1.2899094709        1.2164612849       -0.1056001469
        1.1892377713        1.2563106113       -0.1314553702
        1.6316207614        1.1232340461       -0.0838452900
        2.0998204863        1.0510109817       -0.0447950832
        2.0395259518        1.0593077560       -0.0502019206
        2.2154922721        1.0422018156       -0.0325355680
        1.7780175033        1.0984548996       -0.0653562927
        1.7063898370        1.1115700077       -0.0734242656
        2.0395259518        1.0586565142       -0.0396367909
        1.7780175033        1.0979722506       -0.0656098883
        1.1892377713        1.2427304351       -0.1045609849
        1.0792156922        1.2780291788       -0.1163155772
        1.5532566892        1.1457473641       -0.0838775005
        1.7063898370        1.1106451874       -0.0740131976
        1.0792156922        1.2773383317       -0.1174091447
        0.9566224667        1.3320120775       -0.1383163934
        1.4707230794        1.1623990260       -0.0919858218
        2.2154922721        1.0386574370       -0.0377265171
        2.0395259518        1.0585544074       -0.0398036860
        1.5532566892        1.1459838682       -0.0842456066
        1.4707230794        1.1628167903       -0.0920052185
        1.8468692993        1.0844378787       -0.0510500078
        2.2154922721        1.0388630818       -0.0377406847
        1.9132449334        1.0757438630       -0.0531934854
        1.8468692993        1.0855731617       -0.0588779015
        2.1584313844        1.0445331133       -0.0359782548
        1.8468692993        1.0854868967       -0.0590521069
        1.7780175033        1.0968170374       -0.0627141773
        2.0998204863        1.0484972209       -0.0435945676
        2.1584313844        1.0445482831       -0.0360665002
        2.0998204863        1.0483989735       -0.0437529590
