#epsqw diagonal term
#1:q+G [au], 2:Re(eps-1), 3:Im(eps-1)
        1.9132449334        1.0046165798       -0.0000149209
        1.8468692993        1.0050256516       -0.0000162649
        2.1584313844        1.0033289224       -0.0000103486
        1.8468692993        1.0050250380       -0.0000162637
        1.7780175033        1.0054855288       -0.0000177117
        2.0998204863        1.0036021365       -0.0000111778
        2.1584313844        1.0033284513       -0.0000103467
        2.0998204863        1.0036018416       -0.0000111761
        2.2154922721        1.0030813589       -0.0000094933
        1.7780175033        1.0054930691       -0.0000183073
        1.7063898370        1.0060219397       -0.0000201601
        2.0395259518        1.0038977613       -0.0000123539
        1.7780175033        1.0054951417       -0.0000183138
        1.1892377713        1.0110774070       -0.0000442266
        1.0792156922        1.0124096239       -0.0000513309
        1.5532566892        1.0072841883       -0.0000257497
        1.7063898370        1.0060245471       -0.0000201683
        1.0792156922        1.0124095460       -0.0000513320
        0.9566224667        1.0139370426       -0.0000598893
        1.4707230794        1.0080702423       -0.0000288736
        2.2154922721        1.0030896812       -0.0000095190
        2.0395259518        1.0038979349       -0.0000123544
        1.5532566892        1.0072819654       -0.0000257425
        1.4707230794        1.0080672819       -0.0000288639
        1.8468692993        1.0050240090       -0.0000165295
        2.2154922721        1.0030886330       -0.0000095162
        2.0395259518        1.0039093475       -0.0000120222
        1.5532566892        1.0072792474       -0.0000249193
        1.4707230794        1.0080571401       -0.0000275087
        1.8468692993        1.0050412204       -0.0000161186
        1.5532566892        1.0072827256       -0.0000249276
        0.8158103807        1.0155816052       -0.0000730971
        0.6449547355        1.0172940808       -0.0000882661
        1.2899094709        1.0099474791       -0.0000371808
        2.0998204863        1.0036047538       -0.0000111710
        1.4707230794        1.0080613448       -0.0000275190
        0.6449547355        1.0172978905       -0.0000882757
        0.4079051904        1.0187665465       -0.0001125461
        1.1892377713        1.0111458615       -0.0000420114
        2.0395259518        1.0039036157       -0.0000120327
        1.8468692993        1.0050420422       -0.0000161204
        1.2899094709        1.0099437738       -0.0000371710
        1.1892377713        1.0111407019       -0.0000419978
        1.6316207614        1.0066532981       -0.0000224129
        2.0998204863        1.0036023389       -0.0000111654
        2.0395259518        1.0039010396       -0.0000120267
        2.2154922721        1.0030820075       -0.0000094945
        1.7780175033        1.0054940165       -0.0000183104
        1.7063898370        1.0060225887       -0.0000201612
        2.0395259518        1.0038978268       -0.0000123535
        1.7780175033        1.0054960484       -0.0000183167
        1.1892377713        1.0110779748       -0.0000442309
        1.0792156922        1.0124083405       -0.0000513302
        1.5532566892        1.0072839440       -0.0000257496
        1.7063898370        1.0060251068       -0.0000201690
        1.0792156922        1.0124083333       -0.0000513303
        0.9566224667        1.0139367357       -0.0000598902
        1.4707230794        1.0080692265       -0.0000288720
        2.2154922721        1.0030889801       -0.0000095171
        2.0395259518        1.0038981240       -0.0000123543
        1.5532566892        1.0072818311       -0.0000257426
        1.4707230794        1.0080662562       -0.0000288617
        1.8468692993        1.0050228886       -0.0000165273
        2.2154922721        1.0030879057       -0.0000095142
        1.9132449334        1.0046176327       -0.0000149230
        1.8468692993        1.0050256111       -0.0000162655
        2.1584313844        1.0033283552       -0.0000103466
        1.8468692993        1.0050251268       -0.0000162645
        1.7780175033        1.0054850078       -0.0000177105
        2.0998204863        1.0036011643       -0.0000111748
        2.1584313844        1.0033279601       -0.0000103447
        2.0998204863        1.0036008836       -0.0000111732
