#epsqw diagonal term
#1:q+G [au], 2:Re(eps-1), 3:Im(eps-1)
        1.9132449334        0.8706009027       -0.0153497265
        1.8468692993        0.8604819816       -0.0172721866
        2.1584313844        0.9036230832       -0.0138146979
        1.8468692993        0.8605456427       -0.0172898095
        1.7780175033        0.8478247705       -0.0187736175
        2.0998204863        0.8970613479       -0.0131696006
        2.1584313844        0.9036901787       -0.0137819150
        2.0998204863        0.8971133152       -0.0131269972
        2.2154922721        0.9115702294       -0.0132951577
        1.7780175033        0.8473534813       -0.0149049124
        1.7063898370        0.8325176761       -0.0159788513
        2.0395259518        0.8907093651       -0.0149661740
        1.7780175033        0.8473400539       -0.0149318483
        1.1892377713        0.6548717267       -0.0296623237
        1.0792156922        0.5994941914       -0.0395916254
        1.5532566892        0.7901458530       -0.0175235468
        1.7063898370        0.8324548712       -0.0160270944
        1.0792156922        0.5994512704       -0.0396211258
        0.9566224667        0.5424493192       -0.0614850907
        1.4707230794        0.7644595283       -0.0199193868
        2.2154922721        0.9139066562       -0.0133660422
        2.0395259518        0.8906616564       -0.0150370085
        1.5532566892        0.7901781065       -0.0175185757
        1.4707230794        0.7644576139       -0.0198700685
        1.8468692993        0.8609026364       -0.0179034530
        2.2154922721        0.9138794835       -0.0133384929
        2.0395259518        0.8931618709       -0.0110275925
        1.5532566892        0.7984274354       -0.0187542462
        1.4707230794        0.7734933308       -0.0204071948
        1.8468692993        0.8631614174       -0.0140876186
        1.5532566892        0.7984069691       -0.0187969903
        0.8158103807        0.4483672825       -0.0751125203
        0.6449547355        0.3463414724       -0.0835712041
        1.2899094709        0.7027767791       -0.0252871675
        2.0998204863        0.9049699732       -0.0134575564
        1.4707230794        0.7734555759       -0.0204593084
        0.6449547355        0.3464200268       -0.0837318373
        0.4079051904        0.1910246619       -0.1080736013
        1.1892377713        0.6590470989       -0.0296889739
        2.0395259518        0.8982616146       -0.0106834215
        1.8468692993        0.8631043384       -0.0141356900
        1.2899094709        0.7028147313       -0.0252621336
        1.1892377713        0.6590052279       -0.0295983348
        1.6316207614        0.8190564400       -0.0161973323
        2.0998204863        0.9049930335       -0.0135192654
        2.0395259518        0.8982488125       -0.0106865694
        2.2154922721        0.9114595911       -0.0134354171
        1.7780175033        0.8473706275       -0.0150454893
        1.7063898370        0.8323748469       -0.0159049548
        2.0395259518        0.8906062075       -0.0148418009
        1.7780175033        0.8473668779       -0.0151159795
        1.1892377713        0.6554483142       -0.0295048271
        1.0792156922        0.5997426321       -0.0384198888
        1.5532566892        0.7903580834       -0.0177028977
        1.7063898370        0.8323857763       -0.0159607017
        1.0792156922        0.5996104218       -0.0384572112
        0.9566224667        0.5428328163       -0.0592150472
        1.4707230794        0.7642949298       -0.0198218699
        2.2154922721        0.9138552066       -0.0132775940
        2.0395259518        0.8905726335       -0.0149215327
        1.5532566892        0.7903870708       -0.0176816867
        1.4707230794        0.7643347806       -0.0197554555
        1.8468692993        0.8605447592       -0.0178537980
        2.2154922721        0.9138644520       -0.0132203449
        1.9132449334        0.8708614606       -0.0156285420
        1.8468692993        0.8608393440       -0.0175116282
        2.1584313844        0.9040035012       -0.0139613951
        1.8468692993        0.8608271387       -0.0175034497
        1.7780175033        0.8480447890       -0.0192190703
        2.0998204863        0.8974338417       -0.0133052128
        2.1584313844        0.9040285707       -0.0139357487
        2.0998204863        0.8974571952       -0.0132664402
