#epsqw diagonal term
#1:q+G [au], 2:Re(eps-1), 3:Im(eps-1)
        1.9132449334        0.8805209379       -0.0006443551
        1.8468692993        0.8711122555       -0.0006499852
        2.1584313844        0.9117332189       -0.0005480436
        1.8468692993        0.8711214207       -0.0006499201
        1.7780175033        0.8603910081       -0.0006537889
        2.0998204863        0.9066104914       -0.0005315077
        2.1584313844        0.9117536979       -0.0005480363
        2.0998204863        0.9066273429       -0.0005316150
        2.2154922721        0.9168754516       -0.0005763710
        1.7780175033        0.8559063151       -0.0007687763
        1.7063898370        0.8422506333       -0.0007997650
        2.0395259518        0.8965231255       -0.0006616609
        1.7780175033        0.8558656155       -0.0007686168
        1.1892377713        0.6717137276       -0.0013166100
        1.0792156922        0.6193705090       -0.0014681490
        1.5532566892        0.8022381044       -0.0009384449
        1.7063898370        0.8422067588       -0.0007988006
        1.0792156922        0.6193587161       -0.0014677719
        0.9566224667        0.5653918277       -0.0016331314
        1.4707230794        0.7790070138       -0.0009864945
        2.2154922721        0.9192413843       -0.0005261202
        2.0395259518        0.8965226728       -0.0006613782
        1.5532566892        0.8022821640       -0.0009386051
        1.4707230794        0.7790621055       -0.0009872635
        1.8468692993        0.8682778434       -0.0007565508
        2.2154922721        0.9192602941       -0.0005265600
        2.0395259518        0.9007944540       -0.0005090466
        1.5532566892        0.8047828315       -0.0008747642
        1.4707230794        0.7828665070       -0.0009620892
        1.8468692993        0.8713140073       -0.0006266039
        1.5532566892        0.8047337848       -0.0008747923
        0.8158103807        0.4867342955       -0.0018674487
        0.6449547355        0.3947775430       -0.0021942930
        1.2899094709        0.7165960944       -0.0011530932
        2.0998204863        0.9087049890       -0.0005200420
        1.4707230794        0.7828164586       -0.0009618242
        0.6449547355        0.3947686761       -0.0021942588
        0.4079051904        0.2691375362       -0.0025901683
        1.1892377713        0.6783007435       -0.0013259425
        2.0395259518        0.9040301284       -0.0004888595
        1.8468692993        0.8712977322       -0.0006268640
        1.2899094709        0.7166356232       -0.0011533388
        1.1892377713        0.6783486561       -0.0013263807
        1.6316207614        0.8284222479       -0.0007639253
        2.0998204863        0.9087400382       -0.0005200622
        2.0395259518        0.9040658128       -0.0004888375
        2.2154922721        0.9168516549       -0.0005776477
        1.7780175033        0.8558731879       -0.0007699740
        1.7063898370        0.8422980627       -0.0007973165
        2.0395259518        0.8965762048       -0.0006595330
        1.7780175033        0.8558372673       -0.0007696032
        1.1892377713        0.6715821166       -0.0013214243
        1.0792156922        0.6193847131       -0.0014684686
        1.5532566892        0.8022041122       -0.0009393760
        1.7063898370        0.8422529043       -0.0007965825
        1.0792156922        0.6193710073       -0.0014681835
        0.9566224667        0.5653857393       -0.0016340560
        1.4707230794        0.7790119533       -0.0009857466
        2.2154922721        0.9192474632       -0.0005254568
        2.0395259518        0.8965657107       -0.0006598697
        1.5532566892        0.8022385732       -0.0009402151
        1.4707230794        0.7790700484       -0.0009867458
        1.8468692993        0.8683176129       -0.0007537915
        2.2154922721        0.9192645740       -0.0005261755
        1.9132449334        0.8805513552       -0.0006435307
        1.8468692993        0.8711139531       -0.0006495513
        2.1584313844        0.9117528951       -0.0005478700
        1.8468692993        0.8711200079       -0.0006496435
        1.7780175033        0.8603862315       -0.0006533205
        2.0998204863        0.9066037823       -0.0005319080
        2.1584313844        0.9117701436       -0.0005482227
        2.0998204863        0.9066188669       -0.0005321395
