#epsqw diagonal term
#1:q+G [au], 2:Re(eps-1), 3:Im(eps-1)
        1.9132449334        0.8894865096       -0.0271550533
        1.8468692993        0.8727927242       -0.0275869163
        2.1584313844        0.9233315775       -0.0244492573
        1.8468692993        0.8729058403       -0.0277185405
        1.7780175033        0.8590447725       -0.0261068477
        2.0998204863        0.9142518494       -0.0274118404
        2.1584313844        0.9233959019       -0.0244331143
        2.0998204863        0.9144064827       -0.0273341059
        2.2154922721        0.9329648510       -0.0298046140
        1.7780175033        0.8635335385       -0.0311372918
        1.7063898370        0.8449674294       -0.0322319313
        2.0395259518        0.9128647548       -0.0285725333
        1.7780175033        0.8631688322       -0.0311707886
        1.1892377713        0.6443034474       -0.0630830437
        1.0792156922        0.5684931810       -0.0770785169
        1.5532566892        0.8012144003       -0.0331963439
        1.7063898370        0.8444545832       -0.0321934665
        1.0792156922        0.5689065451       -0.0779190376
        0.9566224667        0.5042966896       -0.1000447929
        1.4707230794        0.7760733341       -0.0379703414
        2.2154922721        0.9294279514       -0.0233911079
        2.0395259518        0.9125785197       -0.0285016915
        1.5532566892        0.8016184399       -0.0332735055
        1.4707230794        0.7763980593       -0.0377772740
        1.8468692993        0.8816317397       -0.0267421301
        2.2154922721        0.9294551144       -0.0235260889
        2.0395259518        0.9045213330       -0.0290543211
        1.5532566892        0.7929205227       -0.0364463348
        1.4707230794        0.7678804597       -0.0376701123
        1.8468692993        0.8743011149       -0.0307145140
        1.5532566892        0.7927041338       -0.0363646963
        0.8158103807        0.3933617060       -0.0953424288
        0.6449547355        0.2924675642       -0.1434322884
        1.2899094709        0.6913296683       -0.0472675365
        2.0998204863        0.9152461026       -0.0262489840
        1.4707230794        0.7676700519       -0.0376351687
        0.6449547355        0.2933285985       -0.1463777456
        0.4079051904        0.1093580537       -0.2207482889
        1.1892377713        0.6615654828       -0.0620869750
        2.0395259518        0.9051424419       -0.0284113247
        1.8468692993        0.8742164067       -0.0309681167
        1.2899094709        0.6917827603       -0.0471420710
        1.1892377713        0.6619277957       -0.0613318914
        1.6316207614        0.8293291431       -0.0298671617
        2.0998204863        0.9154005251       -0.0262928974
        2.0395259518        0.9051185341       -0.0283546819
        2.2154922721        0.9332308280       -0.0290833218
        1.7780175033        0.8640563076       -0.0309164802
        1.7063898370        0.8449013294       -0.0321974646
        2.0395259518        0.9126134664       -0.0290574152
        1.7780175033        0.8637175306       -0.0308233789
        1.1892377713        0.6451130667       -0.0629021075
        1.0792156922        0.5683501520       -0.0776721647
        1.5532566892        0.8012741000       -0.0329529291
        1.7063898370        0.8444829623       -0.0321120922
        1.0792156922        0.5684431070       -0.0782889997
        0.9566224667        0.5034539479       -0.1007573930
        1.4707230794        0.7760182318       -0.0381160353
        2.2154922721        0.9292435751       -0.0235909816
        2.0395259518        0.9122441823       -0.0289671188
        1.5532566892        0.8015344212       -0.0329723218
        1.4707230794        0.7764884966       -0.0379043369
        1.8468692993        0.8813286398       -0.0267967499
        2.2154922721        0.9293539308       -0.0234298201
        1.9132449334        0.8897922679       -0.0272134259
        1.8468692993        0.8729358219       -0.0277553849
        2.1584313844        0.9234105086       -0.0245031978
        1.8468692993        0.8730012361       -0.0278870286
        1.7780175033        0.8592864568       -0.0260624203
        2.0998204863        0.9144954643       -0.0276473216
        2.1584313844        0.9234776972       -0.0246029360
        2.0998204863        0.9145965682       -0.0276615921
