#epsqw diagonal term
#1:q+G [au], 2:Re(eps-1), 3:Im(eps-1)
        1.9132449334        1.0023786122       -0.0000073867
        1.8468692993        1.0025914521       -0.0000080639
        2.1584313844        1.0017100382       -0.0000050953
        1.8468692993        1.0025911665       -0.0000080634
        1.7780175033        1.0028320590       -0.0000087934
        2.0998204863        1.0018506482       -0.0000055039
        2.1584313844        1.0017098443       -0.0000050942
        2.0998204863        1.0018504668       -0.0000055029
        2.2154922721        1.0015815059       -0.0000046672
        1.7780175033        1.0028332068       -0.0000090918
        1.7063898370        1.0031099651       -0.0000100289
        2.0395259518        1.0020044705       -0.0000060977
        1.7780175033        1.0028342832       -0.0000090952
        1.1892377713        1.0057545297       -0.0000223432
        1.0792156922        1.0064517539       -0.0000260007
        1.5532566892        1.0037662878       -0.0000128667
        1.7063898370        1.0031114332       -0.0000100333
        1.0792156922        1.0064514552       -0.0000260006
        0.9566224667        1.0072504265       -0.0000303792
        1.4707230794        1.0041773206       -0.0000144610
        2.2154922721        1.0015857659       -0.0000046767
        2.0395259518        1.0020046218       -0.0000060981
        1.5532566892        1.0037651183       -0.0000128626
        1.4707230794        1.0041755738       -0.0000144553
        1.8468692993        1.0025887666       -0.0000081930
        2.2154922721        1.0015851360       -0.0000046752
        2.0395259518        1.0020100381       -0.0000059240
        1.5532566892        1.0037652791       -0.0000124491
        1.4707230794        1.0041719952       -0.0000137564
        1.8468692993        1.0025976622       -0.0000079803
        1.5532566892        1.0037671880       -0.0000124533
        0.8158103807        1.0081129511       -0.0000371996
        0.6449547355        1.0090152264       -0.0000450837
        1.2899094709        1.0051610807       -0.0000187109
        2.0998204863        1.0018525689       -0.0000055003
        1.4707230794        1.0041743435       -0.0000137616
        0.6449547355        1.0090176022       -0.0000450897
        0.4079051904        1.0097953090       -0.0000577747
        1.1892377713        1.0057828492       -0.0000211515
        2.0395259518        1.0020079840       -0.0000059280
        1.8468692993        1.0025982678       -0.0000079814
        1.2899094709        1.0051590114       -0.0000187060
        1.1892377713        1.0057801676       -0.0000211450
        1.6316207614        1.0034370434       -0.0000111607
        2.0998204863        1.0018512095       -0.0000054973
        2.0395259518        1.0020066238       -0.0000059249
        2.2154922721        1.0015819268       -0.0000046672
        1.7780175033        1.0028335375       -0.0000090923
        1.7063898370        1.0031099736       -0.0000100290
        2.0395259518        1.0020045661       -0.0000060974
        1.7780175033        1.0028346877       -0.0000090957
        1.1892377713        1.0057538330       -0.0000223419
        1.0792156922        1.0064516860       -0.0000259995
        1.5532566892        1.0037656459       -0.0000128667
        1.7063898370        1.0031113987       -0.0000100334
        1.0792156922        1.0064521956       -0.0000260003
        0.9566224667        1.0072533593       -0.0000303803
        1.4707230794        1.0041772175       -0.0000144610
        2.2154922721        1.0015854611       -0.0000046759
        2.0395259518        1.0020046835       -0.0000060977
        1.5532566892        1.0037644493       -0.0000128630
        1.4707230794        1.0041755094       -0.0000144558
        1.8468692993        1.0025880241       -0.0000081928
        2.2154922721        1.0015847341       -0.0000046742
        1.9132449334        1.0023788839       -0.0000073872
        1.8468692993        1.0025915610       -0.0000080638
        2.1584313844        1.0017098304       -0.0000050941
        1.8468692993        1.0025913895       -0.0000080632
        1.7780175033        1.0028316165       -0.0000087930
        2.0998204863        1.0018503277       -0.0000055028
        2.1584313844        1.0017095452       -0.0000050930
        2.0998204863        1.0018501591       -0.0000055019
