#epsqw diagonal term
#1:q+G [au], 2:Re(eps-1), 3:Im(eps-1)
        1.9132449334        1.0483037894       -0.1398669159
        1.8468692993        1.0594687557       -0.1615477459
        2.1584313844        1.0347999803       -0.1022980948
        1.8468692993        1.0612082406       -0.1632649778
        1.7780175033        1.0706395609       -0.1804893136
        2.0998204863        1.0354004182       -0.0999789514
        2.1584313844        1.0352777777       -0.1009715342
        2.0998204863        1.0340118147       -0.0985458159
        2.2154922721        1.0297139256       -0.1023340626
        1.7780175033        1.0509447036       -0.1591153373
        1.7063898370        1.0609333702       -0.1854635386
        2.0395259518        1.0312603531       -0.1335027724
        1.7780175033        1.0490579060       -0.1597164153
        1.1892377713        1.2339949600       -0.4525247463
        1.0792156922        1.2349885489       -0.4852125259
        1.5532566892        1.0642761985       -0.2442603814
        1.7063898370        1.0607973526       -0.1869055215
        1.0792156922        1.2391862651       -0.4872473933
        0.9566224667        1.2886012137       -0.4922321389
        1.4707230794        1.0895760323       -0.2757911387
        2.2154922721        1.0385156456       -0.0882875872
        2.0395259518        1.0340681156       -0.1329253457
        1.5532566892        1.0709272371       -0.2417263611
        1.4707230794        1.0894664070       -0.2732458648
        1.8468692993        1.0427103030       -0.1745811292
        2.2154922721        1.0387955089       -0.0884203782
        2.0395259518        1.0346252691       -0.1106678149
        1.5532566892        1.0867690002       -0.2398560213
        1.4707230794        1.0989175990       -0.2915815332
        1.8468692993        1.0415752901       -0.1470007249
        1.5532566892        1.0868820187       -0.2392298062
        0.8158103807        1.3771104574       -0.5717736920
        0.6449547355        1.4294579770       -0.5554692616
        1.2899094709        1.1367991836       -0.3511924572
        2.0998204863        1.0516672855       -0.1070145996
        1.4707230794        1.1009538300       -0.2944829635
        0.6449547355        1.4276594495       -0.5580851718
        0.4079051904        1.4562827811       -0.5225623455
        1.1892377713        1.1705658871       -0.3895539320
        2.0395259518        1.0510438416       -0.1259896397
        1.8468692993        1.0411828317       -0.1463023325
        1.2899094709        1.1388195657       -0.3518377064
        1.1892377713        1.1698111330       -0.3899224852
        1.6316207614        1.0556325422       -0.2239624863
        2.0998204863        1.0525877512       -0.1068241156
        2.0395259518        1.0496923488       -0.1247496161
        2.2154922721        1.0297480750       -0.1014940481
        1.7780175033        1.0507598758       -0.1584899268
        1.7063898370        1.0633718598       -0.1859679358
        2.0395259518        1.0341741103       -0.1329435769
        1.7780175033        1.0511373249       -0.1588434665
        1.1892377713        1.2340698565       -0.4441356275
        1.0792156922        1.2435572101       -0.4869599601
        1.5532566892        1.0678415076       -0.2416160551
        1.7063898370        1.0608046521       -0.1870680743
        1.0792156922        1.2386007040       -0.4879173992
        0.9566224667        1.2894037233       -0.4993048415
        1.4707230794        1.0857181405       -0.2779476765
        2.2154922721        1.0385441929       -0.0887403058
        2.0395259518        1.0309397361       -0.1337876959
        1.5532566892        1.0639342231       -0.2411690172
        1.4707230794        1.0884405585       -0.2760806849
        1.8468692993        1.0425823710       -0.1763334434
        2.2154922721        1.0394213686       -0.0887378474
        1.9132449334        1.0484130931       -0.1374624468
        1.8468692993        1.0608642995       -0.1607100195
        2.1584313844        1.0347602355       -0.1018369647
        1.8468692993        1.0614928459       -0.1622820915
        1.7780175033        1.0705795347       -0.1828570283
        2.0998204863        1.0341186853       -0.1010131896
        2.1584313844        1.0334863689       -0.1009579357
        2.0998204863        1.0337048416       -0.0989545124
