#epsqw diagonal term
#1:q+G [au], 2:Re(eps-1), 3:Im(eps-1)
        1.9132449334        0.8697087086       -0.0109034338
        1.8468692993        0.8602644084       -0.0113657603
        2.1584313844        0.9033481588       -0.0095569653
        1.8468692993        0.8602318292       -0.0113836599
        1.7780175033        0.8488685767       -0.0113279677
        2.0998204863        0.8977696183       -0.0083953398
        2.1584313844        0.9033875335       -0.0095424204
        2.0998204863        0.8978128081       -0.0083947236
        2.2154922721        0.9120587251       -0.0098786965
        1.7780175033        0.8480837923       -0.0115294820
        1.7063898370        0.8337832722       -0.0110113807
        2.0395259518        0.8909219236       -0.0114096598
        1.7780175033        0.8480574114       -0.0115776110
        1.1892377713        0.6533049540       -0.0226795201
        1.0792156922        0.5958316765       -0.0278203206
        1.5532566892        0.7916094644       -0.0134633727
        1.7063898370        0.8337006474       -0.0110547491
        1.0792156922        0.5957636399       -0.0278525167
        0.9566224667        0.5297420456       -0.0406684466
        1.4707230794        0.7657983286       -0.0136922275
        2.2154922721        0.9138909907       -0.0103020621
        2.0395259518        0.8909029636       -0.0114170160
        1.5532566892        0.7916616918       -0.0134418935
        1.4707230794        0.7658994992       -0.0136406824
        1.8468692993        0.8606662155       -0.0134734872
        2.2154922721        0.9138997218       -0.0102565893
        2.0395259518        0.8939284626       -0.0080583351
        1.5532566892        0.7976329482       -0.0178291284
        1.4707230794        0.7752064624       -0.0184076285
        1.8468692993        0.8633954817       -0.0109463344
        1.5532566892        0.7975685387       -0.0178604741
        0.8158103807        0.4405694170       -0.0463548910
        0.6449547355        0.3398887604       -0.0571846682
        1.2899094709        0.7021002514       -0.0211908360
        2.0998204863        0.9039427274       -0.0117759743
        1.4707230794        0.7751124117       -0.0184486690
        0.6449547355        0.3398836139       -0.0572689725
        0.4079051904        0.1884452561       -0.0784433804
        1.1892377713        0.6600223523       -0.0247476012
        2.0395259518        0.8993321330       -0.0087383859
        1.8468692993        0.8633545107       -0.0109908459
        1.2899094709        0.7021835272       -0.0211702224
        1.1892377713        0.6601705835       -0.0246730223
        1.6316207614        0.8193026067       -0.0127308616
        2.0998204863        0.9039742224       -0.0117744605
        2.0395259518        0.8993617239       -0.0087411363
        2.2154922721        0.9119296160       -0.0099689750
        1.7780175033        0.8479949143       -0.0116395721
        1.7063898370        0.8337645659       -0.0109437004
        2.0395259518        0.8909705675       -0.0113577023
        1.7780175033        0.8479457986       -0.0116750899
        1.1892377713        0.6538799576       -0.0232909407
        1.0792156922        0.5967803649       -0.0279248650
        1.5532566892        0.7915231490       -0.0135159050
        1.7063898370        0.8336765254       -0.0110248555
        1.0792156922        0.5966505911       -0.0279222519
        0.9566224667        0.5313516709       -0.0406070075
        1.4707230794        0.7658865254       -0.0135950960
        2.2154922721        0.9138381481       -0.0102933186
        2.0395259518        0.8909340515       -0.0113807593
        1.5532566892        0.7915906453       -0.0134715536
        1.4707230794        0.7659945577       -0.0135356834
        1.8468692993        0.8606215493       -0.0132431431
        2.2154922721        0.9138655223       -0.0102369296
        1.9132449334        0.8695611665       -0.0109428119
        1.8468692993        0.8601298573       -0.0115617649
        2.1584313844        0.9033801069       -0.0097350271
        1.8468692993        0.8601472387       -0.0115581185
        1.7780175033        0.8484925739       -0.0116984411
        2.0998204863        0.8978054536       -0.0086548642
        2.1584313844        0.9034347128       -0.0096974938
        2.0998204863        0.8978666708       -0.0086113854
