#epsqw diagonal term
#1:q+G [au], 2:Re(eps-1), 3:Im(eps-1)
        1.9132449334        1.0137039720       -0.0000526550
        1.8468692993        1.0148477398       -0.0000568562
        2.1584313844        1.0100490474       -0.0000379717
        1.8468692993        1.0148459955       -0.0000568515
        1.7780175033        1.0161275918       -0.0000613471
        2.0998204863        1.0108567582       -0.0000409059
        2.1584313844        1.0100479205       -0.0000379667
        2.0998204863        1.0108563092       -0.0000409028
        2.2154922721        1.0093412007       -0.0000351844
        1.7780175033        1.0161948271       -0.0000634866
        1.7063898370        1.0176647043       -0.0000691981
        2.0395259518        1.0116784191       -0.0000445289
        1.7780175033        1.0162007394       -0.0000635082
        1.1892377713        1.0315514281       -0.0001407857
        1.0792156922        1.0351868672       -0.0001614514
        1.5532566892        1.0212068150       -0.0000864648
        1.7063898370        1.0176719862       -0.0000692245
        1.0792156922        1.0351867819       -0.0001614516
        0.9566224667        1.0394306307       -0.0001870301
        1.4707230794        1.0233555593       -0.0000957627
        2.2154922721        1.0093647178       -0.0000352712
        2.0395259518        1.0116790671       -0.0000445315
        1.5532566892        1.0212008836       -0.0000864431
        1.4707230794        1.0233475836       -0.0000957344
        1.8468692993        1.0148937652       -0.0000580223
        2.2154922721        1.0093612351       -0.0000352572
        2.0395259518        1.0117236524       -0.0000436717
        1.5532566892        1.0211317633       -0.0000835337
        1.4707230794        1.0232917041       -0.0000915485
        1.8468692993        1.0149370558       -0.0000568206
        1.5532566892        1.0211421108       -0.0000835649
        0.8158103807        1.0438745445       -0.0002248882
        0.6449547355        1.0484451869       -0.0002675275
        1.2899094709        1.0284927371       -0.0001203288
        2.0998204863        1.0108254708       -0.0000406019
        1.4707230794        1.0233043465       -0.0000915871
        0.6449547355        1.0484551168       -0.0002675613
        0.4079051904        1.0523052144       -0.0003345653
        1.1892377713        1.0318653867       -0.0001354331
        2.0395259518        1.0116610874       -0.0000433569
        1.8468692993        1.0149395868       -0.0000568280
        1.2899094709        1.0284818656       -0.0001202937
        1.1892377713        1.0318501747       -0.0001353847
        1.6316207614        1.0194510913       -0.0000764164
        2.0998204863        1.0108178985       -0.0000405776
        2.0395259518        1.0116530302       -0.0000433313
        2.2154922721        1.0093437821       -0.0000351934
        1.7780175033        1.0161988347       -0.0000635031
        1.7063898370        1.0176670648       -0.0000692032
        2.0395259518        1.0116786187       -0.0000445282
        1.7780175033        1.0162045255       -0.0000635236
        1.1892377713        1.0315571164       -0.0001408081
        1.0792156922        1.0351879088       -0.0001614520
        1.5532566892        1.0212053750       -0.0000864646
        1.7063898370        1.0176741288       -0.0000692283
        1.0792156922        1.0351872918       -0.0001614489
        0.9566224667        1.0394253114       -0.0001870223
        1.4707230794        1.0233509377       -0.0000957509
        2.2154922721        1.0093625090       -0.0000352630
        2.0395259518        1.0116795694       -0.0000445310
        1.5532566892        1.0211995385       -0.0000864431
        1.4707230794        1.0233426982       -0.0000957207
        1.8468692993        1.0148894623       -0.0000580072
        2.2154922721        1.0093589124       -0.0000352482
        1.9132449334        1.0137071522       -0.0000526649
        1.8468692993        1.0148485639       -0.0000568590
        2.1584313844        1.0100478444       -0.0000379659
        1.8468692993        1.0148468566       -0.0000568540
        1.7780175033        1.0161253221       -0.0000613407
        2.0998204863        1.0108533468       -0.0000408933
        2.1584313844        1.0100467627       -0.0000379603
        2.0998204863        1.0108528395       -0.0000408895
