#epsqw diagonal term
#1:q+G [au], 2:Re(eps-1), 3:Im(eps-1)
        1.9132449334        0.8812597723       -0.0005969970
        1.8468692993        0.8718300802       -0.0006054087
        2.1584313844        0.9124165723       -0.0004983468
        1.8468692993        0.8718391451       -0.0006053276
        1.7780175033        0.8610742447       -0.0006143856
        2.0998204863        0.9072273082       -0.0004901744
        2.1584313844        0.9124373567       -0.0004982544
        2.0998204863        0.9072447650       -0.0004901339
        2.2154922721        0.9176769601       -0.0005060216
        1.7780175033        0.8568519042       -0.0006957574
        1.7063898370        0.8432123586       -0.0007260725
        2.0395259518        0.8974194435       -0.0005845644
        1.7780175033        0.8568104025       -0.0006957797
        1.1892377713        0.6732291987       -0.0012260178
        1.0792156922        0.6210930643       -0.0013690885
        1.5532566892        0.8033435627       -0.0008583807
        1.7063898370        0.8431652402       -0.0007256842
        1.0792156922        0.6210799037       -0.0013689607
        0.9566224667        0.5673729089       -0.0015296293
        1.4707230794        0.7801353874       -0.0009085995
        2.2154922721        0.9199322036       -0.0004715843
        2.0395259518        0.8974181192       -0.0005844694
        1.5532566892        0.8033884951       -0.0008583565
        1.4707230794        0.7801932003       -0.0009088721
        1.8468692993        0.8692599250       -0.0006759942
        2.2154922721        0.9199527155       -0.0004716849
        2.0395259518        0.9013280218       -0.0004782161
        1.5532566892        0.8057263433       -0.0008187413
        1.4707230794        0.7839253399       -0.0008977287
        1.8468692993        0.8719771724       -0.0005878964
        1.5532566892        0.8056770697       -0.0008188316
        0.8158103807        0.4891713323       -0.0017448510
        0.6449547355        0.3979761416       -0.0020290704
        1.2899094709        0.7178405888       -0.0010862804
        2.0998204863        0.9093182124       -0.0004797975
        1.4707230794        0.7838742895       -0.0008975827
        0.6449547355        0.3979672779       -0.0020290293
        0.4079051904        0.2735875309       -0.0023637819
        1.1892377713        0.6797968250       -0.0012464232
        2.0395259518        0.9045493610       -0.0004576345
        1.8468692993        0.8719614903       -0.0005881335
        1.2899094709        0.7178809856       -0.0010864010
        1.1892377713        0.6798460906       -0.0012467295
        1.6316207614        0.8292280469       -0.0007174953
        2.0998204863        0.9093535649       -0.0004797580
        2.0395259518        0.9045851104       -0.0004576215
        2.2154922721        0.9176565432       -0.0005068532
        1.7780175033        0.8568217434       -0.0006965857
        1.7063898370        0.8432532023       -0.0007244546
        2.0395259518        0.8974670576       -0.0005831749
        1.7780175033        0.8567844538       -0.0006964949
        1.1892377713        0.6731114769       -0.0012292828
        1.0792156922        0.6211092921       -0.0013691264
        1.5532566892        0.8033117944       -0.0008591233
        1.7063898370        0.8432054680       -0.0007241847
        1.0792156922        0.6210943272       -0.0013690682
        0.9566224667        0.5673702888       -0.0015299879
        1.4707230794        0.7801381234       -0.0009081978
        2.2154922721        0.9199360296       -0.0004712754
        2.0395259518        0.8974574312       -0.0005833993
        1.5532566892        0.8033490803       -0.0008594575
        1.4707230794        0.7801996988       -0.0009085541
        1.8468692993        0.8692918830       -0.0006742392
        2.2154922721        0.9199556083       -0.0004715011
        1.9132449334        0.8812882368       -0.0005963362
        1.8468692993        0.8718305080       -0.0006052009
        2.1584313844        0.9124359887       -0.0004982360
        1.8468692993        0.8718368932       -0.0006052144
        1.7780175033        0.8610681181       -0.0006141381
        2.0998204863        0.9072214674       -0.0004905308
        2.1584313844        0.9124546205       -0.0004982970
        2.0998204863        0.9072374920       -0.0004905721
