#epsqw diagonal term
#1:q+G [au], 2:Re(eps-1), 3:Im(eps-1)
        1.9132449334        0.8807132822       -0.0006310049
        1.8468692993        0.8712986782       -0.0006375463
        2.1584313844        0.9119129411       -0.0005336133
        1.8468692993        0.8713078253       -0.0006374748
        1.7780175033        0.8605674803       -0.0006430551
        2.0998204863        0.9067716754       -0.0005196888
        2.1584313844        0.9119335214       -0.0005335800
        2.0998204863        0.9067887234       -0.0005197457
        2.2154922721        0.9170901176       -0.0005551758
        1.7780175033        0.8561566808       -0.0007472075
        1.7063898370        0.8425051942       -0.0007780144
        2.0395259518        0.8967627296       -0.0006385211
        1.7780175033        0.8561157267       -0.0007471099
        1.1892377713        0.6721077932       -0.0012909231
        1.0792156922        0.6198173630       -0.0014403811
        1.5532566892        0.8025294981       -0.0009149198
        1.7063898370        0.8424603523       -0.0007772382
        1.0792156922        0.6198051586       -0.0014400861
        0.9566224667        0.5659022246       -0.0016049910
        1.4707230794        0.7793034712       -0.0009637149
        2.2154922721        0.9194242403       -0.0005101449
        2.0395259518        0.8967620028       -0.0006383036
        1.5532566892        0.8025738265       -0.0009150220
        1.4707230794        0.7793593780       -0.0009643217
        1.8468692993        0.8685392245       -0.0007325220
        2.2154922721        0.9194436488       -0.0005104706
        2.0395259518        0.9009323070       -0.0005006377
        1.5532566892        0.8050271393       -0.0008594480
        1.4707230794        0.7831410843       -0.0009444401
        1.8468692993        0.8714854612       -0.0006160419
        1.5532566892        0.8049780165       -0.0008594974
        0.8158103807        0.4873609300       -0.0018344272
        0.6449547355        0.3956013842       -0.0021495596
        1.2899094709        0.7169167908       -0.0011350001
        2.0998204863        0.9088644903       -0.0005089737
        1.4707230794        0.7830907565       -0.0009442124
        0.6449547355        0.3955925151       -0.0021495269
        0.4079051904        0.2702818663       -0.0025294215
        1.1892377713        0.6786859024       -0.0013045137
        2.0395259518        0.9041644958       -0.0004803613
        1.8468692993        0.8714693311       -0.0006162994
        1.2899094709        0.7169565672       -0.0011352071
        1.1892377713        0.6787341794       -0.0013049136
        1.6316207614        0.8286305664       -0.0007512283
        2.0998204863        0.9088996316       -0.0005089742
        2.0395259518        0.9042001925       -0.0004803427
        2.2154922721        0.9170672755       -0.0005563084
        1.7780175033        0.8561243828       -0.0007482859
        1.7063898370        0.8425507873       -0.0007758191
        2.0395259518        0.8968142655       -0.0006366250
        1.7780175033        0.8560880381       -0.0007480105
        1.1892377713        0.6719799792       -0.0012952805
        1.0792156922        0.6198321332       -0.0014406194
        1.5532566892        0.8024960930       -0.0009158000
        1.7063898370        0.8425048589       -0.0007752352
        1.0792156922        0.6198180528       -0.0014404062
        0.9566224667        0.5658971415       -0.0016057438
        1.4707230794        0.7793077744       -0.0009630759
        2.2154922721        0.9194296693       -0.0005095912
        2.0395259518        0.8968040147       -0.0006369257
        1.5532566892        0.8025313971       -0.0009164749
        1.4707230794        0.7793669151       -0.0009638648
        1.8468692993        0.8685768140       -0.0007300668
        2.2154922721        0.9194475358       -0.0005101462
        1.9132449334        0.8807431849       -0.0006302234
        1.8468692993        0.8712999976       -0.0006371874
        2.1584313844        0.9119325307       -0.0005334644
        1.8468692993        0.8713061576       -0.0006372529
        1.7780175033        0.8605623186       -0.0006426512
        2.0998204863        0.9067651839       -0.0005200812
        2.1584313844        0.9119502085       -0.0005337202
        2.0998204863        0.9067805571       -0.0005202504
