#epsqw diagonal term
#1:q+G [au], 2:Re(eps-1), 3:Im(eps-1)
        1.9132449334        0.8920289300       -0.1236832611
        1.8468692993        0.8755752447       -0.1408147934
        2.1584313844        0.9360250795       -0.0909124869
        1.8468692993        0.8770874403       -0.1411269485
        1.7780175033        0.8600895382       -0.1633620706
        2.0998204863        0.9304053553       -0.1057519920
        2.1584313844        0.9362730721       -0.0906757765
        2.0998204863        0.9297580244       -0.1052797827
        2.2154922721        0.9468250437       -0.0765021899
        1.7780175033        0.8573340830       -0.1575222177
        1.7063898370        0.8425355525       -0.1719808123
        2.0395259518        0.9228317799       -0.0997728539
        1.7780175033        0.8578562893       -0.1576129538
        1.1892377713        0.6503691314       -0.3506608370
        1.0792156922        0.5749776798       -0.4283323133
        1.5532566892        0.8059225753       -0.2372000461
        1.7063898370        0.8421931147       -0.1716724732
        1.0792156922        0.5765574567       -0.4296090205
        0.9566224667        0.4694897798       -0.4387369422
        1.4707230794        0.7739948246       -0.2621870840
        2.2154922721        0.9424539786       -0.0780687300
        2.0395259518        0.9230855399       -0.0993781546
        1.5532566892        0.8059097249       -0.2368073798
        1.4707230794        0.7743876574       -0.2605338982
        1.8468692993        0.8976531530       -0.1278564014
        2.2154922721        0.9426716726       -0.0780402592
        2.0395259518        0.9184924707       -0.1171253284
        1.5532566892        0.8042546993       -0.2527876658
        1.4707230794        0.7745980858       -0.2734001711
        1.8468692993        0.8826595368       -0.1439891209
        1.5532566892        0.8034137505       -0.2528343674
        0.8158103807        0.4492807322       -0.4860429509
        0.6449547355        0.3018031409       -0.5149625278
        1.2899094709        0.7153552941       -0.3695920357
        2.0998204863        0.9265169897       -0.0950474071
        1.4707230794        0.7745661583       -0.2742220664
        0.6449547355        0.3022817020       -0.5163290873
        0.4079051904        0.2186102201       -0.5008788065
        1.1892377713        0.6305425455       -0.3687829295
        2.0395259518        0.9252965412       -0.1062062418
        1.8468692993        0.8815349440       -0.1435988558
        1.2899094709        0.7158081234       -0.3705986013
        1.1892377713        0.6302084470       -0.3674584860
        1.6316207614        0.8373826973       -0.1741312936
        2.0998204863        0.9269462018       -0.0953616323
        2.0395259518        0.9251087310       -0.1055246651
        2.2154922721        0.9476447344       -0.0768237189
        1.7780175033        0.8596807582       -0.1592866389
        1.7063898370        0.8435311833       -0.1723723616
        2.0395259518        0.9229914299       -0.0996676172
        1.7780175033        0.8598962931       -0.1591442233
        1.1892377713        0.6522405049       -0.3494273519
        1.0792156922        0.5776092700       -0.4304696627
        1.5532566892        0.8072102046       -0.2378678516
        1.7063898370        0.8425232356       -0.1724054710
        1.0792156922        0.5778012444       -0.4325912131
        0.9566224667        0.4763490730       -0.4355611700
        1.4707230794        0.7770803934       -0.2603234277
        2.2154922721        0.9419600939       -0.0775237152
        2.0395259518        0.9231839429       -0.0998651070
        1.5532566892        0.8058591207       -0.2383929893
        1.4707230794        0.7767191091       -0.2602645654
        1.8468692993        0.8952522666       -0.1277973235
        2.2154922721        0.9421900881       -0.0775868079
        1.9132449334        0.8924680318       -0.1246112053
        1.8468692993        0.8761170869       -0.1410593697
        2.1584313844        0.9354130131       -0.0907632169
        1.8468692993        0.8767872831       -0.1422235539
        1.7780175033        0.8592641993       -0.1635815564
        2.0998204863        0.9295336450       -0.1054828581
        2.1584313844        0.9353095969       -0.0906706536
        2.0998204863        0.9287682578       -0.1053697752
