#epsqw diagonal term
#1:q+G [au], 2:Re(eps-1), 3:Im(eps-1)
        1.9132449334        0.9069197971       -0.1236701186
        1.8468692993        0.9092229410       -0.1402664918
        2.1584313844        0.9401366232       -0.0727552102
        1.8468692993        0.9095692814       -0.1402359060
        1.7780175033        0.9258280771       -0.1714486504
        2.0998204863        0.9401040354       -0.0846325683
        2.1584313844        0.9404923366       -0.0728017022
        2.0998204863        0.9405610946       -0.0845641129
        2.2154922721        0.9427353419       -0.0611350830
        1.7780175033        0.8893676268       -0.1526345222
        1.7063898370        0.8756901250       -0.1681201475
        2.0395259518        0.9236544987       -0.0838972727
        1.7780175033        0.8889105300       -0.1527917708
        1.1892377713        0.7509178101       -0.4027001193
        1.0792156922        0.6735999467       -0.5379569242
        1.5532566892        0.8637304069       -0.2375491073
        1.7063898370        0.8747175747       -0.1677699539
        1.0792156922        0.6737984727       -0.5374400407
        0.9566224667        0.5868912864       -0.6367710693
        1.4707230794        0.8109710247       -0.2744969076
        2.2154922721        0.9524061992       -0.0649377611
        2.0395259518        0.9238205744       -0.0838721772
        1.5532566892        0.8649783712       -0.2380755358
        1.4707230794        0.8119623613       -0.2758506740
        1.8468692993        0.8998633660       -0.1161461051
        2.2154922721        0.9522190547       -0.0648886291
        2.0395259518        0.9323807662       -0.0887794843
        1.5532566892        0.8458930907       -0.2491242140
        1.4707230794        0.8686704442       -0.2736748103
        1.8468692993        0.8968206928       -0.1339074913
        1.5532566892        0.8468771503       -0.2486676555
        0.8158103807        0.4732118620       -0.6433472297
        0.6449547355        0.3130835866       -0.7408378380
        1.2899094709        0.7586718467       -0.3763848338
        2.0998204863        0.9422272703       -0.0769286046
        1.4707230794        0.8697347788       -0.2744548616
        0.6449547355        0.3132350605       -0.7448283376
        0.4079051904        0.0202244349       -0.7374627692
        1.1892377713        0.6972250677       -0.4363127644
        2.0395259518        0.9436613542       -0.0855940836
        1.8468692993        0.8969071149       -0.1339500696
        1.2899094709        0.7572875852       -0.3753507377
        1.1892377713        0.6938967622       -0.4345971689
        1.6316207614        0.8349840144       -0.2037168289
        2.0998204863        0.9425252442       -0.0769598046
        2.0395259518        0.9435177139       -0.0855345358
        2.2154922721        0.9430562968       -0.0612176302
        1.7780175033        0.8896556108       -0.1517135330
        1.7063898370        0.8759748575       -0.1682842439
        2.0395259518        0.9235638522       -0.0837273156
        1.7780175033        0.8890229248       -0.1515059065
        1.1892377713        0.7487266489       -0.4028898025
        1.0792156922        0.6696624734       -0.5363497254
        1.5532566892        0.8651704321       -0.2374673759
        1.7063898370        0.8761524339       -0.1669419526
        1.0792156922        0.6685859824       -0.5345029894
        0.9566224667        0.5890606479       -0.6380085750
        1.4707230794        0.8113174095       -0.2744931366
        2.2154922721        0.9521394485       -0.0651117178
        2.0395259518        0.9237458203       -0.0837463435
        1.5532566892        0.8658006813       -0.2376043212
        1.4707230794        0.8126209369       -0.2766173752
        1.8468692993        0.9002108376       -0.1167961373
        2.2154922721        0.9522522955       -0.0649660196
        1.9132449334        0.9072952933       -0.1235398394
        1.8468692993        0.9088069540       -0.1402390854
        2.1584313844        0.9402558791       -0.0729586621
        1.8468692993        0.9089353611       -0.1402496101
        1.7780175033        0.9250771012       -0.1712505122
        2.0998204863        0.9390644766       -0.0855327551
        2.1584313844        0.9403557014       -0.0727324146
        2.0998204863        0.9396318859       -0.0851547815
