#epsqw diagonal term
#1:q+G [au], 2:Re(eps-1), 3:Im(eps-1)
        1.9132449334        0.8705903801       -0.0341544535
        1.8468692993        0.8634327984       -0.0270049333
        2.1584313844        0.9039815665       -0.0270398515
        1.8468692993        0.8634907359       -0.0269713538
        1.7780175033        0.8541463765       -0.0199655322
        2.0998204863        0.8998481879       -0.0227917897
        2.1584313844        0.9037413469       -0.0269600051
        2.0998204863        0.8995154528       -0.0227652131
        2.2154922721        0.9081731756       -0.0192835707
        1.7780175033        0.8462235009       -0.0308616492
        1.7063898370        0.8315176664       -0.0279932852
        2.0395259518        0.8877715483       -0.0241570695
        1.7780175033        0.8460842903       -0.0310061544
        1.1892377713        0.6492931582       -0.0386686512
        1.0792156922        0.5978959401       -0.0352030504
        1.5532566892        0.7910525780       -0.0366854471
        1.7063898370        0.8313210382       -0.0282245021
        1.0792156922        0.5980760342       -0.0351903788
        0.9566224667        0.5398225321       -0.0359466406
        1.4707230794        0.7696453906       -0.0316577071
        2.2154922721        0.9125343237       -0.0242606770
        2.0395259518        0.8879257661       -0.0242289700
        1.5532566892        0.7910259617       -0.0366887750
        1.4707230794        0.7696593477       -0.0313906523
        1.8468692993        0.8586102321       -0.0279619079
        2.2154922721        0.9123454684       -0.0242353510
        2.0395259518        0.8946946994       -0.0153638005
        1.5532566892        0.7968299800       -0.0277931639
        1.4707230794        0.7751688064       -0.0270190624
        1.8468692993        0.8652469912       -0.0207322562
        1.5532566892        0.7965763905       -0.0279363302
        0.8158103807        0.4617649347       -0.0542338418
        0.6449547355        0.3645219575       -0.0801781294
        1.2899094709        0.7076874219       -0.0362639570
        2.0998204863        0.9065501352       -0.0190022729
        1.4707230794        0.7749686688       -0.0269184591
        0.6449547355        0.3649454724       -0.0799721231
        0.4079051904        0.2820273037       -0.1238839501
        1.1892377713        0.6622007024       -0.0429554792
        2.0395259518        0.9008596340       -0.0148448711
        1.8468692993        0.8653513948       -0.0206059700
        1.2899094709        0.7078330268       -0.0361849999
        1.1892377713        0.6622123506       -0.0428357805
        1.6316207614        0.8209342887       -0.0245845863
        2.0998204863        0.9065611345       -0.0189782723
        2.0395259518        0.9010459270       -0.0147561704
        2.2154922721        0.9080281966       -0.0192281142
        1.7780175033        0.8462128423       -0.0308717206
        1.7063898370        0.8318063522       -0.0277659145
        2.0395259518        0.8877560645       -0.0239766341
        1.7780175033        0.8460839119       -0.0310261363
        1.1892377713        0.6490409009       -0.0383762994
        1.0792156922        0.5979577777       -0.0350695901
        1.5532566892        0.7904328344       -0.0365874058
        1.7063898370        0.8317399584       -0.0278926019
        1.0792156922        0.5981138495       -0.0349778185
        0.9566224667        0.5393330598       -0.0359785824
        1.4707230794        0.7694523119       -0.0315881130
        2.2154922721        0.9124445818       -0.0241527940
        2.0395259518        0.8879202059       -0.0239089636
        1.5532566892        0.7904796340       -0.0363183548
        1.4707230794        0.7694698947       -0.0314729186
        1.8468692993        0.8586851953       -0.0275588007
        2.2154922721        0.9121773323       -0.0241912798
        1.9132449334        0.8702958310       -0.0343252760
        1.8468692993        0.8631391464       -0.0269534702
        2.1584313844        0.9036293739       -0.0269642843
        1.8468692993        0.8632339665       -0.0269709222
        1.7780175033        0.8542895519       -0.0198792429
        2.0998204863        0.8998542899       -0.0227822328
        2.1584313844        0.9034274441       -0.0269086092
        2.0998204863        0.8995601228       -0.0228099092
