#epsqw diagonal term
#1:q+G [au], 2:Re(eps-1), 3:Im(eps-1)
        1.9132449334        0.8802739937       -0.0006630072
        1.8468692993        0.8708735446       -0.0006671621
        2.1584313844        0.9115000975       -0.0005689077
        1.8468692993        0.8708827237       -0.0006671078
        1.7780175033        0.8601663566       -0.0006681676
        2.0998204863        0.9064027135       -0.0005483204
        2.1584313844        0.9115204251       -0.0005689335
        2.0998204863        0.9064192641       -0.0005485096
        2.2154922721        0.9165921154       -0.0006081176
        1.7780175033        0.8555794652       -0.0008004275
        1.7063898370        0.8419184490       -0.0008316143
        2.0395259518        0.8962074807       -0.0006961609
        1.7780175033        0.8555391509       -0.0008001668
        1.1892377713        0.6712082386       -0.0013526727
        1.0792156922        0.6187988694       -0.0015065364
        1.5532566892        0.8018592223       -0.0009728088
        1.7063898370        0.8418759696       -0.0008303552
        1.0792156922        0.6187876738       -0.0015060293
        0.9566224667        0.5647435059       -0.0016706872
        1.4707230794        0.7786227019       -0.0010196366
        2.2154922721        0.9190028504       -0.0005493687
        2.0395259518        0.8962074424       -0.0006957688
        1.5532566892        0.8019028902       -0.0009730518
        1.4707230794        0.7786766159       -0.0010206605
        1.8468692993        0.8679348798       -0.0007922039
        2.2154922721        0.9190210175       -0.0005499915
        2.0395259518        0.9006189264       -0.0005202868
        1.5532566892        0.8044712507       -0.0008952433
        1.4707230794        0.7825158890       -0.0009857377
        1.8468692993        0.8710955929       -0.0006407183
        1.5532566892        0.8044223231       -0.0008952362
        0.8158103807        0.4859399298       -0.0019109907
        0.6449547355        0.3937316041       -0.0022535656
        1.2899094709        0.7161887717       -0.0011770736
        2.0998204863        0.9085007938       -0.0005349240
        1.4707230794        0.7824662220       -0.0009854157
        0.6449547355        0.3937227485       -0.0022535236
        0.4079051904        0.2676870598       -0.0026699350
        1.1892377713        0.6778120165       -0.0013541980
        2.0395259518        0.9038588728       -0.0005001694
        1.8468692993        0.8710791460       -0.0006409759
        1.2899094709        0.7162279579       -0.0011773771
        1.1892377713        0.6778594475       -0.0013546904
        1.6316207614        0.8281568551       -0.0007809303
        2.0998204863        0.9085357081       -0.0005349754
        2.0395259518        0.9038945465       -0.0005001414
        2.2154922721        0.9165669899       -0.0006096245
        1.7780175033        0.8555451927       -0.0008018180
        1.7063898370        0.8419683770       -0.0008287886
        2.0395259518        0.8962626898       -0.0006936749
        1.7780175033        0.8555099041       -0.0008012899
        1.1892377713        0.6710715488       -0.0013581440
        1.0792156922        0.6188123060       -0.0015069690
        1.5532566892        0.8018244694       -0.0009738039
        1.7063898370        0.8419243263       -0.0008278245
        1.0792156922        0.6187991355       -0.0015065754
        0.9566224667        0.5647360142       -0.0016718607
        1.4707230794        0.7786285344       -0.0010187224
        2.2154922721        0.9190098371       -0.0005485424
        2.0395259518        0.8962518597       -0.0006940700
        1.5532566892        0.8018577159       -0.0009748982
        1.4707230794        0.7786851144       -0.0010200523
        1.8468692993        0.8679776189       -0.0007889981
        2.2154922721        0.9190258361       -0.0005495207
        1.9132449334        0.8803050696       -0.0006621297
        1.8468692993        0.8708757887       -0.0006666048
        2.1584313844        0.9115199130       -0.0005686864
        1.8468692993        0.8708816839       -0.0006667408
        1.7780175033        0.8601621055       -0.0006676078
        2.0998204863        0.9063957394       -0.0005487243
        2.1584313844        0.9115365249       -0.0005691913
        2.0998204863        0.9064103995       -0.0005490529
