#epsqw diagonal term
#1:q+G [au], 2:Re(eps-1), 3:Im(eps-1)
        1.9132449334        0.8908771198       -0.0318733146
        1.8468692993        0.8756335381       -0.0304888594
        2.1584313844        0.9271516571       -0.0181935226
        1.8468692993        0.8757204088       -0.0304042587
        1.7780175033        0.8612026140       -0.0265083586
        2.0998204863        0.9179837765       -0.0162368236
        2.1584313844        0.9272448356       -0.0181143401
        2.0998204863        0.9180863381       -0.0162313993
        2.2154922721        0.9330813614       -0.0169615226
        1.7780175033        0.8588215408       -0.0488264806
        1.7063898370        0.8435038776       -0.0481245156
        2.0395259518        0.9109426869       -0.0237581256
        1.7780175033        0.8587210045       -0.0486408679
        1.1892377713        0.6197206793       -0.2993245941
        1.0792156922        0.5835061549       -0.3530581315
        1.5532566892        0.7799834434       -0.1081060572
        1.7063898370        0.8432558416       -0.0481101021
        1.0792156922        0.5819853698       -0.3548242603
        0.9566224667        0.5991457710       -0.4173942391
        1.4707230794        0.7634241261       -0.1152178301
        2.2154922721        0.9332717604       -0.0150173726
        2.0395259518        0.9110758646       -0.0238900613
        1.5532566892        0.7801052043       -0.1085499439
        1.4707230794        0.7636690303       -0.1149315324
        1.8468692993        0.8714236340       -0.0479209447
        2.2154922721        0.9334247259       -0.0149154119
        2.0395259518        0.9081690476       -0.0177673184
        1.5532566892        0.7979328758       -0.0641608838
        1.4707230794        0.7795495893       -0.0721295305
        1.8468692993        0.8756012585       -0.0236976804
        1.5532566892        0.7987488321       -0.0639568389
        0.8158103807        0.4904271414       -0.5312427961
        0.6449547355        0.5609983597       -0.5616757437
        1.2899094709        0.7031279314       -0.1519577784
        2.0998204863        0.9194644947       -0.0154864201
        1.4707230794        0.7797179107       -0.0722159431
        0.6449547355        0.5576779617       -0.5598169297
        0.4079051904        0.5122535040       -0.7637758913
        1.1892377713        0.6894670909       -0.1746273199
        2.0395259518        0.9111845222       -0.0157950120
        1.8468692993        0.8754937612       -0.0235701392
        1.2899094709        0.7030020766       -0.1523824704
        1.1892377713        0.6904275311       -0.1755532722
        1.6316207614        0.8261668509       -0.0490310327
        2.0998204863        0.9194323090       -0.0152795521
        2.0395259518        0.9111971023       -0.0156601404
        2.2154922721        0.9332218461       -0.0169604020
        1.7780175033        0.8588318031       -0.0484305718
        1.7063898370        0.8432372674       -0.0483664000
        2.0395259518        0.9111624770       -0.0236390902
        1.7780175033        0.8588137556       -0.0482373127
        1.1892377713        0.6179785180       -0.2955342479
        1.0792156922        0.5831061712       -0.3517177329
        1.5532566892        0.7795738783       -0.1087435701
        1.7063898370        0.8431813005       -0.0483053470
        1.0792156922        0.5817176413       -0.3534095044
        0.9566224667        0.6008778440       -0.4178641682
        1.4707230794        0.7639451160       -0.1166966212
        2.2154922721        0.9331730793       -0.0152523449
        2.0395259518        0.9111921338       -0.0236413334
        1.5532566892        0.7797613778       -0.1089700873
        1.4707230794        0.7642855876       -0.1163146908
        1.8468692993        0.8712880908       -0.0484798585
        2.2154922721        0.9333067876       -0.0151921427
        1.9132449334        0.8907698887       -0.0315812289
        1.8468692993        0.8757049778       -0.0304328283
        2.1584313844        0.9272978133       -0.0183359163
        1.8468692993        0.8755037726       -0.0303607854
        1.7780175033        0.8609221833       -0.0264020267
        2.0998204863        0.9178204563       -0.0164274075
        2.1584313844        0.9273283629       -0.0182576498
        2.0998204863        0.9179539828       -0.0164197600
