#epsqw diagonal term
#1:q+G [au], 2:Re(eps-1), 3:Im(eps-1)
        1.9132449334        0.8876620416       -0.0423517828
        1.8468692993        0.8760417190       -0.0361987632
        2.1584313844        0.9177588076       -0.0333225160
        1.8468692993        0.8759695179       -0.0362565600
        1.7780175033        0.8639401826       -0.0299380568
        2.0998204863        0.9096766061       -0.0284744407
        2.1584313844        0.9177623556       -0.0334480944
        2.0998204863        0.9096747454       -0.0285327615
        2.2154922721        0.9146602649       -0.0370517283
        1.7780175033        0.8608438339       -0.0406110503
        1.7063898370        0.8438913120       -0.0388631447
        2.0395259518        0.8971924758       -0.0354223366
        1.7780175033        0.8607079950       -0.0406078845
        1.1892377713        0.6568900205       -0.0567232701
        1.0792156922        0.5988792411       -0.0533074821
        1.5532566892        0.8078788120       -0.0430728032
        1.7063898370        0.8438613745       -0.0387472679
        1.0792156922        0.5989838251       -0.0534446134
        0.9566224667        0.5426409162       -0.0632764832
        1.4707230794        0.7754083459       -0.0400899071
        2.2154922721        0.9289018340       -0.0268482560
        2.0395259518        0.8970403188       -0.0354401060
        1.5532566892        0.8076095429       -0.0431737286
        1.4707230794        0.7749018321       -0.0401198494
        1.8468692993        0.8707993547       -0.0379543843
        2.2154922721        0.9288602190       -0.0269481578
        2.0395259518        0.8932180903       -0.0245496849
        1.5532566892        0.8088484920       -0.0329974429
        1.4707230794        0.7869378713       -0.0321667335
        1.8468692993        0.8674668302       -0.0250573116
        1.5532566892        0.8088345268       -0.0327218998
        0.8158103807        0.4655383374       -0.0701335406
        0.6449547355        0.3841911183       -0.0976490807
        1.2899094709        0.7136152472       -0.0384248090
        2.0998204863        0.9120465726       -0.0233924025
        1.4707230794        0.7869760682       -0.0321341370
        0.6449547355        0.3829620883       -0.0973503999
        0.4079051904        0.2643737417       -0.0884038286
        1.1892377713        0.6790886839       -0.0591469651
        2.0395259518        0.9060061657       -0.0166749877
        1.8468692993        0.8673383203       -0.0249171141
        1.2899094709        0.7135537271       -0.0383040783
        1.1892377713        0.6793833538       -0.0590266251
        1.6316207614        0.8222398832       -0.0290711988
        2.0998204863        0.9120501745       -0.0235483001
        2.0395259518        0.9060017498       -0.0166798167
        2.2154922721        0.9150411397       -0.0370758886
        1.7780175033        0.8608619597       -0.0410301549
        1.7063898370        0.8438741356       -0.0391476382
        2.0395259518        0.8973392951       -0.0357086855
        1.7780175033        0.8608434150       -0.0409867801
        1.1892377713        0.6568028460       -0.0562808010
        1.0792156922        0.5987670009       -0.0530646341
        1.5532566892        0.8079755394       -0.0429945244
        1.7063898370        0.8439903297       -0.0390567125
        1.0792156922        0.5989394748       -0.0533443814
        0.9566224667        0.5429773163       -0.0622401043
        1.4707230794        0.7752013055       -0.0402169852
        2.2154922721        0.9286119255       -0.0268996664
        2.0395259518        0.8972073268       -0.0356926683
        1.5532566892        0.8077885528       -0.0431908487
        1.4707230794        0.7747600145       -0.0400839281
        1.8468692993        0.8704779780       -0.0383002278
        2.2154922721        0.9286775618       -0.0269642684
        1.9132449334        0.8874211994       -0.0419222719
        1.8468692993        0.8759084128       -0.0364264197
        2.1584313844        0.9176530309       -0.0334306121
        1.8468692993        0.8758398721       -0.0364012890
        1.7780175033        0.8635906765       -0.0303009587
        2.0998204863        0.9095071766       -0.0287469414
        2.1584313844        0.9177260750       -0.0336694832
        2.0998204863        0.9094653364       -0.0288463582
