#epsqw diagonal term
#1:q+G [au], 2:Re(eps-1), 3:Im(eps-1)
        1.9132449334        0.8795343585       -0.0007417287
        1.8468692993        0.8701651873       -0.0007370402
        2.1584313844        0.9107826127       -0.0006698073
        1.8468692993        0.8701743145       -0.0007370216
        1.7780175033        0.8595108767       -0.0007187534
        2.0998204863        0.9057732861       -0.0006253109
        2.1584313844        0.9108022315       -0.0006696778
        2.0998204863        0.9057884828       -0.0006259178
        2.2154922721        0.9156782618       -0.0007755518
        1.7780175033        0.8545547957       -0.0009571193
        1.7063898370        0.8408784333       -0.0009868785
        2.0395259518        0.8951945500       -0.0008747373
        1.7780175033        0.8545161041       -0.0009562716
        1.1892377713        0.6696969219       -0.0015062525
        1.0792156922        0.6171052599       -0.0016582537
        1.5532566892        0.8006838393       -0.0011413832
        1.7063898370        0.8408415778       -0.0009842599
        1.0792156922        0.6170964822       -0.0016571040
        0.9566224667        0.5628616778       -0.0017988461
        1.4707230794        0.7774393955       -0.0011812005
        2.2154922721        0.9182579774       -0.0006622412
        2.0395259518        0.8951963583       -0.0008736578
        1.5532566892        0.8007258481       -0.0011417039
        1.4707230794        0.7774886224       -0.0011834818
        1.8468692993        0.8668457968       -0.0009759958
        2.2154922721        0.9182729594       -0.0006637582
        2.0395259518        0.9001062106       -0.0005577069
        1.5532566892        0.8035585580       -0.0009629862
        1.4707230794        0.7814860273       -0.0010640161
        1.8468692993        0.8704571140       -0.0006875160
        1.5532566892        0.8035101731       -0.0009627752
        0.8158103807        0.4836475771       -0.0020495999
        0.6449547355        0.3907015959       -0.0024443798
        1.2899094709        0.7150075628       -0.0012544940
        2.0998204863        0.9078971791       -0.0005848207
        1.4707230794        0.7814376971       -0.0010634146
        0.6449547355        0.3906928855       -0.0024442307
        0.4079051904        0.2635051309       -0.0029198450
        1.1892377713        0.6763988209       -0.0014438271
        2.0395259518        0.9033583014       -0.0005369690
        1.8468692993        0.8704402992       -0.0006876828
        1.2899094709        0.7150455313       -0.0012550640
        1.1892377713        0.6764447183       -0.0014445299
        1.6316207614        0.8273807018       -0.0008376858
        2.0998204863        0.9079315483       -0.0005850419
        2.0395259518        0.9033939874       -0.0005369061
        2.2154922721        0.9156481696       -0.0007783622
        1.7780175033        0.8545163129       -0.0009597581
        1.7063898370        0.8409368442       -0.0009822235
        2.0395259518        0.8952572589       -0.0008702246
        1.7780175033        0.8544836710       -0.0009582711
        1.1892377713        0.6695434893       -0.0015144473
        1.0792156922        0.6171161407       -0.0016591092
        1.5532566892        0.8006467553       -0.0011423894
        1.7063898370        0.8408972295       -0.0009803657
        1.0792156922        0.6171050341       -0.0016582830
        0.9566224667        0.5628491685       -0.0018009407
        1.4707230794        0.7774484238       -0.0011794367
        2.2154922721        0.9182682016       -0.0006607247
        2.0395259518        0.8952452028       -0.0008710280
        1.5532566892        0.8006750758       -0.0011445915
        1.4707230794        0.7774989605       -0.0011823804
        1.8468692993        0.8668986245       -0.0009708872
        2.2154922721        0.9182795894       -0.0006629436
        1.9132449334        0.8795672711       -0.0007407447
        1.8468692993        0.8701694891       -0.0007356017
        2.1584313844        0.9108030775       -0.0006690930
        1.8468692993        0.8701746721       -0.0007359871
        1.7780175033        0.8595083856       -0.0007178054
        2.0998204863        0.9057656703       -0.0006256132
        2.1584313844        0.9108169108       -0.0006702436
        2.0998204863        0.9057785932       -0.0006263650
