#epsqw diagonal term
#1:q+G [au], 2:Re(eps-1), 3:Im(eps-1)
        1.9132449334        0.8740895547       -0.0029958635
        1.8468692993        0.8642950557       -0.0028386206
        2.1584313844        0.9064690361       -0.0032778044
        1.8468692993        0.8643295405       -0.0028479271
        1.7780175033        0.8530337416       -0.0024622067
        2.0998204863        0.9013235538       -0.0024605062
        2.1584313844        0.9065331826       -0.0032984472
        2.0998204863        0.9013809360       -0.0024675552
        2.2154922721        0.9123055155       -0.0053808506
        1.7780175033        0.8495427855       -0.0057044231
        1.7063898370        0.8360015574       -0.0060759247
        2.0395259518        0.8913594761       -0.0059426310
        1.7780175033        0.8494446946       -0.0056935036
        1.1892377713        0.6583300362       -0.0065536385
        1.0792156922        0.6039694179       -0.0075099118
        1.5532566892        0.7945169324       -0.0059327802
        1.7063898370        0.8358512761       -0.0060426829
        1.0792156922        0.6039313717       -0.0075000546
        0.9566224667        0.5448594293       -0.0062998467
        1.4707230794        0.7707397153       -0.0055538355
        2.2154922721        0.9137324476       -0.0039273694
        2.0395259518        0.8913135023       -0.0059236261
        1.5532566892        0.7946123166       -0.0059608182
        1.4707230794        0.7708859837       -0.0055779685
        1.8468692993        0.8619376747       -0.0057772616
        2.2154922721        0.9138468795       -0.0039396201
        2.0395259518        0.8953531120       -0.0021218653
        1.5532566892        0.7939128920       -0.0041477686
        1.4707230794        0.7709446801       -0.0053143915
        1.8468692993        0.8643579551       -0.0027698181
        1.5532566892        0.7938449560       -0.0041315967
        0.8158103807        0.4611000243       -0.0069138682
        0.6449547355        0.3625925345       -0.0104611089
        1.2899094709        0.7027936253       -0.0044785582
        2.0998204863        0.9018213054       -0.0032099531
        1.4707230794        0.7708846143       -0.0053041129
        0.6449547355        0.3625517934       -0.0104561402
        0.4079051904        0.2220720816       -0.0123843405
        1.1892377713        0.6614882367       -0.0050357528
        2.0395259518        0.8979820606       -0.0022609694
        1.8468692993        0.8643126218       -0.0027652928
        1.2899094709        0.7028279859       -0.0045012161
        1.1892377713        0.6615138609       -0.0050516812
        1.6316207614        0.8200708288       -0.0034484695
        2.0998204863        0.9018690490       -0.0032159702
        2.0395259518        0.8980196564       -0.0022538149
        2.2154922721        0.9122532710       -0.0053322756
        1.7780175033        0.8494247665       -0.0056822684
        1.7063898370        0.8359533053       -0.0059534942
        2.0395259518        0.8912843713       -0.0058003949
        1.7780175033        0.8493165289       -0.0056660709
        1.1892377713        0.6578274334       -0.0067019452
        1.0792156922        0.6037086627       -0.0075625565
        1.5532566892        0.7943077452       -0.0059532330
        1.7063898370        0.8358082321       -0.0059187883
        1.0792156922        0.6036782947       -0.0075406543
        0.9566224667        0.5446046255       -0.0064202807
        1.4707230794        0.7705512656       -0.0054706445
        2.2154922721        0.9136056087       -0.0038529974
        2.0395259518        0.8912658461       -0.0058102322
        1.5532566892        0.7944441764       -0.0059887186
        1.4707230794        0.7707311377       -0.0055174556
        1.8468692993        0.8618273784       -0.0056030612
        2.2154922721        0.9137489814       -0.0038853336
        1.9132449334        0.8741754422       -0.0029388610
        1.8468692993        0.8642843271       -0.0027909406
        2.1584313844        0.9064582116       -0.0032437085
        1.8468692993        0.8643016894       -0.0027938942
        1.7780175033        0.8531238573       -0.0023849752
        2.0998204863        0.9012654482       -0.0024406879
        2.1584313844        0.9065319199       -0.0032704551
        2.0998204863        0.9013199589       -0.0024646494
