#epsqw diagonal term
#1:q+G [au], 2:Re(eps-1), 3:Im(eps-1)
        1.9132449334        0.8659619141       -0.0259520871
        1.8468692993        0.8617941133       -0.0215334798
        2.1584313844        0.9017932385       -0.0202920965
        1.8468692993        0.8618305209       -0.0214018721
        1.7780175033        0.8572408065       -0.0170993924
        2.0998204863        0.8995206651       -0.0185679151
        2.1584313844        0.9017861638       -0.0199011356
        2.0998204863        0.8995167774       -0.0182067021
        2.2154922721        0.9103919209       -0.0148091995
        1.7780175033        0.8449582573       -0.0241426294
        1.7063898370        0.8319521267       -0.0207914519
        2.0395259518        0.8884895994       -0.0180552276
        1.7780175033        0.8449730819       -0.0241559180
        1.1892377713        0.6531878168       -0.0302736134
        1.0792156922        0.6047776653       -0.0283906510
        1.5532566892        0.7890370048       -0.0282905762
        1.7063898370        0.8318255957       -0.0207318096
        1.0792156922        0.6047527299       -0.0285846398
        0.9566224667        0.5534197528       -0.0281396558
        1.4707230794        0.7699046043       -0.0279602390
        2.2154922721        0.9118209631       -0.0169767176
        2.0395259518        0.8884803679       -0.0180570408
        1.5532566892        0.7889894375       -0.0281435716
        1.4707230794        0.7702567822       -0.0277317364
        1.8468692993        0.8597125713       -0.0212102779
        2.2154922721        0.9118328320       -0.0168188718
        2.0395259518        0.8958789209       -0.0138668845
        1.5532566892        0.7967249117       -0.0233270454
        1.4707230794        0.7781969513       -0.0233471183
        1.8468692993        0.8644916508       -0.0184676705
        1.5532566892        0.7966746548       -0.0231393938
        0.8158103807        0.4692608463       -0.0462604257
        0.6449547355        0.3708350969       -0.0684076211
        1.2899094709        0.7065179009       -0.0353491617
        2.0998204863        0.9051718124       -0.0161502913
        1.4707230794        0.7782338121       -0.0231084220
        0.6449547355        0.3712605187       -0.0684468556
        0.4079051904        0.2776365471       -0.1406655103
        1.1892377713        0.6664980365       -0.0404628486
        2.0395259518        0.9011537611       -0.0137033831
        1.8468692993        0.8646771900       -0.0183897672
        1.2899094709        0.7066007107       -0.0353927310
        1.1892377713        0.6668246064       -0.0405654796
        1.6316207614        0.8197087074       -0.0226591946
        2.0998204863        0.9051607703       -0.0160930943
        2.0395259518        0.9012645419       -0.0138493238
        2.2154922721        0.9105990368       -0.0147230157
        1.7780175033        0.8449973261       -0.0242547962
        1.7063898370        0.8318367473       -0.0209866870
        2.0395259518        0.8886123840       -0.0179543070
        1.7780175033        0.8448347176       -0.0240240364
        1.1892377713        0.6532467286       -0.0298016000
        1.0792156922        0.6047007794       -0.0284311519
        1.5532566892        0.7888676348       -0.0283005441
        1.7063898370        0.8316617449       -0.0210149992
        1.0792156922        0.6048698441       -0.0285996368
        0.9566224667        0.5532944334       -0.0280834140
        1.4707230794        0.7698340657       -0.0277024380
        2.2154922721        0.9119280508       -0.0168823670
        2.0395259518        0.8886896985       -0.0179451458
        1.5532566892        0.7891763059       -0.0280916359
        1.4707230794        0.7700187847       -0.0275577370
        1.8468692993        0.8599310085       -0.0209960184
        2.2154922721        0.9118674804       -0.0166621127
        1.9132449334        0.8657285573       -0.0255159398
        1.8468692993        0.8619011787       -0.0211848360
        2.1584313844        0.9018870707       -0.0201155771
        1.8468692993        0.8618309458       -0.0212567430
        1.7780175033        0.8571403770       -0.0171794887
        2.0998204863        0.8993463219       -0.0185278157
        2.1584313844        0.9017975148       -0.0199571278
        2.0998204863        0.8992343789       -0.0182822925
