#epsqw diagonal term
#1:q+G [au], 2:Re(eps-1), 3:Im(eps-1)
        1.9132449334        0.8799542121       -0.0006909942
        1.8468692993        0.8705657783       -0.0006924750
        2.1584313844        0.9111933385       -0.0006021963
        1.8468692993        0.8705749562       -0.0006924382
        1.7780175033        0.8598794835       -0.0006881209
        2.0998204863        0.9061318489       -0.0005744465
        2.1584313844        0.9112134393       -0.0006022389
        2.0998204863        0.9061479140       -0.0005747774
        2.2154922721        0.9162095887       -0.0006612245
        1.7780175033        0.8551452897       -0.0008517445
        1.7063898370        0.8414775672       -0.0008829564
        2.0395259518        0.8957826046       -0.0007533966
        1.7780175033        0.8551055881       -0.0008512995
        1.1892377713        0.6705543721       -0.0014071006
        1.0792156922        0.6180629614       -0.0015627332
        1.5532566892        0.8013587891       -0.0010282304
        1.7063898370        0.8414371878       -0.0008812108
        1.0792156922        0.6180526730       -0.0015620058
        0.9566224667        0.5639182113       -0.0017222714
        1.4707230794        0.7781172588       -0.0010728466
        2.2154922721        0.9186865108       -0.0005866519
        2.0395259518        0.8957832318       -0.0007527994
        1.5532566892        0.8014018727       -0.0010285720
        1.4707230794        0.7781693938       -0.0010743013
        1.8468692993        0.8674758090       -0.0008511139
        2.2154922721        0.9187035157       -0.0005875862
        2.0395259518        0.9003947702       -0.0005356684
        1.5532566892        0.8040726182       -0.0009232133
        1.4707230794        0.7820665932       -0.0010180919
        1.8468692993        0.8708165211       -0.0006600062
        1.5532566892        0.8040238866       -0.0009231424
        0.8158103807        0.4849320354       -0.0019692754
        0.6449547355        0.3924016870       -0.0023334351
        1.2899094709        0.7156705614       -0.0012094138
        2.0998204863        0.9082382095       -0.0005554060
        1.4707230794        0.7820174632       -0.0010176752
        0.6449547355        0.3923928673       -0.0023333677
        0.4079051904        0.2658473695       -0.0027759435
        1.1892377713        0.6771911732       -0.0013919860
        2.0395259518        0.9036400069       -0.0005154989
        1.8468692993        0.8707998833       -0.0006602459
        1.2899094709        0.7157092599       -0.0012098103
        1.1892377713        0.6772379589       -0.0013925587
        1.6316207614        0.8278177003       -0.0008042473
        2.0998204863        0.9082729175       -0.0005555121
        2.0395259518        0.9036756776       -0.0005154599
        2.2154922721        0.9161825364       -0.0006631405
        1.7780175033        0.8551093643       -0.0008534935
        1.7063898370        0.8415309869       -0.0008795167
        2.0395259518        0.8958408565       -0.0007502886
        1.7780175033        0.8550750701       -0.0008526743
        1.1892377713        0.6704107547       -0.0014135728
        1.0792156922        0.6180753413       -0.0015633290
        1.5532566892        0.8013230571       -0.0010292900
        1.7063898370        0.8414885932       -0.0008781931
        1.0792156922        0.6180629630       -0.0015627663
        0.9566224667        0.5639087161       -0.0017238158
        1.4707230794        0.7781243880       -0.0010716534
        2.2154922721        0.9186948007       -0.0005855700
        2.0395259518        0.8958295400       -0.0007507952
        1.5532566892        0.8013544779       -0.0010307965
        1.4707230794        0.7781786753       -0.0010735410
        1.8468692993        0.8675226874       -0.0008472117
        2.2154922721        0.9187090878       -0.0005869856
        1.9132449334        0.8799861271       -0.0006900559
        1.8468692993        0.8705688528       -0.0006916781
        2.1584313844        0.9112133999       -0.0006018620
        1.8468692993        0.8705744920       -0.0006918929
        1.7780175033        0.8598759684       -0.0006874244
        2.0998204863        0.9061245672       -0.0005748367
        2.1584313844        0.9112290223       -0.0006026124
        2.0998204863        0.9061385777       -0.0005753232
