#epsqw diagonal term
#1:q+G [au], 2:Re(eps-1), 3:Im(eps-1)
        2.0948622256        0.9054426815       -0.0005149259
        2.0948622256        0.9054549716       -0.0005148645
        2.0948622256        0.9054196515       -0.0005151029
        1.7002846659        0.8431711048       -0.0007014161
        1.7002846659        0.8431971392       -0.0007010114
        2.0948622256        0.9054258555       -0.0005144677
        2.0948622256        0.9054325956       -0.0005150258
        1.7002846659        0.8431972366       -0.0007010308
        1.7002846659        0.8431838074       -0.0007013618
        2.0948622256        0.9054271879       -0.0005146904
        2.0948622256        0.9054476166       -0.0005142998
        2.0948622256        0.9054492751       -0.0005145507
        1.9721277370        0.8890165920       -0.0006041427
        1.5465471257        0.8027411834       -0.0008540158
        1.5465471257        0.8026851814       -0.0008558644
        1.9721277370        0.8889951643       -0.0006056675
        1.5465471257        0.8026789475       -0.0008542678
        0.9456892794        0.5585104221       -0.0015337904
        0.9456892794        0.5584632659       -0.0015359153
        1.5465471257        0.8026831429       -0.0008545162
        1.5465471257        0.8026264476       -0.0008560254
        0.9456892794        0.5584645963       -0.0015358752
        0.9456892794        0.5584070717       -0.0015362190
        1.5465471257        0.8026647137       -0.0008546505
        1.9721277370        0.8889983427       -0.0006055626
        1.5465471257        0.8027453628       -0.0008541975
        1.5465471257        0.8027239142       -0.0008543983
        1.9721277370        0.8889974409       -0.0006053845
        2.2107934496        0.9217800091       -0.0004215959
        2.2107934496        0.9217789038       -0.0004216033
        1.8412299905        0.8705650441       -0.0006070262
        1.3757354685        0.7484790716       -0.0010361247
        1.3757354685        0.7484805802       -0.0010362000
        1.8412299905        0.8705919995       -0.0006065489
        2.2107934496        0.9217524388       -0.0004216472
        1.3757354685        0.7484275298       -0.0010361074
        0.6286241168        0.3866625389       -0.0020592649
        0.6286241168        0.3866587475       -0.0020578254
        1.3757354685        0.7484334427       -0.0010359277
        2.2107934496        0.9217543975       -0.0004216978
        2.2107934496        0.9217510704       -0.0004216557
        1.3757354685        0.7484280870       -0.0010361794
        0.6286241168        0.3866601085       -0.0020578003
        0.6286241168        0.3867379236       -0.0020560004
        1.3757354685        0.7484596201       -0.0010352375
        2.2107934496        0.9217612511       -0.0004213041
        1.8412299905        0.8705911118       -0.0006065812
        1.3757354685        0.7484868961       -0.0010359273
        1.3757354685        0.7485117291       -0.0010352284
        1.8412299905        0.8705806424       -0.0006063264
        2.2107934496        0.9217825682       -0.0004216510
        2.2107934496        0.9217887235       -0.0004212570
        2.0948622256        0.9042109816       -0.0005671965
        1.7002846659        0.8408200038       -0.0007425255
        1.7002846659        0.8408152879       -0.0007426033
        2.0948622256        0.9041954057       -0.0005678239
        1.7002846659        0.8407622338       -0.0007429342
        1.1804609889        0.6664941678       -0.0012667193
        1.1804609889        0.6665120126       -0.0012671545
        1.7002846659        0.8407382481       -0.0007439465
        1.7002846659        0.8407569585       -0.0007430591
        1.1804609889        0.6665121632       -0.0012671544
        1.1804609889        0.6665320971       -0.0012660122
        1.7002846659        0.8407825865       -0.0007425846
        2.0948622256        0.9041936927       -0.0005678727
        1.7002846659        0.8407951226       -0.0007435722
        1.7002846659        0.8408417207       -0.0007421595
        2.0948622256        0.9042382906       -0.0005662056
        1.9721277370        0.8900797199       -0.0005740318
        1.9721277370        0.8900748193       -0.0005740063
        1.9721277370        0.8900734178       -0.0005740324
        1.9721277370        0.8900739324       -0.0005737448
