#epsqw diagonal term
#1:q+G [au], 2:Re(eps-1), 3:Im(eps-1)
        2.0948622256        0.9031401011       -0.0008762872
        2.0948622256        0.9031491726       -0.0008820447
        2.0948622256        0.9031162674       -0.0008761090
        1.7002846659        0.8404339402       -0.0009497188
        1.7002846659        0.8404639191       -0.0009504111
        2.0948622256        0.9031320014       -0.0008726145
        2.0948622256        0.9031261288       -0.0008820045
        1.7002846659        0.8404634484       -0.0009505820
        1.7002846659        0.8404457236       -0.0009512181
        2.0948622256        0.9031299622       -0.0008747543
        2.0948622256        0.9031550442       -0.0008724875
        2.0948622256        0.9031524970       -0.0008749700
        1.9721277370        0.8859734177       -0.0014389584
        1.5465471257        0.7990341111       -0.0016967396
        1.5465471257        0.7989460872       -0.0017126964
        1.9721277370        0.8859204237       -0.0014533824
        1.5465471257        0.7989694308       -0.0016969462
        0.9456892794        0.5514678945       -0.0022978263
        0.9456892794        0.5513804636       -0.0023076260
        1.5465471257        0.7989663328       -0.0016948372
        1.5465471257        0.7988853484       -0.0017130771
        0.9456892794        0.5513822281       -0.0023074230
        0.9456892794        0.5513204776       -0.0023015630
        1.5465471257        0.7989566319       -0.0016869061
        1.9721277370        0.8859254741       -0.0014529564
        1.5465471257        0.7990320444       -0.0016943023
        1.5465471257        0.7990186616       -0.0016866169
        1.9721277370        0.8859369232       -0.0014410601
        2.2107934496        0.9199491843       -0.0005944561
        2.2107934496        0.9199510588       -0.0005928192
        1.8412299905        0.8681008002       -0.0008363761
        1.3757354685        0.7441138677       -0.0014205444
        1.3757354685        0.7441141862       -0.0014185111
        1.8412299905        0.8681352726       -0.0008331652
        2.2107934496        0.9199214126       -0.0005945318
        1.3757354685        0.7440637740       -0.0014202638
        0.6286241168        0.3753298036       -0.0028186226
        0.6286241168        0.3753667303       -0.0028096708
        1.3757354685        0.7440696158       -0.0014227324
        2.2107934496        0.9199247693       -0.0005947779
        2.2107934496        0.9199229754       -0.0005929267
        1.3757354685        0.7440631711       -0.0014182276
        0.6286241168        0.3753681803       -0.0028097068
        0.6286241168        0.3754828325       -0.0028018804
        1.3757354685        0.7441114253       -0.0014140328
        2.2107934496        0.9199373723       -0.0005920700
        1.8412299905        0.8681337954       -0.0008332832
        1.3757354685        0.7441222377       -0.0014228207
        1.3757354685        0.7441625055       -0.0014142337
        1.8412299905        0.8681319390       -0.0008267952
        2.2107934496        0.9199529287       -0.0005947535
        2.2107934496        0.9199649502       -0.0005920000
        2.0948622256        0.9011190653       -0.0013791754
        1.7002846659        0.8374897856       -0.0013746975
        1.7002846659        0.8374777565       -0.0013820752
        2.0948622256        0.9010888543       -0.0013895581
        1.7002846659        0.8374287518       -0.0013748725
        1.1804609889        0.6613060314       -0.0017483668
        1.1804609889        0.6613101031       -0.0017605829
        1.7002846659        0.8373829915       -0.0013902129
        1.7002846659        0.8374150065       -0.0013828079
        1.1804609889        0.6613107694       -0.0017604836
        1.1804609889        0.6613443382       -0.0017570323
        1.7002846659        0.8374469353       -0.0013817665
        2.0948622256        0.9010863097       -0.0013897345
        1.7002846659        0.8374432377       -0.0013896650
        1.7002846659        0.8375093846       -0.0013815863
        2.0948622256        0.9011578885       -0.0013800109
        1.9721277370        0.8875658443       -0.0008810050
        1.9721277370        0.8875662040       -0.0008814994
        1.9721277370        0.8875645339       -0.0008815516
        1.9721277370        0.8875732049       -0.0008794552
