#epsqw diagonal term
#1:q+G [au], 2:Re(eps-1), 3:Im(eps-1)
        2.0948622256        0.8965712884       -0.0059107006
        2.0948622256        0.8966802030       -0.0059267381
        2.0948622256        0.8965236652       -0.0059008244
        1.7002846659        0.8306764888       -0.0065043813
        1.7002846659        0.8307172065       -0.0065428345
        2.0948622256        0.8965567620       -0.0058888692
        2.0948622256        0.8966416006       -0.0059142218
        1.7002846659        0.8307317315       -0.0065357862
        1.7002846659        0.8306871422       -0.0064180995
        2.0948622256        0.8965622955       -0.0058978305
        2.0948622256        0.8966045234       -0.0058929617
        2.0948622256        0.8965996504       -0.0059051870
        1.9721277370        0.8801013737       -0.0085086797
        1.5465471257        0.7910497142       -0.0083884406
        1.5465471257        0.7911599291       -0.0085944083
        1.9721277370        0.8802223377       -0.0086924792
        1.5465471257        0.7909835112       -0.0084055622
        0.9456892794        0.5347127104       -0.0168828141
        0.9456892794        0.5348041537       -0.0172989483
        1.5465471257        0.7910910671       -0.0085782678
        1.5465471257        0.7910860874       -0.0086040845
        0.9456892794        0.5347967544       -0.0173101626
        0.9456892794        0.5348089669       -0.0172092242
        1.5465471257        0.7910379221       -0.0084694729
        1.9721277370        0.8802141521       -0.0087048660
        1.5465471257        0.7911666178       -0.0085736388
        1.5465471257        0.7911030836       -0.0084455942
        1.9721277370        0.8801574662       -0.0085657504
        2.2107934496        0.9139880869       -0.0055133190
        2.2107934496        0.9138760244       -0.0054341230
        1.8412299905        0.8598389107       -0.0070401266
        1.3757354685        0.7310819406       -0.0127344176
        1.3757354685        0.7309796955       -0.0128942790
        1.8412299905        0.8597432483       -0.0069751315
        2.2107934496        0.9139659772       -0.0055098141
        1.3757354685        0.7310558573       -0.0127139039
        0.6286241168        0.3398025089       -0.0247386442
        0.6286241168        0.3394136490       -0.0245339752
        1.3757354685        0.7310412161       -0.0129846105
        2.2107934496        0.9139466394       -0.0054776375
        2.2107934496        0.9138544403       -0.0054328769
        1.3757354685        0.7309452507       -0.0128823839
        0.6286241168        0.3394084898       -0.0245289844
        0.6286241168        0.3393472971       -0.0239558726
        1.3757354685        0.7308682508       -0.0127367239
        2.2107934496        0.9138860088       -0.0054989228
        1.8412299905        0.8597367663       -0.0069783597
        1.3757354685        0.7310730233       -0.0130011456
        1.3757354685        0.7309044099       -0.0127542537
        1.8412299905        0.8597448032       -0.0070633524
        2.2107934496        0.9139743978       -0.0054736662
        2.2107934496        0.9139149803       -0.0054941843
        2.0948622256        0.8955687257       -0.0086713339
        1.7002846659        0.8291689091       -0.0084049782
        1.7002846659        0.8292050645       -0.0084880577
        2.0948622256        0.8956405708       -0.0088447078
        1.7002846659        0.8290735667       -0.0084263144
        1.1804609889        0.6424871554       -0.0107301335
        1.1804609889        0.6425160227       -0.0109006814
        1.7002846659        0.8290564838       -0.0086063676
        1.7002846659        0.8291100515       -0.0085025634
        1.1804609889        0.6425187071       -0.0109007300
        1.1804609889        0.6426960168       -0.0108956074
        1.7002846659        0.8291486040       -0.0084068871
        2.0948622256        0.8956526934       -0.0088423421
        1.7002846659        0.8291583848       -0.0085907361
        1.7002846659        0.8292520907       -0.0083799851
        2.0948622256        0.8956287319       -0.0087088275
        1.9721277370        0.8790785381       -0.0070437123
        1.9721277370        0.8789815368       -0.0071292334
        1.9721277370        0.8789751319       -0.0071359063
        1.9721277370        0.8788528424       -0.0069980774
