#epsqw diagonal term
#1:q+G [au], 2:Re(eps-1), 3:Im(eps-1)
        2.0948622256        0.9049725356       -0.0005458959
        2.0948622256        0.9049843026       -0.0005459797
        2.0948622256        0.9049492297       -0.0005460834
        1.7002846659        0.8426015509       -0.0007333930
        1.7002846659        0.8426281926       -0.0007329676
        2.0948622256        0.9049569412       -0.0005452805
        2.0948622256        0.9049616978       -0.0005461481
        1.7002846659        0.8426282229       -0.0007329973
        1.7002846659        0.8426141964       -0.0007333749
        2.0948622256        0.9049576738       -0.0005455649
        2.0948622256        0.9049789928       -0.0005450940
        2.0948622256        0.9049799491       -0.0005454209
        1.9721277370        0.8884032344       -0.0006532653
        1.5465471257        0.8019815050       -0.0009071286
        1.5465471257        0.8019200880       -0.0009097145
        1.9721277370        0.8883769422       -0.0006554943
        1.5465471257        0.8019188522       -0.0009074165
        0.9456892794        0.5570645943       -0.0016136191
        0.9456892794        0.5570106883       -0.0016165231
        1.5465471257        0.8019219118       -0.0009078279
        1.5465471257        0.8018610865       -0.0009099063
        0.9456892794        0.5570120546       -0.0016164787
        0.9456892794        0.5569541095       -0.0016167769
        1.5465471257        0.8019042081       -0.0009077362
        1.9721277370        0.8883803891       -0.0006553567
        1.5465471257        0.8019847199       -0.0009074555
        1.5465471257        0.8019638784       -0.0009074380
        1.9721277370        0.8883807519       -0.0006548681
        2.2107934496        0.9214098431       -0.0004447510
        2.2107934496        0.9214091019       -0.0004446829
        1.8412299905        0.8700605580       -0.0006369688
        1.3757354685        0.7475908491       -0.0010881472
        1.3757354685        0.7475921786       -0.0010882209
        1.8412299905        0.8700888401       -0.0006363342
        2.2107934496        0.9213822546       -0.0004448064
        1.3757354685        0.7475395431       -0.0010881068
        0.6286241168        0.3843157790       -0.0021783329
        0.6286241168        0.3843173566       -0.0021762193
        1.3757354685        0.7475456162       -0.0010879710
        2.2107934496        0.9213843253       -0.0004448314
        2.2107934496        0.9213812501       -0.0004447402
        1.3757354685        0.7475399224       -0.0010881758
        0.6286241168        0.3843187667       -0.0021761944
        0.6286241168        0.3844029625       -0.0021737000
        1.3757354685        0.7475742644       -0.0010869072
        2.2107934496        0.9213921011       -0.0004443248
        1.8412299905        0.8700878570       -0.0006363770
        1.3757354685        0.7475989116       -0.0010879826
        1.3757354685        0.7476262154       -0.0010869147
        1.8412299905        0.8700785373       -0.0006359087
        2.2107934496        0.9214124916       -0.0004447845
        2.2107934496        0.9214195738       -0.0004442755
        2.0948622256        0.9036031293       -0.0006169706
        1.7002846659        0.8401486482       -0.0007887916
        1.7002846659        0.8401431386       -0.0007890705
        2.0948622256        0.9035854645       -0.0006179444
        1.7002846659        0.8400901657       -0.0007892505
        1.1804609889        0.6654117630       -0.0013239596
        1.1804609889        0.6654274800       -0.0013247811
        1.7002846659        0.8400628822       -0.0007907845
        1.7002846659        0.8400839647       -0.0007895958
        1.1804609889        0.6654277011       -0.0013247695
        1.1804609889        0.6654502366       -0.0013233684
        1.7002846659        0.8401107203       -0.0007889948
        2.0948622256        0.9035836327       -0.0006180078
        1.7002846659        0.8401204136       -0.0007903583
        1.7002846659        0.8401705861       -0.0007885187
        2.0948622256        0.9036327310       -0.0006157800
        1.9721277370        0.8895652865       -0.0006065115
        1.9721277370        0.8895608020       -0.0006064093
        1.9721277370        0.8895593497       -0.0006064401
        1.9721277370        0.8895610564       -0.0006059646
