#epsqw diagonal term
#1:q+G [au], 2:Re(eps-1), 3:Im(eps-1)
        2.0948622256        0.8967959116       -0.0229153972
        2.0948622256        0.8964234139       -0.0229887621
        2.0948622256        0.8968713042       -0.0227618139
        1.7002846659        0.8266404745       -0.0315527042
        1.7002846659        0.8268115697       -0.0319754711
        2.0948622256        0.8964504883       -0.0229647615
        2.0948622256        0.8965630150       -0.0228105090
        1.7002846659        0.8267989075       -0.0320171326
        1.7002846659        0.8271075815       -0.0318670998
        2.0948622256        0.8967229705       -0.0228492024
        2.0948622256        0.8963308812       -0.0230899236
        2.0948622256        0.8965258893       -0.0230052397
        1.9721277370        0.8789701582       -0.0237550829
        1.5465471257        0.7904421416       -0.0357127412
        1.5465471257        0.7898504783       -0.0356497482
        1.9721277370        0.8787105633       -0.0238739000
        1.5465471257        0.7903102782       -0.0358195102
        0.9456892794        0.5222763236       -0.0424916781
        0.9456892794        0.5218076971       -0.0420640206
        1.5465471257        0.7898845340       -0.0354267153
        1.5465471257        0.7897828451       -0.0357908020
        0.9456892794        0.5220163782       -0.0421592585
        0.9456892794        0.5226756690       -0.0430546534
        1.5465471257        0.7904397459       -0.0358516946
        1.9721277370        0.8787803245       -0.0238205682
        1.5465471257        0.7899332127       -0.0352384750
        1.5465471257        0.7904340321       -0.0356575491
        1.9721277370        0.8791772802       -0.0235474187
        2.2107934496        0.9172890637       -0.0158603495
        2.2107934496        0.9176413803       -0.0161364929
        1.8412299905        0.8665551234       -0.0189964371
        1.3757354685        0.7391120413       -0.0364054965
        1.3757354685        0.7388531149       -0.0363449664
        1.8412299905        0.8666580644       -0.0190127830
        2.2107934496        0.9172210286       -0.0158596531
        1.3757354685        0.7391334385       -0.0363037169
        0.6286241168        0.3544832502       -0.0903786724
        0.6286241168        0.3525452520       -0.0905112699
        1.3757354685        0.7390777209       -0.0359772896
        2.2107934496        0.9176560580       -0.0160093189
        2.2107934496        0.9175741789       -0.0161450532
        1.3757354685        0.7388185264       -0.0361949216
        0.6286241168        0.3523299927       -0.0904056211
        0.6286241168        0.3540386268       -0.0915133572
        1.3757354685        0.7391381697       -0.0363431716
        2.2107934496        0.9173681917       -0.0160764538
        1.8412299905        0.8666129249       -0.0190795866
        1.3757354685        0.7390685582       -0.0361817561
        1.3757354685        0.7392693171       -0.0365167539
        1.8412299905        0.8667397165       -0.0186155202
        2.2107934496        0.9176897337       -0.0160242169
        2.2107934496        0.9173991844       -0.0160653715
        2.0948622256        0.8949553289       -0.0197228628
        1.7002846659        0.8294072581       -0.0299898464
        1.7002846659        0.8292966123       -0.0298311913
        2.0948622256        0.8947656615       -0.0197316419
        1.7002846659        0.8295582210       -0.0299829258
        1.1804609889        0.6494223886       -0.0368202085
        1.1804609889        0.6489404822       -0.0363995202
        1.7002846659        0.8292079540       -0.0299138070
        1.7002846659        0.8293375236       -0.0297512714
        1.1804609889        0.6489505607       -0.0364199227
        1.1804609889        0.6491087232       -0.0366613365
        1.7002846659        0.8294622146       -0.0298499885
        2.0948622256        0.8946956655       -0.0197684560
        1.7002846659        0.8291499411       -0.0299382939
        1.7002846659        0.8294889860       -0.0298726919
        2.0948622256        0.8948986665       -0.0194995204
        1.9721277370        0.8825450288       -0.0278745590
        1.9721277370        0.8821189506       -0.0280426718
        1.9721277370        0.8822119448       -0.0279732533
        1.9721277370        0.8820419655       -0.0281853033
