#epsqw diagonal term
#1:q+G [au], 2:Re(eps-1), 3:Im(eps-1)
        2.0948622256        1.0018624693       -0.0000055545
        2.0948622256        1.0018623317       -0.0000055544
        2.0948622256        1.0018628715       -0.0000055557
        1.7002846659        1.0031321472       -0.0000100703
        1.7002846659        1.0031332676       -0.0000100705
        2.0948622256        1.0018629807       -0.0000055569
        2.0948622256        1.0018624975       -0.0000055556
        1.7002846659        1.0031329461       -0.0000100702
        1.7002846659        1.0031322503       -0.0000100717
        2.0948622256        1.0018635003       -0.0000055569
        2.0948622256        1.0018626531       -0.0000055558
        2.0948622256        1.0018631774       -0.0000055559
        1.9721277370        1.0021929876       -0.0000067438
        1.5465471257        1.0037991145       -0.0000128985
        1.5465471257        1.0037986367       -0.0000128997
        1.9721277370        1.0021926904       -0.0000067421
        1.5465471257        1.0038005494       -0.0000129022
        0.9456892794        1.0073088332       -0.0000314903
        0.9456892794        1.0073151779       -0.0000314930
        1.5465471257        1.0038004673       -0.0000129027
        1.5465471257        1.0038004588       -0.0000129045
        0.9456892794        1.0073156726       -0.0000314956
        0.9456892794        1.0073113298       -0.0000315015
        1.5465471257        1.0038013700       -0.0000129036
        1.9721277370        1.0021927223       -0.0000067422
        1.5465471257        1.0037986408       -0.0000128987
        1.5465471257        1.0037996675       -0.0000128994
        1.9721277370        1.0021927450       -0.0000067436
        2.2107934496        1.0015961370       -0.0000046584
        2.2107934496        1.0015957076       -0.0000046579
        1.8412299905        1.0026196768       -0.0000080659
        1.3757354685        1.0046724321       -0.0000162296
        1.3757354685        1.0046706208       -0.0000162294
        1.8412299905        1.0026190837       -0.0000080634
        2.2107934496        1.0015971756       -0.0000046604
        1.3757354685        1.0046746574       -0.0000162337
        0.6286241168        1.0090732662       -0.0000466284
        0.6286241168        1.0090812942       -0.0000466326
        1.3757354685        1.0046737005       -0.0000162303
        2.2107934496        1.0015967285       -0.0000046594
        2.2107934496        1.0015967761       -0.0000046599
        1.3757354685        1.0046733561       -0.0000162338
        0.6286241168        1.0090819119       -0.0000466316
        0.6286241168        1.0090669315       -0.0000466446
        1.3757354685        1.0046727505       -0.0000162297
        2.2107934496        1.0015969500       -0.0000046602
        1.8412299905        1.0026192541       -0.0000080636
        1.3757354685        1.0046714164       -0.0000162264
        1.3757354685        1.0046711208       -0.0000162263
        1.8412299905        1.0026189838       -0.0000080650
        2.2107934496        1.0015957009       -0.0000046572
        2.2107934496        1.0015960129       -0.0000046582
        2.0948622256        1.0018622133       -0.0000055930
        1.7002846659        1.0031345411       -0.0000101875
        1.7002846659        1.0031335546       -0.0000101868
        2.0948622256        1.0018615360       -0.0000055921
        1.7002846659        1.0031358829       -0.0000101910
        1.1804609889        1.0058068954       -0.0000223070
        1.1804609889        1.0058054615       -0.0000223027
        1.7002846659        1.0031341652       -0.0000101880
        1.7002846659        1.0031350528       -0.0000101903
        1.1804609889        1.0058056913       -0.0000223025
        1.1804609889        1.0058026846       -0.0000223042
        1.7002846659        1.0031341702       -0.0000101879
        2.0948622256        1.0018615552       -0.0000055919
        1.7002846659        1.0031330346       -0.0000101843
        1.7002846659        1.0031329884       -0.0000101842
        2.0948622256        1.0018616011       -0.0000055923
        1.9721277370        1.0021977293       -0.0000066944
        1.9721277370        1.0021972565       -0.0000066936
        1.9721277370        1.0021974317       -0.0000066936
        1.9721277370        1.0021970120       -0.0000066935
