#epsqw diagonal term
#1:q+G [au], 2:Re(eps-1), 3:Im(eps-1)
        2.0948622256        0.9056359404       -0.0005034957
        2.0948622256        0.9056483743       -0.0005033967
        2.0948622256        0.9056130314       -0.0005036663
        1.7002846659        0.8434082511       -0.0006890537
        1.7002846659        0.8434340215       -0.0006886608
        2.0948622256        0.9056186520       -0.0005030888
        2.0948622256        0.9056260997       -0.0005035530
        1.7002846659        0.8434341425       -0.0006886770
        1.7002846659        0.8434209554       -0.0006889901
        2.0948622256        0.9056202188       -0.0005032905
        2.0948622256        0.9056402912       -0.0005029292
        2.0948622256        0.9056422217       -0.0005031545
        1.9721277370        0.8892634351       -0.0005871838
        1.5465471257        0.8030507173       -0.0008353331
        1.5465471257        0.8029967120       -0.0008369463
        1.9721277370        0.8892437749       -0.0005884863
        1.5465471257        0.8029886483       -0.0008355716
        0.9456892794        0.5591102066       -0.0015038948
        0.9456892794        0.5590656265       -0.0015057487
        1.5465471257        0.8029932617       -0.0008357610
        1.5465471257        0.8029380801       -0.0008370969
        0.9456892794        0.5590669447       -0.0015057093
        0.9456892794        0.5590096332       -0.0015060587
        1.5465471257        0.8029746475       -0.0008359551
        1.9721277370        0.8892468520       -0.0005883924
        1.5465471257        0.8030552471       -0.0008354622
        1.5465471257        0.8030336626       -0.0008357199
        1.9721277370        0.8892455761       -0.0005882959
        2.2107934496        0.9219330412       -0.0004127355
        2.2107934496        0.9219318186       -0.0004127658
        1.8412299905        0.8707742831       -0.0005955369
        1.3757354685        0.7488472215       -0.0010162316
        1.3757354685        0.7488488182       -0.0010163011
        1.8412299905        0.8708007344       -0.0005951128
        2.2107934496        0.9219054768       -0.0004127855
        1.3757354685        0.7487955883       -0.0010162225
        0.6286241168        0.3876426931       -0.0020129099
        0.6286241168        0.3876369123       -0.0020116904
        1.3757354685        0.7488014006       -0.0010160347
        2.2107934496        0.9219074007       -0.0004128450
        2.2107934496        0.9219039905       -0.0004128168
        1.3757354685        0.7487962340       -0.0010162890
        0.6286241168        0.3876382505       -0.0020116656
        0.6286241168        0.3877136137       -0.0020101115
        1.3757354685        0.7488266921       -0.0010154608
        2.2107934496        0.9219139065       -0.0004124878
        1.8412299905        0.8707998836       -0.0005951414
        1.3757354685        0.7488549173       -0.0010160299
        1.3757354685        0.7488788615       -0.0010154462
        1.8412299905        0.8707890271       -0.0005949475
        2.2107934496        0.9219355732       -0.0004127982
        2.2107934496        0.9219413801       -0.0004124412
        2.0948622256        0.9044551156       -0.0005499259
        1.7002846659        0.8410943513       -0.0007258600
        1.7002846659        0.8410898663       -0.0007258841
        2.0948622256        0.9044402702       -0.0005504495
        1.7002846659        0.8410368764       -0.0007262474
        1.1804609889        0.6669455517       -0.0012447080
        1.1804609889        0.6669641185       -0.0012450299
        1.7002846659        0.8410140575       -0.0007271035
        1.7002846659        0.8410318794       -0.0007263129
        1.1804609889        0.6669642442       -0.0012450338
        1.1804609889        0.6669831561       -0.0012439839
        1.7002846659        0.8410570725       -0.0007258830
        2.0948622256        0.9044386017       -0.0005504934
        1.7002846659        0.8410706639       -0.0007267498
        1.7002846659        0.8411159038       -0.0007254796
        2.0948622256        0.9044815048       -0.0005490130
        1.9721277370        0.8902922163       -0.0005617381
        1.9721277370        0.8902871734       -0.0005617389
        1.9721277370        0.8902857923       -0.0005617633
        1.9721277370        0.8902858821       -0.0005615381
