#epsqw diagonal term
#1:q+G [au], 2:Re(eps-1), 3:Im(eps-1)
        2.0948622256        0.8877568290       -0.0329080931
        2.0948622256        0.8877334292       -0.0329516239
        2.0948622256        0.8875039835       -0.0328601503
        1.7002846659        0.7995398599       -0.0457369958
        1.7002846659        0.7997174077       -0.0464321059
        2.0948622256        0.8875110057       -0.0329337187
        2.0948622256        0.8874767896       -0.0329247036
        1.7002846659        0.7995420691       -0.0464860265
        1.7002846659        0.7996711531       -0.0461768354
        2.0948622256        0.8876211362       -0.0329674118
        2.0948622256        0.8876835546       -0.0330192012
        2.0948622256        0.8878512350       -0.0330087380
        1.9721277370        0.8682987759       -0.0362748103
        1.5465471257        0.7499700544       -0.0676969587
        1.5465471257        0.7499118785       -0.0680453995
        1.9721277370        0.8682669556       -0.0366852743
        1.5465471257        0.7498863895       -0.0678788033
        0.9456892794        0.5229636012       -0.1715254048
        0.9456892794        0.5219144372       -0.1740220503
        1.5465471257        0.7498691514       -0.0684960455
        1.5465471257        0.7498207939       -0.0681586306
        0.9456892794        0.5227149962       -0.1732040465
        0.9456892794        0.5243708878       -0.1724606724
        1.5465471257        0.7495871006       -0.0687875602
        1.9721277370        0.8682135159       -0.0367606177
        1.5465471257        0.7499203511       -0.0682243081
        1.5465471257        0.7497504279       -0.0685410048
        1.9721277370        0.8684064127       -0.0367191121
        2.2107934496        0.9069712783       -0.0274492898
        2.2107934496        0.9069046960       -0.0274083771
        1.8412299905        0.8318727288       -0.0429322691
        1.3757354685        0.6812545157       -0.0909249903
        1.3757354685        0.6804412850       -0.0904145089
        1.8412299905        0.8320483826       -0.0437607444
        2.2107934496        0.9065768688       -0.0272798676
        1.3757354685        0.6815147944       -0.0914058887
        0.6286241168        0.4315625637       -0.3137150813
        0.6286241168        0.4292154895       -0.3152661928
        1.3757354685        0.6813764812       -0.0901866139
        2.2107934496        0.9068017378       -0.0273984167
        2.2107934496        0.9065616650       -0.0272546192
        1.3757354685        0.6804024541       -0.0908786489
        0.6286241168        0.4281413339       -0.3153640973
        0.6286241168        0.4298382299       -0.3132809462
        1.3757354685        0.6819009056       -0.0909496780
        2.2107934496        0.9067496370       -0.0272385861
        1.8412299905        0.8321070809       -0.0436709076
        1.3757354685        0.6812995152       -0.0896497835
        1.3757354685        0.6820665354       -0.0904104264
        1.8412299905        0.8313836317       -0.0433511898
        2.2107934496        0.9070665871       -0.0275449033
        2.2107934496        0.9069935353       -0.0273929616
        2.0948622256        0.8921485385       -0.0347073869
        1.7002846659        0.8003897942       -0.0550343860
        1.7002846659        0.7995815431       -0.0547788404
        2.0948622256        0.8916054376       -0.0346390832
        1.7002846659        0.7999374811       -0.0552891901
        1.1804609889        0.6033167152       -0.1356545055
        1.1804609889        0.6031799805       -0.1348177356
        1.7002846659        0.7999004504       -0.0547655392
        1.7002846659        0.7993388411       -0.0548296483
        1.1804609889        0.6036623774       -0.1348124634
        1.1804609889        0.6032461667       -0.1354116620
        1.7002846659        0.7999986373       -0.0548310245
        2.0948622256        0.8915830715       -0.0346008110
        1.7002846659        0.8002578328       -0.0548021061
        1.7002846659        0.8001968638       -0.0549486622
        2.0948622256        0.8918856483       -0.0344513084
        1.9721277370        0.8701199212       -0.0305208778
        1.9721277370        0.8704490843       -0.0304248004
        1.9721277370        0.8704429125       -0.0305225595
        1.9721277370        0.8703074388       -0.0303053675
