#epsqw diagonal term
#1:q+G [au], 2:Re(eps-1), 3:Im(eps-1)
        2.0948622256        0.9055020682       -0.0005113471
        2.0948622256        0.9055144055       -0.0005112731
        2.0948622256        0.9054790750       -0.0005115222
        1.7002846659        0.8432438122       -0.0006975736
        1.7002846659        0.8432697659       -0.0006971724
        2.0948622256        0.9054850968       -0.0005109054
        2.0948622256        0.9054920606       -0.0005114329
        1.7002846659        0.8432698711       -0.0006971908
        1.7002846659        0.8432565162       -0.0006975162
        2.0948622256        0.9054865022       -0.0005111214
        2.0948622256        0.9055068209       -0.0005107399
        2.0948622256        0.9055085640       -0.0005109827
        1.9721277370        0.8890927273       -0.0005987749
        1.5465471257        0.8028364344       -0.0008481218
        1.5465471257        0.8027810584       -0.0008498947
        1.9721277370        0.8890718559       -0.0006002279
        1.5465471257        0.8027742501       -0.0008483696
        0.9456892794        0.5586944184       -0.0015244474
        0.9456892794        0.5586480645       -0.0015264863
        1.5465471257        0.8027785775       -0.0008485994
        1.5465471257        0.8027223571       -0.0008500524
        0.9456892794        0.5586493915       -0.0015264464
        0.9456892794        0.5585919295       -0.0015267925
        1.5465471257        0.8027600841       -0.0008487536
        1.9721277370        0.8890750032       -0.0006001265
        1.5465471257        0.8028407250       -0.0008482869
        1.5465471257        0.8028192270       -0.0008485067
        1.9721277370        0.8890739769       -0.0005999757
        2.2107934496        0.9218269939       -0.0004188355
        2.2107934496        0.9218258514       -0.0004188503
        1.8412299905        0.8706292443       -0.0006034492
        1.3757354685        0.7485920446       -0.0010299261
        1.3757354685        0.7485935817       -0.0010299999
        1.8412299905        0.8706560445       -0.0006029889
        2.2107934496        0.9217994258       -0.0004188864
        1.3757354685        0.7485404747       -0.0010299114
        0.6286241168        0.3869628776       -0.0020448659
        0.6286241168        0.3869584642       -0.0020434971
        1.3757354685        0.7485463607       -0.0010297287
        2.2107934496        0.9218013735       -0.0004189398
        2.2107934496        0.9217980199       -0.0004189023
        1.3757354685        0.7485410604       -0.0010299820
        0.6286241168        0.3869598183       -0.0020434720
        0.6286241168        0.3870368684       -0.0020417500
        1.3757354685        0.7485722576       -0.0010290761
        2.2107934496        0.9218081184       -0.0004185578
        1.8412299905        0.8706551681       -0.0006030200
        1.3757354685        0.7485998332       -0.0010297270
        1.3757354685        0.7486243852       -0.0010290653
        1.8412299905        0.8706445736       -0.0006027852
        2.2107934496        0.9218295446       -0.0004188930
        2.2107934496        0.9218355910       -0.0004185109
        2.0948622256        0.9042863155       -0.0005617322
        1.7002846659        0.8409043930       -0.0007372860
        1.7002846659        0.8408997542       -0.0007373459
        2.0948622256        0.9042709720       -0.0005623258
        1.7002846659        0.8408467138       -0.0007376881
        1.1804609889        0.6666325091       -0.0012598719
        1.1804609889        0.6666505857       -0.0012602701
        1.7002846659        0.8408230977       -0.0007386497
        1.7002846659        0.8408415300       -0.0007377933
        1.1804609889        0.6666507283       -0.0012602712
        1.1804609889        0.6666703460       -0.0012591582
        1.7002846659        0.8408670233       -0.0007373329
        2.0948622256        0.9042692723       -0.0005623730
        1.7002846659        0.8408798893       -0.0007382817
        1.7002846659        0.8409260646       -0.0007369145
        2.0948622256        0.9043133412       -0.0005607656
        1.9721277370        0.8901449661       -0.0005701973
        1.9721277370        0.8901400201       -0.0005701802
        1.9721277370        0.8901386247       -0.0005702058
        1.9721277370        0.8901390060       -0.0005699382
