#epsqw diagonal term
#1:q+G [au], 2:Re(eps-1), 3:Im(eps-1)
        2.0948622256        1.0313646092       -0.0013653117
        2.0948622256        1.0313722427       -0.0013717824
        2.0948622256        1.0313651700       -0.0013641713
        1.7002846659        1.0537789273       -0.0015904622
        1.7002846659        1.0538158594       -0.0016202049
        2.0948622256        1.0314321660       -0.0014156727
        2.0948622256        1.0313722644       -0.0013706444
        1.7002846659        1.0538178168       -0.0016203457
        1.7002846659        1.0538671712       -0.0016340986
        2.0948622256        1.0314478989       -0.0013797316
        2.0948622256        1.0314336237       -0.0014169609
        2.0948622256        1.0314493933       -0.0013809791
        1.9721277370        1.0369706997       -0.0014894034
        1.5465471257        1.0635977526       -0.0015921801
        1.5465471257        1.0635734755       -0.0015740764
        1.9721277370        1.0369288697       -0.0014556151
        1.5465471257        1.0636293710       -0.0015943331
        0.9456892794        1.1130638066       -0.0015278013
        0.9456892794        1.1130725551       -0.0015309243
        1.5465471257        1.0636551639       -0.0016170213
        1.5465471257        1.0636065678       -0.0015762778
        0.9456892794        1.1130756000       -0.0015311080
        0.9456892794        1.1131637485       -0.0015709901
        1.5465471257        1.0637108573       -0.0016202372
        1.9721277370        1.0369282507       -0.0014556510
        1.5465471257        1.0636267680       -0.0016151008
        1.5465471257        1.0636835091       -0.0016182852
        1.9721277370        1.0370027754       -0.0014404030
        2.2107934496        1.0294670885       -0.0012539381
        2.2107934496        1.0294303876       -0.0012408115
        1.8412299905        1.0447995485       -0.0015201809
        1.3757354685        1.0768450306       -0.0016744046
        1.3757354685        1.0767815764       -0.0016393621
        1.8412299905        1.0446969695       -0.0014728029
        2.2107934496        1.0295029676       -0.0012517797
        1.3757354685        1.0768969764       -0.0016770378
        0.6286241168        1.1367166825       -0.0015437350
        0.6286241168        1.1366489626       -0.0015334803
        1.3757354685        1.0768238583       -0.0016337966
        2.2107934496        1.0294550687       -0.0012312500
        2.2107934496        1.0294668419       -0.0012386391
        1.3757354685        1.0768348416       -0.0016419966
        0.6286241168        1.1366504268       -0.0015334616
        0.6286241168        1.1366718872       -0.0015304484
        1.3757354685        1.0768715706       -0.0016680900
        2.2107934496        1.0294922832       -0.0012514612
        1.8412299905        1.0446969378       -0.0014727898
        1.3757354685        1.0767690554       -0.0016310978
        1.3757354685        1.0768190105       -0.0016654135
        1.8412299905        1.0447876581       -0.0015306586
        2.2107934496        1.0294185165       -0.0012334160
        2.2107934496        1.0294559508       -0.0012536037
        2.0948622256        1.0308447961       -0.0013363982
        1.7002846659        1.0532197556       -0.0015539369
        1.7002846659        1.0531767779       -0.0015711485
        2.0948622256        1.0307926230       -0.0013804883
        1.7002846659        1.0532355125       -0.0015549332
        1.1804609889        1.0923780988       -0.0015877728
        1.1804609889        1.0923018703       -0.0015558080
        1.7002846659        1.0531336800       -0.0015248757
        1.7002846659        1.0531928619       -0.0015720733
        1.1804609889        1.0922986833       -0.0015556133
        1.1804609889        1.0922802796       -0.0015404498
        1.7002846659        1.0531453150       -0.0015334707
        2.0948622256        1.0307938035       -0.0013804687
        1.7002846659        1.0531137041       -0.0015236634
        1.7002846659        1.0531260976       -0.0015323125
        2.0948622256        1.0308125482       -0.0013968472
        1.9721277370        1.0387860154       -0.0014253878
        1.9721277370        1.0387480716       -0.0014193613
        1.9721277370        1.0387469346       -0.0014192661
        1.9721277370        1.0387106480       -0.0013926530
