#epsqw diagonal term
#1:q+G [au], 2:Re(eps-1), 3:Im(eps-1)
        2.0948622256        0.9055469554       -0.0005086821
        2.0948622256        0.9055593272       -0.0005085993
        2.0948622256        0.9055239901       -0.0005088558
        1.7002846659        0.8432988657       -0.0006946953
        1.7002846659        0.8433247588       -0.0006942969
        2.0948622256        0.9055298764       -0.0005082524
        2.0948622256        0.9055370055       -0.0005087580
        1.7002846659        0.8433248696       -0.0006943145
        1.7002846659        0.8433115711       -0.0006946357
        2.0948622256        0.9055313361       -0.0005084636
        2.0948622256        0.9055515724       -0.0005080890
        2.0948622256        0.9055533785       -0.0005083257
        1.9721277370        0.8891501046       -0.0005948129
        1.5465471257        0.8029083484       -0.0008437599
        1.5465471257        0.8028534382       -0.0008454776
        1.9721277370        0.8891296452       -0.0005962138
        1.5465471257        0.8028462026       -0.0008440045
        0.9456892794        0.5588336759       -0.0015174795
        0.9456892794        0.5587879227       -0.0015194550
        1.5465471257        0.8028506270       -0.0008442205
        1.5465471257        0.8027947597       -0.0008456329
        0.9456892794        0.5587892465       -0.0015194153
        0.9456892794        0.5587318336       -0.0015197627
        1.5465471257        0.8028320907       -0.0008443889
        1.9721277370        0.8891327686       -0.0005961149
        1.5465471257        0.8029127205       -0.0008439127
        1.5465471257        0.8028911912       -0.0008441460
        1.9721277370        0.8891316553       -0.0005959834
        2.2107934496        0.9218625339       -0.0004167715
        2.2107934496        0.9218613631       -0.0004167917
        1.8412299905        0.8706778310       -0.0006007732
        1.3757354685        0.7486775329       -0.0010252919
        1.3757354685        0.7486790888       -0.0010253644
        1.8412299905        0.8707045115       -0.0006003254
        2.2107934496        0.9218349664       -0.0004168221
        1.3757354685        0.7486259404       -0.0010252791
        0.6286241168        0.3871904010       -0.0020340740
        0.6286241168        0.3871855221       -0.0020327568
        1.3757354685        0.7486318011       -0.0010250945
        2.2107934496        0.9218369055       -0.0004168776
        2.2107934496        0.9218335324       -0.0004168434
        1.3757354685        0.7486265452       -0.0010253484
        0.6286241168        0.3871868708       -0.0020327318
        0.6286241168        0.3872633510       -0.0020310672
        1.3757354685        0.7486574921       -0.0010244692
        2.2107934496        0.9218435692       -0.0004165042
        1.8412299905        0.8707036437       -0.0006003556
        1.3757354685        0.7486852891       -0.0010250917
        1.3757354685        0.7487096345       -0.0010244571
        1.8412299905        0.8706929596       -0.0006001351
        2.2107934496        0.9218650773       -0.0004168308
        2.2107934496        0.9218710426       -0.0004164574
        2.0948622256        0.9043430691       -0.0005576975
        1.7002846659        0.8409681287       -0.0007333974
        1.7002846659        0.8409635435       -0.0007334447
        2.0948622256        0.9043278956       -0.0005582667
        1.7002846659        0.8409105173       -0.0007337946
        1.1804609889        0.6667372928       -0.0012547463
        1.1804609889        0.6667555376       -0.0012551178
        1.7002846659        0.8408871732       -0.0007347194
        1.7002846659        0.8409053985       -0.0007338858
        1.1804609889        0.6667556741       -0.0012551199
        1.1804609889        0.6667750541       -0.0012540284
        1.7002846659        0.8409307903       -0.0007334358
        2.0948622256        0.9043262067       -0.0005583128
        1.7002846659        0.8409439029       -0.0007343563
        1.7002846659        0.8409897615       -0.0007330224
        2.0948622256        0.9043698801       -0.0005567491
        1.9721277370        0.8901943132       -0.0005673330
        1.9721277370        0.8901893340       -0.0005673222
        1.9721277370        0.8901879434       -0.0005673473
        1.9721277370        0.8901882246       -0.0005670944
