#epsqw diagonal term
#1:q+G [au], 2:Re(eps-1), 3:Im(eps-1)
        2.0948622256        0.9020376684       -0.0312315894
        2.0948622256        0.9019571169       -0.0311864752
        2.0948622256        0.9021582370       -0.0311291721
        1.7002846659        0.8431415515       -0.0472939511
        1.7002846659        0.8432089339       -0.0472890955
        2.0948622256        0.9021014587       -0.0313028614
        2.0948622256        0.9018717007       -0.0311107913
        1.7002846659        0.8431164994       -0.0473491637
        1.7002846659        0.8436653930       -0.0471614263
        2.0948622256        0.9020478902       -0.0310797521
        2.0948622256        0.9019288125       -0.0314136960
        2.0948622256        0.9020565146       -0.0311825370
        1.9721277370        0.8846670941       -0.0321991690
        1.5465471257        0.8008787921       -0.0450196886
        1.5465471257        0.8009676057       -0.0447790884
        1.9721277370        0.8845334911       -0.0324506342
        1.5465471257        0.8010547467       -0.0449946098
        0.9456892794        0.5170457263       -0.0659933761
        0.9456892794        0.5174921567       -0.0660389866
        1.5465471257        0.8006920405       -0.0448143385
        1.5465471257        0.8009003093       -0.0448308435
        0.9456892794        0.5173281861       -0.0661321144
        0.9456892794        0.5176239360       -0.0655440974
        1.5465471257        0.8003109472       -0.0444251403
        1.9721277370        0.8842925395       -0.0323602581
        1.5465471257        0.8005638814       -0.0447977053
        1.5465471257        0.8004102542       -0.0443784811
        1.9721277370        0.8844340432       -0.0323367674
        2.2107934496        0.9237512221       -0.0211826741
        2.2107934496        0.9236885783       -0.0209008530
        1.8412299905        0.8655179173       -0.0226641325
        1.3757354685        0.7480783145       -0.0491400738
        1.3757354685        0.7484410992       -0.0490956869
        1.8412299905        0.8654528398       -0.0225663749
        2.2107934496        0.9237493889       -0.0211070405
        1.3757354685        0.7479216140       -0.0490511284
        0.6286241168        0.3553442771       -0.1248816278
        0.6286241168        0.3551862665       -0.1253804676
        1.3757354685        0.7481167655       -0.0485128760
        2.2107934496        0.9237857079       -0.0210746431
        2.2107934496        0.9236756614       -0.0208282826
        1.3757354685        0.7484322550       -0.0490942615
        0.6286241168        0.3552576072       -0.1253416838
        0.6286241168        0.3572263167       -0.1238414221
        1.3757354685        0.7478797683       -0.0489881927
        2.2107934496        0.9236336716       -0.0209347853
        1.8412299905        0.8655760412       -0.0225942474
        1.3757354685        0.7481679259       -0.0486334494
        1.3757354685        0.7477807678       -0.0489873645
        1.8412299905        0.8651888112       -0.0226311389
        2.2107934496        0.9238164173       -0.0211371878
        2.2107934496        0.9236396187       -0.0210265147
        2.0948622256        0.8971108118       -0.0304558799
        1.7002846659        0.8374265700       -0.0393173015
        1.7002846659        0.8372657340       -0.0390985547
        2.0948622256        0.8968667889       -0.0304973642
        1.7002846659        0.8375448490       -0.0393115707
        1.1804609889        0.6490627103       -0.0507064172
        1.1804609889        0.6487232614       -0.0507105792
        1.7002846659        0.8375891275       -0.0396412582
        1.7002846659        0.8375684795       -0.0391801822
        1.1804609889        0.6487310723       -0.0506706383
        1.1804609889        0.6478509302       -0.0511015480
        1.7002846659        0.8375127174       -0.0393192796
        2.0948622256        0.8971141837       -0.0305669095
        1.7002846659        0.8374142816       -0.0395782962
        1.7002846659        0.8371619405       -0.0393306184
        2.0948622256        0.8968192354       -0.0305018391
        1.9721277370        0.8913049462       -0.0392408950
        1.9721277370        0.8913612706       -0.0397862965
        1.9721277370        0.8913533021       -0.0397660857
        1.9721277370        0.8915965348       -0.0398165683
