#epsqw diagonal term
#1:q+G [au], 2:Re(eps-1), 3:Im(eps-1)
        2.0948622256        0.9044878425       -0.0005863813
        2.0948622256        0.9044987072       -0.0005867808
        2.0948622256        0.9044642962       -0.0005865654
        1.7002846659        0.8420293733       -0.0007704757
        1.7002846659        0.8420565592       -0.0007700644
        2.0948622256        0.9044737133       -0.0005855283
        2.0948622256        0.9044759051       -0.0005869453
        1.7002846659        0.8420565045       -0.0007701100
        1.7002846659        0.8420418641       -0.0007705284
        2.0948622256        0.9044737705       -0.0005859057
        2.0948622256        0.9044960457       -0.0005853280
        2.0948622256        0.9044962010       -0.0005857699
        1.9721277370        0.8877432927       -0.0007279011
        1.5465471257        0.8011815943       -0.0009850912
        1.5465471257        0.8011135761       -0.0009888706
        1.9721277370        0.8877109593       -0.0007312648
        1.5465471257        0.8011185037       -0.0009854162
        0.9456892794        0.5555993356       -0.0017125406
        0.9456892794        0.5555377605       -0.0017164800
        1.5465471257        0.8011202623       -0.0009860050
        1.5465471257        0.8010542677       -0.0009891021
        0.9456892794        0.5555391764       -0.0017164250
        0.9456892794        0.5554810543       -0.0017165337
        1.5465471257        0.8011038584       -0.0009854660
        1.9721277370        0.8877147162       -0.0007310832
        1.5465471257        0.8011836958       -0.0009855729
        1.5465471257        0.8011640331       -0.0009851181
        1.9721277370        0.8877171239       -0.0007299590
        2.2107934496        0.9210341886       -0.0004716550
        2.2107934496        0.9210339606       -0.0004714631
        1.8412299905        0.8695508876       -0.0006718021
        1.3757354685        0.7466928476       -0.0011485737
        1.3757354685        0.7466940979       -0.0011485848
        1.8412299905        0.8695807038       -0.0006709370
        2.2107934496        0.9210065737       -0.0004717160
        1.3757354685        0.7466418028       -0.0011485025
        0.6286241168        0.3819734522       -0.0023110431
        0.6286241168        0.3819814235       -0.0023079809
        1.3757354685        0.7466478638       -0.0011484879
        2.2107934496        0.9210087943       -0.0004717146
        2.2107934496        0.9210060799       -0.0004715276
        1.3757354685        0.7466421073       -0.0011485068
        0.6286241168        0.3819828722       -0.0023079589
        0.6286241168        0.3820742288       -0.0023045773
        1.3757354685        0.7466796400       -0.0011468039
        2.2107934496        0.9210176604       -0.0004710317
        1.8412299905        0.8695796149       -0.0006709929
        1.3757354685        0.7467009934       -0.0011485137
        1.3757354685        0.7467314117       -0.0011468344
        1.8412299905        0.8695719013       -0.0006701257
        2.2107934496        0.9210369567       -0.0004716683
        2.2107934496        0.9210451397       -0.0004709789
        2.0948622256        0.9029484520       -0.0006907708
        1.7002846659        0.8394481499       -0.0008523491
        1.7002846659        0.8394413484       -0.0008530329
        2.0948622256        0.9029280295       -0.0006923516
        1.7002846659        0.8393889616       -0.0008528497
        1.1804609889        0.6643261574       -0.0013911855
        1.1804609889        0.6643389420       -0.0013927277
        1.7002846659        0.8393573738       -0.0008553168
        1.7002846659        0.8393813019       -0.0008536319
        1.1804609889        0.6643392499       -0.0013927010
        1.1804609889        0.6643646374       -0.0013909511
        1.7002846659        0.8394093176       -0.0008528683
        2.0948622256        0.9029260605       -0.0006924343
        1.7002846659        0.8394155779       -0.0008548370
        1.7002846659        0.8394699054       -0.0008523505
        2.0948622256        0.9029804362       -0.0006893796
        1.9721277370        0.8890410282       -0.0006461395
        1.9721277370        0.8890370583       -0.0006459622
        1.9721277370        0.8890355519       -0.0006459984
        1.9721277370        0.8890387283       -0.0006452615
