#epsqw diagonal term
#1:q+G [au], 2:Re(eps-1), 3:Im(eps-1)
        2.0948622256        1.0025897511       -0.0000078578
        2.0948622256        1.0025894247       -0.0000078574
        2.0948622256        1.0025902100       -0.0000078596
        1.7002846659        1.0043475494       -0.0000141920
        1.7002846659        1.0043472672       -0.0000141902
        2.0948622256        1.0025902970       -0.0000078608
        2.0948622256        1.0025897804       -0.0000078592
        1.7002846659        1.0043470751       -0.0000141901
        1.7002846659        1.0043476328       -0.0000141907
        2.0948622256        1.0025904610       -0.0000078604
        2.0948622256        1.0025897712       -0.0000078590
        2.0948622256        1.0025900042       -0.0000078586
        1.9721277370        1.0030477800       -0.0000095270
        1.5465471257        1.0052679626       -0.0000181409
        1.5465471257        1.0052672997       -0.0000181418
        1.9721277370        1.0030471098       -0.0000095255
        1.5465471257        1.0052701017       -0.0000181472
        0.9456892794        1.0101102799       -0.0000439897
        0.9456892794        1.0101074863       -0.0000439858
        1.5465471257        1.0052696570       -0.0000181459
        1.5465471257        1.0052695396       -0.0000181482
        0.9456892794        1.0101079335       -0.0000439866
        0.9456892794        1.0101072657       -0.0000439873
        1.5465471257        1.0052700525       -0.0000181464
        1.9721277370        1.0030470347       -0.0000095254
        1.5465471257        1.0052674030       -0.0000181396
        1.5465471257        1.0052676812       -0.0000181403
        1.9721277370        1.0030477185       -0.0000095267
        2.2107934496        1.0022197216       -0.0000065981
        2.2107934496        1.0022192653       -0.0000065970
        1.8412299905        1.0036385744       -0.0000113879
        1.3757354685        1.0064706955       -0.0000227857
        1.3757354685        1.0064698381       -0.0000227852
        1.8412299905        1.0036373366       -0.0000113850
        2.2107934496        1.0022211741       -0.0000066010
        1.3757354685        1.0064740380       -0.0000227926
        0.6286241168        1.0125446658       -0.0000649635
        0.6286241168        1.0125416470       -0.0000649737
        1.3757354685        1.0064736996       -0.0000227927
        2.2107934496        1.0022207434       -0.0000065998
        2.2107934496        1.0022207104       -0.0000066000
        1.3757354685        1.0064731196       -0.0000227924
        0.6286241168        1.0125416988       -0.0000649728
        0.6286241168        1.0125369065       -0.0000649726
        1.3757354685        1.0064736800       -0.0000227903
        2.2107934496        1.0022209372       -0.0000066005
        1.8412299905        1.0036374010       -0.0000113850
        1.3757354685        1.0064704092       -0.0000227853
        1.3757354685        1.0064705273       -0.0000227835
        1.8412299905        1.0036386345       -0.0000113875
        2.2107934496        1.0022192896       -0.0000065968
        2.2107934496        1.0022195091       -0.0000065976
        2.0948622256        1.0025883517       -0.0000079097
        1.7002846659        1.0043477219       -0.0000143514
        1.7002846659        1.0043477297       -0.0000143517
        2.0948622256        1.0025877176       -0.0000079083
        1.7002846659        1.0043494115       -0.0000143569
        1.1804609889        1.0080327349       -0.0000312315
        1.1804609889        1.0080331119       -0.0000312301
        1.7002846659        1.0043492909       -0.0000143565
        1.7002846659        1.0043493587       -0.0000143570
        1.1804609889        1.0080331009       -0.0000312296
        1.1804609889        1.0080332015       -0.0000312325
        1.7002846659        1.0043497122       -0.0000143554
        2.0948622256        1.0025878150       -0.0000079084
        1.7002846659        1.0043477213       -0.0000143512
        1.7002846659        1.0043481421       -0.0000143503
        2.0948622256        1.0025881364       -0.0000079085
        1.9721277370        1.0030532449       -0.0000094573
        1.9721277370        1.0030529109       -0.0000094564
        1.9721277370        1.0030530438       -0.0000094565
        1.9721277370        1.0030526758       -0.0000094568
