#epsqw diagonal term
#1:q+G [au], 2:Re(eps-1), 3:Im(eps-1)
        2.0948622256        0.9788704241       -0.1127407580
        2.0948622256        0.9771574858       -0.1130142642
        2.0948622256        0.9794914284       -0.1133433823
        1.7002846659        0.9742390064       -0.2746933536
        1.7002846659        0.9723153000       -0.2707374112
        2.0948622256        0.9785650008       -0.1141245332
        2.0948622256        0.9777871362       -0.1134565123
        1.7002846659        0.9725556682       -0.2718675499
        1.7002846659        0.9719534070       -0.2698882995
        2.0948622256        0.9786444498       -0.1133782405
        2.0948622256        0.9784223967       -0.1139135287
        2.0948622256        0.9786205307       -0.1132692631
        1.9721277370        0.9551668742       -0.1475975931
        1.5465471257        0.9763809391       -0.3282089553
        1.5465471257        0.9759226383       -0.3301672907
        1.9721277370        0.9541992610       -0.1457815414
        1.5465471257        0.9753187742       -0.3278730500
        0.9456892794        0.7122518998       -0.9814697170
        0.9456892794        0.7141547512       -0.9765102587
        1.5465471257        0.9732894958       -0.3299098473
        1.5465471257        0.9749994449       -0.3297226296
        0.9456892794        0.7151513620       -0.9767930962
        0.9456892794        0.7156403756       -0.9783847958
        1.5465471257        0.9749724383       -0.3312494450
        1.9721277370        0.9535282811       -0.1464465867
        1.5465471257        0.9740990562       -0.3313233426
        1.5465471257        0.9759000579       -0.3328301328
        1.9721277370        0.9551711766       -0.1474277453
        2.2107934496        0.9723593592       -0.0998715112
        2.2107934496        0.9716994326       -0.0991796330
        1.8412299905        0.9860069081       -0.1969613433
        1.3757354685        0.9803297924       -0.4508287266
        1.3757354685        0.9750935028       -0.4501254431
        1.8412299905        0.9846444675       -0.1958649884
        2.2107934496        0.9721108387       -0.0999221822
        1.3757354685        0.9801410896       -0.4500707673
        0.6286241168        0.7320032776       -1.1621331101
        0.6286241168        0.7315775032       -1.1490271051
        1.3757354685        0.9792540047       -0.4536857783
        2.2107934496        0.9714738212       -0.0991122657
        2.2107934496        0.9715949435       -0.0991512855
        1.3757354685        0.9748533388       -0.4479666212
        0.6286241168        0.7324252651       -1.1481919077
        0.6286241168        0.7458086356       -1.1609414314
        1.3757354685        0.9758855176       -0.4491369463
        2.2107934496        0.9714797595       -0.0999746023
        1.8412299905        0.9848226482       -0.1954283038
        1.3757354685        0.9785087568       -0.4549597523
        1.3757354685        0.9749345190       -0.4497644216
        1.8412299905        0.9860185301       -0.1960833751
        2.2107934496        0.9715698203       -0.0994505858
        2.2107934496        0.9717189816       -0.1002103615
        2.0948622256        0.9574363718       -0.1190280892
        1.7002846659        0.9631193556       -0.2421803692
        1.7002846659        0.9629706717       -0.2434572091
        2.0948622256        0.9582447035       -0.1176819538
        1.7002846659        0.9631209892       -0.2429839972
        1.1804609889        0.9418555181       -0.6356085646
        1.1804609889        0.9443212345       -0.6294799169
        1.7002846659        0.9624454830       -0.2426594701
        1.7002846659        0.9630910714       -0.2437452037
        1.1804609889        0.9444103621       -0.6280423272
        1.1804609889        0.9445738780       -0.6347615731
        1.7002846659        0.9628338382       -0.2422500793
        2.0948622256        0.9583742861       -0.1177351468
        1.7002846659        0.9630925380       -0.2419689236
        1.7002846659        0.9628214568       -0.2416764221
        2.0948622256        0.9573652785       -0.1189647527
        1.9721277370        0.9648814130       -0.1686884241
        1.9721277370        0.9635992865       -0.1668637592
        1.9721277370        0.9631770093       -0.1664540536
        1.9721277370        0.9630150115       -0.1667882910
