#epsqw diagonal term
#1:q+G [au], 2:Re(eps-1), 3:Im(eps-1)
        2.0948622256        1.0495684606       -0.0421343839
        2.0948622256        1.0495439257       -0.0421509467
        2.0948622256        1.0496055294       -0.0420356502
        1.7002846659        1.1132976204       -0.0692076259
        1.7002846659        1.1129023853       -0.0692879972
        2.0948622256        1.0495778825       -0.0416967526
        2.0948622256        1.0495424744       -0.0419942490
        1.7002846659        1.1130225573       -0.0690033610
        1.7002846659        1.1129047279       -0.0684008698
        2.0948622256        1.0497845171       -0.0411952099
        2.0948622256        1.0497721978       -0.0415359534
        2.0948622256        1.0500159643       -0.0410918100
        1.9721277370        1.0662769591       -0.0447202408
        1.5465471257        1.1474168527       -0.0841439260
        1.5465471257        1.1476981834       -0.0844119628
        1.9721277370        1.0662248883       -0.0450369337
        1.5465471257        1.1467772095       -0.0842074931
        0.9456892794        1.3198639204       -0.1218964746
        0.9456892794        1.3187463498       -0.1224499590
        1.5465471257        1.1464379605       -0.0845088911
        1.5465471257        1.1472324055       -0.0841916118
        0.9456892794        1.3191604597       -0.1213513026
        0.9456892794        1.3165117204       -0.1207937444
        1.5465471257        1.1459617639       -0.0832644730
        1.9721277370        1.0662329277       -0.0448736750
        1.5465471257        1.1473823160       -0.0838207364
        1.5465471257        1.1467381776       -0.0828631673
        1.9721277370        1.0663478076       -0.0438655810
        2.2107934496        1.0411852640       -0.0395011434
        2.2107934496        1.0409729666       -0.0398552575
        1.8412299905        1.0819821309       -0.0661491337
        1.3757354685        1.1929964804       -0.1018647103
        1.3757354685        1.1937129174       -0.1023046476
        1.8412299905        1.0819751772       -0.0672811306
        2.2107934496        1.0408809877       -0.0395868968
        1.3757354685        1.1921979355       -0.1021443154
        0.6286241168        1.4201575146       -0.1690468930
        0.6286241168        1.4249632759       -0.1710832741
        1.3757354685        1.1932345919       -0.1025370276
        2.2107934496        1.0406239264       -0.0400224598
        2.2107934496        1.0406607267       -0.0399513129
        1.3757354685        1.1928864406       -0.1026809263
        0.6286241168        1.4247543746       -0.1716847823
        0.6286241168        1.4223185783       -0.1699121971
        1.3757354685        1.1925455534       -0.1023723423
        2.2107934496        1.0408276257       -0.0397239185
        1.8412299905        1.0819552139       -0.0673582978
        1.3757354685        1.1939476717       -0.1024682112
        1.3757354685        1.1932833882       -0.1021930943
        1.8412299905        1.0820286157       -0.0664346559
        2.2107934496        1.0409205570       -0.0399453214
        2.2107934496        1.0411420280       -0.0396336032
        2.0948622256        1.0536324855       -0.0335832750
        1.7002846659        1.1120964248       -0.0718710941
        1.7002846659        1.1124387658       -0.0728031785
        2.0948622256        1.0534514583       -0.0344859929
        1.7002846659        1.1114864046       -0.0721820850
        1.1804609889        1.2483073380       -0.1082094504
        1.1804609889        1.2497468678       -0.1087946300
        1.7002846659        1.1122929556       -0.0732810753
        1.7002846659        1.1117017935       -0.0733841564
        1.1804609889        1.2494486920       -0.1096069161
        1.1804609889        1.2505165859       -0.1091596677
        1.7002846659        1.1121227869       -0.0733157898
        2.0948622256        1.0534573510       -0.0345895953
        1.7002846659        1.1125474647       -0.0735486940
        1.7002846659        1.1125118971       -0.0733200288
        2.0948622256        1.0535306919       -0.0344514575
        1.9721277370        1.0674135449       -0.0496589636
        1.9721277370        1.0672489069       -0.0501647935
        1.9721277370        1.0672072788       -0.0502861874
        1.9721277370        1.0672421157       -0.0504113310
