#epsqw diagonal term
#1:q+G [au], 2:Re(eps-1), 3:Im(eps-1)
        2.0948622256        0.8959610828       -0.0251575271
        2.0948622256        0.8959714435       -0.0251400337
        2.0948622256        0.8959423148       -0.0251533547
        1.7002846659        0.8201668070       -0.0350437655
        1.7002846659        0.8199862192       -0.0349160886
        2.0948622256        0.8959714088       -0.0253310739
        2.0948622256        0.8960093844       -0.0251709316
        1.7002846659        0.8199056902       -0.0348920869
        1.7002846659        0.8197145658       -0.0348922648
        2.0948622256        0.8959973018       -0.0251674026
        2.0948622256        0.8959783570       -0.0253570924
        2.0948622256        0.8959753098       -0.0251670918
        1.9721277370        0.8791582042       -0.0293294097
        1.5465471257        0.7758421665       -0.0520305037
        1.5465471257        0.7763499288       -0.0521351549
        1.9721277370        0.8794850674       -0.0293238638
        1.5465471257        0.7755992769       -0.0518680852
        0.9456892794        0.5922311520       -0.1216701072
        0.9456892794        0.5926433459       -0.1224326166
        1.5465471257        0.7757186231       -0.0520664816
        1.5465471257        0.7762315977       -0.0519169261
        0.9456892794        0.5926374460       -0.1223279437
        0.9456892794        0.5905627790       -0.1220385581
        1.5465471257        0.7753797063       -0.0516538295
        1.9721277370        0.8795410936       -0.0293478373
        1.5465471257        0.7759743603       -0.0522506718
        1.5465471257        0.7754455757       -0.0519113245
        1.9721277370        0.8794871098       -0.0289686936
        2.2107934496        0.9133052078       -0.0175057563
        2.2107934496        0.9131937917       -0.0175524800
        1.8412299905        0.8518880928       -0.0324745625
        1.3757354685        0.7099533010       -0.0682751278
        1.3757354685        0.7103573783       -0.0690510814
        1.8412299905        0.8516922774       -0.0327001673
        2.2107934496        0.9134454399       -0.0176217456
        1.3757354685        0.7098293614       -0.0681989279
        0.6286241168        0.4913848348       -0.2157184463
        0.6286241168        0.4898958349       -0.2152550816
        1.3757354685        0.7101574062       -0.0688743010
        2.2107934496        0.9134019951       -0.0175332021
        2.2107934496        0.9133350154       -0.0175940787
        1.3757354685        0.7102839786       -0.0689836481
        0.6286241168        0.4899403628       -0.2150626689
        0.6286241168        0.4870663421       -0.2150927209
        1.3757354685        0.7096085271       -0.0682743127
        2.2107934496        0.9133277869       -0.0177186519
        1.8412299905        0.8516809087       -0.0327015545
        1.3757354685        0.7102358381       -0.0687995763
        1.3757354685        0.7097082120       -0.0683852936
        1.8412299905        0.8515097376       -0.0326536027
        2.2107934496        0.9132265371       -0.0174714336
        2.2107934496        0.9131783807       -0.0176317339
        2.0948622256        0.8998282293       -0.0285584575
        1.7002846659        0.8170671505       -0.0417882312
        1.7002846659        0.8173946194       -0.0419156982
        2.0948622256        0.8997489051       -0.0286937032
        1.7002846659        0.8170736312       -0.0416147677
        1.1804609889        0.6462423861       -0.0943177449
        1.1804609889        0.6471356480       -0.0951880568
        1.7002846659        0.8174841753       -0.0419285294
        1.7002846659        0.8172464644       -0.0417838405
        1.1804609889        0.6470936903       -0.0952783861
        1.1804609889        0.6468098696       -0.0947834458
        1.7002846659        0.8168793918       -0.0416054719
        2.0948622256        0.8996889684       -0.0286726377
        1.7002846659        0.8174534544       -0.0421330901
        1.7002846659        0.8169761160       -0.0417680014
        2.0948622256        0.8995373823       -0.0288409515
        1.9721277370        0.8804066076       -0.0235557893
        1.9721277370        0.8802170791       -0.0233649026
        1.9721277370        0.8802978052       -0.0233735856
        1.9721277370        0.8802168418       -0.0235476819
