#epsqw diagonal term
#1:q+G [au], 2:Re(eps-1), 3:Im(eps-1)
        2.0948622256        0.9024342580       -0.0010731354
        2.0948622256        0.9024443832       -0.0010801574
        2.0948622256        0.9024103698       -0.0010719868
        1.7002846659        0.8395539057       -0.0010766682
        1.7002846659        0.8395865089       -0.0010753599
        2.0948622256        0.9024278678       -0.0010650246
        2.0948622256        0.9024215637       -0.0010796257
        1.7002846659        0.8395855748       -0.0010757858
        1.7002846659        0.8395662005       -0.0010787201
        2.0948622256        0.9024274845       -0.0010682653
        2.0948622256        0.9024512606       -0.0010650489
        2.0948622256        0.9024500692       -0.0010693508
        1.9721277370        0.8851536089       -0.0018553966
        1.5465471257        0.7980165694       -0.0021203657
        1.5465471257        0.7979137947       -0.0021430273
        1.9721277370        0.8850822483       -0.0018793944
        1.5465471257        0.7979501129       -0.0021203488
        0.9456892794        0.5491465218       -0.0027420112
        0.9456892794        0.5490389696       -0.0027558717
        1.5465471257        0.7979334594       -0.0021166589
        1.5465471257        0.7978514243       -0.0021439687
        0.9456892794        0.5490412770       -0.0027552034
        0.9456892794        0.5489695262       -0.0027482912
        1.5465471257        0.7979272473       -0.0020979097
        1.9721277370        0.8850885543       -0.0018784882
        1.5465471257        0.7980011591       -0.0021158431
        1.5465471257        0.7979912518       -0.0020978078
        1.9721277370        0.8851042175       -0.0018514569
        2.2107934496        0.9193121618       -0.0006963122
        2.2107934496        0.9193150129       -0.0006935052
        1.8412299905        0.8672725348       -0.0009658049
        1.3757354685        0.7426064866       -0.0016413967
        1.3757354685        0.7426046496       -0.0016397713
        1.8412299905        0.8673083924       -0.0009625474
        2.2107934496        0.9192841887       -0.0006963968
        1.3757354685        0.7425571539       -0.0016406841
        0.6286241168        0.3714844551       -0.0032789340
        0.6286241168        0.3715521649       -0.0032554297
        1.3757354685        0.7425634596       -0.0016458030
        2.2107934496        0.9192892997       -0.0006960500
        2.2107934496        0.9192866514       -0.0006937469
        1.3757354685        0.7425544281       -0.0016391582
        0.6286241168        0.3715534579       -0.0032556766
        0.6286241168        0.3716828009       -0.0032477314
        1.3757354685        0.7426108681       -0.0016333944
        2.2107934496        0.9193038867       -0.0006918827
        1.8412299905        0.8673065934       -0.0009627717
        1.3757354685        0.7426157817       -0.0016459376
        1.3757354685        0.7426613597       -0.0016339589
        1.8412299905        0.8673079125       -0.0009513987
        2.2107934496        0.9193174665       -0.0006960423
        2.2107934496        0.9193316435       -0.0006917371
        2.0948622256        0.9002371250       -0.0018495355
        1.7002846659        0.8365066153       -0.0017457977
        1.7002846659        0.8364926677       -0.0017603579
        2.0948622256        0.9002036332       -0.0018687511
        1.7002846659        0.8364440548       -0.0017449029
        1.1804609889        0.6596802634       -0.0020179258
        1.1804609889        0.6596825095       -0.0020374786
        1.7002846659        0.8363925476       -0.0017709561
        1.7002846659        0.8364280279       -0.0017611602
        1.1804609889        0.6596834756       -0.0020373081
        1.1804609889        0.6597260903       -0.0020336876
        1.7002846659        0.8364661572       -0.0017604899
        2.0948622256        0.9002005276       -0.0018690987
        1.7002846659        0.8364542085       -0.0017704028
        1.7002846659        0.8365300977       -0.0017614223
        2.0948622256        0.9002861291       -0.0018561461
        1.9721277370        0.8867702860       -0.0010476344
        1.9721277370        0.8867760022       -0.0010458240
        1.9721277370        0.8867742455       -0.0010458752
        1.9721277370        0.8867883343       -0.0010438345
