#epsqw diagonal term
#1:q+G [au], 2:Re(eps-1), 3:Im(eps-1)
        2.0948622256        0.9174232646       -0.0268540592
        2.0948622256        0.9172249428       -0.0270102679
        2.0948622256        0.9174526337       -0.0269503623
        1.7002846659        0.8437370182       -0.0315891097
        1.7002846659        0.8437973903       -0.0315035152
        2.0948622256        0.9173076128       -0.0268904763
        2.0948622256        0.9172213726       -0.0271040745
        1.7002846659        0.8436773211       -0.0315475916
        1.7002846659        0.8435049025       -0.0313953944
        2.0948622256        0.9172470185       -0.0267461334
        2.0948622256        0.9172734732       -0.0270325021
        2.0948622256        0.9172622993       -0.0268640959
        1.9721277370        0.9046333639       -0.0254639213
        1.5465471257        0.8000072705       -0.0332088843
        1.5465471257        0.8000466439       -0.0335006631
        1.9721277370        0.9045540840       -0.0250378142
        1.5465471257        0.7998190877       -0.0333962274
        0.9456892794        0.4890456838       -0.1288035067
        0.9456892794        0.4891689175       -0.1285092799
        1.5465471257        0.7995598335       -0.0335513431
        1.5465471257        0.7997897105       -0.0335980399
        0.9456892794        0.4893667210       -0.1279161882
        0.9456892794        0.4895667274       -0.1268281560
        1.5465471257        0.7996396465       -0.0333096798
        1.9721277370        0.9044912670       -0.0250425214
        1.5465471257        0.7998361592       -0.0334344653
        1.5465471257        0.7999612759       -0.0332566258
        1.9721277370        0.9045691793       -0.0254414192
        2.2107934496        0.9353596763       -0.0261161399
        2.2107934496        0.9350934381       -0.0259423332
        1.8412299905        0.8730716665       -0.0245442153
        1.3757354685        0.7282127253       -0.0468411471
        1.3757354685        0.7284454764       -0.0469051417
        1.8412299905        0.8730025933       -0.0248449552
        2.2107934496        0.9351330541       -0.0260748506
        1.3757354685        0.7280469505       -0.0470435183
        0.6286241168        0.2180932550       -0.2221374796
        0.6286241168        0.2182889476       -0.2226754144
        1.3757354685        0.7278429149       -0.0479074755
        2.2107934496        0.9350602255       -0.0259312299
        2.2107934496        0.9352028062       -0.0256748925
        1.3757354685        0.7282984843       -0.0471799918
        0.6286241168        0.2169841516       -0.2226808305
        0.6286241168        0.2187150997       -0.2225666094
        1.3757354685        0.7279514593       -0.0476263762
        2.2107934496        0.9353359129       -0.0257864180
        1.8412299905        0.8731044838       -0.0248164838
        1.3757354685        0.7281788664       -0.0474730779
        1.3757354685        0.7282251092       -0.0472485527
        1.8412299905        0.8727805672       -0.0246404250
        2.2107934496        0.9352460222       -0.0260273506
        2.2107934496        0.9352272670       -0.0260420725
        2.0948622256        0.9195975119       -0.0220404810
        1.7002846659        0.8433321730       -0.0300604613
        1.7002846659        0.8432594000       -0.0301820913
        2.0948622256        0.9195978181       -0.0220023784
        1.7002846659        0.8433843280       -0.0301133695
        1.1804609889        0.6301696038       -0.0775018304
        1.1804609889        0.6301627018       -0.0772604041
        1.7002846659        0.8433013431       -0.0303315187
        1.7002846659        0.8432829914       -0.0303319750
        1.1804609889        0.6305773605       -0.0770637396
        1.1804609889        0.6305175906       -0.0769723105
        1.7002846659        0.8434556107       -0.0303503041
        2.0948622256        0.9196513944       -0.0219692612
        1.7002846659        0.8431227347       -0.0302843383
        1.7002846659        0.8434477071       -0.0302430841
        2.0948622256        0.9195484787       -0.0218296138
        1.9721277370        0.9010321752       -0.0279908506
        1.9721277370        0.9009669716       -0.0278821981
        1.9721277370        0.9010194126       -0.0278336551
        1.9721277370        0.9008280172       -0.0281319504
