#epsqw diagonal term
#1:q+G [au], 2:Re(eps-1), 3:Im(eps-1)
        2.0948622256        0.9056305158       -0.0005038084
        2.0948622256        0.9056429463       -0.0005037102
        2.0948622256        0.9056076036       -0.0005039791
        1.7002846659        0.8434015737       -0.0006893952
        1.7002846659        0.8434273529       -0.0006890020
        2.0948622256        0.9056132404       -0.0005034001
        2.0948622256        0.9056206691       -0.0005038667
        1.7002846659        0.8434274735       -0.0006890183
        1.7002846659        0.8434142786       -0.0006893318
        2.0948622256        0.9056148003       -0.0005036023
        2.0948622256        0.9056348829       -0.0005032402
        2.0948622256        0.9056368056       -0.0005034662
        1.9721277370        0.8892565412       -0.0005876407
        1.5465471257        0.8030420438       -0.0008358388
        1.5465471257        0.8029879850       -0.0008374582
        1.9721277370        0.8892368334       -0.0005889490
        1.5465471257        0.8029799703       -0.0008360776
        0.9456892794        0.5590933308       -0.0015047144
        0.9456892794        0.5590486817       -0.0015065756
        1.5465471257        0.8029845740       -0.0008362687
        1.5465471257        0.8029293502       -0.0008376091
        0.9456892794        0.5590500000       -0.0015065362
        0.9456892794        0.5589926809       -0.0015068855
        1.5465471257        0.8029659633       -0.0008364612
        1.9721277370        0.8892399131       -0.0005888548
        1.5465471257        0.8030465659       -0.0008359693
        1.5465471257        0.8030249836       -0.0008362256
        1.9721277370        0.8892386463       -0.0005887563
        2.2107934496        0.9219287406       -0.0004129795
        2.2107934496        0.9219275212       -0.0004130091
        1.8412299905        0.8707683967       -0.0005958535
        1.3757354685        0.7488368680       -0.0010167792
        1.3757354685        0.7488384631       -0.0010168489
        1.8412299905        0.8707948626       -0.0005954281
        2.2107934496        0.9219011758       -0.0004130295
        1.3757354685        0.7487852369       -0.0010167698
        0.6286241168        0.3876150750       -0.0020141914
        0.6286241168        0.3876093485       -0.0020129661
        1.3757354685        0.7487910525       -0.0010165822
        2.2107934496        0.9219031005       -0.0004130887
        2.2107934496        0.9218996928       -0.0004130602
        1.3757354685        0.7487858809       -0.0010168365
        0.6286241168        0.3876106874       -0.0020129413
        0.6286241168        0.3876861173       -0.0020113806
        1.3757354685        0.7488163677       -0.0010160053
        2.2107934496        0.9219096161       -0.0004127306
        1.8412299905        0.8707940108       -0.0005954567
        1.3757354685        0.7488445677       -0.0010165775
        1.3757354685        0.7488685357       -0.0010159908
        1.8412299905        0.8707831639       -0.0005952612
        2.2107934496        0.9219312732       -0.0004130420
        2.2107934496        0.9219370899       -0.0004126840
        2.0948622256        0.9044483022       -0.0005503914
        1.7002846659        0.8410866611       -0.0007263132
        1.7002846659        0.8410821714       -0.0007263387
        2.0948622256        0.9044334375       -0.0005509177
        1.7002846659        0.8410291778       -0.0007267012
        1.1804609889        0.6669328378       -0.0012453153
        1.1804609889        0.6669513861       -0.0012456402
        1.7002846659        0.8410063280       -0.0007275614
        1.7002846659        0.8410241750       -0.0007267682
        1.1804609889        0.6669515127       -0.0012456440
        1.1804609889        0.6669704503       -0.0012445916
        1.7002846659        0.8410493783       -0.0007263371
        2.0948622256        0.9044317680       -0.0005509617
        1.7002846659        0.8410629419       -0.0007272070
        1.7002846659        0.8411082181       -0.0007259331
        2.0948622256        0.9044747166       -0.0005494763
        1.9721277370        0.8902862456       -0.0005620761
        1.9721277370        0.8902812070       -0.0005620762
        1.9721277370        0.8902798253       -0.0005621006
        1.9721277370        0.8902799249       -0.0005618738
