#epsqw diagonal term
#1:q+G [au], 2:Re(eps-1), 3:Im(eps-1)
        2.0948622256        0.9297235550       -0.1062480727
        2.0948622256        0.9301195423       -0.1062792798
        2.0948622256        0.9297801710       -0.1064448744
        1.7002846659        0.8697135571       -0.1932773615
        1.7002846659        0.8720156916       -0.1937263543
        2.0948622256        0.9301788246       -0.1062317902
        2.0948622256        0.9298737229       -0.1065227488
        1.7002846659        0.8715203932       -0.1942284550
        1.7002846659        0.8712372072       -0.1956406163
        2.0948622256        0.9308728647       -0.1060606285
        2.0948622256        0.9302694812       -0.1063105572
        2.0948622256        0.9311913445       -0.1060899488
        1.9721277370        0.9051756283       -0.1180286844
        1.5465471257        0.8463476384       -0.2579372267
        1.5465471257        0.8440682685       -0.2564639276
        1.9721277370        0.9053836863       -0.1183832083
        1.5465471257        0.8459932517       -0.2591517975
        0.9456892794        0.7355168282       -0.6349053479
        0.9456892794        0.7360111297       -0.6393332113
        1.5465471257        0.8472179024       -0.2591653612
        1.5465471257        0.8442041251       -0.2569059645
        0.9456892794        0.7367306430       -0.6358787149
        0.9456892794        0.7321725020       -0.6472245217
        1.5465471257        0.8476189228       -0.2579356229
        1.9721277370        0.9053413634       -0.1182737332
        1.5465471257        0.8464987907       -0.2581872759
        1.5465471257        0.8464723612       -0.2579555326
        1.9721277370        0.9054301362       -0.1189767213
        2.2107934496        0.9377723750       -0.0777784112
        2.2107934496        0.9372590340       -0.0783950941
        1.8412299905        0.8963912937       -0.1735889798
        1.3757354685        0.8280132589       -0.3193673308
        1.3757354685        0.8282748524       -0.3204940661
        1.8412299905        0.8948641876       -0.1724152778
        2.2107934496        0.9376607135       -0.0780416825
        1.3757354685        0.8278831893       -0.3197803314
        0.6286241168        0.8715159338       -0.9138860957
        0.6286241168        0.8818523459       -0.9044216980
        1.3757354685        0.8282377374       -0.3172004162
        2.2107934496        0.9374071999       -0.0779987457
        2.2107934496        0.9373302095       -0.0784308583
        1.3757354685        0.8274749778       -0.3217896920
        0.6286241168        0.8788277359       -0.9035160780
        0.6286241168        0.8820774081       -0.9100164532
        1.3757354685        0.8277776843       -0.3199999925
        2.2107934496        0.9374144645       -0.0779472173
        1.8412299905        0.8949180500       -0.1727173364
        1.3757354685        0.8287624355       -0.3174090720
        1.3757354685        0.8293702052       -0.3185626477
        1.8412299905        0.8973345005       -0.1751125274
        2.2107934496        0.9373742298       -0.0778285711
        2.2107934496        0.9374935810       -0.0780124444
        2.0948622256        0.9171994160       -0.0962337912
        1.7002846659        0.8761677660       -0.2049009222
        1.7002846659        0.8765032680       -0.2062651078
        2.0948622256        0.9179981078       -0.0960579970
        1.7002846659        0.8766174343       -0.2048695787
        1.1804609889        0.8066179467       -0.4183210611
        1.1804609889        0.8088164048       -0.4181192379
        1.7002846659        0.8740436020       -0.2047423827
        1.7002846659        0.8767333519       -0.2069486682
        1.1804609889        0.8109150733       -0.4201104822
        1.1804609889        0.8071257438       -0.4177228712
        1.7002846659        0.8753184658       -0.2059306742
        2.0948622256        0.9178214441       -0.0960196775
        1.7002846659        0.8743627649       -0.2050110967
        1.7002846659        0.8752336363       -0.2055863523
        2.0948622256        0.9179095954       -0.0966480420
        1.9721277370        0.9135181932       -0.1339657826
        1.9721277370        0.9129183874       -0.1336587649
        1.9721277370        0.9127303280       -0.1333249038
        1.9721277370        0.9114819312       -0.1321364475
