#epsqw diagonal term
#1:q+G [au], 2:Re(eps-1), 3:Im(eps-1)
        2.0948622256        1.0250120429       -0.0294484295
        2.0948622256        1.0249811745       -0.0295756214
        2.0948622256        1.0254062058       -0.0294145768
        1.7002846659        1.0721705771       -0.0374301885
        1.7002846659        1.0722563866       -0.0378019294
        2.0948622256        1.0254770957       -0.0296886495
        2.0948622256        1.0253848877       -0.0295116010
        1.7002846659        1.0723463043       -0.0379190624
        1.7002846659        1.0721972690       -0.0376539855
        2.0948622256        1.0252702148       -0.0292899630
        2.0948622256        1.0251235237       -0.0296751290
        2.0948622256        1.0248949240       -0.0293089128
        1.9721277370        1.0339701666       -0.0338863451
        1.5465471257        1.0868207396       -0.0391529004
        1.5465471257        1.0867157144       -0.0388503806
        1.9721277370        1.0339128296       -0.0337743753
        1.5465471257        1.0867893689       -0.0392258861
        0.9456892794        1.1792554152       -0.0307943630
        0.9456892794        1.1792221111       -0.0308046434
        1.5465471257        1.0868074403       -0.0391711777
        1.5465471257        1.0866627138       -0.0387891238
        0.9456892794        1.1792420133       -0.0308078659
        0.9456892794        1.1793101299       -0.0303889786
        1.5465471257        1.0866497765       -0.0387615439
        1.9721277370        1.0338722584       -0.0336423349
        1.5465471257        1.0868876336       -0.0391196701
        1.5465471257        1.0867585301       -0.0388526187
        1.9721277370        1.0336114741       -0.0333187684
        2.2107934496        1.0298731131       -0.0265385214
        2.2107934496        1.0298501744       -0.0263850222
        1.8412299905        1.0493540969       -0.0348162597
        1.3757354685        1.1182071846       -0.0371385258
        1.3757354685        1.1180361133       -0.0369814304
        1.8412299905        1.0492392910       -0.0349786231
        2.2107934496        1.0294478249       -0.0268643437
        1.3757354685        1.1177516094       -0.0370656006
        0.6286241168        1.2331256096       -0.0204230610
        0.6286241168        1.2330255725       -0.0204164654
        1.3757354685        1.1175383127       -0.0368401409
        2.2107934496        1.0294303720       -0.0266706080
        2.2107934496        1.0294311848       -0.0267273894
        1.3757354685        1.1176020386       -0.0369392372
        0.6286241168        1.2330168100       -0.0204191919
        0.6286241168        1.2330923633       -0.0205661227
        1.3757354685        1.1177964908       -0.0371895038
        2.2107934496        1.0294720561       -0.0269238641
        1.8412299905        1.0492366221       -0.0349997132
        1.3757354685        1.1179271730       -0.0368580299
        1.3757354685        1.1182084861       -0.0371736856
        1.8412299905        1.0494099153       -0.0350261944
        2.2107934496        1.0298286390       -0.0263062816
        2.2107934496        1.0298757164       -0.0265566847
        2.0948622256        1.0238588836       -0.0296479896
        1.7002846659        1.0643069657       -0.0379708074
        1.7002846659        1.0644721372       -0.0383985755
        2.0948622256        1.0243036387       -0.0299492258
        1.7002846659        1.0644965675       -0.0379347304
        1.1804609889        1.1438248417       -0.0335378374
        1.1804609889        1.1438450150       -0.0339268863
        1.7002846659        1.0645305680       -0.0381481394
        1.7002846659        1.0646618040       -0.0384813809
        1.1804609889        1.1438014422       -0.0338793096
        1.1804609889        1.1437531145       -0.0337443987
        1.7002846659        1.0645544354       -0.0383820406
        2.0948622256        1.0243765075       -0.0301364313
        1.7002846659        1.0643207505       -0.0382231978
        1.7002846659        1.0643322025       -0.0383479096
        2.0948622256        1.0243316558       -0.0300952648
        1.9721277370        1.0457136037       -0.0321590055
        1.9721277370        1.0458114820       -0.0323391391
        1.9721277370        1.0457348129       -0.0322411774
        1.9721277370        1.0457177313       -0.0319188230
