#epsqw diagonal term
#1:q+G [au], 2:Re(eps-1), 3:Im(eps-1)
        2.0948622256        0.9051369372       -0.0005344530
        2.0948622256        0.9051489190       -0.0005344750
        2.0948622256        0.9051137243       -0.0005346380
        1.7002846659        0.8427993777       -0.0007218699
        1.7002846659        0.8428258135       -0.0007214499
        2.0948622256        0.9051208936       -0.0005338988
        2.0948622256        0.9051263909       -0.0005346419
        1.7002846659        0.8428258689       -0.0007214755
        1.7002846659        0.8428120521       -0.0007218365
        2.0948622256        0.9051218407       -0.0005341595
        2.0948622256        0.9051428450       -0.0005337184
        2.0948622256        0.9051440534       -0.0005340160
        1.9721277370        0.8886200953       -0.0006344968
        1.5465471257        0.8022484725       -0.0008870094
        1.5465471257        0.8021890468       -0.0008893055
        1.9721277370        0.8885956028       -0.0006364481
        1.5465471257        0.8021859669       -0.0008872844
        0.9456892794        0.5575678499       -0.0015843859
        0.9456892794        0.5575163833       -0.0015869963
        1.5465471257        0.8021894422       -0.0008876362
        1.5465471257        0.8021301424       -0.0008894856
        0.9456892794        0.5575177360       -0.0015869538
        0.9456892794        0.5574599188       -0.0015872756
        1.5465471257        0.8021714337       -0.0008876394
        1.9721277370        0.8885989525       -0.0006363229
        1.5465471257        0.8022520420       -0.0008872833
        1.5465471257        0.8022309369       -0.0008873580
        1.9721277370        0.8885988070       -0.0006359656
        2.2107934496        0.9215388450       -0.0004363753
        2.2107934496        0.9215379629       -0.0004363373
        1.8412299905        0.8702361071       -0.0006261475
        1.3757354685        0.7479000231       -0.0010693257
        1.3757354685        0.7479014086       -0.0010694035
        1.8412299905        0.8702639089       -0.0006255732
        2.2107934496        0.9215112633       -0.0004364291
        1.3757354685        0.7478486321       -0.0010692940
        0.6286241168        0.3851295792       -0.0021356480
        0.6286241168        0.3851291905       -0.0021337951
        1.3757354685        0.7478546651       -0.0010691377
        2.2107934496        0.9215132904       -0.0004364635
        2.2107934496        0.9215101181       -0.0004363927
        1.3757354685        0.7478490667       -0.0010693677
        0.6286241168        0.3851305846       -0.0021337699
        0.6286241168        0.3852124817       -0.0021315348
        1.3757354685        0.7478823931       -0.0010682222
        2.2107934496        0.9215207304       -0.0004360012
        1.8412299905        0.8702629601       -0.0006256121
        1.3757354685        0.7479080165       -0.0010691450
        1.3757354685        0.7479344015       -0.0010682234
        1.8412299905        0.8702531994       -0.0006252315
        2.2107934496        0.9215414584       -0.0004364167
        2.2107934496        0.9215482026       -0.0004359528
        2.0948622256        0.9038182042       -0.0005980191
        1.7002846659        0.8403841407       -0.0007714906
        1.7002846659        0.8403789515       -0.0007716849
        2.0948622256        0.9038013260       -0.0005988533
        1.7002846659        0.8403259057       -0.0007719324
        1.1804609889        0.6657874774       -0.0013032730
        1.1804609889        0.6658040057       -0.0013039369
        1.7002846659        0.8402998583       -0.0007732557
        1.7002846659        0.8403200741       -0.0007721854
        1.1804609889        0.6658042006       -0.0013039297
        1.1804609889        0.6658258070       -0.0013026255
        1.7002846659        0.8403464238       -0.0007716317
        2.0948622256        0.9037995371       -0.0005989111
        1.7002846659        0.8403571594       -0.0007728478
        1.7002846659        0.8404060355       -0.0007711730
        2.0948622256        0.9038469963       -0.0005968994
        1.9721277370        0.8897446835       -0.0005946760
        1.9721277370        0.8897400427       -0.0005946022
        1.9721277370        0.8897386083       -0.0005946314
        1.9721277370        0.8897398721       -0.0005942278
