#epsqw diagonal term
#1:q+G [au], 2:Re(eps-1), 3:Im(eps-1)
        2.0948622256        0.9133049360       -0.0357915777
        2.0948622256        0.9132257186       -0.0360011862
        2.0948622256        0.9130855021       -0.0354285234
        1.7002846659        0.8629160847       -0.0418851113
        1.7002846659        0.8632066569       -0.0423091069
        2.0948622256        0.9130129950       -0.0356806695
        2.0948622256        0.9130941337       -0.0355654210
        1.7002846659        0.8632249012       -0.0423270338
        1.7002846659        0.8635348852       -0.0421919703
        2.0948622256        0.9132165788       -0.0355623659
        2.0948622256        0.9130531538       -0.0360561722
        2.0948622256        0.9132605014       -0.0359019880
        1.9721277370        0.8986933591       -0.0354631865
        1.5465471257        0.8128929223       -0.0344392318
        1.5465471257        0.8130876581       -0.0346712774
        1.9721277370        0.8986893011       -0.0353127777
        1.5465471257        0.8128124725       -0.0345739636
        0.9456892794        0.5516080294       -0.0746293009
        0.9456892794        0.5510681079       -0.0748007236
        1.5465471257        0.8131285217       -0.0347457530
        1.5465471257        0.8131549571       -0.0347269438
        0.9456892794        0.5511898389       -0.0747678483
        0.9456892794        0.5506772120       -0.0758975591
        1.5465471257        0.8132202149       -0.0347322112
        1.9721277370        0.8986485363       -0.0353438267
        1.5465471257        0.8130492575       -0.0346724976
        1.5465471257        0.8132140666       -0.0347330456
        1.9721277370        0.8988786192       -0.0354854906
        2.2107934496        0.9202525423       -0.0138425980
        2.2107934496        0.9202955301       -0.0138000874
        1.8412299905        0.8699097486       -0.0333985571
        1.3757354685        0.7563881891       -0.0311074484
        1.3757354685        0.7567938874       -0.0312640713
        1.8412299905        0.8700620225       -0.0329171163
        2.2107934496        0.9202306512       -0.0139546561
        1.3757354685        0.7564434179       -0.0311563765
        0.6286241168        0.3673992916       -0.0717919719
        0.6286241168        0.3664864205       -0.0716344975
        1.3757354685        0.7566833884       -0.0311508380
        2.2107934496        0.9203195355       -0.0137738192
        2.2107934496        0.9203089504       -0.0138926906
        1.3757354685        0.7568103348       -0.0313402401
        0.6286241168        0.3664971844       -0.0715755009
        0.6286241168        0.3669201304       -0.0714750144
        1.3757354685        0.7561981225       -0.0309844169
        2.2107934496        0.9202297053       -0.0138885055
        1.8412299905        0.8700429683       -0.0329771227
        1.3757354685        0.7566119932       -0.0311038435
        1.3757354685        0.7561802394       -0.0309799079
        1.8412299905        0.8703081741       -0.0331272988
        2.2107934496        0.9202688836       -0.0136932055
        2.2107934496        0.9202465815       -0.0138041197
        2.0948622256        0.9141740422       -0.0383343028
        1.7002846659        0.8503951873       -0.0333869177
        1.7002846659        0.8502774000       -0.0332861774
        2.0948622256        0.9140953041       -0.0382373257
        1.7002846659        0.8502575794       -0.0331210376
        1.1804609889        0.6722580840       -0.0486819445
        1.1804609889        0.6721397718       -0.0484230295
        1.7002846659        0.8501104266       -0.0332099769
        1.7002846659        0.8500603829       -0.0329612657
        1.1804609889        0.6720867646       -0.0484911669
        1.1804609889        0.6720430612       -0.0484404191
        1.7002846659        0.8499512790       -0.0328284680
        2.0948622256        0.9140861028       -0.0383154357
        1.7002846659        0.8502302399       -0.0336231600
        1.7002846659        0.8500809593       -0.0331709508
        2.0948622256        0.9142227590       -0.0380822014
        1.9721277370        0.9065756654       -0.0334196323
        1.9721277370        0.9062320045       -0.0332746675
        1.9721277370        0.9062262735       -0.0332991973
        1.9721277370        0.9059918896       -0.0328964557
