#epsqw diagonal term
#1:q+G [au], 2:Re(eps-1), 3:Im(eps-1)
        2.0948622256        0.9170325885       -0.0166977794
        2.0948622256        0.9169712627       -0.0167714224
        2.0948622256        0.9168298069       -0.0167601338
        1.7002846659        0.8317599418       -0.0366646155
        1.7002846659        0.8320760267       -0.0366255729
        2.0948622256        0.9168153843       -0.0167896969
        2.0948622256        0.9168119417       -0.0169091634
        1.7002846659        0.8321054018       -0.0366584782
        1.7002846659        0.8316299548       -0.0366597735
        2.0948622256        0.9168246200       -0.0167056210
        2.0948622256        0.9169471598       -0.0167363167
        2.0948622256        0.9169985400       -0.0166551191
        1.9721277370        0.8969881430       -0.0248550889
        1.5465471257        0.7701303003       -0.0756262774
        1.5465471257        0.7694842507       -0.0761041767
        1.9721277370        0.8971772561       -0.0249019230
        1.5465471257        0.7697081349       -0.0756276852
        0.9456892794        0.4533976646       -0.3419357030
        0.9456892794        0.4524497801       -0.3419388901
        1.5465471257        0.7699096479       -0.0751410467
        1.5465471257        0.7692047550       -0.0760270660
        0.9456892794        0.4527064266       -0.3421860083
        0.9456892794        0.4523868222       -0.3416219798
        1.5465471257        0.7696905423       -0.0749706466
        1.9721277370        0.8970917015       -0.0249535232
        1.5465471257        0.7702590092       -0.0752651708
        1.5465471257        0.7698102065       -0.0751533775
        1.9721277370        0.8974375282       -0.0249813125
        2.2107934496        0.9336732631       -0.0132824769
        2.2107934496        0.9334213582       -0.0133362072
        1.8412299905        0.8731132893       -0.0240406477
        1.3757354685        0.7206433005       -0.0954586974
        1.3757354685        0.7200088527       -0.0954226926
        1.8412299905        0.8731775327       -0.0237431872
        2.2107934496        0.9334302476       -0.0133609632
        1.3757354685        0.7208127572       -0.0957698061
        0.6286241168        0.3989365037       -0.5061074867
        0.6286241168        0.4021364341       -0.5049540865
        1.3757354685        0.7203687761       -0.0941692509
        2.2107934496        0.9332190112       -0.0136409388
        2.2107934496        0.9332013946       -0.0134357877
        1.3757354685        0.7198390912       -0.0959170416
        0.6286241168        0.4022691255       -0.5047852783
        0.6286241168        0.4002992092       -0.5089410074
        1.3757354685        0.7211086607       -0.0951847030
        2.2107934496        0.9333828607       -0.0136074163
        1.8412299905        0.8732340763       -0.0237440825
        1.3757354685        0.7205129842       -0.0937595891
        1.3757354685        0.7216608927       -0.0948228338
        1.8412299905        0.8731022940       -0.0239722563
        2.2107934496        0.9334624831       -0.0135992138
        2.2107934496        0.9336205517       -0.0135016191
        2.0948622256        0.9157903138       -0.0197227019
        1.7002846659        0.8309676922       -0.0468216803
        1.7002846659        0.8305993151       -0.0468503664
        2.0948622256        0.9157246260       -0.0194240553
        1.7002846659        0.8307280597       -0.0467490129
        1.1804609889        0.5818104032       -0.2134749516
        1.1804609889        0.5833490116       -0.2150280825
        1.7002846659        0.8309727989       -0.0463090242
        1.7002846659        0.8303812054       -0.0467572201
        1.1804609889        0.5830631623       -0.2147390916
        1.1804609889        0.5820720079       -0.2170557982
        1.7002846659        0.8308399730       -0.0465593564
        2.0948622256        0.9157217016       -0.0194249931
        1.7002846659        0.8312510054       -0.0464041248
        1.7002846659        0.8309696952       -0.0466960831
        2.0948622256        0.9159121536       -0.0196451691
        1.9721277370        0.8994484323       -0.0209046678
        1.9721277370        0.8995254748       -0.0210150348
        1.9721277370        0.8994264617       -0.0209794027
        1.9721277370        0.8993881461       -0.0212168065
