#epsqw diagonal term
#1:q+G [au], 2:Re(eps-1), 3:Im(eps-1)
        2.0948622256        0.8981821606       -0.0041348830
        2.0948622256        0.8982242102       -0.0041838657
        2.0948622256        0.8981470068       -0.0041319687
        1.7002846659        0.8332702755       -0.0043155140
        1.7002846659        0.8333042461       -0.0043137342
        2.0948622256        0.8981468793       -0.0041086174
        2.0948622256        0.8981895766       -0.0041815262
        1.7002846659        0.8333108684       -0.0043142747
        1.7002846659        0.8333614648       -0.0042835944
        2.0948622256        0.8981492181       -0.0041080917
        2.0948622256        0.8981789167       -0.0041120657
        2.0948622256        0.8981805612       -0.0041079421
        1.9721277370        0.8814521550       -0.0064126314
        1.5465471257        0.7932165191       -0.0065970939
        1.5465471257        0.7931598371       -0.0068393411
        1.9721277370        0.8814750098       -0.0065862384
        1.5465471257        0.7931464562       -0.0066048452
        0.9456892794        0.5380953132       -0.0132719610
        0.9456892794        0.5379872747       -0.0136711223
        1.5465471257        0.7931305775       -0.0067287271
        1.5465471257        0.7930982299       -0.0068396861
        0.9456892794        0.5379780558       -0.0136782363
        0.9456892794        0.5379904311       -0.0136654921
        1.5465471257        0.7931192937       -0.0066946354
        1.9721277370        0.8814649366       -0.0065861730
        1.5465471257        0.7931988051       -0.0067219161
        1.5465471257        0.7931901940       -0.0066853454
        1.9721277370        0.8814945826       -0.0065499663
        2.2107934496        0.9154555379       -0.0036591835
        2.2107934496        0.9154570434       -0.0035835298
        1.8412299905        0.8617423324       -0.0046283249
        1.3757354685        0.7338861959       -0.0089083965
        1.3757354685        0.7337751396       -0.0089370507
        1.8412299905        0.8617897145       -0.0045455064
        2.2107934496        0.9154310134       -0.0036592382
        1.3757354685        0.7338436030       -0.0089096745
        0.6286241168        0.3484324920       -0.0175417839
        0.6286241168        0.3484172785       -0.0173093409
        1.3757354685        0.7337099961       -0.0089324316
        2.2107934496        0.9154428206       -0.0036374387
        2.2107934496        0.9154319825       -0.0035864118
        1.3757354685        0.7337240238       -0.0089356056
        0.6286241168        0.3484183640       -0.0173008642
        0.6286241168        0.3486170954       -0.0168700281
        1.3757354685        0.7337645361       -0.0087424574
        2.2107934496        0.9154227147       -0.0035938630
        1.8412299905        0.8617866393       -0.0045431529
        1.3757354685        0.7337552044       -0.0089278546
        1.3757354685        0.7338096727       -0.0087398758
        1.8412299905        0.8616930173       -0.0045761209
        2.2107934496        0.9154720127       -0.0036333668
        2.2107934496        0.9154493641       -0.0035938759
        2.0948622256        0.8970668008       -0.0067923297
        1.7002846659        0.8314251318       -0.0062292331
        1.7002846659        0.8314052229       -0.0062438521
        2.0948622256        0.8970181232       -0.0069220619
        1.7002846659        0.8313389591       -0.0062356692
        1.1804609889        0.6480427236       -0.0070967391
        1.1804609889        0.6480457394       -0.0071689256
        1.7002846659        0.8312670710       -0.0062895520
        1.7002846659        0.8313233270       -0.0062472753
        1.1804609889        0.6480447235       -0.0071675337
        1.1804609889        0.6480989236       -0.0071848362
        1.7002846659        0.8313964053       -0.0062008603
        2.0948622256        0.8970227850       -0.0069260420
        1.7002846659        0.8313481790       -0.0062910539
        1.7002846659        0.8314866512       -0.0061940733
        2.0948622256        0.8970246793       -0.0067542798
        1.9721277370        0.8811078212       -0.0044721227
        1.9721277370        0.8810086251       -0.0044373151
        1.9721277370        0.8810051339       -0.0044418690
        1.9721277370        0.8809901622       -0.0043143486
