#epsqw diagonal term
#1:q+G [au], 2:Re(eps-1), 3:Im(eps-1)
        2.0948622256        1.0109134325       -0.0000411688
        2.0948622256        1.0109136168       -0.0000411684
        2.0948622256        1.0109150833       -0.0000411762
        1.7002846659        1.0177873914       -0.0000694298
        1.7002846659        1.0177880295       -0.0000694273
        2.0948622256        1.0109168968       -0.0000411836
        2.0948622256        1.0109151440       -0.0000411758
        1.7002846659        1.0177879573       -0.0000694273
        1.7002846659        1.0177901251       -0.0000694365
        2.0948622256        1.0109183843       -0.0000411886
        2.0948622256        1.0109153810       -0.0000411771
        2.0948622256        1.0109169184       -0.0000411823
        1.9721277370        1.0127216770       -0.0000487283
        1.5465471257        1.0213481884       -0.0000864535
        1.5465471257        1.0213476783       -0.0000864586
        1.9721277370        1.0127201000       -0.0000487212
        1.5465471257        1.0213564140       -0.0000864826
        0.9456892794        1.0396137769       -0.0001921327
        0.9456892794        1.0396144456       -0.0001921361
        1.5465471257        1.0213570491       -0.0000864830
        1.5465471257        1.0213561196       -0.0000864881
        0.9456892794        1.0396148407       -0.0001921382
        0.9456892794        1.0396201111       -0.0001921637
        1.5465471257        1.0213603986       -0.0000864964
        1.9721277370        1.0127199564       -0.0000487211
        1.5465471257        1.0213488142       -0.0000864543
        1.5465471257        1.0213523296       -0.0000864685
        1.9721277370        1.0127243833       -0.0000487371
        2.2107934496        1.0093852369       -0.0000349321
        2.2107934496        1.0093838835       -0.0000349262
        1.8412299905        1.0150765602       -0.0000574842
        1.3757354685        1.0259387292       -0.0001060357
        1.3757354685        1.0259357020       -0.0001060299
        1.8412299905        1.0150721947       -0.0000574662
        2.2107934496        1.0093917141       -0.0000349536
        1.3757354685        1.0259508643       -0.0001060735
        0.6286241168        1.0487406390       -0.0002757208
        0.6286241168        1.0487327289       -0.0002757313
        1.3757354685        1.0259478633       -0.0001060695
        2.2107934496        1.0093900226       -0.0000349462
        2.2107934496        1.0093904525       -0.0000349479
        1.3757354685        1.0259482697       -0.0001060692
        0.6286241168        1.0487333144       -0.0002757325
        0.6286241168        1.0487337987       -0.0002757279
        1.3757354685        1.0259486441       -0.0001060663
        2.2107934496        1.0093911866       -0.0000349515
        1.8412299905        1.0150722475       -0.0000574664
        1.3757354685        1.0259352112       -0.0001060299
        1.3757354685        1.0259365866       -0.0001060288
        1.8412299905        1.0150752705       -0.0000574791
        2.2107934496        1.0093834382       -0.0000349243
        2.2107934496        1.0093847043       -0.0000349301
        2.0948622256        1.0108836750       -0.0000411929
        1.7002846659        1.0178192632       -0.0000702773
        1.7002846659        1.0178162765       -0.0000702681
        2.0948622256        1.0108791546       -0.0000411775
        1.7002846659        1.0178253778       -0.0000702992
        1.1804609889        1.0318119568       -0.0001404883
        1.1804609889        1.0318070013       -0.0001404729
        1.7002846659        1.0178202061       -0.0000702838
        1.7002846659        1.0178223749       -0.0000702901
        1.1804609889        1.0318067768       -0.0001404716
        1.1804609889        1.0318064237       -0.0001404801
        1.7002846659        1.0178206280       -0.0000702832
        2.0948622256        1.0108793033       -0.0000411775
        1.7002846659        1.0178140926       -0.0000702614
        1.7002846659        1.0178145199       -0.0000702609
        2.0948622256        1.0108798473       -0.0000411791
        1.9721277370        1.0126892185       -0.0000480640
        1.9721277370        1.0126875663       -0.0000480566
        1.9721277370        1.0126876399       -0.0000480567
        1.9721277370        1.0126868231       -0.0000480557
