#epsqw diagonal term
#1:q+G [au], 2:Re(eps-1), 3:Im(eps-1)
        2.0948622256        0.9056202784       -0.0005043996
        2.0948622256        0.9056327019       -0.0005043033
        2.0948622256        0.9055973595       -0.0005045708
        1.7002846659        0.8433889766       -0.0006900406
        1.7002846659        0.8434147683       -0.0006896467
        2.0948622256        0.9056030260       -0.0005039888
        2.0948622256        0.9056104191       -0.0005044601
        1.7002846659        0.8434148877       -0.0006896632
        1.7002846659        0.8434016807       -0.0006899777
        2.0948622256        0.9056045738       -0.0005041921
        2.0948622256        0.9056246752       -0.0005038285
        2.0948622256        0.9056265837       -0.0005040557
        1.9721277370        0.8892435257       -0.0005885058
        1.5465471257        0.8030256752       -0.0008367960
        1.5465471257        0.8029715128       -0.0008384271
        1.9721277370        0.8892237267       -0.0005898252
        1.5465471257        0.8029635929       -0.0008370355
        0.9456892794        0.5590614897       -0.0015062644
        0.9456892794        0.5590167043       -0.0015081393
        1.5465471257        0.8029681738       -0.0008372296
        1.5465471257        0.8029128731       -0.0008385786
        0.9456892794        0.5590180236       -0.0015080999
        0.9456892794        0.5589606931       -0.0015084490
        1.5465471257        0.8029495725       -0.0008374193
        1.9721277370        0.8892268117       -0.0005897304
        1.5465471257        0.8030301781       -0.0008369292
        1.5465471257        0.8030086025       -0.0008371828
        1.9721277370        0.8892255632       -0.0005896280
        2.2107934496        0.9219206257       -0.0004134406
        2.2107934496        0.9219194119       -0.0004134692
        1.8412299905        0.8707572927       -0.0005964520
        1.3757354685        0.7488173332       -0.0010178143
        1.3757354685        0.7488189232       -0.0010178844
        1.8412299905        0.8707837845       -0.0005960239
        2.2107934496        0.9218930608       -0.0004134907
        1.3757354685        0.7487657070       -0.0010178046
        0.6286241168        0.3875629661       -0.0020166131
        0.6286241168        0.3875573422       -0.0020153769
        1.3757354685        0.7487715285       -0.0010176173
        2.2107934496        0.9218949872       -0.0004135495
        2.2107934496        0.9218915836       -0.0004135203
        1.3757354685        0.7487663461       -0.0010178716
        0.6286241168        0.3875586823       -0.0020153520
        0.6286241168        0.3876342406       -0.0020137788
        1.3757354685        0.7487968886       -0.0010170346
        2.2107934496        0.9219015204       -0.0004131895
        1.8412299905        0.8707829307       -0.0005960527
        1.3757354685        0.7488250400       -0.0010176128
        1.3757354685        0.7488490532       -0.0010170204
        1.8412299905        0.8707721035       -0.0005958543
        2.2107934496        0.9219231595       -0.0004135028
        2.2107934496        0.9219289940       -0.0004131429
        2.0948622256        0.9044354374       -0.0005512728
        1.7002846659        0.8410721463       -0.0007271708
        1.7002846659        0.8410676448       -0.0007271988
        2.0948622256        0.9044205352       -0.0005518042
        1.7002846659        0.8410146474       -0.0007275599
        1.1804609889        0.6669088453       -0.0012464632
        1.1804609889        0.6669273569       -0.0012467937
        1.7002846659        0.8409917377       -0.0007284277
        1.7002846659        0.8410096299       -0.0007276297
        1.1804609889        0.6669274844       -0.0012467972
        1.1804609889        0.6669464782       -0.0012457401
        1.7002846659        0.8410348580       -0.0007271963
        2.0948622256        0.9044188631       -0.0005518484
        1.7002846659        0.8410483656       -0.0007280723
        1.7002846659        0.8410937138       -0.0007267912
        2.0948622256        0.9044619005       -0.0005503537
        1.9721277370        0.8902749784       -0.0005627151
        1.9721277370        0.8902699466       -0.0005627139
        1.9721277370        0.8902685637       -0.0005627384
        1.9721277370        0.8902686866       -0.0005625085
