#epsqw diagonal term
#1:q+G [au], 2:Re(eps-1), 3:Im(eps-1)
        2.0948622256        0.9155206343       -0.0231710408
        2.0948622256        0.9155289372       -0.0231876107
        2.0948622256        0.9152619816       -0.0233319629
        1.7002846659        0.8573301789       -0.0161634321
        1.7002846659        0.8573011201       -0.0162114247
        2.0948622256        0.9151431339       -0.0232097937
        2.0948622256        0.9151810797       -0.0234074941
        1.7002846659        0.8572655076       -0.0162139830
        1.7002846659        0.8571598479       -0.0158468849
        2.0948622256        0.9154069277       -0.0232404063
        2.0948622256        0.9154820476       -0.0230858906
        2.0948622256        0.9157348143       -0.0230852963
        1.9721277370        0.8977733091       -0.0276554756
        1.5465471257        0.8028083456       -0.0277494390
        1.5465471257        0.8029245442       -0.0276434608
        1.9721277370        0.8977980290       -0.0278506042
        1.5465471257        0.8034044487       -0.0274659595
        0.9456892794        0.5246160046       -0.0524299414
        0.9456892794        0.5247030823       -0.0535043747
        1.5465471257        0.8031758615       -0.0273546657
        1.5465471257        0.8032519720       -0.0274820432
        0.9456892794        0.5245175812       -0.0534682379
        0.9456892794        0.5248482309       -0.0536247978
        1.5465471257        0.8033716875       -0.0272245518
        1.9721277370        0.8979007017       -0.0278369517
        1.5465471257        0.8028628314       -0.0274978318
        1.5465471257        0.8030514209       -0.0272947844
        1.9721277370        0.8979269771       -0.0273211125
        2.2107934496        0.9120435653       -0.0181897094
        2.2107934496        0.9119981950       -0.0183659583
        1.8412299905        0.8733244726       -0.0282894122
        1.3757354685        0.7403474743       -0.0251139398
        1.3757354685        0.7402791731       -0.0249917007
        1.8412299905        0.8730032999       -0.0284777334
        2.2107934496        0.9122297275       -0.0181512538
        1.3757354685        0.7407027822       -0.0250525903
        0.6286241168        0.3272063456       -0.0776101458
        0.6286241168        0.3268169933       -0.0785049639
        1.3757354685        0.7406428516       -0.0249679189
        2.2107934496        0.9120240202       -0.0182969428
        2.2107934496        0.9121508481       -0.0183285904
        1.3757354685        0.7406650377       -0.0249000813
        0.6286241168        0.3268481812       -0.0785971494
        0.6286241168        0.3274625023       -0.0786912374
        1.3757354685        0.7408385732       -0.0252682183
        2.2107934496        0.9122071746       -0.0182478346
        1.8412299905        0.8731627799       -0.0283526487
        1.3757354685        0.7403778616       -0.0249772647
        1.3757354685        0.7405216852       -0.0253209711
        1.8412299905        0.8729395010       -0.0281938244
        2.2107934496        0.9118687585       -0.0183223476
        2.2107934496        0.9120454875       -0.0182661503
        2.0948622256        0.9176535064       -0.0296810377
        1.7002846659        0.8440279946       -0.0278165396
        1.7002846659        0.8436458512       -0.0277611262
        2.0948622256        0.9174941924       -0.0299344291
        1.7002846659        0.8438542341       -0.0278024321
        1.1804609889        0.6504099242       -0.0332733085
        1.1804609889        0.6503578794       -0.0339903012
        1.7002846659        0.8438217821       -0.0279840616
        1.7002846659        0.8437884617       -0.0276408703
        1.1804609889        0.6504588146       -0.0338577832
        1.1804609889        0.6503098061       -0.0337956076
        1.7002846659        0.8438227296       -0.0277887247
        2.0948622256        0.9176762989       -0.0298104271
        1.7002846659        0.8439327482       -0.0280876398
        1.7002846659        0.8437852161       -0.0279576521
        2.0948622256        0.9173359688       -0.0296014130
        1.9721277370        0.9007124905       -0.0160132997
        1.9721277370        0.9008471879       -0.0164417232
        1.9721277370        0.9008880005       -0.0164196346
        1.9721277370        0.9007938773       -0.0161770649
