#epsqw diagonal term
#1:q+G [au], 2:Re(eps-1), 3:Im(eps-1)
        2.0948622256        0.9047614167       -0.0005619467
        2.0948622256        0.9047728472       -0.0005621362
        2.0948622256        0.9047379996       -0.0005621351
        1.7002846659        0.8423500521       -0.0007488575
        1.7002846659        0.8423769445       -0.0007484304
        2.0948622256        0.9047464342       -0.0005612402
        2.0948622256        0.9047501507       -0.0005623047
        1.7002846659        0.8423769399       -0.0007484663
        1.7002846659        0.8423626438       -0.0007488646
        2.0948622256        0.9047468805       -0.0005615599
        2.0948622256        0.9047686114       -0.0005610466
        2.0948622256        0.9047692293       -0.0005614173
        1.9721277370        0.8881200825       -0.0006811195
        1.5465471257        0.8016358590       -0.0009365982
        1.5465471257        0.8015717133       -0.0009396264
        1.9721277370        0.8880913047       -0.0006837719
        1.5465471257        0.8015730154       -0.0009369030
        0.9456892794        0.5564226114       -0.0016538518
        0.9456892794        0.5563654534       -0.0016571719
        1.5465471257        0.8015755211       -0.0009373931
        1.5465471257        0.8015125817       -0.0009398348
        0.9456892794        0.5563668393       -0.0016571238
        0.9456892794        0.5563087719       -0.0016573702
        1.5465471257        0.8015583008       -0.0009371442
        1.9721277370        0.8880948826       -0.0006836166
        1.5465471257        0.8016386005       -0.0009369946
        1.5465471257        0.8016181895       -0.0009368240
        1.9721277370        0.8880960224       -0.0006829081
        2.2107934496        0.9212451858       -0.0004560120
        2.2107934496        0.9212446493       -0.0004558977
        1.8412299905        0.8698368879       -0.0006515192
        1.3757354685        0.7471968021       -0.0011134513
        1.3757354685        0.7471980798       -0.0011135101
        1.8412299905        0.8698658157       -0.0006507960
        2.2107934496        0.9212175862       -0.0004560697
        1.3757354685        0.7471456072       -0.0011133985
        0.6286241168        0.3832837775       -0.0022348584
        0.6286241168        0.3832880302       -0.0022323659
        1.3757354685        0.7471517038       -0.0011133010
        2.2107934496        0.9212197192       -0.0004560822
        2.2107934496        0.9212167857       -0.0004559578
        1.3757354685        0.7471459362       -0.0011134518
        0.6286241168        0.3832894588       -0.0022323419
        0.6286241168        0.3833767053       -0.0022294855
        1.3757354685        0.7471816305       -0.0011120087
        2.2107934496        0.9212279498       -0.0004555092
        1.8412299905        0.8698647875       -0.0006508442
        1.3757354685        0.7472049274       -0.0011133186
        1.3757354685        0.7472335060       -0.0011120253
        1.8412299905        0.8698561045       -0.0006502342
        2.2107934496        0.9212478841       -0.0004560355
        2.2107934496        0.9212554249       -0.0004554585
        2.0948622256        0.9033221816       -0.0006448562
        1.7002846659        0.8398448163       -0.0008135249
        1.7002846659        0.8398388164       -0.0008139444
        2.0948622256        0.9033034051       -0.0006460501
        1.7002846659        0.8397860204       -0.0008140040
        1.1804609889        0.6649344294       -0.0013518570
        1.1804609889        0.6649489811       -0.0013529324
        1.7002846659        0.8397569971       -0.0008158725
        1.7002846659        0.8397792609       -0.0008145019
        1.1804609889        0.6649492384       -0.0013529147
        1.1804609889        0.6649729930       -0.0013513758
        1.7002846659        0.8398065528       -0.0008138347
        2.0948622256        0.9033015152       -0.0006461214
        1.7002846659        0.8398148232       -0.0008154226
        1.7002846659        0.8398667391       -0.0008133382
        2.0948622256        0.9033528246       -0.0006435753
        1.9721277370        0.8893359391       -0.0006226979
        1.9721277370        0.8893316708       -0.0006225588
        1.9721277370        0.8893301949       -0.0006225919
        1.9721277370        0.8893325109       -0.0006220125
