#epsqw diagonal term
#1:q+G [au], 2:Re(eps-1), 3:Im(eps-1)
        2.0948622256        0.9055801730       -0.0005067314
        2.0948622256        0.9055925690       -0.0005066423
        2.0948622256        0.9055572287       -0.0005069040
        1.7002846659        0.8433396618       -0.0006925795
        1.7002846659        0.8433655102       -0.0006921831
        2.0948622256        0.9055630158       -0.0005063104
        2.0948622256        0.9055702647       -0.0005068002
        1.7002846659        0.8433656246       -0.0006922001
        1.7002846659        0.8433523672       -0.0006925183
        2.0948622256        0.9055645155       -0.0005065179
        2.0948622256        0.9055846901       -0.0005061484
        2.0948622256        0.9055865429       -0.0005063807
        1.9721277370        0.8891924724       -0.0005919310
        1.5465471257        0.8029615210       -0.0008405810
        1.5465471257        0.8029069520       -0.0008422589
        1.9721277370        0.8891723148       -0.0005932944
        1.5465471257        0.8028994043       -0.0008408233
        0.9456892794        0.5589368304       -0.0015123735
        0.9456892794        0.5588915197       -0.0015143030
        1.5465471257        0.8029039016       -0.0008410292
        1.5465471257        0.8028482911       -0.0008424124
        0.9456892794        0.5588928411       -0.0015142634
        0.9456892794        0.5588354667       -0.0015146117
        1.5465471257        0.8028853341       -0.0008412075
        1.9721277370        0.8891754204       -0.0005931974
        1.5465471257        0.8029659539       -0.0008407248
        1.5465471257        0.8029444021       -0.0008409676
        1.9721277370        0.8891742447       -0.0005930794
        2.2107934496        0.9218888442       -0.0004152564
        2.2107934496        0.9218876537       -0.0004152804
        1.8412299905        0.8707138134       -0.0005988080
        1.3757354685        0.7487408400       -0.0010218903
        1.3757354685        0.7487424103       -0.0010219617
        1.8412299905        0.8707404081       -0.0005983692
        2.2107934496        0.9218612783       -0.0004153067
        1.3757354685        0.7486892330       -0.0010218789
        0.6286241168        0.3873590460       -0.0020261382
        0.6286241168        0.3873538265       -0.0020248581
        1.3757354685        0.7486950756       -0.0010216930
        2.2107934496        0.9218632113       -0.0004153637
        2.2107934496        0.9218598245       -0.0004153318
        1.3757354685        0.7486898521       -0.0010219472
        0.6286241168        0.3873551715       -0.0020248332
        0.6286241168        0.3874312326       -0.0020232104
        1.3757354685        0.7487206164       -0.0010210873
        2.2107934496        0.9218698160       -0.0004149965
        1.8412299905        0.8707395467       -0.0005983988
        1.3757354685        0.7487485741       -0.0010216894
        1.3757354685        0.7487727686       -0.0010210742
        1.8412299905        0.8707287975       -0.0005981885
        2.2107934496        0.9218913833       -0.0004153170
        2.2107934496        0.9218972891       -0.0004149498
        2.0948622256        0.9043849658       -0.0005547621
        1.7002846659        0.8410152651       -0.0007305578
        1.7002846659        0.8410107189       -0.0007305961
        2.0948622256        0.9043699166       -0.0005553139
        1.7002846659        0.8409577053       -0.0007309513
        1.1804609889        0.6668149525       -0.0012509802
        1.1804609889        0.6668333193       -0.0012513328
        1.7002846659        0.8409345597       -0.0007318499
        1.7002846659        0.8409526338       -0.0007310326
        1.1804609889        0.6668334522       -0.0012513356
        1.1804609889        0.6668526552       -0.0012502597
        1.7002846659        0.8409779501       -0.0007305902
        2.0948622256        0.9043682358       -0.0005553591
        1.7002846659        0.8409912433       -0.0007314902
        1.7002846659        0.8410368689       -0.0007301805
        2.0948622256        0.9044116184       -0.0005538270
        1.9721277370        0.8902308487       -0.0005652318
        1.9721277370        0.8902258453       -0.0005652254
        1.9721277370        0.8902244583       -0.0005652502
        1.9721277370        0.8902246662       -0.0005650078
