#epsqw diagonal term
#1:q+G [au], 2:Re(eps-1), 3:Im(eps-1)
        2.0948622256        0.8974422509       -0.0144513694
        2.0948622256        0.8974679268       -0.0144326514
        2.0948622256        0.8974051021       -0.0145540449
        1.7002846659        0.8326444290       -0.0208346147
        1.7002846659        0.8327906000       -0.0207274945
        2.0948622256        0.8974193535       -0.0144937928
        2.0948622256        0.8974169304       -0.0145940326
        1.7002846659        0.8327793669       -0.0209243205
        1.7002846659        0.8324133147       -0.0210112865
        2.0948622256        0.8973445278       -0.0147403670
        2.0948622256        0.8974275289       -0.0145089668
        2.0948622256        0.8973427908       -0.0147012750
        1.9721277370        0.8846934521       -0.0156171685
        1.5465471257        0.7889304445       -0.0199703361
        1.5465471257        0.7891569456       -0.0197922847
        1.9721277370        0.8847926958       -0.0153817596
        1.5465471257        0.7888435864       -0.0197643801
        0.9456892794        0.5371146478       -0.0446773846
        0.9456892794        0.5378007587       -0.0446874305
        1.5465471257        0.7888855541       -0.0198724060
        1.5465471257        0.7892040920       -0.0195983031
        0.9456892794        0.5377892832       -0.0444442614
        0.9456892794        0.5371762864       -0.0445667756
        1.5465471257        0.7888410205       -0.0200489475
        1.9721277370        0.8848233227       -0.0152704093
        1.5465471257        0.7889870568       -0.0197351402
        1.5465471257        0.7888816051       -0.0199332360
        1.9721277370        0.8847019998       -0.0157048045
        2.2107934496        0.9176099314       -0.0116631500
        2.2107934496        0.9175236523       -0.0116182617
        1.8412299905        0.8639632167       -0.0169088741
        1.3757354685        0.7367403294       -0.0273751213
        1.3757354685        0.7370037061       -0.0269834527
        1.8412299905        0.8639455495       -0.0165376561
        2.2107934496        0.9175429860       -0.0116940714
        1.3757354685        0.7367323848       -0.0273659924
        0.6286241168        0.3421419203       -0.0960809622
        0.6286241168        0.3434109431       -0.0967831192
        1.3757354685        0.7366709586       -0.0270998067
        2.2107934496        0.9174503260       -0.0117013096
        2.2107934496        0.9174729852       -0.0116509067
        1.3757354685        0.7369191940       -0.0270513435
        0.6286241168        0.3435422904       -0.0970749713
        0.6286241168        0.3429843213       -0.0968572646
        1.3757354685        0.7366555213       -0.0271659209
        2.2107934496        0.9175409182       -0.0116581611
        1.8412299905        0.8639193700       -0.0166243118
        1.3757354685        0.7366448562       -0.0270925122
        1.3757354685        0.7367135877       -0.0271628371
        1.8412299905        0.8639748090       -0.0166951833
        2.2107934496        0.9175095610       -0.0116932124
        2.2107934496        0.9175684938       -0.0116721980
        2.0948622256        0.9018932388       -0.0166614952
        1.7002846659        0.8318963837       -0.0190584799
        1.7002846659        0.8319378948       -0.0189389525
        2.0948622256        0.9018680365       -0.0164467131
        1.7002846659        0.8319215292       -0.0191865869
        1.1804609889        0.6513709370       -0.0561577143
        1.1804609889        0.6512903370       -0.0561346857
        1.7002846659        0.8321662899       -0.0189820032
        1.7002846659        0.8319659721       -0.0190582347
        1.1804609889        0.6513799059       -0.0561812165
        1.1804609889        0.6507897682       -0.0555761030
        1.7002846659        0.8318723906       -0.0190683931
        2.0948622256        0.9018794050       -0.0164756316
        1.7002846659        0.8321693470       -0.0190451088
        1.7002846659        0.8318588849       -0.0191122019
        2.0948622256        0.9015871788       -0.0166280790
        1.9721277370        0.8819272323       -0.0178299173
        1.9721277370        0.8821289809       -0.0179127021
        1.9721277370        0.8821285609       -0.0177236860
        1.9721277370        0.8821999728       -0.0180011290
