#epsqw diagonal term
#1:q+G [au], 2:Re(eps-1), 3:Im(eps-1)
        2.0948622256        0.9072270467       -0.0170810757
        2.0948622256        0.9074364125       -0.0171311981
        2.0948622256        0.9070954754       -0.0170314577
        1.7002846659        0.8352134251       -0.0361093621
        1.7002846659        0.8349816777       -0.0364637623
        2.0948622256        0.9071711866       -0.0172142034
        2.0948622256        0.9073300702       -0.0170966788
        1.7002846659        0.8348721381       -0.0365356176
        1.7002846659        0.8350636776       -0.0364178905
        2.0948622256        0.9070467940       -0.0170068063
        2.0948622256        0.9072984027       -0.0172528482
        2.0948622256        0.9072009109       -0.0170470496
        1.9721277370        0.8917069229       -0.0233558152
        1.5465471257        0.7952942115       -0.0579213297
        1.5465471257        0.7964055537       -0.0579558917
        1.9721277370        0.8915551439       -0.0230346809
        1.5465471257        0.7956372296       -0.0583034358
        0.9456892794        0.6515920768       -0.2233800923
        0.9456892794        0.6483131734       -0.2263280592
        1.5465471257        0.7957806413       -0.0582817556
        1.5465471257        0.7966204426       -0.0582829337
        0.9456892794        0.6489109246       -0.2262445379
        0.9456892794        0.6527625879       -0.2257880447
        1.5465471257        0.7955570006       -0.0582483119
        1.9721277370        0.8915143942       -0.0230841877
        1.5465471257        0.7955052832       -0.0580190021
        1.5465471257        0.7953742152       -0.0579684998
        1.9721277370        0.8916302142       -0.0228082749
        2.2107934496        0.9240858750       -0.0131043141
        2.2107934496        0.9241981141       -0.0133515212
        1.8412299905        0.8637528897       -0.0267709848
        1.3757354685        0.7406476217       -0.0786595290
        1.3757354685        0.7410601255       -0.0784935750
        1.8412299905        0.8634828973       -0.0267976381
        2.2107934496        0.9239898389       -0.0128079913
        1.3757354685        0.7413489776       -0.0786235756
        0.6286241168        0.5848823280       -0.3302979141
        0.6286241168        0.5783524854       -0.3253370501
        1.3757354685        0.7416296073       -0.0777546652
        2.2107934496        0.9239704996       -0.0128798156
        2.2107934496        0.9241093729       -0.0130308377
        1.3757354685        0.7415306491       -0.0786360936
        0.6286241168        0.5778756166       -0.3256450225
        0.6286241168        0.5782685994       -0.3305058032
        1.3757354685        0.7409725567       -0.0793636915
        2.2107934496        0.9240815945       -0.0128824231
        1.8412299905        0.8634642834       -0.0268019594
        1.3757354685        0.7413089815       -0.0775742337
        1.3757354685        0.7408074353       -0.0789736888
        1.8412299905        0.8638649882       -0.0268531100
        2.2107934496        0.9240855109       -0.0131803712
        2.2107934496        0.9242249652       -0.0131724537
        2.0948622256        0.9091176448       -0.0201554572
        1.7002846659        0.8359800479       -0.0384988262
        1.7002846659        0.8361919111       -0.0386754384
        2.0948622256        0.9091742198       -0.0202694258
        1.7002846659        0.8358357991       -0.0389940656
        1.1804609889        0.6987431592       -0.1449875134
        1.1804609889        0.6959862893       -0.1457279622
        1.7002846659        0.8360117120       -0.0388436653
        1.7002846659        0.8361363345       -0.0390635034
        1.1804609889        0.6954040924       -0.1454776798
        1.1804609889        0.6989553077       -0.1468296941
        1.7002846659        0.8363809935       -0.0391863299
        2.0948622256        0.9092711405       -0.0202527638
        1.7002846659        0.8359856056       -0.0385101644
        1.7002846659        0.8361564109       -0.0388932116
        2.0948622256        0.9092114747       -0.0201624827
        1.9721277370        0.8929091294       -0.0186043922
        1.9721277370        0.8927876500       -0.0192930131
        1.9721277370        0.8928441950       -0.0192510774
        1.9721277370        0.8929797715       -0.0187775494
