#epsqw diagonal term
#1:q+G [au], 2:Re(eps-1), 3:Im(eps-1)
        2.0948622256        0.9255475207       -0.0256138520
        2.0948622256        0.9253555695       -0.0256784548
        2.0948622256        0.9255375888       -0.0255904570
        1.7002846659        0.8464326846       -0.0284946528
        1.7002846659        0.8465573212       -0.0282949077
        2.0948622256        0.9255741573       -0.0254951267
        2.0948622256        0.9253972089       -0.0256295046
        1.7002846659        0.8464450855       -0.0283098190
        1.7002846659        0.8463682244       -0.0285366733
        2.0948622256        0.9255186503       -0.0259512804
        2.0948622256        0.9256091771       -0.0255196691
        2.0948622256        0.9255554087       -0.0259425954
        1.9721277370        0.9029906829       -0.0266065020
        1.5465471257        0.7913929473       -0.0399999258
        1.5465471257        0.7916550625       -0.0394564518
        1.9721277370        0.9034148024       -0.0263277128
        1.5465471257        0.7913474898       -0.0402489132
        0.9456892794        0.4895785076       -0.1929064377
        0.9456892794        0.4919676584       -0.1926080770
        1.5465471257        0.7914270183       -0.0399620567
        1.5465471257        0.7914777485       -0.0397873150
        0.9456892794        0.4920750588       -0.1925271154
        0.9456892794        0.4905511288       -0.1934185631
        1.5465471257        0.7915049613       -0.0401928938
        1.9721277370        0.9034902633       -0.0262800304
        1.5465471257        0.7914980370       -0.0395164154
        1.5465471257        0.7917878920       -0.0397901857
        1.9721277370        0.9031985361       -0.0267386810
        2.2107934496        0.9379757858       -0.0210112335
        2.2107934496        0.9383133401       -0.0208703611
        1.8412299905        0.8824783955       -0.0351448182
        1.3757354685        0.7288853507       -0.0702849636
        1.3757354685        0.7296081349       -0.0690113647
        1.8412299905        0.8824605185       -0.0345221552
        2.2107934496        0.9381448636       -0.0210266803
        1.3757354685        0.7285142523       -0.0701917870
        0.6286241168        0.3078945272       -0.3990951766
        0.6286241168        0.3144416625       -0.4022724277
        1.3757354685        0.7288034447       -0.0694341109
        2.2107934496        0.9383902962       -0.0209886760
        2.2107934496        0.9382721669       -0.0209735628
        1.3757354685        0.7296850519       -0.0688069991
        0.6286241168        0.3138215154       -0.4004799472
        0.6286241168        0.3095235962       -0.3990189688
        1.3757354685        0.7290000786       -0.0692903883
        2.2107934496        0.9382964837       -0.0209672774
        1.8412299905        0.8824238630       -0.0345559657
        1.3757354685        0.7292335502       -0.0695996661
        1.3757354685        0.7291017153       -0.0693527549
        1.8412299905        0.8824147829       -0.0349646871
        2.2107934496        0.9382085027       -0.0208239474
        2.2107934496        0.9381773487       -0.0207570130
        2.0948622256        0.9197030173       -0.0248797611
        1.7002846659        0.8432222918       -0.0389449402
        1.7002846659        0.8433043890       -0.0384587437
        2.0948622256        0.9202683852       -0.0245208819
        1.7002846659        0.8433618447       -0.0388941096
        1.1804609889        0.6069669136       -0.0950069224
        1.1804609889        0.6081276469       -0.0947527576
        1.7002846659        0.8435664239       -0.0382249905
        1.7002846659        0.8437508690       -0.0384267815
        1.1804609889        0.6074874002       -0.0948107905
        1.1804609889        0.6078103817       -0.0945460030
        1.7002846659        0.8433328876       -0.0386966851
        2.0948622256        0.9203232775       -0.0244794068
        1.7002846659        0.8433405514       -0.0383402268
        1.7002846659        0.8428941080       -0.0387945204
        2.0948622256        0.9200574570       -0.0245899655
        1.9721277370        0.9074509869       -0.0258788335
        1.9721277370        0.9076224160       -0.0256482028
        1.9721277370        0.9076430998       -0.0257478658
        1.9721277370        0.9071892800       -0.0258677061
