#epsqw diagonal term
#1:q+G [au], 2:Re(eps-1), 3:Im(eps-1)
        2.0948622256        0.9065202191       -0.0320148039
        2.0948622256        0.9065009775       -0.0319401276
        2.0948622256        0.9065013220       -0.0320430959
        1.7002846659        0.8478750730       -0.0389780980
        1.7002846659        0.8475568006       -0.0387228125
        2.0948622256        0.9064323307       -0.0319751276
        2.0948622256        0.9065889758       -0.0319998578
        1.7002846659        0.8475901342       -0.0387115923
        1.7002846659        0.8471166466       -0.0388140355
        2.0948622256        0.9063107926       -0.0321552365
        2.0948622256        0.9064743422       -0.0318975034
        2.0948622256        0.9062961148       -0.0320238815
        1.9721277370        0.8886689193       -0.0353969161
        1.5465471257        0.8073742817       -0.0414653082
        1.5465471257        0.8068127617       -0.0421318567
        1.9721277370        0.8889505678       -0.0357382034
        1.5465471257        0.8072896350       -0.0415330153
        0.9456892794        0.5277939369       -0.0730170360
        0.9456892794        0.5269158670       -0.0736070010
        1.5465471257        0.8068993775       -0.0422626107
        1.5465471257        0.8068482824       -0.0422201286
        0.9456892794        0.5269825553       -0.0736358505
        0.9456892794        0.5274448676       -0.0728503587
        1.5465471257        0.8073171050       -0.0422333353
        1.9721277370        0.8890558586       -0.0358074674
        1.5465471257        0.8070016102       -0.0421986473
        1.5465471257        0.8073037492       -0.0421020009
        1.9721277370        0.8886010372       -0.0355491871
        2.2107934496        0.9248873118       -0.0147375847
        2.2107934496        0.9246852281       -0.0146533066
        1.8412299905        0.8639223105       -0.0272348468
        1.3757354685        0.7559095626       -0.0395369541
        1.3757354685        0.7549789111       -0.0397358674
        1.8412299905        0.8642346020       -0.0274972448
        2.2107934496        0.9248486306       -0.0147113121
        1.3757354685        0.7558995081       -0.0395696263
        0.6286241168        0.3920540765       -0.1037288946
        0.6286241168        0.3925910541       -0.1041926096
        1.3757354685        0.7547192933       -0.0399792318
        2.2107934496        0.9247439494       -0.0145734653
        2.2107934496        0.9246517089       -0.0146397024
        1.3757354685        0.7549010148       -0.0397158143
        0.6286241168        0.3923694798       -0.1041827501
        0.6286241168        0.3910854527       -0.1035316737
        1.3757354685        0.7559850028       -0.0393218818
        2.2107934496        0.9248591952       -0.0147106182
        1.8412299905        0.8641671287       -0.0274637440
        1.3757354685        0.7547458300       -0.0399545716
        1.3757354685        0.7561309489       -0.0393229728
        1.8412299905        0.8639476347       -0.0272915184
        2.2107934496        0.9247703230       -0.0145776495
        2.2107934496        0.9248963411       -0.0147489149
        2.0948622256        0.9026250273       -0.0364568150
        1.7002846659        0.8443966001       -0.0383473612
        1.7002846659        0.8444187379       -0.0383188665
        2.0948622256        0.9028784520       -0.0366526127
        1.7002846659        0.8446160823       -0.0382535078
        1.1804609889        0.6571845186       -0.0552718261
        1.1804609889        0.6570197543       -0.0558222128
        1.7002846659        0.8443889535       -0.0381276476
        1.7002846659        0.8445025954       -0.0382070336
        1.1804609889        0.6570463658       -0.0557923571
        1.1804609889        0.6579311424       -0.0552380465
        1.7002846659        0.8447238975       -0.0381384501
        2.0948622256        0.9027671194       -0.0366160287
        1.7002846659        0.8441534685       -0.0382067533
        1.7002846659        0.8446831841       -0.0382714447
        2.0948622256        0.9027071426       -0.0366842909
        1.9721277370        0.8968714929       -0.0308496893
        1.9721277370        0.8973551104       -0.0307290129
        1.9721277370        0.8973524835       -0.0307369296
        1.9721277370        0.8974984052       -0.0306688668
