#epsqw diagonal term
#1:q+G [au], 2:Re(eps-1), 3:Im(eps-1)
        2.0948622256        0.9014858668       -0.0014646446
        2.0948622256        0.9014935609       -0.0014766731
        2.0948622256        0.9014605711       -0.0014615486
        1.7002846659        0.8383455061       -0.0013572115
        1.7002846659        0.8383767461       -0.0013526375
        2.0948622256        0.9014813678       -0.0014548085
        2.0948622256        0.9014709534       -0.0014740639
        1.7002846659        0.8383750609       -0.0013542860
        1.7002846659        0.8383552137       -0.0013583707
        2.0948622256        0.9014800472       -0.0014535992
        2.0948622256        0.9015049997       -0.0014551912
        2.0948622256        0.9015038661       -0.0014559904
        1.9721277370        0.8840538154       -0.0025807692
        1.5465471257        0.7966493694       -0.0028738931
        1.5465471257        0.7965278542       -0.0029266331
        1.9721277370        0.8839664419       -0.0026472033
        1.5465471257        0.7965771715       -0.0028769010
        0.9456892794        0.5458236153       -0.0038860711
        0.9456892794        0.5456850890       -0.0039136244
        1.5465471257        0.7965481365       -0.0028929422
        1.5465471257        0.7964618531       -0.0029319905
        0.9456892794        0.5456874859       -0.0039105600
        0.9456892794        0.5455996308       -0.0039277904
        1.5465471257        0.7965245177       -0.0028522371
        1.9721277370        0.8839751073       -0.0026439734
        1.5465471257        0.7966211222       -0.0028891216
        1.5465471257        0.7965948303       -0.0028490802
        1.9721277370        0.8839623081       -0.0025845762
        2.2107934496        0.9183908659       -0.0009832903
        2.2107934496        0.9183948469       -0.0009779503
        1.8412299905        0.8661108121       -0.0012905480
        1.3757354685        0.7403992525       -0.0022572133
        1.3757354685        0.7404023399       -0.0022545472
        1.8412299905        0.8661578131       -0.0012864487
        2.2107934496        0.9183618817       -0.0009837237
        1.3757354685        0.7403496872       -0.0022548770
        0.6286241168        0.3660363228       -0.0047031385
        0.6286241168        0.3661340757       -0.0045915601
        1.3757354685        0.7403643592       -0.0022674552
        2.2107934496        0.9183679256       -0.0009801429
        2.2107934496        0.9183660310       -0.0009789739
        1.3757354685        0.7403530473       -0.0022527005
        0.6286241168        0.3661355041       -0.0045929427
        0.6286241168        0.3663029642       -0.0045925097
        1.3757354685        0.7404231644       -0.0022409183
        2.2107934496        0.9183865801       -0.0009705770
        1.8412299905        0.8661555353       -0.0012871515
        1.3757354685        0.7404161742       -0.0022675497
        1.3757354685        0.7404737663       -0.0022428371
        1.8412299905        0.8661598629       -0.0012609855
        2.2107934496        0.9183960309       -0.0009801697
        2.2107934496        0.9184146442       -0.0009697400
        2.0948622256        0.8990997679       -0.0027277506
        1.7002846659        0.8352293608       -0.0024334502
        1.7002846659        0.8352219141       -0.0024630442
        2.0948622256        0.8990746017       -0.0027597504
        1.7002846659        0.8351618580       -0.0024323852
        1.1804609889        0.6575100922       -0.0025610262
        1.1804609889        0.6575162157       -0.0025915437
        1.7002846659        0.8351080659       -0.0024837805
        1.7002846659        0.8351535533       -0.0024651096
        1.1804609889        0.6575179230       -0.0025911409
        1.1804609889        0.6575704918       -0.0025712668
        1.7002846659        0.8351962334       -0.0024523369
        2.0948622256        0.8990701910       -0.0027609852
        1.7002846659        0.8351724800       -0.0024822353
        1.7002846659        0.8352650265       -0.0024537115
        2.0948622256        0.8991794000       -0.0027251439
        1.9721277370        0.8856794123       -0.0013678354
        1.9721277370        0.8856941581       -0.0013564747
        1.9721277370        0.8856923673       -0.0013564220
        1.9721277370        0.8857200069       -0.0013491758
