#epsqw diagonal term
#1:q+G [au], 2:Re(eps-1), 3:Im(eps-1)
        2.2201811498        0.9339351064       -0.0234713963
        2.1632439464        0.9226619136       -0.0246592004
        2.2201811498        0.9338460605       -0.0232585969
        1.7838566570        0.8628238259       -0.0283597231
        1.7124732425        0.8459776958       -0.0318478155
        2.0446184091        0.9094795579       -0.0277424125
        2.1632439464        0.9227644968       -0.0246488627
        1.7124732425        0.8458745077       -0.0319652287
        1.6379818802        0.8241071161       -0.0308950477
        1.9826458262        0.8998604108       -0.0275776178
        2.0446184091        0.9092816199       -0.0278292257
        1.9826458262        0.8997214823       -0.0275306024
        2.1632439464        0.9310986787       -0.0227055685
        1.7124732425        0.8493474110       -0.0282791457
        1.6379818802        0.8274509026       -0.0350642653
        1.9826458262        0.9031614742       -0.0261506443
        1.7124732425        0.8492411395       -0.0284964119
        1.0888089092        0.5880473389       -0.0840577949
        0.9674321032        0.4948306136       -0.1177896460
        1.4777769476        0.7729037571       -0.0355966541
        2.2201811498        0.9340978817       -0.0255079296
        1.6379818802        0.8270826491       -0.0352324500
        0.9674321032        0.4951653239       -0.1167456622
        0.8284593580        0.4035384681       -0.1659941761
        1.3907712753        0.7380673529       -0.0439950235
        2.1632439464        0.9257529593       -0.0256310625
        1.9826458262        0.9030414339       -0.0263244226
        1.4777769476        0.7726941034       -0.0352982983
        1.3907712753        0.7379534272       -0.0438388024
        1.7838566570        0.8648648083       -0.0277811434
        2.2201811498        0.9340624539       -0.0254967794
        2.1632439464        0.9258697099       -0.0255360553
        2.0446184091        0.9068027210       -0.0250156727
        1.5599373940        0.8006976446       -0.0365175743
        1.4777769476        0.7713521249       -0.0400349750
        1.8524914411        0.8755968354       -0.0287958625
        1.5599373940        0.8003526532       -0.0364082258
        0.8284593580        0.3777159625       -0.1361366753
        0.6608819421        0.2727939928       -0.2019456061
        1.2979463678        0.6892699663       -0.0534188909
        2.1047670667        0.9187910441       -0.0266073083
        1.4777769476        0.7714070933       -0.0401061540
        0.6608819421        0.2747521194       -0.2014444192
        0.4326487893        0.1083506578       -0.3554790058
        1.1979502524        0.6594666091       -0.0627963644
        2.0446184091        0.9107339212       -0.0261876088
        1.8524914411        0.8754308628       -0.0287595870
        1.2979463678        0.6894264451       -0.0531542377
        1.1979502524        0.6587393637       -0.0624746925
        1.6379818802        0.8245849200       -0.0292887918
        2.1047670667        0.9188099476       -0.0266158235
        2.0446184091        0.9105318215       -0.0263682605
        1.8524914411        0.8772744860       -0.0290007289
        1.7838566570        0.8606801302       -0.0314026705
        2.1047670667        0.9204877286       -0.0228870709
        1.8524914411        0.8772546307       -0.0291040067
        1.2979463678        0.6921582126       -0.0557214342
        1.1979502524        0.6372216292       -0.0707137570
        1.6379818802        0.8251290118       -0.0308974312
        1.7838566570        0.8606554453       -0.0318147039
        1.1979502524        0.6382358664       -0.0709093705
        1.0888089092        0.5868132688       -0.0937758868
        1.5599373940        0.8039224188       -0.0316559348
        2.1047670667        0.9204865422       -0.0230770705
        1.6379818802        0.8250297219       -0.0308420294
        1.5599373940        0.8039538715       -0.0315221904
        1.9186725895        0.8902178479       -0.0233549075
        2.0446184091        0.9078046091       -0.0269641683
        1.9826458262        0.9008064716       -0.0272856666
        1.9826458262        0.9009295722       -0.0271779205
        1.9186725895        0.8889596165       -0.0248695434
        2.2201811498        0.9303395779       -0.0227199465
        2.2201811498        0.9303701196       -0.0226020637
