#epsqw diagonal term
#1:q+G [au], 2:Re(eps-1), 3:Im(eps-1)
        2.2201811498        1.1634291207       -0.1185652368
        2.1632439464        1.1840365860       -0.1242106493
        2.2201811498        1.1632231947       -0.1180407981
        1.7838566570        1.3071513750       -0.2549595801
        1.7124732425        1.3492249061       -0.2506912686
        2.0446184091        1.2044814932       -0.1334700295
        2.1632439464        1.1836140227       -0.1225334472
        1.7124732425        1.3483823991       -0.2503253922
        1.6379818802        1.3651529781       -0.2289336197
        1.9826458262        1.2398762422       -0.1567532195
        2.0446184091        1.2038875707       -0.1338615547
        1.9826458262        1.2397827887       -0.1578284005
        2.1632439464        1.1753430610       -0.1254469846
        1.7124732425        1.3734702172       -0.3413296718
        1.6379818802        1.4065766164       -0.3076051163
        1.9826458262        1.2411455788       -0.1664885047
        1.7124732425        1.3732100153       -0.3402678040
        1.0888089092        1.7164254800       -0.4105963269
        0.9674321032        1.8849243015       -0.4399269840
        1.4777769476        1.5386256109       -0.3614626677
        2.2201811498        1.1444772055       -0.1002605361
        1.6379818802        1.4033718427       -0.3065465312
        0.9674321032        1.8796083636       -0.4383138578
        0.8284593580        2.0766174278       -0.4857555022
        1.3907712753        1.5612411835       -0.3495702982
        2.1632439464        1.1540247610       -0.1134020962
        1.9826458262        1.2400882290       -0.1651460576
        1.4777769476        1.5400056076       -0.3639328520
        1.3907712753        1.5637518066       -0.3525645881
        1.7838566570        1.3378799577       -0.2253392368
        2.2201811498        1.1450633462       -0.1003995202
        2.1632439464        1.1552053523       -0.1139196788
        2.0446184091        1.2418225026       -0.1790938798
        1.5599373940        1.4253454406       -0.3118170537
        1.4777769476        1.5075756966       -0.3754875514
        1.8524914411        1.3243487469       -0.2329489754
        1.5599373940        1.4217750301       -0.3114057775
        0.8284593580        2.0815791050       -0.6712792788
        0.6608819421        2.2442226482       -0.6548488564
        1.2979463678        1.6435482228       -0.3872028981
        2.1047670667        1.1700585957       -0.1360987016
        1.4777769476        1.5034780563       -0.3708965411
        0.6608819421        2.2399814064       -0.6531297339
        0.4326487893        2.3111166878       -0.8452815758
        1.1979502524        1.7432193041       -0.4773300847
        2.0446184091        1.1801247984       -0.1497607988
        1.8524914411        1.3244472865       -0.2334893171
        1.2979463678        1.6481149178       -0.3888585598
        1.1979502524        1.7494002311       -0.4793157779
        1.6379818802        1.4390062167       -0.3533122741
        2.1047670667        1.1709138763       -0.1365513645
        2.0446184091        1.1805108152       -0.1505467560
        1.8524914411        1.2916231504       -0.2333290985
        1.7838566570        1.3372067279       -0.2401831972
        2.1047670667        1.1993101252       -0.1100386938
        1.8524914411        1.2916598450       -0.2301608648
        1.2979463678        1.6232125337       -0.3195303826
        1.1979502524        1.6899481778       -0.3179971990
        1.6379818802        1.4507452248       -0.3299621218
        1.7838566570        1.3365316736       -0.2388157443
        1.1979502524        1.6890740994       -0.3183261796
        1.0888089092        1.8665311409       -0.4692954660
        1.5599373940        1.4772451881       -0.3571291230
        2.1047670667        1.1995159263       -0.1102443976
        1.6379818802        1.4521458397       -0.3340331259
        1.5599373940        1.4775323187       -0.3597989952
        1.9186725895        1.2812219632       -0.1618992633
        2.0446184091        1.1867196289       -0.1284671955
        1.9826458262        1.2148176268       -0.1608873676
        1.9826458262        1.2148161911       -0.1613427255
        1.9186725895        1.2128918823       -0.1543019475
        2.2201811498        1.1612180762       -0.1093311837
        2.2201811498        1.1611211489       -0.1097622990
