#epsqw diagonal term
#1:q+G [au], 2:Re(eps-1), 3:Im(eps-1)
        2.2201811498        0.9174468623       -0.0006159039
        2.1632439464        0.9131735034       -0.0005874438
        2.2201811498        0.9174316997       -0.0006152450
        1.7838566570        0.8579471064       -0.0007771225
        1.7124732425        0.8444935037       -0.0008113776
        2.0446184091        0.8972059583       -0.0006985007
        2.1632439464        0.9131642462       -0.0005859279
        1.7124732425        0.8445022059       -0.0008109129
        1.6379818802        0.8286125971       -0.0008499540
        1.9826458262        0.8905038150       -0.0006804632
        2.0446184091        0.8972253620       -0.0006992431
        1.9826458262        0.8905194731       -0.0006819062
        2.1632439464        0.9103858936       -0.0007364438
        1.7124732425        0.8423924091       -0.0009620043
        1.6379818802        0.8254752993       -0.0010278351
        1.9826458262        0.8884918893       -0.0008683463
        1.7124732425        0.8423468536       -0.0009619067
        1.0888089092        0.6308882887       -0.0015513804
        0.9674321032        0.5653254274       -0.0018039160
        1.4777769476        0.7787933802       -0.0011923732
        2.2201811498        0.9165384744       -0.0006885855
        1.6379818802        0.8254282551       -0.0010262130
        0.9674321032        0.5653207469       -0.0018025486
        0.8284593580        0.4924070495       -0.0020385414
        1.3907712753        0.7501573224       -0.0012861524
        2.1632439464        0.9123923481       -0.0006833906
        1.9826458262        0.8884902086       -0.0008673641
        1.4777769476        0.7788397390       -0.0011920329
        1.3907712753        0.7502101384       -0.0012874767
        1.7838566570        0.8558320340       -0.0010085613
        2.2201811498        0.9165640827       -0.0006883028
        2.1632439464        0.9124110612       -0.0006841517
        2.0446184091        0.9000640393       -0.0006006076
        1.5599373940        0.8059267082       -0.0009797073
        1.4777769476        0.7837131342       -0.0010691498
        1.8524914411        0.8711931059       -0.0007130438
        1.5599373940        0.8058768310       -0.0009795911
        0.8284593580        0.4891942303       -0.0020214113
        0.6608819421        0.3996431384       -0.0023833570
        1.2979463678        0.7154377181       -0.0012827619
        2.1047670667        0.9078709273       -0.0006020543
        1.4777769476        0.7836622401       -0.0010687701
        0.6608819421        0.3996371585       -0.0023836966
        0.4326487893        0.2753171504       -0.0027688065
        1.1979502524        0.6793240360       -0.0014255847
        2.0446184091        0.9032472747       -0.0005580727
        1.8524914411        0.8711748529       -0.0007134564
        1.2979463678        0.7154754072       -0.0012832403
        1.1979502524        0.6793688278       -0.0014260595
        1.6379818802        0.8267346673       -0.0008609011
        2.1047670667        0.9079042894       -0.0006021859
        2.0446184091        0.9032820508       -0.0005578390
        1.8524914411        0.8682793424       -0.0008893960
        1.7838566570        0.8562173864       -0.0008691184
        2.1047670667        0.9034007640       -0.0008214271
        1.8524914411        0.8682459156       -0.0008879508
        1.2979463678        0.7129954755       -0.0013569062
        1.1979502524        0.6723176405       -0.0014580210
        1.6379818802        0.8236906917       -0.0010288240
        1.7838566570        0.8561763159       -0.0008668806
        1.1979502524        0.6723061030       -0.0014575747
        1.0888089092        0.6243655774       -0.0015954020
        1.5599373940        0.8050881364       -0.0010248867
        2.1047670667        0.9033890356       -0.0008226034
        1.6379818802        0.8237214475       -0.0010315176
        1.5599373940        0.8051348043       -0.0010282825
        1.9186725895        0.8783735322       -0.0008911977
        2.0446184091        0.8962672989       -0.0007193336
        1.9826458262        0.8913532027       -0.0006906408
        1.9826458262        0.8913576914       -0.0006907439
        1.9186725895        0.8840802553       -0.0006469161
        2.2201811498        0.9189421411       -0.0005981042
        2.2201811498        0.9189445569       -0.0006000653
