#epsqw diagonal term
#1:q+G [au], 2:Re(eps-1), 3:Im(eps-1)
        2.2201811498        0.9188452044       -0.0004757217
        2.1632439464        0.9144301135       -0.0004648445
        2.2201811498        0.9188281433       -0.0004757355
        1.7838566570        0.8595635009       -0.0006556386
        1.7124732425        0.8461607306       -0.0006877059
        2.0446184091        0.8987474404       -0.0005478057
        2.1632439464        0.9144160339       -0.0004646415
        1.7124732425        0.8461677334       -0.0006875131
        1.6379818802        0.8303496138       -0.0007310171
        1.9826458262        0.8919418044       -0.0005477154
        2.0446184091        0.8987692730       -0.0005478057
        1.9826458262        0.8919621935       -0.0005478853
        2.1632439464        0.9120661146       -0.0005191982
        1.7124732425        0.8444378887       -0.0007260978
        1.6379818802        0.8276192798       -0.0007685935
        1.9826458262        0.8904324089       -0.0005995975
        1.7124732425        0.8443919453       -0.0007261971
        1.0888089092        0.6342028076       -0.0012991681
        0.9674321032        0.5694420678       -0.0014994502
        1.4777769476        0.7812674902       -0.0009196743
        2.2201811498        0.9181393195       -0.0005012314
        1.6379818802        0.8275666594       -0.0007683597
        0.9674321032        0.5694328365       -0.0014993478
        0.8284593580        0.4974002772       -0.0017262161
        1.3907712753        0.7528102739       -0.0010007628
        2.1632439464        0.9139374243       -0.0004967604
        1.9826458262        0.8904278013       -0.0005995087
        1.4777769476        0.7813132150       -0.0009195549
        1.3907712753        0.7528675801       -0.0010009096
        1.7838566570        0.8580226894       -0.0007055917
        2.2201811498        0.9181639580       -0.0005010020
        2.1632439464        0.9139582662       -0.0004967455
        2.0446184091        0.9013106966       -0.0004970683
        1.5599373940        0.8079644996       -0.0008197375
        1.4777769476        0.7859880102       -0.0009032876
        1.8524914411        0.8726781961       -0.0005997417
        1.5599373940        0.8079139599       -0.0008198215
        0.8284593580        0.4941501293       -0.0017265664
        0.6608819421        0.4060932429       -0.0020057667
        1.2979463678        0.7181169792       -0.0011027443
        2.1047670667        0.9092208327       -0.0004897078
        1.4777769476        0.7859352316       -0.0009031508
        0.6608819421        0.4060886451       -0.0020057627
        0.4326487893        0.2838813537       -0.0023184319
        1.1979502524        0.6824038252       -0.0012423723
        2.0446184091        0.9044128386       -0.0004740279
        1.8524914411        0.8726616130       -0.0005999906
        1.2979463678        0.7181566847       -0.0011028602
        1.1979502524        0.6824509075       -0.0012426543
        1.6379818802        0.8284961687       -0.0007377085
        2.1047670667        0.9092549025       -0.0004896704
        2.0446184091        0.9044470250       -0.0004739719
        1.8524914411        0.8702271699       -0.0006578460
        1.7838566570        0.8580670829       -0.0006744145
        2.1047670667        0.9053138267       -0.0005622825
        1.8524914411        0.8701893238       -0.0006578170
        1.2979463678        0.7158535392       -0.0011205243
        1.1979502524        0.6754393302       -0.0012333415
        1.6379818802        0.8258898536       -0.0007942114
        1.7838566570        0.8580191121       -0.0006742569
        1.1979502524        0.6754263543       -0.0012333403
        1.0888089092        0.6278746922       -0.0013908645
        1.5599373940        0.8072140203       -0.0008252354
        2.1047670667        0.9053059851       -0.0005625573
        1.6379818802        0.8259292581       -0.0007944533
        1.5599373940        0.8072714987       -0.0008255865
        1.9186725895        0.8804098571       -0.0006471092
        2.0446184091        0.8978728482       -0.0005663648
        1.9826458262        0.8928697093       -0.0005572849
        1.9826458262        0.8928746610       -0.0005573156
        1.9186725895        0.8854247214       -0.0005499408
        2.2201811498        0.9202710636       -0.0004574723
        2.2201811498        0.9202797121       -0.0004577282
