#epsqw diagonal term
#1:q+G [au], 2:Re(eps-1), 3:Im(eps-1)
        2.2201811498        1.0093114999       -0.0000350505
        2.1632439464        1.0100195579       -0.0000374531
        2.2201811498        1.0093129852       -0.0000350575
        1.7838566570        1.0161073391       -0.0000628752
        1.7124732425        1.0175306813       -0.0000682882
        2.0446184091        1.0116319372       -0.0000442772
        2.1632439464        1.0100209326       -0.0000374605
        1.7124732425        1.0175290158       -0.0000682839
        1.6379818802        1.0191433603       -0.0000741382
        1.9826458262        1.0125908952       -0.0000477184
        2.0446184091        1.0116303843       -0.0000442712
        1.9826458262        1.0125897628       -0.0000477135
        2.1632439464        1.0100011649       -0.0000377788
        1.7124732425        1.0175527454       -0.0000694329
        1.6379818802        1.0191703532       -0.0000758341
        1.9826458262        1.0125768474       -0.0000482532
        1.7124732425        1.0175596187       -0.0000694570
        1.0888089092        1.0349069114       -0.0001613367
        0.9674321032        1.0389833555       -0.0001875029
        1.4777769476        1.0231105979       -0.0000955781
        2.2201811498        1.0093050329       -0.0000351511
        1.6379818802        1.0191787153       -0.0000758635
        0.9674321032        1.0389828772       -0.0001875018
        0.8284593580        1.0434935552       -0.0002197282
        1.3907712753        1.0255214389       -0.0001064775
        2.1632439464        1.0099921691       -0.0000376224
        1.9826458262        1.0125779445       -0.0000482574
        1.4777769476        1.0231039507       -0.0000955546
        1.3907712753        1.0255125654       -0.0001064467
        1.7838566570        1.0160824682       -0.0000631146
        2.2201811498        1.0093008702       -0.0000351357
        2.1632439464        1.0099880896       -0.0000376071
        2.0446184091        1.0116552018       -0.0000435471
        1.5599373940        1.0209776094       -0.0000831208
        1.4777769476        1.0231257060       -0.0000912453
        1.8524914411        1.0148267577       -0.0000565130
        1.5599373940        1.0209880776       -0.0000831526
        0.8284593580        1.0434575697       -0.0002217081
        0.6608819421        1.0480471876       -0.0002641918
        1.2979463678        1.0282415610       -0.0001193083
        2.1047670667        1.0107472355       -0.0000403278
        1.4777769476        1.0231385560       -0.0000912845
        0.6608819421        1.0480563386       -0.0002642203
        0.4326487893        1.0519735454       -0.0003293923
        1.1979502524        1.0315039787       -0.0001340404
        2.0446184091        1.0115944596       -0.0000432064
        1.8524914411        1.0148296118       -0.0000565216
        1.2979463678        1.0282310142       -0.0001192744
        1.1979502524        1.0314894081       -0.0001339942
        1.6379818802        1.0192785722       -0.0000758026
        2.1047670667        1.0107397928       -0.0000403039
        2.0446184091        1.0115865681       -0.0000431813
        1.8524914411        1.0147811700       -0.0000573548
        1.7838566570        1.0160842314       -0.0000622089
        2.1047670667        1.0107459089       -0.0000407121
        1.8524914411        1.0147860715       -0.0000573726
        1.2979463678        1.0281416698       -0.0001213534
        1.1979502524        1.0312868336       -0.0001374259
        1.6379818802        1.0191880117       -0.0000769382
        1.7838566570        1.0160904688       -0.0000622312
        1.1979502524        1.0312863709       -0.0001374239
        1.0888089092        1.0349829622       -0.0001565763
        1.5599373940        1.0210824884       -0.0000847705
        2.1047670667        1.0107468417       -0.0000407149
        1.6379818802        1.0191830643       -0.0000769195
        1.5599373940        1.0210754683       -0.0000847444
        1.9186725895        1.0135935111       -0.0000523758
        2.0446184091        1.0116096010       -0.0000440807
        1.9826458262        1.0125531397       -0.0000476108
        1.9826458262        1.0125515747       -0.0000476060
        1.9186725895        1.0135433224       -0.0000509547
        2.2201811498        1.0092955097       -0.0000348653
        2.2201811498        1.0092955264       -0.0000348632
