#epsqw diagonal term
#1:q+G [au], 2:Re(eps-1), 3:Im(eps-1)
        2.2201811498        1.0388153626       -0.0350803824
        2.1632439464        1.0420048431       -0.0406659060
        2.2201811498        1.0387890360       -0.0350126016
        1.7838566570        1.0958039638       -0.0647827702
        1.7124732425        1.1083598405       -0.0702704443
        2.0446184091        1.0550918676       -0.0425211352
        2.1632439464        1.0420211300       -0.0405255949
        1.7124732425        1.1084358351       -0.0699518222
        1.6379818802        1.1247362260       -0.0745992300
        1.9826458262        1.0618882632       -0.0502970999
        2.0446184091        1.0552193779       -0.0423280644
        1.9826458262        1.0621680544       -0.0501417290
        2.1632439464        1.0448577392       -0.0360203583
        1.7124732425        1.1111342009       -0.0710735509
        1.6379818802        1.1242819623       -0.0786341865
        1.9826458262        1.0641682524       -0.0461347402
        1.7124732425        1.1105565301       -0.0711485131
        1.0888089092        1.2714172026       -0.1094897398
        0.9674321032        1.3144572995       -0.1319562864
        1.4777769476        1.1637623207       -0.0881721414
        2.2201811498        1.0389537359       -0.0355768924
        1.6379818802        1.1237220466       -0.0784982486
        0.9674321032        1.3144167948       -0.1310342458
        0.8284593580        1.3669784807       -0.1478750201
        1.3907712753        1.1831098572       -0.0965492881
        2.1632439464        1.0438199189       -0.0394564627
        1.9826458262        1.0640513570       -0.0460126264
        1.4777769476        1.1644655650       -0.0874028144
        1.3907712753        1.1840916834       -0.0959466491
        1.7838566570        1.0956754825       -0.0572948118
        2.2201811498        1.0392193382       -0.0354362415
        2.1632439464        1.0441805480       -0.0393330184
        2.0446184091        1.0554891524       -0.0488993162
        1.5599373940        1.1436747411       -0.0836840805
        1.4777769476        1.1695270385       -0.0943974873
        1.8524914411        1.0815469107       -0.0649992941
        1.5599373940        1.1429910034       -0.0839499182
        0.8284593580        1.3662020596       -0.1561271775
        0.6608819421        1.4192067125       -0.1659886976
        1.2979463678        1.2129938482       -0.1085824654
        2.1047670667        1.0500174112       -0.0441450215
        1.4777769476        1.1685928007       -0.0947151867
        0.6608819421        1.4186159328       -0.1665186431
        0.4326487893        1.4513833103       -0.1805135523
        1.1979502524        1.2530247642       -0.1235722386
        2.0446184091        1.0582316998       -0.0501726945
        1.8524914411        1.0813357033       -0.0651351474
        1.2979463678        1.2134895906       -0.1086106786
        1.1979502524        1.2537591009       -0.1235012677
        1.6379818802        1.1220248136       -0.0844876970
        2.1047670667        1.0503755057       -0.0440152622
        2.0446184091        1.0586958192       -0.0500596718
        1.8524914411        1.0845932008       -0.0574498760
        1.7838566570        1.0942864528       -0.0673760110
        2.1047670667        1.0519629291       -0.0355363170
        1.8524914411        1.0841862528       -0.0576616888
        1.2979463678        1.2125755183       -0.0972979694
        1.1979502524        1.2423433204       -0.1082397465
        1.6379818802        1.1257374292       -0.0774827564
        1.7838566570        1.0935298655       -0.0679077087
        1.1979502524        1.2418030792       -0.1091355953
        1.0888089092        1.2856447146       -0.1321511228
        1.5599373940        1.1421358121       -0.0894524785
        2.1047670667        1.0518963009       -0.0356697432
        1.6379818802        1.1259312778       -0.0778345954
        1.5599373940        1.1424592595       -0.0895319406
        1.9186725895        1.0748864307       -0.0447222604
        2.0446184091        1.0570898505       -0.0444063012
        1.9826458262        1.0649324034       -0.0513572611
        1.9826458262        1.0649067762       -0.0514551132
        1.9186725895        1.0744399387       -0.0555394920
        2.2201811498        1.0380336267       -0.0378876727
        2.2201811498        1.0379523483       -0.0380366745
