#epsqw diagonal term
#1:q+G [au], 2:Re(eps-1), 3:Im(eps-1)
        2.2201811498        1.0171554761       -0.0256584850
        2.1632439464        1.0209492075       -0.0277046368
        2.2201811498        1.0174532076       -0.0256514730
        1.7838566570        1.0610236395       -0.0367372572
        1.7124732425        1.0709599333       -0.0369805155
        2.0446184091        1.0292858873       -0.0314547841
        2.1632439464        1.0214176321       -0.0276249052
        1.7124732425        1.0711648881       -0.0370651273
        1.6379818802        1.0832914209       -0.0380104740
        1.9826458262        1.0357484712       -0.0326006111
        2.0446184091        1.0290192895       -0.0314394933
        1.9826458262        1.0353091402       -0.0326377971
        2.1632439464        1.0197651881       -0.0283399057
        1.7124732425        1.0660273447       -0.0388647637
        1.6379818802        1.0763069709       -0.0373299256
        1.9826458262        1.0328062758       -0.0336444805
        1.7124732425        1.0659787490       -0.0389966197
        1.0888089092        1.1536371447       -0.0359339282
        0.9674321032        1.1777576519       -0.0320059493
        1.4777769476        1.0941447588       -0.0404094813
        2.2201811498        1.0230346736       -0.0266293983
        1.6379818802        1.0762603504       -0.0373785667
        0.9674321032        1.1778193550       -0.0319031340
        0.8284593580        1.2053975632       -0.0269219215
        1.3907712753        1.1089168342       -0.0381037525
        2.1632439464        1.0278032751       -0.0285950202
        1.9826458262        1.0327078175       -0.0335633818
        1.4777769476        1.0941288179       -0.0402821014
        1.3907712753        1.1089336006       -0.0382249991
        1.7838566570        1.0498060290       -0.0391421509
        2.2201811498        1.0232304263       -0.0263922399
        2.1632439464        1.0280086653       -0.0283936002
        2.0446184091        1.0297014957       -0.0302268039
        1.5599373940        1.0898038180       -0.0377099175
        1.4777769476        1.1068302480       -0.0382170839
        1.8524914411        1.0498300346       -0.0344148406
        1.5599373940        1.0893692582       -0.0377092177
        0.8284593580        1.2048742322       -0.0265424322
        0.6608819421        1.2317329096       -0.0204882253
        1.2979463678        1.1260366378       -0.0355419451
        2.1047670667        1.0347165281       -0.0294287872
        1.4777769476        1.1063006551       -0.0382179574
        0.6608819421        1.2316386101       -0.0203862432
        0.4326487893        1.2502527161       -0.0148558492
        1.1979502524        1.1496707450       -0.0353432035
        2.0446184091        1.0419524422       -0.0318145739
        1.8524914411        1.0496990179       -0.0344635321
        1.2979463678        1.1262691774       -0.0355909809
        1.1979502524        1.1499887348       -0.0353905691
        1.6379818802        1.0742084611       -0.0374794260
        2.1047670667        1.0350804235       -0.0290873108
        2.0446184091        1.0424426368       -0.0314421943
        1.8524914411        1.0469628749       -0.0365118975
        1.7838566570        1.0577992826       -0.0363417518
        2.1047670667        1.0246989642       -0.0296814117
        1.8524914411        1.0470576750       -0.0364924956
        1.2979463678        1.1222872348       -0.0371075414
        1.1979502524        1.1418405203       -0.0337582028
        1.6379818802        1.0714460456       -0.0402619977
        1.7838566570        1.0579862035       -0.0364024873
        1.1979502524        1.1419116368       -0.0336673581
        1.0888089092        1.1660046830       -0.0321716044
        1.5599373940        1.0860909515       -0.0379066868
        2.1047670667        1.0247511399       -0.0299030309
        1.6379818802        1.0712529649       -0.0403759291
        1.5599373940        1.0857777799       -0.0379478448
        1.9186725895        1.0395980210       -0.0358019721
        2.0446184091        1.0363699425       -0.0304538474
        1.9826458262        1.0447171691       -0.0326748059
        1.9826458262        1.0447644041       -0.0325517958
        1.9186725895        1.0539032555       -0.0324130892
        2.2201811498        1.0213843547       -0.0254545168
        2.2201811498        1.0210231029       -0.0255067560
