#epsqw diagonal term
#1:q+G [au], 2:Re(eps-1), 3:Im(eps-1)
        2.2201811498        0.9108862599       -0.0135027526
        2.1632439464        0.9075639178       -0.0141785982
        2.2201811498        0.9109859715       -0.0137594407
        1.7838566570        0.8461966014       -0.0159597135
        1.7124732425        0.8382832431       -0.0157448651
        2.0446184091        0.8902066879       -0.0151591963
        2.1632439464        0.9077498130       -0.0144126788
        1.7124732425        0.8382089455       -0.0158164546
        1.6379818802        0.8297797983       -0.0185222453
        1.9826458262        0.8858066881       -0.0162255460
        2.0446184091        0.8902723745       -0.0150807012
        1.9826458262        0.8858460978       -0.0161794680
        2.1632439464        0.9067098978       -0.0130154063
        1.7124732425        0.8321088057       -0.0212503550
        1.6379818802        0.8196533151       -0.0177483949
        1.9826458262        0.8831542885       -0.0146538075
        1.7124732425        0.8319685900       -0.0211208121
        1.0888089092        0.6105353247       -0.0299966783
        0.9674321032        0.5578157996       -0.0345446679
        1.4777769476        0.7685834800       -0.0277986548
        2.2201811498        0.9111505443       -0.0163025748
        1.6379818802        0.8196041061       -0.0176258238
        0.9674321032        0.5581073435       -0.0347387174
        0.8284593580        0.4916970520       -0.0450037548
        1.3907712753        0.7431680237       -0.0298993639
        2.1632439464        0.9093750291       -0.0138981350
        1.9826458262        0.8832757961       -0.0146132612
        1.4777769476        0.7689375619       -0.0276593691
        1.3907712753        0.7432303743       -0.0301800974
        1.7838566570        0.8495001481       -0.0170328936
        2.2201811498        0.9113385993       -0.0160597863
        2.1632439464        0.9093960085       -0.0138620632
        2.0446184091        0.8972235754       -0.0137773863
        1.5599373940        0.8012258647       -0.0195546089
        1.4777769476        0.7850824951       -0.0239598090
        1.8524914411        0.8675076076       -0.0156557827
        1.5599373940        0.8011431068       -0.0195451841
        0.8284593580        0.4845235649       -0.0450523243
        0.6608819421        0.3962888343       -0.0727276287
        1.2979463678        0.7078427434       -0.0337420810
        2.1047670667        0.9047755184       -0.0136648512
        1.4777769476        0.7850471082       -0.0239405594
        0.6608819421        0.3963549805       -0.0730636237
        0.4326487893        0.2448063896       -0.1628787850
        1.1979502524        0.6746100384       -0.0434542208
        2.0446184091        0.9020732271       -0.0135673193
        1.8524914411        0.8675893126       -0.0157607044
        1.2979463678        0.7078997756       -0.0337249447
        1.1979502524        0.6746985869       -0.0434899575
        1.6379818802        0.8204585332       -0.0201383173
        2.1047670667        0.9048675689       -0.0135921143
        2.0446184091        0.9020790818       -0.0135877605
        1.8524914411        0.8615262624       -0.0170259682
        1.7838566570        0.8526575621       -0.0172343747
        2.1047670667        0.9018745113       -0.0146671250
        1.8524914411        0.8616620119       -0.0171162923
        1.2979463678        0.7079740339       -0.0293607252
        1.1979502524        0.6741217117       -0.0334969858
        1.6379818802        0.8159382163       -0.0199584412
        1.7838566570        0.8526818535       -0.0171871529
        1.1979502524        0.6741809374       -0.0334069229
        1.0888089092        0.6322539240       -0.0409199625
        1.5599373940        0.7992824366       -0.0236275801
        2.1047670667        0.9019399483       -0.0147266269
        1.6379818802        0.8160907614       -0.0201010503
        1.5599373940        0.7994864650       -0.0238160128
        1.9186725895        0.8764404101       -0.0168694032
        2.0446184091        0.8870681523       -0.0171582803
        1.9826458262        0.8864484011       -0.0162977771
        1.9826458262        0.8866324974       -0.0162153378
        1.9186725895        0.8838252280       -0.0167776195
        2.2201811498        0.9145054060       -0.0137680673
        2.2201811498        0.9146100718       -0.0136599313
