#epsqw diagonal term
#1:q+G [au], 2:Re(eps-1), 3:Im(eps-1)
        2.2201811498        1.0021870750       -0.0000065467
        2.1632439464        1.0023625490       -0.0000070354
        2.2201811498        1.0021875135       -0.0000065483
        1.7838566570        1.0039087472       -0.0000126713
        1.7124732425        1.0042793847       -0.0000139235
        2.0446184091        1.0027699670       -0.0000085387
        2.1632439464        1.0023629362       -0.0000070372
        1.7124732425        1.0042788775       -0.0000139230
        1.6379818802        1.0047005250       -0.0000152819
        1.9826458262        1.0030105490       -0.0000092660
        2.0446184091        1.0027693359       -0.0000085370
        1.9826458262        1.0030100361       -0.0000092642
        2.1632439464        1.0023613503       -0.0000071422
        1.7124732425        1.0042798647       -0.0000141591
        1.6379818802        1.0047028364       -0.0000156599
        1.9826458262        1.0030063109       -0.0000093937
        1.7124732425        1.0042815712       -0.0000141641
        1.0888089092        1.0088466649       -0.0000362681
        0.9674321032        1.0099250014       -0.0000427210
        1.4777769476        1.0057256797       -0.0000202805
        2.2201811498        1.0021940011       -0.0000066256
        1.6379818802        1.0047049181       -0.0000156662
        0.9674321032        1.0099248291       -0.0000427224
        0.8284593580        1.0111240430       -0.0000507127
        1.3907712753        1.0063621265       -0.0000228997
        2.1632439464        1.0023667085       -0.0000071517
        1.9826458262        1.0030065451       -0.0000093944
        1.4777769476        1.0057237796       -0.0000202756
        1.3907712753        1.0063595370       -0.0000228927
        1.7838566570        1.0039008880       -0.0000127201
        2.2201811498        1.0021930518       -0.0000066236
        2.1632439464        1.0023657618       -0.0000071496
        2.0446184091        1.0027752120       -0.0000083455
        1.5599373940        1.0051793881       -0.0000174027
        1.4777769476        1.0057330726       -0.0000192432
        1.8524914411        1.0035794036       -0.0000112035
        1.5599373940        1.0051822200       -0.0000174085
        0.8284593580        1.0111152126       -0.0000512274
        0.6608819421        1.0123519410       -0.0000620315
        1.2979463678        1.0070790721       -0.0000260026
        2.1047670667        1.0025584487       -0.0000077409
        1.4777769476        1.0057366419       -0.0000192499
        0.6608819421        1.0123551864       -0.0000620353
        0.4326487893        1.0134431364       -0.0000790716
        1.1979502524        1.0079255327       -0.0000294147
        2.0446184091        1.0027724076       -0.0000083503
        1.8524914411        1.0035801509       -0.0000112049
        1.2979463678        1.0070762478       -0.0000259965
        1.1979502524        1.0079218500       -0.0000294068
        1.6379818802        1.0047257327       -0.0000156023
        2.1047670667        1.0025566442       -0.0000077372
        2.0446184091        1.0027705605       -0.0000083464
        1.8524914411        1.0035699468       -0.0000114326
        1.7838566570        1.0039071141       -0.0000125382
        2.1047670667        1.0025530684       -0.0000078015
        1.8524914411        1.0035713156       -0.0000114366
        1.2979463678        1.0070620422       -0.0000265577
        1.1979502524        1.0078931343       -0.0000304703
        1.6379818802        1.0047005010       -0.0000158833
        1.7838566570        1.0039089062       -0.0000125433
        1.1979502524        1.0078935989       -0.0000304705
        1.0888089092        1.0088532480       -0.0000350135
        1.5599373940        1.0051966355       -0.0000177179
        2.1047670667        1.0025533123       -0.0000078019
        1.6379818802        1.0046993499       -0.0000158787
        1.5599373940        1.0051947946       -0.0000177112
        1.9186725895        1.0032711781       -0.0000103477
        2.0446184091        1.0027757853       -0.0000085720
        1.9826458262        1.0030106471       -0.0000093112
        1.9826458262        1.0030103511       -0.0000093104
        1.9186725895        1.0032705737       -0.0000100867
        2.2201811498        1.0021862168       -0.0000065243
        2.2201811498        1.0021861895       -0.0000065236
