#epsqw diagonal term
#1:q+G [au], 2:Re(eps-1), 3:Im(eps-1)
        2.2201811498        0.9188899188       -0.0004728690
        2.1632439464        0.9144706606       -0.0004623851
        2.2201811498        0.9188728321       -0.0004728895
        1.7838566570        0.8596173438       -0.0006526651
        1.7124732425        0.8462162555       -0.0006846269
        2.0446184091        0.8987969828       -0.0005447221
        2.1632439464        0.9144564898       -0.0004621978
        1.7124732425        0.8462232129       -0.0006844390
        1.6379818802        0.8304079073       -0.0007278137
        1.9826458262        0.8919885851       -0.0005449408
        2.0446184091        0.8988188551       -0.0005447135
        1.9826458262        0.8920090654       -0.0005450952
        2.1632439464        0.9121175826       -0.0005155717
        1.7124732425        0.8445021205       -0.0007219865
        1.6379818802        0.8276859363       -0.0007642709
        1.9826458262        0.8904910618       -0.0005953977
        1.7124732425        0.8444561742       -0.0007220877
        1.0888089092        0.6343133541       -0.0012936739
        0.9674321032        0.5695787361       -0.0014924168
        1.4777769476        0.7813459507       -0.0009149420
        2.2201811498        0.9181892900       -0.0004978084
        1.6379818802        0.8276332002       -0.0007640550
        0.9674321032        0.5695694227       -0.0014923294
        0.8284593580        0.4975689246       -0.0017178931
        1.3907712753        0.7528948255       -0.0009957879
        2.1632439464        0.9139854733       -0.0004934639
        1.9826458262        0.8904864071       -0.0005953185
        1.4777769476        0.7813916661       -0.0009148235
        1.3907712753        0.7529522224       -0.0009959197
        1.7838566570        0.8580891519       -0.0007009561
        2.2201811498        0.9182138962       -0.0004975810
        2.1632439464        0.9140063445       -0.0004934418
        2.0446184091        0.9013516837       -0.0004946983
        1.5599373940        0.8080317084       -0.0008158864
        1.4777769476        0.7860634682       -0.0008989579
        1.8524914411        0.8727273681       -0.0005969308
        1.5599373940        0.8079811595       -0.0008159730
        0.8284593580        0.4943184262       -0.0017184569
        0.6608819421        0.4063123119       -0.0019951345
        1.2979463678        0.7182071325       -0.0010980766
        2.1047670667        0.9092649302       -0.0004869578
        1.4777769476        0.7860106355       -0.0008988260
        0.6608819421        0.4063077382       -0.0019951239
        0.4326487893        0.2841764832       -0.0023048333
        1.1979502524        0.6825088529       -0.0012371274
        2.0446184091        0.9044517208       -0.0004717862
        1.8524914411        0.8727108375       -0.0005971752
        1.2979463678        0.7182468861       -0.0010981860
        1.1979502524        0.6825560087       -0.0012374039
        1.6379818802        0.8285550736       -0.0007344954
        2.1047670667        0.9092990135       -0.0004869178
        2.0446184091        0.9044858983       -0.0004717326
        1.8524914411        0.8702877910       -0.0006538085
        1.7838566570        0.8581257857       -0.0006707110
        2.1047670667        0.9053716044       -0.0005580460
        1.8524914411        0.8702498754       -0.0006537945
        1.2979463678        0.7159476800       -0.0011154308
        1.1979502524        0.6755435336       -0.0012279255
        1.6379818802        0.8259596052       -0.0007898414
        1.7838566570        0.8580776954       -0.0006705766
        1.1979502524        0.6755305320       -0.0012279296
        1.0888089092        0.6279946289       -0.0013850861
        1.5599373940        0.8072829305       -0.0008212300
        2.1047670667        0.9053638470       -0.0005583086
        1.6379818802        0.8259991643       -0.0007900544
        1.5599373940        0.8073406098       -0.0008215452
        1.9186725895        0.8804729392       -0.0006427554
        2.0446184091        0.8979247206       -0.0005631384
        1.9826458262        0.8929191608       -0.0005542600
        1.9826458262        0.8929241238       -0.0005542890
        1.9186725895        0.8854697257       -0.0005474014
        2.2201811498        0.9203134258       -0.0004547622
        2.2201811498        0.9203221942       -0.0004549975
