#epsqw diagonal term
#1:q+G [au], 2:Re(eps-1), 3:Im(eps-1)
        2.2201811498        0.9242841768       -0.0472614056
        2.1632439464        0.9168754309       -0.0564181734
        2.2201811498        0.9241619430       -0.0471136224
        1.7838566570        0.8282344666       -0.0742470688
        1.7124732425        0.8061703150       -0.0898060503
        2.0446184091        0.8942319168       -0.0614993811
        2.1632439464        0.9167500210       -0.0563857089
        1.7124732425        0.8058225083       -0.0899061691
        1.6379818802        0.7742734734       -0.1042779462
        1.9826458262        0.8815113788       -0.0713445694
        2.0446184091        0.8942890552       -0.0615569342
        1.9826458262        0.8816849063       -0.0712585453
        2.1632439464        0.9170755872       -0.0493041650
        1.7124732425        0.8139145145       -0.0897982142
        1.6379818802        0.7863064278       -0.1096788032
        1.9826458262        0.8841405500       -0.0640870146
        1.7124732425        0.8138063441       -0.0894948211
        1.0888089092        0.5759119319       -0.1866367458
        0.9674321032        0.5148439565       -0.2439780208
        1.4777769476        0.7222933350       -0.1403557130
        2.2201811498        0.9113972119       -0.0346196199
        1.6379818802        0.7861954847       -0.1091382974
        0.9674321032        0.5142809606       -0.2435069587
        0.8284593580        0.4644624564       -0.2826720109
        1.3907712753        0.6888205277       -0.1619584691
        2.1632439464        0.9044587759       -0.0421761451
        1.9826458262        0.8840994069       -0.0639214431
        1.4777769476        0.7224802166       -0.1407717606
        1.3907712753        0.6892839999       -0.1617468383
        1.7838566570        0.8316226108       -0.0806919635
        2.2201811498        0.9115483577       -0.0346180390
        2.1632439464        0.9044448347       -0.0421827525
        2.0446184091        0.8961395165       -0.0656407831
        1.5599373940        0.7515553152       -0.1252990389
        1.4777769476        0.7170502114       -0.1347588402
        1.8524914411        0.8510753589       -0.0861156944
        1.5599373940        0.7517046713       -0.1251721575
        0.8284593580        0.4396278772       -0.2817522695
        0.6608819421        0.4074259319       -0.3099466593
        1.2979463678        0.6386383631       -0.1850581540
        2.1047670667        0.8946043032       -0.0533428012
        1.4777769476        0.7170215774       -0.1348967671
        0.6608819421        0.4053570837       -0.3083667436
        0.4326487893        0.3694335620       -0.3544650712
        1.1979502524        0.5962016357       -0.1709074235
        2.0446184091        0.8843509185       -0.0616476274
        1.8524914411        0.8511240676       -0.0859310419
        1.2979463678        0.6384609177       -0.1854580807
        1.1979502524        0.5963370717       -0.1710765374
        1.6379818802        0.7770984591       -0.1106310023
        2.1047670667        0.8950063394       -0.0531565799
        2.0446184091        0.8849118850       -0.0612896939
        1.8524914411        0.8530938468       -0.0747913864
        1.7838566570        0.8320044368       -0.0912092671
        2.1047670667        0.9062845561       -0.0519483764
        1.8524914411        0.8530770720       -0.0749189537
        1.2979463678        0.6528951805       -0.1779428523
        1.1979502524        0.6082198572       -0.2018552793
        1.6379818802        0.7809139546       -0.1089258998
        1.7838566570        0.8320231073       -0.0909910575
        1.1979502524        0.6080245670       -0.2016926253
        1.0888089092        0.5495555778       -0.2065866075
        1.5599373940        0.7476882309       -0.1237250376
        2.1047670667        0.9061570029       -0.0519847809
        1.6379818802        0.7805126865       -0.1089770350
        1.5599373940        0.7475507199       -0.1234462876
        1.9186725895        0.8669177169       -0.0655433928
        2.0446184091        0.8807297124       -0.0433411075
        1.9826458262        0.8696212315       -0.0515764835
        1.9826458262        0.8693958636       -0.0515734240
        1.9186725895        0.8518631765       -0.0623977336
        2.2201811498        0.9209638001       -0.0532943836
        2.2201811498        0.9213136359       -0.0532411463
