#epsqw diagonal term
#1:q+G [au], 2:Re(eps-1), 3:Im(eps-1)
        2.2201811498        0.9117289612       -0.0304240465
        2.1632439464        0.9088020697       -0.0246723484
        2.2201811498        0.9116966364       -0.0301761864
        1.7838566570        0.8550252386       -0.0411663288
        1.7124732425        0.8396512489       -0.0375291265
        2.0446184091        0.8948613393       -0.0335062495
        2.1632439464        0.9086303360       -0.0244892403
        1.7124732425        0.8396651565       -0.0376233341
        1.6379818802        0.8256885410       -0.0337404193
        1.9826458262        0.8881749914       -0.0291851999
        2.0446184091        0.8946625232       -0.0337018642
        1.9826458262        0.8879485251       -0.0291171969
        2.1632439464        0.9029063729       -0.0289795972
        1.7124732425        0.8406059093       -0.0397484122
        1.6379818802        0.8193358198       -0.0378022419
        1.9826458262        0.8847555375       -0.0327911724
        1.7124732425        0.8406909485       -0.0397708436
        1.0888089092        0.6010641091       -0.0622213705
        0.9674321032        0.5352838137       -0.0568957050
        1.4777769476        0.7766579733       -0.0436307154
        2.2201811498        0.9179565500       -0.0328423707
        1.6379818802        0.8194123054       -0.0377871981
        0.9674321032        0.5356245256       -0.0571244740
        0.8284593580        0.4559727227       -0.0660243966
        1.3907712753        0.7427162470       -0.0393745808
        2.1632439464        0.9121663956       -0.0285035392
        1.9826458262        0.8848706361       -0.0327216066
        1.4777769476        0.7768166369       -0.0434486369
        1.3907712753        0.7427498424       -0.0391131891
        1.7838566570        0.8549758911       -0.0377152870
        2.2201811498        0.9180466231       -0.0328950553
        2.1632439464        0.9122600525       -0.0286514133
        2.0446184091        0.8945182185       -0.0202266844
        1.5599373940        0.8026515397       -0.0365018756
        1.4777769476        0.7827708798       -0.0400935589
        1.8524914411        0.8678778155       -0.0250325210
        1.5599373940        0.8027110247       -0.0365277389
        0.8284593580        0.4586760265       -0.0731907968
        0.6608819421        0.3707603533       -0.1019768593
        1.2979463678        0.7095696735       -0.0418044166
        2.1047670667        0.9081044386       -0.0241138210
        1.4777769476        0.7824932239       -0.0400479292
        0.6608819421        0.3700944014       -0.1021660507
        0.4326487893        0.2899799643       -0.1280317023
        1.1979502524        0.6669417919       -0.0576239891
        2.0446184091        0.9028408831       -0.0199899803
        1.8524914411        0.8678725096       -0.0248897493
        1.2979463678        0.7096082432       -0.0418192379
        1.1979502524        0.6671772565       -0.0578325827
        1.6379818802        0.8221038412       -0.0290429665
        2.1047670667        0.9081411087       -0.0241624593
        2.0446184091        0.9029384466       -0.0198496940
        1.8524914411        0.8650680980       -0.0372920023
        1.7838566570        0.8508113708       -0.0323905317
        2.1047670667        0.8977288487       -0.0311443331
        1.8524914411        0.8651428555       -0.0372286152
        1.2979463678        0.7039309648       -0.0479783402
        1.1979502524        0.6576569614       -0.0440528093
        1.6379818802        0.8214857700       -0.0424653796
        1.7838566570        0.8507756103       -0.0325231704
        1.1979502524        0.6576167680       -0.0442747992
        1.0888089092        0.6033512053       -0.0551020324
        1.5599373940        0.7996524765       -0.0360142036
        2.1047670667        0.8976946867       -0.0311778821
        1.6379818802        0.8208688094       -0.0426419227
        1.5599373940        0.7991515077       -0.0361341095
        1.9186725895        0.8742916584       -0.0359279088
        2.0446184091        0.8992250680       -0.0374355763
        1.9826458262        0.8912325422       -0.0307365951
        1.9826458262        0.8910611795       -0.0306754355
        1.9186725895        0.8828083794       -0.0249694195
        2.2201811498        0.9192682019       -0.0278958143
        2.2201811498        0.9191783211       -0.0280176374
