#epsqw diagonal term
#1:q+G [au], 2:Re(eps-1), 3:Im(eps-1)
        2.2201811498        0.9186085242       -0.0004915616
        2.1632439464        0.9142158934       -0.0004784749
        2.2201811498        0.9185916254       -0.0004915328
        1.7838566570        0.8592802463       -0.0006718667
        1.7124732425        0.8458685658       -0.0007045062
        2.0446184091        0.8984854552       -0.0005649047
        2.1632439464        0.9142023454       -0.0004781741
        1.7124732425        0.8458758169       -0.0007042851
        1.6379818802        0.8300431059       -0.0007484046
        1.9826458262        0.8916949169       -0.0005630323
        2.0446184091        0.8985070472       -0.0005649583
        1.9826458262        0.8917147761       -0.0005632986
        2.1632439464        0.9117920507       -0.0005397041
        1.7124732425        0.8440972615       -0.0007491985
        1.6379818802        0.8272653248       -0.0007930103
        1.9826458262        0.8901196068       -0.0006234931
        1.7124732425        0.8440513409       -0.0007492855
        1.0888089092        0.6336218778       -0.0013293688
        0.9674321032        0.5687229057       -0.0015381336
        1.4777769476        0.7808521821       -0.0009462334
        2.2201811498        0.9178739060       -0.0005204118
        1.6379818802        0.8272133680       -0.0007926666
        0.9674321032        0.5687141603       -0.0015379378
        0.8284593580        0.4965147389       -0.0017714728
        1.3907712753        0.7523630759       -0.0010286464
        2.1632439464        0.9136821125       -0.0005152703
        1.9826458262        0.8901152845       -0.0006233432
        1.4777769476        0.7808979631       -0.0009461070
        1.3907712753        0.7524198598       -0.0010288846
        1.7838566570        0.8576685685       -0.0007319720
        2.2201811498        0.9178987137       -0.0005201714
        2.1632439464        0.9137027702       -0.0005153022
        2.0446184091        0.9010946783       -0.0005100827
        1.5599373940        0.8076102524       -0.0008408503
        1.4777769476        0.7855904382       -0.0009269280
        1.8524914411        0.8724192037       -0.0006151138
        1.5599373940        0.8075597728       -0.0008409179
        0.8284593580        0.4932672020       -0.0017705261
        0.6608819421        0.4049438196       -0.0020633495
        1.2979463678        0.7176433589       -0.0011281295
        2.1047670667        0.9089879463       -0.0005047913
        1.4777769476        0.7855379536       -0.0009267635
        0.6608819421        0.4049390738       -0.0020633839
        0.4326487893        0.2823364676       -0.0023913659
        1.1979502524        0.6818530709       -0.0012706489
        2.0446184091        0.9042081661       -0.0004862132
        1.8524914411        0.8724023407       -0.0006153873
        1.2979463678        0.7176827925       -0.0011282837
        1.1979502524        0.6818997615       -0.0012709608
        1.6379818802        0.8281863736       -0.0007552107
        2.1047670667        0.9090219354       -0.0005047695
        2.0446184091        0.9042424075       -0.0004861424
        1.8524914411        0.8699052065       -0.0006805699
        1.7838566570        0.8577561370       -0.0006951054
        2.1047670667        0.9050054960       -0.0005863362
        1.8524914411        0.8698677842       -0.0006804452
        1.2979463678        0.7153577465       -0.0011485934
        1.1979502524        0.6748914157       -0.0012629722
        1.6379818802        0.8255204225       -0.0008186448
        1.7838566570        0.8577088770       -0.0006948026
        1.1979502524        0.6748785908       -0.0012629382
        1.0888089092        0.6272461370       -0.0014220187
        1.5599373940        0.8068502226       -0.0008474438
        2.1047670667        0.9049971770       -0.0005866848
        1.6379818802        0.8255589115       -0.0008190680
        1.5599373940        0.8069065238       -0.0008480175
        1.9186725895        0.8800744276       -0.0006715994
        2.0446184091        0.8975987247       -0.0005841924
        1.9826458262        0.8926086410       -0.0005739172
        1.9826458262        0.8926135291       -0.0005739580
        1.9186725895        0.8851880154       -0.0005637245
        2.2201811498        0.9200468078       -0.0004725452
        2.2201811498        0.9200547596       -0.0004729285
