#epsqw diagonal term
#1:q+G [au], 2:Re(eps-1), 3:Im(eps-1)
        2.2201811498        0.9164147844       -0.0009319555
        2.1632439464        0.9122860515       -0.0008717681
        2.2201811498        0.9164025499       -0.0009277913
        1.7838566570        0.8567503562       -0.0009947866
        1.7124732425        0.8432536493       -0.0010219519
        2.0446184091        0.8960838279       -0.0010454468
        2.1632439464        0.9122840851       -0.0008637013
        1.7124732425        0.8432644623       -0.0010204973
        1.6379818802        0.8273090841       -0.0010126606
        1.9826458262        0.8894849686       -0.0009716438
        2.0446184091        0.8960996032       -0.0010495652
        1.9826458262        0.8894939885       -0.0009792334
        2.1632439464        0.9092096802       -0.0012969884
        1.7124732425        0.8409768574       -0.0015510557
        1.6379818802        0.8240087051       -0.0017049191
        1.9826458262        0.8871840416       -0.0016265753
        1.7124732425        0.8409305866       -0.0015508427
        1.0888089092        0.6285458919       -0.0020460942
        0.9674321032        0.5622610340       -0.0023502636
        1.4777769476        0.7771152971       -0.0018885331
        2.2201811498        0.9153944437       -0.0011503083
        1.6379818802        0.8239684840       -0.0016968624
        0.9674321032        0.5622629871       -0.0023428616
        0.8284593580        0.4886738341       -0.0024510844
        1.3907712753        0.7483911695       -0.0019997653
        2.1632439464        0.9113268139       -0.0011458193
        1.9826458262        0.8871883215       -0.0016196390
        1.4777769476        0.7771638607       -0.0018848552
        1.3907712753        0.7484388812       -0.0020060543
        1.7838566570        0.8544271132       -0.0018804720
        2.2201811498        0.9154221100       -0.0011489211
        2.1632439464        0.9113426113       -0.0011508788
        2.0446184091        0.8991484934       -0.0008237781
        1.5599373940        0.8043978212       -0.0012596121
        1.4777769476        0.7819482326       -0.0013032234
        1.8524914411        0.8700642476       -0.0009264895
        1.5599373940        0.8043493068       -0.0012587096
        0.8284593580        0.4855042747       -0.0023991613
        0.6608819421        0.3947673278       -0.0028303071
        1.2979463678        0.7134599445       -0.0015546150
        2.1047670667        0.9068254735       -0.0007987901
        1.4777769476        0.7818990167       -0.0013025195
        0.6608819421        0.3947589254       -0.0028315600
        0.4326487893        0.2690731581       -0.0032061093
        1.1979502524        0.6770595105       -0.0016350475
        2.0446184091        0.9023613984       -0.0006753252
        1.8524914411        0.8700443835       -0.0009275348
        1.2979463678        0.7134945531       -0.0015563199
        1.1979502524        0.6771025832       -0.0016355037
        1.6379818802        0.8253945307       -0.0010739096
        2.1047670667        0.9068574356       -0.0007996271
        2.0446184091        0.9023974496       -0.0006742934
        1.8524914411        0.8669230975       -0.0015092052
        1.7838566570        0.8548777926       -0.0013448950
        2.1047670667        0.9020535954       -0.0015569191
        1.8524914411        0.8668963929       -0.0015005053
        1.2979463678        0.7109545211       -0.0018768319
        1.1979502524        0.6700121222       -0.0018693130
        1.6379818802        0.8221372327       -0.0016217271
        1.7838566570        0.8548464069       -0.0013321943
        1.1979502524        0.6700019074       -0.0018670143
        1.0888089092        0.6218071451       -0.0018546508
        1.5599373940        0.8035825483       -0.0014823088
        2.1047670667        0.9020355660       -0.0015632381
        1.6379818802        0.8221538967       -0.0016370619
        1.5599373940        0.8036144518       -0.0015004385
        1.9186725895        0.8769066130       -0.0015304241
        2.0446184091        0.8951047125       -0.0010583136
        1.9826458262        0.8902315402       -0.0009526643
        1.9826458262        0.8902349167       -0.0009529935
        1.9186725895        0.8830881808       -0.0007909711
        2.2201811498        0.9180112064       -0.0009245130
        2.2201811498        0.9180052232       -0.0009346616
