#epsqw diagonal term
#1:q+G [au], 2:Re(eps-1), 3:Im(eps-1)
        2.2201811498        0.9007296222       -0.0982839308
        2.1632439464        0.8990945664       -0.1056960710
        2.2201811498        0.9012181482       -0.0988499026
        1.7838566570        0.8062991910       -0.1521888908
        1.7124732425        0.7812683098       -0.1671171291
        2.0446184091        0.8746106995       -0.1109684476
        2.1632439464        0.8987401706       -0.1054430888
        1.7124732425        0.7803233225       -0.1675554239
        1.6379818802        0.7591584635       -0.1870243683
        1.9826458262        0.8686100573       -0.1214920604
        2.0446184091        0.8740053593       -0.1122698103
        1.9826458262        0.8683096943       -0.1218207279
        2.1632439464        0.8916571443       -0.1021596159
        1.7124732425        0.7991683006       -0.1623674072
        1.6379818802        0.7687108399       -0.1787059388
        1.9826458262        0.8648098388       -0.1192841660
        1.7124732425        0.7987367787       -0.1616411320
        1.0888089092        0.5766722373       -0.2707112225
        0.9674321032        0.5054401774       -0.3345617257
        1.4777769476        0.7173982260       -0.2143137839
        2.2201811498        0.9131012670       -0.0917240891
        1.6379818802        0.7678692194       -0.1785881753
        0.9674321032        0.5055676850       -0.3346723940
        0.8284593580        0.4619806458       -0.3674924831
        1.3907712753        0.6702443033       -0.2399039521
        2.1632439464        0.9017008457       -0.0997702679
        1.9826458262        0.8657467713       -0.1198704096
        1.4777769476        0.7177539813       -0.2149036048
        1.3907712753        0.6691089469       -0.2398888486
        1.7838566570        0.8148915508       -0.1590198393
        2.2201811498        0.9129013497       -0.0939038846
        2.1632439464        0.9017991295       -0.1015662984
        2.0446184091        0.8789271011       -0.1179237382
        1.5599373940        0.7267940022       -0.2065747200
        1.4777769476        0.7026528876       -0.2155046605
        1.8524914411        0.8373755343       -0.1403260471
        1.5599373940        0.7268087485       -0.2033034228
        0.8284593580        0.4630063104       -0.4036731421
        0.6608819421        0.4116199643       -0.4088264739
        1.2979463678        0.6117411484       -0.2645946334
        2.1047670667        0.8920208544       -0.1044734018
        1.4777769476        0.7039858803       -0.2131981409
        0.6608819421        0.4132808275       -0.4105061589
        0.4326487893        0.4311841676       -0.5259107476
        1.1979502524        0.5803691240       -0.2679413798
        2.0446184091        0.8836940508       -0.1120761226
        1.8524914411        0.8374752282       -0.1397028536
        1.2979463678        0.6129870345       -0.2644849926
        1.1979502524        0.5799563983       -0.2682179818
        1.6379818802        0.7622240425       -0.1698119203
        2.1047670667        0.8922907971       -0.1064201655
        2.0446184091        0.8835429734       -0.1156211361
        1.8524914411        0.8372046861       -0.1377966253
        1.7838566570        0.8225916179       -0.1476379521
        2.1047670667        0.8960081577       -0.1123959519
        1.8524914411        0.8368225058       -0.1380161702
        1.2979463678        0.6340159053       -0.2618403045
        1.1979502524        0.5730853716       -0.2823369432
        1.6379818802        0.7704091725       -0.1778015082
        1.7838566570        0.8218131237       -0.1457603162
        1.1979502524        0.5734283854       -0.2827832452
        1.0888089092        0.5247127712       -0.3157772594
        1.5599373940        0.7452774149       -0.1882447600
        2.1047670667        0.8950997870       -0.1120357740
        1.6379818802        0.7702958403       -0.1783351675
        1.5599373940        0.7460256840       -0.1878135002
        1.9186725895        0.8577424522       -0.1424459337
        2.0446184091        0.8762032753       -0.1124232817
        1.9826458262        0.8678022457       -0.1251485612
        1.9826458262        0.8687297566       -0.1242665614
        1.9186725895        0.8551738164       -0.1362544825
        2.2201811498        0.9041196329       -0.0945279308
        2.2201811498        0.9033815119       -0.0942185479
