#epsqw diagonal term
#1:q+G [au], 2:Re(eps-1), 3:Im(eps-1)
        2.2201811498        0.9452448755       -0.0846541870
        2.1632439464        0.9354989067       -0.0969013022
        2.2201811498        0.9450423375       -0.0846936186
        1.7838566570        0.8603669479       -0.1582438009
        1.7124732425        0.8440766565       -0.1807255499
        2.0446184091        0.9162199271       -0.1068832518
        2.1632439464        0.9355922654       -0.0962808510
        1.7124732425        0.8454155790       -0.1809076283
        1.6379818802        0.8256079244       -0.2062847134
        1.9826458262        0.9049854346       -0.1222680247
        2.0446184091        0.9161163540       -0.1071333389
        1.9826458262        0.9049573759       -0.1221786358
        2.1632439464        0.9402558746       -0.0901209530
        1.7124732425        0.8362525168       -0.1773135795
        1.6379818802        0.8215644902       -0.2002546892
        1.9826458262        0.9097804874       -0.1131080256
        1.7124732425        0.8362075832       -0.1777866666
        1.0888089092        0.5996473692       -0.3377170848
        0.9674321032        0.5228960422       -0.4375645208
        1.4777769476        0.7736746284       -0.2786111705
        2.2201811498        0.9423591825       -0.0790874207
        1.6379818802        0.8214807608       -0.2004070332
        0.9674321032        0.5236504092       -0.4385797628
        0.8284593580        0.3833384761       -0.4761804014
        1.3907712753        0.7452890346       -0.3113617463
        2.1632439464        0.9351001653       -0.0862266445
        1.9826458262        0.9098791439       -0.1128033501
        1.4777769476        0.7750835025       -0.2769030687
        1.3907712753        0.7457133094       -0.3091299416
        1.7838566570        0.8791758334       -0.1498773316
        2.2201811498        0.9422126497       -0.0793316020
        2.1632439464        0.9350503032       -0.0864438320
        2.0446184091        0.9201469041       -0.1128864398
        1.5599373940        0.8045558557       -0.2397642160
        1.4777769476        0.7754657552       -0.2632414634
        1.8524914411        0.8806945346       -0.1411253344
        1.5599373940        0.8031206624       -0.2407347950
        0.8284593580        0.4424599924       -0.4888584219
        0.6608819421        0.3013022289       -0.4944622984
        1.2979463678        0.7094194756       -0.3709831081
        2.1047670667        0.9259450847       -0.0931723192
        1.4777769476        0.7747799771       -0.2650592958
        0.6608819421        0.3009505892       -0.4945376457
        0.4326487893        0.2372583511       -0.4853903326
        1.1979502524        0.6483180328       -0.3660058905
        2.0446184091        0.9234111462       -0.1030015104
        1.8524914411        0.8798456860       -0.1413876962
        1.2979463678        0.7109810324       -0.3726726501
        1.1979502524        0.6489336120       -0.3658991488
        1.6379818802        0.8341291055       -0.1811947709
        2.1047670667        0.9259916476       -0.0933691163
        2.0446184091        0.9234392359       -0.1028665735
        1.8524914411        0.8807187766       -0.1397898811
        1.7838566570        0.8567587666       -0.1579591467
        2.1047670667        0.9339653522       -0.0863100931
        1.8524914411        0.8803767667       -0.1399812365
        1.2979463678        0.7068606692       -0.3521400311
        1.1979502524        0.6505125816       -0.3967960508
        1.6379818802        0.8338904900       -0.1995601282
        1.7838566570        0.8558222209       -0.1580797155
        1.1979502524        0.6503209266       -0.3983561472
        1.0888089092        0.5611940879       -0.4177351622
        1.5599373940        0.8031843754       -0.2159975944
        2.1047670667        0.9341445373       -0.0864346581
        1.6379818802        0.8327810039       -0.2007710051
        1.5599373940        0.8030638877       -0.2170296124
        1.9186725895        0.9150796888       -0.1070989366
        2.0446184091        0.9172979916       -0.1049114045
        1.9826458262        0.9060459445       -0.1098484864
        1.9826458262        0.9063077000       -0.1104792731
        1.9186725895        0.8924926414       -0.1254257984
        2.2201811498        0.9451948859       -0.0864191042
        2.2201811498        0.9448518033       -0.0858820321
