#epsqw diagonal term
#1:q+G [au], 2:Re(eps-1), 3:Im(eps-1)
        2.2201811498        0.9344582404       -0.0247080013
        2.1632439464        0.9245948259       -0.0269774959
        2.2201811498        0.9345215956       -0.0247147015
        1.7838566570        0.8663788344       -0.0342221381
        1.7124732425        0.8487304442       -0.0347889355
        2.0446184091        0.9119654642       -0.0286358604
        2.1632439464        0.9244810611       -0.0270423231
        1.7124732425        0.8488163003       -0.0349322841
        1.6379818802        0.8251886146       -0.0327442854
        1.9826458262        0.9003151787       -0.0309251597
        2.0446184091        0.9118496408       -0.0285563620
        1.9826458262        0.9003262379       -0.0308935358
        2.1632439464        0.9267845741       -0.0249701147
        1.7124732425        0.8470687554       -0.0328081092
        1.6379818802        0.8263963985       -0.0376761265
        1.9826458262        0.9029747310       -0.0289628889
        1.7124732425        0.8469460969       -0.0328270986
        1.0888089092        0.5790739420       -0.1041342638
        0.9674321032        0.4879195041       -0.1549830986
        1.4777769476        0.7622798224       -0.0415650492
        2.2201811498        0.9364677843       -0.0258951893
        1.6379818802        0.8263063402       -0.0377745739
        0.9674321032        0.4874094997       -0.1543050618
        0.8284593580        0.4216100813       -0.2010750913
        1.3907712753        0.7280420079       -0.0534497760
        2.1632439464        0.9299713525       -0.0265531840
        1.9826458262        0.9029752123       -0.0289438854
        1.4777769476        0.7621382982       -0.0415162822
        1.3907712753        0.7280710143       -0.0535190723
        1.7838566570        0.8612858097       -0.0300326265
        2.2201811498        0.9365818240       -0.0259052127
        2.1632439464        0.9300029725       -0.0267714667
        2.0446184091        0.9066652884       -0.0314226251
        1.5599373940        0.7980967208       -0.0422592648
        1.4777769476        0.7690390111       -0.0498342514
        1.8524914411        0.8758999155       -0.0353267693
        1.5599373940        0.7979355114       -0.0423334539
        0.8284593580        0.3565332070       -0.2284598323
        0.6608819421        0.3015131486       -0.3085231845
        1.2979463678        0.6793465578       -0.0750211031
        2.1047670667        0.9227224308       -0.0266093835
        1.4777769476        0.7690174299       -0.0501123069
        0.6608819421        0.3003586269       -0.3086315563
        0.4326487893        0.2141208258       -0.4474473088
        1.1979502524        0.6484754651       -0.0897239579
        2.0446184091        0.9135604723       -0.0274856624
        1.8524914411        0.8760733932       -0.0353231597
        1.2979463678        0.6792675912       -0.0748003206
        1.1979502524        0.6481495433       -0.0899529044
        1.6379818802        0.8205961843       -0.0394145539
        2.1047670667        0.9227521660       -0.0265363383
        2.0446184091        0.9137685119       -0.0275338393
        1.8524914411        0.8788637978       -0.0330355973
        1.7838566570        0.8622865264       -0.0360274821
        2.1047670667        0.9198532417       -0.0264411967
        1.8524914411        0.8787903932       -0.0330754706
        1.2979463678        0.6843761261       -0.0645910113
        1.1979502524        0.6352280338       -0.0878596587
        1.6379818802        0.8203304521       -0.0350103578
        1.7838566570        0.8622326663       -0.0361108531
        1.1979502524        0.6348509932       -0.0876600857
        1.0888089092        0.5869001508       -0.1064093378
        1.5599373940        0.7953895596       -0.0385734466
        2.1047670667        0.9198096979       -0.0263786113
        1.6379818802        0.8203669744       -0.0349806745
        1.5599373940        0.7954252728       -0.0387983865
        1.9186725895        0.8871494656       -0.0281107597
        2.0446184091        0.9127630593       -0.0311285100
        1.9826458262        0.9043596818       -0.0298019424
        1.9826458262        0.9044090403       -0.0299428224
        1.9186725895        0.8907218659       -0.0271591970
        2.2201811498        0.9326798479       -0.0260445103
        2.2201811498        0.9327849223       -0.0260311556
