#epsqw diagonal term
#1:q+G [au], 2:Re(eps-1), 3:Im(eps-1)
        2.2201811498        1.0531791970       -0.0355654686
        2.1632439464        1.0594352196       -0.0394700914
        2.2201811498        1.0532105414       -0.0355042284
        1.7838566570        1.1088222212       -0.0508966517
        1.7124732425        1.1199255261       -0.0508465411
        2.0446184091        1.0708451594       -0.0419057111
        2.1632439464        1.0594713435       -0.0393850710
        1.7124732425        1.1200241279       -0.0508371785
        1.6379818802        1.1321008212       -0.0491129939
        1.9826458262        1.0808597072       -0.0448550220
        2.0446184091        1.0707870819       -0.0417996206
        1.9826458262        1.0808064531       -0.0447496474
        2.1632439464        1.0586281576       -0.0372387638
        1.7124732425        1.1211814673       -0.0540234040
        1.6379818802        1.1346141328       -0.0553005118
        1.9826458262        1.0787999489       -0.0460312356
        1.7124732425        1.1212043645       -0.0541176401
        1.0888089092        1.2452036067       -0.0587420065
        0.9674321032        1.2803842969       -0.0603685013
        1.4777769476        1.1642322791       -0.0582913259
        2.2201811498        1.0527517261       -0.0334514924
        1.6379818802        1.1346513212       -0.0554407285
        0.9674321032        1.2802724847       -0.0604767728
        0.8284593580        1.3192873626       -0.0568301819
        1.3907712753        1.1835482476       -0.0570727228
        2.1632439464        1.0585785325       -0.0346937887
        1.9826458262        1.0786775953       -0.0460142064
        1.4777769476        1.1641004526       -0.0580019017
        1.3907712753        1.1834452792       -0.0566477297
        1.7838566570        1.1081912787       -0.0504356585
        2.2201811498        1.0527123747       -0.0334267713
        2.1632439464        1.0585617605       -0.0346798595
        2.0446184091        1.0749427740       -0.0429118786
        1.5599373940        1.1489627200       -0.0527170303
        1.4777769476        1.1674212643       -0.0544968622
        1.8524914411        1.1015003002       -0.0533977311
        1.5599373940        1.1490561414       -0.0528289184
        0.8284593580        1.3226268394       -0.0576752890
        0.6608819421        1.3544541804       -0.0534804171
        1.2979463678        1.2056614681       -0.0590985592
        2.1047670667        1.0649098573       -0.0373276206
        1.4777769476        1.1675606711       -0.0546842461
        0.6608819421        1.3547064038       -0.0538892476
        0.4326487893        1.3818173490       -0.0504413258
        1.1979502524        1.2352602280       -0.0578761851
        2.0446184091        1.0733394172       -0.0389510654
        1.8524914411        1.1015177275       -0.0534184522
        1.2979463678        1.2055738235       -0.0588986054
        1.1979502524        1.2350361939       -0.0575329439
        1.6379818802        1.1410836810       -0.0594231765
        2.1047670667        1.0648050443       -0.0373641600
        2.0446184091        1.0732267070       -0.0390431737
        1.8524914411        1.0994318658       -0.0489438921
        1.7838566570        1.1114153174       -0.0532633949
        2.1047670667        1.0635302534       -0.0369186583
        1.8524914411        1.0994198341       -0.0490925803
        1.2979463678        1.2005779254       -0.0533962734
        1.1979502524        1.2250886411       -0.0561518301
        1.6379818802        1.1363633067       -0.0605323980
        1.7838566570        1.1114434525       -0.0534888763
        1.1979502524        1.2252809881       -0.0564350748
        1.0888089092        1.2599328033       -0.0606802083
        1.5599373940        1.1542438930       -0.0608799084
        2.1047670667        1.0635559130       -0.0369235221
        1.6379818802        1.1364450087       -0.0604661470
        1.5599373940        1.1541374337       -0.0607194403
        1.9186725895        1.0863623170       -0.0456038639
        2.0446184091        1.0718230639       -0.0378831449
        1.9826458262        1.0805450511       -0.0417171071
        1.9826458262        1.0805151776       -0.0418069006
        1.9186725895        1.0884893621       -0.0406525893
        2.2201811498        1.0544326694       -0.0357686102
        2.2201811498        1.0543945646       -0.0358228876
