#epsqw diagonal term
#1:q+G [au], 2:Re(eps-1), 3:Im(eps-1)
        2.2201811498        0.9325304809       -0.0285375589
        2.1632439464        0.9230287249       -0.0257364187
        2.2201811498        0.9324249549       -0.0286893042
        1.7838566570        0.8651615761       -0.0291679426
        1.7124732425        0.8434213620       -0.0288628410
        2.0446184091        0.9092702644       -0.0273494441
        2.1632439464        0.9229069954       -0.0259995360
        1.7124732425        0.8435416363       -0.0288001820
        1.6379818802        0.8226617980       -0.0277335695
        1.9826458262        0.8979679696       -0.0286229475
        2.0446184091        0.9092729100       -0.0273211553
        1.9826458262        0.8979959609       -0.0285414387
        2.1632439464        0.9272608712       -0.0315620315
        1.7124732425        0.8503665979       -0.0315944907
        1.6379818802        0.8247626880       -0.0338919642
        1.9826458262        0.9031318200       -0.0302223790
        1.7124732425        0.8500376815       -0.0313845764
        1.0888089092        0.6016818578       -0.0701967166
        0.9674321032        0.4995283893       -0.0906395587
        1.4777769476        0.7764228825       -0.0372849566
        2.2201811498        0.9300335304       -0.0267835598
        1.6379818802        0.8244679906       -0.0338665834
        0.9674321032        0.4997551603       -0.0912220536
        0.8284593580        0.4123317553       -0.1293593433
        1.3907712753        0.7425829251       -0.0436878947
        2.1632439464        0.9225683613       -0.0259598586
        1.9826458262        0.9030006138       -0.0303071147
        1.4777769476        0.7767235513       -0.0374319831
        1.3907712753        0.7428679910       -0.0435950033
        1.7838566570        0.8657230974       -0.0277457159
        2.2201811498        0.9302220922       -0.0266674312
        2.1632439464        0.9225674680       -0.0260206091
        2.0446184091        0.9059129588       -0.0293282304
        1.5599373940        0.7988302238       -0.0354070671
        1.4777769476        0.7738511577       -0.0375671899
        1.8524914411        0.8768251669       -0.0309543029
        1.5599373940        0.7986181625       -0.0356560868
        0.8284593580        0.4014729214       -0.1027427838
        0.6608819421        0.3040356103       -0.1481768434
        1.2979463678        0.6941822877       -0.0481368395
        2.1047670667        0.9158985449       -0.0269771983
        1.4777769476        0.7735067760       -0.0376493358
        0.6608819421        0.3046766227       -0.1503896535
        0.4326487893        0.1245449154       -0.2249499478
        1.1979502524        0.6643618042       -0.0614628160
        2.0446184091        0.9064947775       -0.0283055909
        1.8524914411        0.8767917893       -0.0310224233
        1.2979463678        0.6946334006       -0.0479984952
        1.1979502524        0.6652528629       -0.0611774525
        1.6379818802        0.8305055451       -0.0307790890
        2.1047670667        0.9160720600       -0.0270207158
        2.0446184091        0.9066797685       -0.0282804645
        1.8524914411        0.8791160577       -0.0300450296
        1.7838566570        0.8624429094       -0.0314423920
        2.1047670667        0.9220293558       -0.0268842199
        1.8524914411        0.8786874179       -0.0302199444
        1.2979463678        0.6949408651       -0.0539414685
        1.1979502524        0.6399633750       -0.0612783255
        1.6379818802        0.8269816292       -0.0302711789
        1.7838566570        0.8620155366       -0.0314892181
        1.1979502524        0.6401743320       -0.0619105151
        1.0888089092        0.5886326859       -0.0771276147
        1.5599373940        0.8088276817       -0.0338479334
        2.1047670667        0.9217338602       -0.0268568367
        1.6379818802        0.8271963749       -0.0301654757
        1.5599373940        0.8089135018       -0.0336253077
        1.9186725895        0.8943343553       -0.0236757647
        2.0446184091        0.9087952238       -0.0278847286
        1.9826458262        0.8981161593       -0.0268060766
        1.9826458262        0.8982315789       -0.0269293557
        1.9186725895        0.8891814420       -0.0263325307
        2.2201811498        0.9295375949       -0.0246106090
        2.2201811498        0.9296063658       -0.0247802343
