#epsqw diagonal term
#1:q+G [au], 2:Re(eps-1), 3:Im(eps-1)
        2.2201811498        0.9042317946       -0.0420376021
        2.1632439464        0.8962493453       -0.0499630779
        2.2201811498        0.9042618210       -0.0417641754
        1.7838566570        0.8077936266       -0.0817060727
        1.7124732425        0.7919021421       -0.0971807107
        2.0446184091        0.8806723684       -0.0549814025
        2.1632439464        0.8961716915       -0.0498921159
        1.7124732425        0.7919346385       -0.0974761171
        1.6379818802        0.7667808944       -0.1174558658
        1.9826458262        0.8686275785       -0.0618814997
        2.0446184091        0.8805912662       -0.0550646027
        1.9826458262        0.8686817981       -0.0619073511
        2.1632439464        0.8977333798       -0.0464267627
        1.7124732425        0.7909102674       -0.0943891538
        1.6379818802        0.7731136952       -0.1080384922
        1.9826458262        0.8697975463       -0.0624237506
        1.7124732425        0.7915266138       -0.0946584772
        1.0888089092        0.5861798518       -0.2154762438
        0.9674321032        0.5115360815       -0.2671952970
        1.4777769476        0.7167237585       -0.1437325723
        2.2201811498        0.8948942126       -0.0461949991
        1.6379818802        0.7735734594       -0.1085912398
        0.9674321032        0.5128921909       -0.2675099288
        0.8284593580        0.4614783158       -0.2862038681
        1.3907712753        0.6861593058       -0.1578028904
        2.1632439464        0.8893246162       -0.0502942046
        1.9826458262        0.8697809180       -0.0626213571
        1.4777769476        0.7159924528       -0.1430725923
        1.3907712753        0.6853364159       -0.1571887188
        1.7838566570        0.8175005400       -0.0860861750
        2.2201811498        0.8943685190       -0.0462967318
        2.1632439464        0.8889381712       -0.0503547509
        2.0446184091        0.8783291332       -0.0607249927
        1.5599373940        0.7445473737       -0.1285683927
        1.4777769476        0.7163576839       -0.1536700300
        1.8524914411        0.8456184601       -0.0778693177
        1.5599373940        0.7443277896       -0.1286037543
        0.8284593580        0.4633505200       -0.3151367865
        0.6608819421        0.4283449919       -0.3493280341
        1.2979463678        0.6444312284       -0.1837631792
        2.1047670667        0.8790625445       -0.0566755044
        1.4777769476        0.7171104601       -0.1530066416
        0.6608819421        0.4297269196       -0.3483477993
        0.4326487893        0.3820258771       -0.3729886790
        1.1979502524        0.6042083973       -0.2131818462
        2.0446184091        0.8704765569       -0.0643139452
        1.8524914411        0.8456029819       -0.0778839263
        1.2979463678        0.6435401595       -0.1837103528
        1.1979502524        0.6032880730       -0.2127896014
        1.6379818802        0.7893026389       -0.1072063773
        2.1047670667        0.8787863962       -0.0566999758
        2.0446184091        0.8703476900       -0.0642938653
        1.8524914411        0.8376206991       -0.0753048837
        1.7838566570        0.8245227054       -0.0837869157
        2.1047670667        0.8883789416       -0.0520255857
        1.8524914411        0.8379252696       -0.0752166222
        1.2979463678        0.6470568921       -0.1920878367
        1.1979502524        0.6051459066       -0.2081445241
        1.6379818802        0.7791440912       -0.1117180099
        1.7838566570        0.8251124644       -0.0836055275
        1.1979502524        0.6054019684       -0.2085033511
        1.0888089092        0.5596497733       -0.2360238021
        1.5599373940        0.7580394626       -0.1224052414
        2.1047670667        0.8887776242       -0.0519744065
        1.6379818802        0.7791171071       -0.1122456447
        1.5599373940        0.7573923648       -0.1219460252
        1.9186725895        0.8510828484       -0.0662583007
        2.0446184091        0.8622661590       -0.0601606439
        1.9826458262        0.8551406323       -0.0655644810
        1.9826458262        0.8550171562       -0.0655165123
        1.9186725895        0.8428801324       -0.0747145888
        2.2201811498        0.9048513536       -0.0437708222
        2.2201811498        0.9049664282       -0.0438977434
