#epsqw diagonal term
#1:q+G [au], 2:Re(eps-1), 3:Im(eps-1)
        2.2201811498        0.9189628629       -0.0004683006
        2.1632439464        0.9145368568       -0.0004584428
        2.2201811498        0.9189457374       -0.0004683309
        1.7838566570        0.8597053898       -0.0006478725
        1.7124732425        0.8463070403       -0.0006796643
        2.0446184091        0.8988778313       -0.0005397810
        2.1632439464        0.9145225433       -0.0004582796
        1.7124732425        0.8463139245       -0.0006794841
        1.6379818802        0.8305032423       -0.0007226413
        1.9826458262        0.8920649894       -0.0005404871
        2.0446184091        0.8988997649       -0.0005397594
        1.9826458262        0.8920856126       -0.0005406175
        2.1632439464        0.9122013511       -0.0005098028
        1.7124732425        0.8446068364       -0.0007154300
        1.6379818802        0.8277945490       -0.0007573911
        1.9826458262        0.8905864680       -0.0005887318
        1.7124732425        0.8445608864       -0.0007155342
        1.0888089092        0.6344942210       -0.0012848398
        0.9674321032        0.5698022067       -0.0014811147
        1.4777769476        0.7814739574       -0.0009073909
        2.2201811498        0.9182706986       -0.0004923448
        1.6379818802        0.8277416298       -0.0007572030
        0.9674321032        0.5697927650       -0.0014810501
        0.8284593580        0.4978449050       -0.0017044636
        1.3907712753        0.7530328158       -0.0009878454
        2.1632439464        0.9140637409       -0.0004882059
        1.9826458262        0.8905817402       -0.0005886671
        1.4777769476        0.7815196572       -0.0009072737
        1.3907712753        0.7530903551       -0.0009879542
        1.7838566570        0.8581973096       -0.0006935980
        2.2201811498        0.9182952522       -0.0004921206
        2.1632439464        0.9140846566       -0.0004881730
        2.0446184091        0.9014186585       -0.0004908870
        1.5599373940        0.8081415253       -0.0008096911
        1.4777769476        0.7861867764       -0.0008919838
        1.8524914411        0.8728077325       -0.0005924045
        1.5599373940        0.8080909626       -0.0008097817
        0.8284593580        0.4945939297       -0.0017053565
        0.6608819421        0.4066709086       -0.0019779536
        1.2979463678        0.7183546305       -0.0010905448
        2.1047670667        0.9093369230       -0.0004825351
        1.4777769476        0.7861338557       -0.0008918596
        0.6608819421        0.4066663718       -0.0019779328
        0.4326487893        0.2846600278       -0.0022827756
        1.1979502524        0.6826808117       -0.0012286368
        2.0446184091        0.9045152820       -0.0004681689
        1.8524914411        0.8727912874       -0.0005926416
        1.2979463678        0.7183944614       -0.0010906440
        1.1979502524        0.6827280873       -0.0012289044
        1.6379818802        0.8286514062       -0.0007293139
        2.1047670667        0.9093710277       -0.0004824911
        2.0446184091        0.9045494461       -0.0004681189
        1.8524914411        0.8703865598       -0.0006473740
        1.7838566570        0.8582215249       -0.0006647933
        2.1047670667        0.9054655601       -0.0005513177
        1.8524914411        0.8703485371       -0.0006473829
        1.2979463678        0.7161015664       -0.0011072494
        1.1979502524        0.6757139652       -0.0012192044
        1.6379818802        0.8260733702       -0.0007828604
        1.7838566570        0.8581732486       -0.0006646941
        1.1979502524        0.6757009243       -0.0012192167
        1.0888089092        0.6281910445       -0.0013757312
        1.5599373940        0.8073954682       -0.0008148108
        2.1047670667        0.9054579362       -0.0005515615
        1.6379818802        0.8261131708       -0.0007830290
        1.5599373940        0.8074534622       -0.0008150712
        1.9186725895        0.8805756667       -0.0006358166
        2.0446184091        0.8980093932       -0.0005579616
        1.9826458262        0.8929999092       -0.0005493985
        1.9826458262        0.8930048903       -0.0005494247
        1.9186725895        0.8855433176       -0.0005433009
        2.2201811498        0.9203825302       -0.0004504240
        2.2201811498        0.9203914866       -0.0004506276
