#epsqw diagonal term
#1:q+G [au], 2:Re(eps-1), 3:Im(eps-1)
        2.2201811498        0.9436423576       -0.0878208728
        2.1632439464        0.9357440016       -0.0979877048
        2.2201811498        0.9435673152       -0.0874976526
        1.7838566570        0.8831884232       -0.1753145875
        1.7124732425        0.8727114548       -0.1955995510
        2.0446184091        0.9219479724       -0.1151913100
        2.1632439464        0.9357067735       -0.0980971801
        1.7124732425        0.8724092893       -0.1951111297
        1.6379818802        0.8523721018       -0.2100817317
        1.9826458262        0.9148707156       -0.1267705867
        2.0446184091        0.9216435156       -0.1152597480
        1.9826458262        0.9148799354       -0.1266219274
        2.1632439464        0.9372506025       -0.0922419785
        1.7124732425        0.8696146099       -0.1950971109
        1.6379818802        0.8586000956       -0.2245016215
        1.9826458262        0.9090986628       -0.1188580460
        1.7124732425        0.8692212249       -0.1960195250
        1.0888089092        0.6865049509       -0.5513684819
        0.9674321032        0.7484784246       -0.6016747681
        1.4777769476        0.8277274059       -0.2834239399
        2.2201811498        0.9403394351       -0.0869684510
        1.6379818802        0.8584819071       -0.2235895058
        0.9674321032        0.7523003638       -0.6001504618
        0.8284593580        0.7642005614       -0.6777182236
        1.3907712753        0.8226023809       -0.3343223526
        2.1632439464        0.9337608929       -0.0943175750
        1.9826458262        0.9096342103       -0.1190077775
        1.4777769476        0.8273478964       -0.2821217406
        1.3907712753        0.8216528605       -0.3351286303
        1.7838566570        0.8696563496       -0.1738077023
        2.2201811498        0.9404388644       -0.0868863988
        2.1632439464        0.9337230797       -0.0944179739
        2.0446184091        0.9235520120       -0.1219891964
        1.5599373940        0.8517481184       -0.2500576956
        1.4777769476        0.8274806638       -0.2692566453
        1.8524914411        0.8943077895       -0.1657008056
        1.5599373940        0.8516888573       -0.2506851358
        0.8284593580        0.7757571856       -0.7191898906
        0.6608819421        0.8170953221       -0.8457264817
        1.2979463678        0.8153180669       -0.3734119016
        2.1047670667        0.9231877608       -0.1010032781
        1.4777769476        0.8269529343       -0.2712956808
        0.6608819421        0.8192512336       -0.8401361632
        0.4326487893        0.9833835276       -1.0928302910
        1.1979502524        0.7868422669       -0.4216209520
        2.0446184091        0.9170358500       -0.0996279310
        1.8524914411        0.8941859233       -0.1657096452
        1.2979463678        0.8143148273       -0.3731486683
        1.1979502524        0.7899473254       -0.4195746532
        1.6379818802        0.8594889010       -0.2468216211
        2.1047670667        0.9228406297       -0.1013713376
        2.0446184091        0.9164786095       -0.1002488316
        1.8524914411        0.8948132030       -0.1552268091
        1.7838566570        0.8883734974       -0.1842790815
        2.1047670667        0.9234413577       -0.0938184406
        1.8524914411        0.8952763242       -0.1550388853
        1.2979463678        0.7858330663       -0.3711190140
        1.1979502524        0.8053806121       -0.4267351869
        1.6379818802        0.8570484564       -0.2277139324
        1.7838566570        0.8881191179       -0.1846211406
        1.1979502524        0.8063885077       -0.4253245282
        1.0888089092        0.8029914128       -0.4747226520
        1.5599373940        0.8541210588       -0.2617381515
        2.1047670667        0.9229830639       -0.0938015874
        1.6379818802        0.8559748837       -0.2280464599
        1.5599373940        0.8532044119       -0.2621419907
        1.9186725895        0.8829176773       -0.1364396826
        2.0446184091        0.9232951863       -0.1237318919
        1.9826458262        0.9115332259       -0.1278118537
        1.9826458262        0.9110203689       -0.1277264852
        1.9186725895        0.9009122983       -0.1343765921
        2.2201811498        0.9444192406       -0.0840388054
        2.2201811498        0.9440558476       -0.0839783665
