#epsqw diagonal term
#1:q+G [au], 2:Re(eps-1), 3:Im(eps-1)
        2.2201811498        0.9101854835       -0.0175431424
        2.1632439464        0.9075313131       -0.0168848119
        2.2201811498        0.9104730038       -0.0174136429
        1.7838566570        0.8432126105       -0.0249984684
        1.7124732425        0.8338323653       -0.0221836511
        2.0446184091        0.8885606195       -0.0201085836
        2.1632439464        0.9078291046       -0.0167501132
        1.7124732425        0.8340011172       -0.0221156399
        1.6379818802        0.8244995075       -0.0198724990
        1.9826458262        0.8848689743       -0.0188461318
        2.0446184091        0.8886226752       -0.0198754214
        1.9826458262        0.8849658165       -0.0186895367
        2.1632439464        0.9038611216       -0.0158001508
        1.7124732425        0.8327203547       -0.0265359642
        1.6379818802        0.8158383271       -0.0223131220
        1.9826458262        0.8811115905       -0.0200864450
        1.7124732425        0.8326488007       -0.0266608556
        1.0888089092        0.6045473194       -0.0346119027
        0.9674321032        0.5462031900       -0.0345704429
        1.4777769476        0.7683160140       -0.0316028646
        2.2201811498        0.9096108536       -0.0207188468
        1.6379818802        0.8156375943       -0.0223308992
        0.9674321032        0.5462769438       -0.0344781984
        0.8284593580        0.4763789994       -0.0388264003
        1.3907712753        0.7440500192       -0.0308408996
        2.1632439464        0.9068893392       -0.0177833213
        1.9826458262        0.8811402751       -0.0200339662
        1.4777769476        0.7682808421       -0.0314600154
        1.3907712753        0.7444615592       -0.0308357137
        1.7838566570        0.8467614213       -0.0238617135
        2.2201811498        0.9093950812       -0.0205176784
        2.1632439464        0.9068648930       -0.0176781496
        2.0446184091        0.8958749720       -0.0154253024
        1.5599373940        0.7982209136       -0.0244427614
        1.4777769476        0.7797160151       -0.0245480071
        1.8524914411        0.8657885394       -0.0190189937
        1.5599373940        0.7980801300       -0.0244451436
        0.8284593580        0.4696965929       -0.0483595374
        0.6608819421        0.3754700546       -0.0706174251
        1.2979463678        0.7091001075       -0.0361818745
        2.1047670667        0.9041962177       -0.0172829244
        1.4777769476        0.7797496048       -0.0244406097
        0.6608819421        0.3761187241       -0.0705092926
        0.4326487893        0.2750577145       -0.1463504271
        1.1979502524        0.6734066211       -0.0403126536
        2.0446184091        0.9012305273       -0.0152514422
        1.8524914411        0.8659872994       -0.0190082228
        1.2979463678        0.7092203093       -0.0362356420
        1.1979502524        0.6733164390       -0.0403410539
        1.6379818802        0.8204107891       -0.0236733505
        2.1047670667        0.9041333438       -0.0171150660
        2.0446184091        0.9012889141       -0.0153277487
        1.8524914411        0.8594581571       -0.0215963317
        1.7838566570        0.8494395714       -0.0197037732
        2.1047670667        0.8990617502       -0.0167602645
        1.8524914411        0.8594084922       -0.0214217323
        1.2979463678        0.7024698871       -0.0310291420
        1.1979502524        0.6660088177       -0.0294721927
        1.6379818802        0.8130082128       -0.0253251170
        1.7838566570        0.8493916721       -0.0196957993
        1.1979502524        0.6660093874       -0.0294474492
        1.0888089092        0.6201368981       -0.0317565157
        1.5599373940        0.7982522247       -0.0253819970
        2.1047670667        0.8992086769       -0.0166024764
        1.6379818802        0.8133113373       -0.0249602301
        1.5599373940        0.7986016130       -0.0250617672
        1.9186725895        0.8728210528       -0.0197346007
        2.0446184091        0.8863788152       -0.0257634028
        1.9826458262        0.8852548717       -0.0218608129
        1.9826458262        0.8852530297       -0.0218256504
        1.9186725895        0.8814566381       -0.0176785533
        2.2201811498        0.9126589845       -0.0185526792
        2.2201811498        0.9125296439       -0.0183779744
