#epsqw diagonal term
#1:q+G [au], 2:Re(eps-1), 3:Im(eps-1)
        2.2201811498        1.0015723074       -0.0000046229
        2.1632439464        1.0016989977       -0.0000049692
        2.2201811498        1.0015726246       -0.0000046239
        1.7838566570        1.0028162321       -0.0000089835
        1.7124732425        1.0030847496       -0.0000098798
        2.0446184091        1.0019928080       -0.0000060396
        2.1632439464        1.0016993440       -0.0000049702
        1.7124732425        1.0030845023       -0.0000098791
        1.6379818802        1.0033886514       -0.0000108485
        1.9826458262        1.0021662882       -0.0000065551
        2.0446184091        1.0019923613       -0.0000060381
        1.9826458262        1.0021658142       -0.0000065536
        2.1632439464        1.0016976249       -0.0000050465
        1.7124732425        1.0030837590       -0.0000100469
        1.6379818802        1.0033896758       -0.0000111213
        1.9826458262        1.0021629311       -0.0000066471
        1.7124732425        1.0030850107       -0.0000100502
        1.0888089092        1.0063956391       -0.0000259196
        0.9674321032        1.0071795330       -0.0000305713
        1.4777769476        1.0041299334       -0.0000144306
        2.2201811498        1.0015771887       -0.0000046802
        1.6379818802        1.0033913827       -0.0000111253
        0.9674321032        1.0071805941       -0.0000305705
        0.8284593580        1.0080448451       -0.0000363185
        1.3907712753        1.0045921760       -0.0000163105
        2.1632439464        1.0017016218       -0.0000050522
        1.9826458262        1.0021633087       -0.0000066476
        1.4777769476        1.0041290233       -0.0000144266
        1.3907712753        1.0045904128       -0.0000163054
        1.7838566570        1.0028093789       -0.0000090193
        2.2201811498        1.0015765649       -0.0000046787
        2.1632439464        1.0017009892       -0.0000050509
        2.0446184091        1.0019961441       -0.0000058990
        1.5599373940        1.0037343065       -0.0000123682
        1.4777769476        1.0041350717       -0.0000136805
        1.8524914411        1.0025768280       -0.0000079346
        1.5599373940        1.0037362896       -0.0000123722
        0.8284593580        1.0080338368       -0.0000366912
        0.6608819421        1.0089391556       -0.0000444906
        1.2979463678        1.0051109235       -0.0000185377
        2.1047670667        1.0018400115       -0.0000054706
        1.4777769476        1.0041373422       -0.0000136858
        0.6608819421        1.0089397901       -0.0000444942
        0.4326487893        1.0097402239       -0.0000568302
        1.1979502524        1.0057250304       -0.0000209794
        2.0446184091        1.0019945540       -0.0000059015
        1.8524914411        1.0025772945       -0.0000079356
        1.2979463678        1.0051088328       -0.0000185328
        1.1979502524        1.0057222060       -0.0000209724
        1.6379818802        1.0034060934       -0.0000110770
        2.1047670667        1.0018388289       -0.0000054680
        2.0446184091        1.0019932522       -0.0000058989
        1.8524914411        1.0025703173       -0.0000081007
        1.7838566570        1.0028147206       -0.0000088909
        2.1047670667        1.0018366581       -0.0000055162
        1.8524914411        1.0025713554       -0.0000081036
        1.2979463678        1.0050988706       -0.0000189413
        1.1979502524        1.0057044204       -0.0000217553
        1.6379818802        1.0033891808       -0.0000112817
        1.7838566570        1.0028158527       -0.0000088947
        1.1979502524        1.0057038764       -0.0000217560
        1.0888089092        1.0064017900       -0.0000250131
        1.5599373940        1.0037493121       -0.0000125944
        2.1047670667        1.0018366806       -0.0000055166
        1.6379818802        1.0033875729       -0.0000112787
        1.5599373940        1.0037476884       -0.0000125900
        1.9186725895        1.0023553973       -0.0000073288
        2.0446184091        1.0019975629       -0.0000060648
        1.9826458262        1.0021674024       -0.0000065891
        1.9826458262        1.0021672730       -0.0000065887
        1.9186725895        1.0023555948       -0.0000071414
        2.2201811498        1.0015721976       -0.0000046072
        2.2201811498        1.0015720647       -0.0000046067
