#epsqw diagonal term
#1:q+G [au], 2:Re(eps-1), 3:Im(eps-1)
        2.2201811498        0.9088741511       -0.0214401815
        2.1632439464        0.9068201031       -0.0192927673
        2.2201811498        0.9089335721       -0.0213512812
        1.7838566570        0.8466412814       -0.0337276280
        1.7124732425        0.8347105303       -0.0288009117
        2.0446184091        0.8888362831       -0.0255170134
        2.1632439464        0.9068783945       -0.0190693463
        1.7124732425        0.8346001189       -0.0286347042
        1.6379818802        0.8217685878       -0.0240933110
        1.9826458262        0.8834459281       -0.0219579366
        2.0446184091        0.8885723265       -0.0253206669
        1.9826458262        0.8833459561       -0.0217572229
        2.1632439464        0.9023639212       -0.0203586552
        1.7124732425        0.8335819381       -0.0325628440
        1.6379818802        0.8152526106       -0.0284897268
        1.9826458262        0.8815691398       -0.0240964336
        1.7124732425        0.8335266792       -0.0327486138
        1.0888089092        0.5990471614       -0.0445375990
        0.9674321032        0.5385338668       -0.0409206301
        1.4777769476        0.7698808775       -0.0366758596
        2.2201811498        0.9116363922       -0.0273356000
        1.6379818802        0.8151831732       -0.0287306877
        0.9674321032        0.5384467577       -0.0409803024
        0.8284593580        0.4618897853       -0.0465630105
        1.3907712753        0.7420737895       -0.0319445467
        2.1632439464        0.9076489890       -0.0228237106
        1.9826458262        0.8815888394       -0.0240657654
        1.4777769476        0.7698458198       -0.0365873383
        1.3907712753        0.7423282313       -0.0316161568
        1.7838566570        0.8484958300       -0.0291933794
        2.2201811498        0.9114309855       -0.0273618708
        2.1632439464        0.9075294964       -0.0228217927
        2.0446184091        0.8954444904       -0.0164631947
        1.5599373940        0.7986528531       -0.0282177721
        1.4777769476        0.7770355403       -0.0283190169
        1.8524914411        0.8663771788       -0.0208506485
        1.5599373940        0.7986522556       -0.0283729310
        0.8284593580        0.4631573988       -0.0558012976
        0.6608819421        0.3701416831       -0.0831088393
        1.2979463678        0.7085736537       -0.0338921243
        2.1047670667        0.9056963347       -0.0203112075
        1.4777769476        0.7769095293       -0.0281407490
        0.6608819421        0.3703336359       -0.0821808303
        0.4326487893        0.2826888264       -0.1344774688
        1.1979502524        0.6674543497       -0.0396349452
        2.0446184091        0.9016455312       -0.0164304070
        1.8524914411        0.8665545905       -0.0207367992
        1.2979463678        0.7086812541       -0.0337581720
        1.1979502524        0.6675748575       -0.0398963831
        1.6379818802        0.8213565945       -0.0239842164
        2.1047670667        0.9056115245       -0.0203363339
        2.0446184091        0.9017947377       -0.0165024434
        1.8524914411        0.8590113727       -0.0279923558
        1.7838566570        0.8479847821       -0.0244803579
        2.1047670667        0.8961087696       -0.0205521528
        1.8524914411        0.8590244675       -0.0281149260
        1.2979463678        0.6995762214       -0.0367696242
        1.1979502524        0.6594223231       -0.0345843391
        1.6379818802        0.8131874817       -0.0331605884
        1.7838566570        0.8479291555       -0.0244670621
        1.1979502524        0.6593615580       -0.0345725337
        1.0888089092        0.6073939735       -0.0391820599
        1.5599373940        0.7971268597       -0.0290840899
        2.1047670667        0.8959915447       -0.0204813814
        1.6379818802        0.8128570037       -0.0327689634
        1.5599373940        0.7968267279       -0.0284988974
        1.9186725895        0.8703353161       -0.0245827418
        2.0446184091        0.8908834916       -0.0314328459
        1.9826458262        0.8878481958       -0.0254691399
        1.9826458262        0.8877646048       -0.0253056151
        1.9186725895        0.8814020619       -0.0201694544
        2.2201811498        0.9143689370       -0.0218683751
        2.2201811498        0.9141797480       -0.0219833243
