#epsqw diagonal term
#1:q+G [au], 2:Re(eps-1), 3:Im(eps-1)
        2.2201811498        1.0260878050       -0.0013044770
        2.1632439464        1.0285128467       -0.0013165109
        2.2201811498        1.0260879523       -0.0013034758
        1.7838566570        1.0485380250       -0.0015608336
        1.7124732425        1.0529582905       -0.0016045090
        2.0446184091        1.0337848669       -0.0014688731
        2.1632439464        1.0285089818       -0.0013145984
        1.7124732425        1.0529529311       -0.0016034074
        1.6379818802        1.0579712678       -0.0016696887
        1.9826458262        1.0370359359       -0.0014561807
        2.0446184091        1.0337841446       -0.0014695169
        1.9826458262        1.0370401851       -0.0014578028
        2.1632439464        1.0282374315       -0.0013863323
        1.7124732425        1.0525692781       -0.0015854918
        1.6379818802        1.0573246272       -0.0015591224
        1.9826458262        1.0366235790       -0.0014756125
        1.7124732425        1.0525974731       -0.0015876126
        1.0888089092        1.1009968140       -0.0015627373
        0.9674321032        1.1117678197       -0.0015566233
        1.4777769476        1.0687311292       -0.0016358820
        2.2201811498        1.0277408157       -0.0012969867
        1.6379818802        1.0573590923       -0.0015605517
        0.9674321032        1.1117639052       -0.0015569492
        0.8284593580        1.1233940111       -0.0016158833
        1.3907712753        1.0753399122       -0.0016259032
        2.1632439464        1.0303665204       -0.0013163661
        1.9826458262        1.0366282287       -0.0014764656
        1.4777769476        1.0687096081       -0.0016338284
        1.3907712753        1.0753133806       -0.0016243131
        1.7838566570        1.0477165775       -0.0015555175
        2.2201811498        1.0277231578       -0.0012978800
        2.1632439464        1.0303484581       -0.0013185456
        2.0446184091        1.0338993453       -0.0013810605
        1.5599373940        1.0628151095       -0.0016003185
        1.4777769476        1.0692510580       -0.0016474875
        1.8524914411        1.0439383272       -0.0014422534
        1.5599373940        1.0628618203       -0.0016032955
        0.8284593580        1.1235283826       -0.0015315852
        0.6608819421        1.1345207941       -0.0015326191
        1.2979463678        1.0829463128       -0.0015849135
        2.1047670667        1.0332338615       -0.0013196430
        1.4777769476        1.0693091144       -0.0016498093
        0.6608819421        1.1345387512       -0.0015298525
        0.4326487893        1.1436296211       -0.0015516074
        1.1979502524        1.0921305101       -0.0016714921
        2.0446184091        1.0365822158       -0.0013779355
        1.8524914411        1.0439512351       -0.0014433873
        1.2979463678        1.0829034148       -0.0015824877
        1.1979502524        1.0920751336       -0.0016698341
        1.6379818802        1.0574751537       -0.0015410355
        2.1047670667        1.0331947029       -0.0013199729
        2.0446184091        1.0365358582       -0.0013794214
        1.8524914411        1.0438766819       -0.0015021204
        1.7838566570        1.0478414932       -0.0015228110
        2.1047670667        1.0304003510       -0.0013870792
        1.8524914411        1.0438902746       -0.0015031360
        1.2979463678        1.0824918149       -0.0015762537
        1.1979502524        1.0908981594       -0.0015569495
        1.6379818802        1.0572550011       -0.0015791951
        1.7838566570        1.0478569881       -0.0015230535
        1.1979502524        1.0908904659       -0.0015565125
        1.0888089092        1.1013668992       -0.0016184063
        1.5599373940        1.0626478602       -0.0015123311
        2.1047670667        1.0304039430       -0.0013875696
        1.6379818802        1.0572368327       -0.0015777371
        1.5599373940        1.0626279203       -0.0015113507
        1.9186725895        1.0395382100       -0.0015086071
        2.0446184091        1.0350582384       -0.0013906763
        1.9826458262        1.0385962364       -0.0014517576
        1.9826458262        1.0385883656       -0.0014508819
        1.9186725895        1.0419131482       -0.0014348546
        2.2201811498        1.0268876972       -0.0012581913
        2.2201811498        1.0268920498       -0.0012598987
