#epsqw diagonal term
#1:q+G [au], 2:Re(eps-1), 3:Im(eps-1)
        2.2201811498        0.9949998358       -0.0483628766
        2.1632439464        0.9996457743       -0.0548711049
        2.2201811498        0.9954363943       -0.0491175464
        1.7838566570        1.0554676041       -0.1113105324
        1.7124732425        1.0604134734       -0.1278120987
        2.0446184091        1.0137707499       -0.0691164375
        2.1632439464        1.0006532501       -0.0552946481
        1.7124732425        1.0600206576       -0.1264033398
        1.6379818802        1.0618323760       -0.1255657927
        1.9826458262        1.0221165004       -0.0792050502
        2.0446184091        1.0130495468       -0.0684706843
        1.9826458262        1.0206335782       -0.0788164094
        2.1632439464        0.9977620072       -0.0544276371
        1.7124732425        1.0646017022       -0.1285410915
        1.6379818802        1.0768762927       -0.1422281166
        1.9826458262        1.0172289675       -0.0818721058
        1.7124732425        1.0647054783       -0.1304325901
        1.0888089092        1.4171438043       -0.4209539933
        0.9674321032        1.4447435229       -0.4373245385
        1.4777769476        1.1197731828       -0.1572067520
        2.2201811498        1.0013570495       -0.0550338462
        1.6379818802        1.0782859292       -0.1442956901
        0.9674321032        1.4463158182       -0.4430664002
        0.8284593580        1.5657813585       -0.5024519825
        1.3907712753        1.1482782940       -0.2068471998
        2.1632439464        1.0031560779       -0.0629980414
        1.9826458262        1.0176000851       -0.0814799941
        1.4777769476        1.1184576803       -0.1550743972
        1.3907712753        1.1453910116       -0.2026713808
        1.7838566570        1.0538287927       -0.1090328670
        2.2201811498        1.0011628886       -0.0546941651
        2.1632439464        1.0029164972       -0.0624081077
        2.0446184091        1.0055283428       -0.0662608369
        1.5599373940        1.0917894370       -0.1688574953
        1.4777769476        1.0880514103       -0.1642658169
        1.8524914411        1.0382825525       -0.0980882739
        1.5599373940        1.0917076229       -0.1705553899
        0.8284593580        1.5370906656       -0.5071598059
        0.6608819421        1.6762157717       -0.6015634656
        1.2979463678        1.1795590867       -0.2469182527
        2.1047670667        1.0068841509       -0.0735135376
        1.4777769476        1.0881608571       -0.1648720759
        0.6608819421        1.6775965782       -0.6038438528
        0.4326487893        1.8077532268       -0.5641346811
        1.1979502524        1.1928352185       -0.2860483320
        2.0446184091        1.0004123523       -0.0726745962
        1.8524914411        1.0377133113       -0.0995181684
        1.2979463678        1.1780398398       -0.2466885874
        1.1979502524        1.1886012852       -0.2851800264
        1.6379818802        1.0874879722       -0.1402638458
        2.1047670667        1.0067786114       -0.0725659878
        2.0446184091        0.9998588269       -0.0723713354
        1.8524914411        1.0372081869       -0.1029701941
        1.7838566570        1.0475740167       -0.1073723937
        2.1047670667        0.9931498424       -0.0666091061
        1.8524914411        1.0375984812       -0.1034410555
        1.2979463678        1.1788731790       -0.2098114465
        1.1979502524        1.2228899382       -0.2741742079
        1.6379818802        1.0831482444       -0.1314087526
        1.7838566570        1.0489329847       -0.1094469637
        1.1979502524        1.2225886540       -0.2772673749
        1.0888089092        1.2904314187       -0.3201899038
        1.5599373940        1.0989320276       -0.1635479762
        2.1047670667        0.9929069981       -0.0665930183
        1.6379818802        1.0816076407       -0.1312962357
        1.5599373940        1.0958846738       -0.1603582056
        1.9186725895        1.0200393995       -0.0878371314
        2.0446184091        1.0156458442       -0.0707857690
        1.9826458262        1.0182866472       -0.0825344526
        1.9826458262        1.0181881834       -0.0821551484
        1.9186725895        1.0196969372       -0.0841842745
        2.2201811498        0.9974481986       -0.0565266862
        2.2201811498        0.9963181508       -0.0565017726
