#epsqw diagonal term
#1:q+G [au], 2:Re(eps-1), 3:Im(eps-1)
        2.2201811498        0.9189466770       -0.0004693055
        2.1632439464        0.9145221632       -0.0004593104
        2.2201811498        0.9189295600       -0.0004693337
        1.7838566570        0.8596858304       -0.0006489299
        1.7124732425        0.8462868745       -0.0006807591
        2.0446184091        0.8988598887       -0.0005408681
        2.1632439464        0.9145078809       -0.0004591420
        1.7124732425        0.8462937748       -0.0006805772
        1.6379818802        0.8304820626       -0.0007237834
        1.9826458262        0.8920480258       -0.0005414678
        2.0446184091        0.8988818090       -0.0005408493
        1.9826458262        0.8920686179       -0.0005416034
        2.1632439464        0.9121827835       -0.0005110677
        1.7124732425        0.8445836079       -0.0007168693
        1.6379818802        0.8277704614       -0.0007588999
        1.9826458262        0.8905653265       -0.0005901918
        1.7124732425        0.8445376587       -0.0007169729
        1.0888089092        0.6344540324       -0.0012867866
        0.9674321032        0.5697525660       -0.0014836046
        1.4777769476        0.7814455523       -0.0009090491
        2.2201811498        0.9182526460       -0.0004935446
        1.6379818802        0.8277175824       -0.0007587059
        0.9674321032        0.5697431522       -0.0014835351
        0.8284593580        0.4977835760       -0.0017074278
        1.3907712753        0.7530021887       -0.0009895899
        2.1632439464        0.9140463856       -0.0004893602
        1.9826458262        0.8905606145       -0.0005901240
        1.4777769476        0.7814912555       -0.0009089315
        1.3907712753        0.7530596971       -0.0009897037
        1.7838566570        0.8581733363       -0.0006952097
        2.2201811498        0.9182772111       -0.0004933198
        2.1632439464        0.9140672918       -0.0004893296
        2.0446184091        0.9014037850       -0.0004917270
        1.5599373940        0.8081171378       -0.0008110566
        1.4777769476        0.7861593927       -0.0008935219
        1.8524914411        0.8727898842       -0.0005934026
        1.5599373940        0.8080665783       -0.0008111464
        0.8284593580        0.4945326957       -0.0017082497
        0.6608819421        0.4065912100       -0.0019817485
        1.2979463678        0.7183218570       -0.0010922073
        2.1047670667        0.9093209423       -0.0004835098
        1.4777769476        0.7861064920       -0.0008933960
        0.6608819421        0.4065866654       -0.0019817299
        0.4326487893        0.2845525124       -0.0022876565
        1.1979502524        0.6826425888       -0.0012305138
        2.0446184091        0.9045011641       -0.0004689674
        1.8524914411        0.8727734203       -0.0005936414
        1.2979463678        0.7183616705       -0.0010923088
        1.1979502524        0.6826898374       -0.0012307834
        1.6379818802        0.8286300043       -0.0007304573
        2.1047670667        0.9093550423       -0.0004834667
        2.0446184091        0.9045353311       -0.0004689166
        1.8524914411        0.8703646555       -0.0006487861
        1.7838566570        0.8582002833       -0.0006660936
        2.1047670667        0.9054447436       -0.0005527918
        1.8524914411        0.8703266561       -0.0006487901
        1.2979463678        0.7160673859       -0.0011090515
        1.1979502524        0.6756761013       -0.0012211276
        1.6379818802        0.8260481293       -0.0007843941
        1.7838566570        0.8581520474       -0.0006659868
        1.1979502524        0.6756630688       -0.0012211381
        1.0888089092        0.6281473814       -0.0013777994
        1.5599373940        0.8073704844       -0.0008162233
        2.1047670667        0.9054370905       -0.0005530396
        1.6379818802        0.8260878774       -0.0007845723
        1.5599373940        0.8074284099       -0.0008164954
        1.9186725895        0.8805528913       -0.0006373393
        2.0446184091        0.8979905997       -0.0005591013
        1.9826458262        0.8929819843       -0.0005504696
        1.9826458262        0.8929869613       -0.0005504964
        1.9186725895        0.8855269703       -0.0005442063
        2.2201811498        0.9203671974       -0.0004513780
        2.2201811498        0.9203761128       -0.0004515885
