#epsqw diagonal term
#1:q+G [au], 2:Re(eps-1), 3:Im(eps-1)
        2.2201811498        1.0283638738       -0.0891930365
        2.1632439464        1.0296695427       -0.0893873896
        2.2201811498        1.0278584620       -0.0895654325
        1.7838566570        1.0525462566       -0.1783648476
        1.7124732425        1.0680460353       -0.2007566428
        2.0446184091        1.0388687475       -0.1166837795
        2.1632439464        1.0303995896       -0.0901290618
        1.7124732425        1.0695359327       -0.2024571438
        1.6379818802        1.0793395608       -0.2246144972
        1.9826458262        1.0415983275       -0.1202451263
        2.0446184091        1.0391813957       -0.1161148559
        1.9826458262        1.0402411782       -0.1188397496
        2.1632439464        1.0295106767       -0.1029428419
        1.7124732425        1.0584805562       -0.1920140728
        1.6379818802        1.0739365763       -0.2145835196
        1.9826458262        1.0329070998       -0.1301835418
        1.7124732425        1.0576300078       -0.1916205570
        1.0888089092        1.3178182144       -0.4893549520
        0.9674321032        1.3271597232       -0.5187572034
        1.4777769476        1.0755111137       -0.3009866713
        2.2201811498        1.0329978568       -0.0898094222
        1.6379818802        1.0754277140       -0.2149123917
        0.9674321032        1.3283812835       -0.5192145424
        0.8284593580        1.3842708925       -0.5083680957
        1.3907712753        1.1162955652       -0.3181669271
        2.1632439464        1.0438957238       -0.0960004224
        1.9826458262        1.0351903471       -0.1294248321
        1.4777769476        1.0855646716       -0.2974872593
        1.3907712753        1.1167289782       -0.3154077364
        1.7838566570        1.0432653845       -0.1664980947
        2.2201811498        1.0344541031       -0.0902258409
        2.1632439464        1.0446780103       -0.0961626995
        2.0446184091        1.0357375782       -0.1079296028
        1.5599373940        1.0888686923       -0.2408382619
        1.4777769476        1.1003668534       -0.2930371360
        1.8524914411        1.0414627199       -0.1477978826
        1.5599373940        1.0882187987       -0.2411997097
        0.8284593580        1.3950402466       -0.5360324207
        0.6608819421        1.4319990189       -0.5411572376
        1.2979463678        1.1340875921       -0.3511207916
        2.1047670667        1.0525381384       -0.1072052584
        1.4777769476        1.0996768321       -0.2975399794
        0.6608819421        1.4245012689       -0.5443435415
        0.4326487893        1.4661395876       -0.4925071071
        1.1979502524        1.1818870592       -0.4081117257
        2.0446184091        1.0503227136       -0.1230171844
        1.8524914411        1.0405051938       -0.1474510240
        1.2979463678        1.1326489668       -0.3523625914
        1.1979502524        1.1801830859       -0.4086823243
        1.6379818802        1.0615686172       -0.2079981529
        2.1047670667        1.0532651124       -0.1065043037
        2.0446184091        1.0494345864       -0.1212968465
        1.8524914411        1.0439168312       -0.1397816317
        1.7838566570        1.0553721539       -0.1638301570
        2.1047670667        1.0363146957       -0.1323258402
        1.8524914411        1.0440276175       -0.1402385135
        1.2979463678        1.1637032544       -0.3936318957
        1.1979502524        1.1811998671       -0.4349792871
        1.6379818802        1.0551694652       -0.1986310022
        1.7838566570        1.0532014383       -0.1643592042
        1.1979502524        1.1778119645       -0.4367106992
        1.0888089092        1.2132449280       -0.4479026705
        1.5599373940        1.0668430605       -0.2360455774
        2.1047670667        1.0321832430       -0.1337420858
        1.6379818802        1.0524362596       -0.1984835199
        1.5599373940        1.0683259745       -0.2354311383
        1.9186725895        1.0438262645       -0.1797652664
        2.0446184091        1.0458763522       -0.1100504498
        1.9826458262        1.0535266874       -0.1268664337
        1.9826458262        1.0549442762       -0.1275459421
        1.9186725895        1.0633210171       -0.1491338943
        2.2201811498        1.0292436730       -0.0903143011
        2.2201811498        1.0289001071       -0.0887256577
