#epsqw diagonal term
#1:q+G [au], 2:Re(eps-1), 3:Im(eps-1)
        2.2201811498        0.9276399786       -0.0270346487
        2.1632439464        0.9206935503       -0.0243149186
        2.2201811498        0.9274408839       -0.0270060792
        1.7838566570        0.8654453537       -0.0239856030
        1.7124732425        0.8466004826       -0.0233641210
        2.0446184091        0.9082129914       -0.0281529111
        2.1632439464        0.9205992768       -0.0243741265
        1.7124732425        0.8466209622       -0.0232860782
        1.6379818802        0.8261316594       -0.0203361139
        1.9826458262        0.8971886369       -0.0268230601
        2.0446184091        0.9083375378       -0.0280650259
        1.9826458262        0.8972128692       -0.0267337571
        2.1632439464        0.9214194334       -0.0303274243
        1.7124732425        0.8496851283       -0.0287148374
        1.6379818802        0.8272114499       -0.0294585495
        1.9826458262        0.8998733415       -0.0310874280
        1.7124732425        0.8495327148       -0.0284888171
        1.0888089092        0.6101576104       -0.0577276115
        0.9674321032        0.5126039187       -0.0690363356
        1.4777769476        0.7787654598       -0.0336248897
        2.2201811498        0.9286794213       -0.0255139169
        1.6379818802        0.8270924617       -0.0292734404
        0.9674321032        0.5118651310       -0.0689337350
        0.8284593580        0.4166702930       -0.1004985633
        1.3907712753        0.7439896987       -0.0402077231
        2.1632439464        0.9221607893       -0.0257358014
        1.9826458262        0.8999144312       -0.0309763571
        1.4777769476        0.7789940582       -0.0339652758
        1.3907712753        0.7443546570       -0.0405016523
        1.7838566570        0.8694219991       -0.0265850464
        2.2201811498        0.9287959966       -0.0256006039
        2.1632439464        0.9221643699       -0.0256198059
        2.0446184091        0.9036843541       -0.0247545424
        1.5599373940        0.8007535314       -0.0270726220
        1.4777769476        0.7736947211       -0.0272644193
        1.8524914411        0.8747391461       -0.0290245989
        1.5599373940        0.8006052334       -0.0266972383
        0.8284593580        0.4299136177       -0.0755206205
        0.6608819421        0.3233985143       -0.1158786719
        1.2979463678        0.7012579672       -0.0399340495
        2.1047670667        0.9120325966       -0.0268846317
        1.4777769476        0.7735168538       -0.0270645275
        0.6608819421        0.3209759846       -0.1162403892
        0.4326487893        0.1534937288       -0.1616951746
        1.1979502524        0.6656281326       -0.0511932446
        2.0446184091        0.9010301597       -0.0251805435
        1.8524914411        0.8747108426       -0.0289278215
        1.2979463678        0.7013650892       -0.0407140884
        1.1979502524        0.6660767605       -0.0517387170
        1.6379818802        0.8329945448       -0.0320635120
        2.1047670667        0.9121199006       -0.0269919316
        2.0446184091        0.9011199099       -0.0251099225
        1.8524914411        0.8771789420       -0.0300747720
        1.7838566570        0.8614880743       -0.0310992684
        2.1047670667        0.9191482074       -0.0294021732
        1.8524914411        0.8770725554       -0.0296859195
        1.2979463678        0.6957258313       -0.0417364846
        1.1979502524        0.6463447209       -0.0490194976
        1.6379818802        0.8317270292       -0.0279102456
        1.7838566570        0.8612900466       -0.0308442607
        1.1979502524        0.6458540015       -0.0490305172
        1.0888089092        0.5904152546       -0.0596728562
        1.5599373940        0.8096051589       -0.0346215249
        2.1047670667        0.9191434821       -0.0293060953
        1.6379818802        0.8319819336       -0.0280636274
        1.5599373940        0.8098592294       -0.0346432281
        1.9186725895        0.8974780236       -0.0263219051
        2.0446184091        0.9061280980       -0.0250463864
        1.9826458262        0.8965177824       -0.0231707815
        1.9826458262        0.8964459344       -0.0231839234
        1.9186725895        0.8835234833       -0.0234856690
        2.2201811498        0.9258576671       -0.0225589804
        2.2201811498        0.9257496754       -0.0226149318
