#epsqw diagonal term
#1:q+G [au], 2:Re(eps-1), 3:Im(eps-1)
        2.2201811498        1.0011354344       -0.0000032965
        2.1632439464        1.0012269059       -0.0000035442
        2.2201811498        1.0011357580       -0.0000032972
        1.7838566570        1.0020358511       -0.0000064235
        1.7124732425        1.0022304918       -0.0000070674
        2.0446184091        1.0014400068       -0.0000043118
        2.1632439464        1.0012271376       -0.0000035450
        1.7124732425        1.0022302513       -0.0000070671
        1.6379818802        1.0024500732       -0.0000077638
        1.9826458262        1.0015652919       -0.0000046805
        2.0446184091        1.0014396397       -0.0000043109
        1.9826458262        1.0015650059       -0.0000046796
        2.1632439464        1.0012267608       -0.0000036007
        1.7124732425        1.0022305558       -0.0000071878
        1.6379818802        1.0024514279       -0.0000079617
        1.9826458262        1.0015627473       -0.0000047472
        1.7124732425        1.0022316514       -0.0000071905
        1.0888089092        1.0046335419       -0.0000186392
        0.9674321032        1.0052006562       -0.0000220011
        1.4777769476        1.0029881991       -0.0000103471
        2.2201811498        1.0011389920       -0.0000033385
        1.6379818802        1.0024528674       -0.0000079650
        0.9674321032        1.0052012252       -0.0000220015
        0.8284593580        1.0058287271       -0.0000261552
        1.3907712753        1.0033235502       -0.0000117016
        2.1632439464        1.0012286866       -0.0000036041
        1.9826458262        1.0015629039       -0.0000047474
        1.4777769476        1.0029866224       -0.0000103441
        1.3907712753        1.0033211743       -0.0000116978
        1.7838566570        1.0020301860       -0.0000064499
        2.2201811498        1.0011383294       -0.0000033374
        2.1632439464        1.0012277186       -0.0000036031
        2.0446184091        1.0014425930       -0.0000042098
        1.5599373940        1.0027019094       -0.0000088592
        1.4777769476        1.0029904710       -0.0000098029
        1.8524914411        1.0018621078       -0.0000056707
        1.5599373940        1.0027043353       -0.0000088621
        0.8284593580        1.0058293500       -0.0000264296
        0.6608819421        1.0064768655       -0.0000320746
        1.2979463678        1.0036993823       -0.0000133109
        2.1047670667        1.0013288292       -0.0000039039
        1.4777769476        1.0029935305       -0.0000098074
        0.6608819421        1.0064814917       -0.0000320789
        0.4326487893        1.0070529491       -0.0000410261
        1.1979502524        1.0041450956       -0.0000150645
        2.0446184091        1.0014403321       -0.0000042114
        1.8524914411        1.0018625000       -0.0000056715
        1.2979463678        1.0036954634       -0.0000133063
        1.1979502524        1.0041407463       -0.0000150583
        1.6379818802        1.0024648167       -0.0000079296
        2.1047670667        1.0013275641       -0.0000039020
        2.0446184091        1.0014390241       -0.0000042092
        1.8524914411        1.0018578644       -0.0000057903
        1.7838566570        1.0020346877       -0.0000063596
        2.1047670667        1.0013267774       -0.0000039377
        1.8524914411        1.0018587201       -0.0000057922
        1.2979463678        1.0036925234       -0.0000136005
        1.1979502524        1.0041308154       -0.0000156323
        1.6379818802        1.0024506339       -0.0000080780
        1.7838566570        1.0020359819       -0.0000063622
        1.1979502524        1.0041312233       -0.0000156329
        1.0888089092        1.0046348208       -0.0000179797
        1.5599373940        1.0027123925       -0.0000090214
        2.1047670667        1.0013268386       -0.0000039380
        1.6379818802        1.0024492876       -0.0000080752
        1.5599373940        1.0027105561       -0.0000090178
        1.9186725895        1.0017028225       -0.0000052369
        2.0446184091        1.0014433896       -0.0000043306
        1.9826458262        1.0015665882       -0.0000047048
        1.9826458262        1.0015663325       -0.0000047044
        1.9186725895        1.0017026739       -0.0000051003
        2.2201811498        1.0011349570       -0.0000032850
        2.2201811498        1.0011348173       -0.0000032846
