#epsqw diagonal term
#1:q+G [au], 2:Re(eps-1), 3:Im(eps-1)
        2.2201811498        0.9501521534       -0.0668640831
        2.1632439464        0.9485548383       -0.0713435873
        2.2201811498        0.9497323134       -0.0666187183
        1.7838566570        0.8847861914       -0.1616367673
        1.7124732425        0.8873013778       -0.1827862660
        2.0446184091        0.9294117172       -0.0917761806
        2.1632439464        0.9483847663       -0.0714189105
        1.7124732425        0.8871327805       -0.1829265984
        1.6379818802        0.9168911986       -0.2216643717
        1.9826458262        0.9261429921       -0.1022129228
        2.0446184091        0.9295014786       -0.0918094373
        1.9826458262        0.9265777101       -0.1024162995
        2.1632439464        0.9401037482       -0.0721893306
        1.7124732425        0.8775661388       -0.1781737077
        1.6379818802        0.8619191186       -0.1998924349
        1.9826458262        0.9205148440       -0.0987483713
        1.7124732425        0.8766985320       -0.1781500857
        1.0888089092        0.5850925779       -0.3919536010
        0.9674321032        0.5378447563       -0.5412640594
        1.4777769476        0.8510168404       -0.2745246338
        2.2201811498        0.9458036251       -0.0656259989
        1.6379818802        0.8604350085       -0.1996977615
        0.9674321032        0.5376569543       -0.5422460228
        0.8284593580        0.4430894764       -0.6710297172
        1.3907712753        0.7955996883       -0.3174091701
        2.1632439464        0.9459822705       -0.0720992648
        1.9826458262        0.9205802315       -0.0990825731
        1.4777769476        0.8523775407       -0.2760997415
        1.3907712753        0.7968423204       -0.3191513480
        1.7838566570        0.8984748100       -0.1406314974
        2.2201811498        0.9456938489       -0.0655767157
        2.1632439464        0.9459050020       -0.0720479319
        2.0446184091        0.9365913548       -0.0858417443
        1.5599373940        0.8538580903       -0.2382194705
        1.4777769476        0.8805656638       -0.2721563178
        1.8524914411        0.9014387912       -0.1294341871
        1.5599373940        0.8531784819       -0.2377848427
        0.8284593580        0.4594459517       -0.6266532611
        0.6608819421        0.3072172204       -0.7237728156
        1.2979463678        0.7577816324       -0.3836449670
        2.1047670667        0.9422858323       -0.0761109259
        1.4777769476        0.8807185605       -0.2719023264
        0.6608819421        0.3048586037       -0.7249832709
        0.4326487893        0.0030133515       -0.7276380972
        1.1979502524        0.7194128186       -0.4280989746
        2.0446184091        0.9419251090       -0.0830438013
        1.8524914411        0.9013353962       -0.1294990193
        1.2979463678        0.7576487423       -0.3848930140
        1.1979502524        0.7181289201       -0.4278108053
        1.6379818802        0.8411803290       -0.2074335945
        2.1047670667        0.9424351836       -0.0762168956
        2.0446184091        0.9418271989       -0.0830275859
        1.8524914411        0.9053749179       -0.1280246283
        1.7838566570        0.8891159018       -0.1495129566
        2.1047670667        0.9326474208       -0.0710670346
        1.8524914411        0.9050765631       -0.1283397081
        1.2979463678        0.8314805638       -0.3844429026
        1.1979502524        0.7381982332       -0.4650298989
        1.6379818802        0.8788462944       -0.1979694204
        1.7838566570        0.8884482872       -0.1487116558
        1.1979502524        0.7381101994       -0.4635826392
        1.0888089092        0.6737736475       -0.5769318516
        1.5599373940        0.8327820437       -0.2270304341
        2.1047670667        0.9325246138       -0.0709517313
        1.6379818802        0.8791672672       -0.1986305002
        1.5599373940        0.8331376362       -0.2287224744
        1.9186725895        0.9020379726       -0.0922353973
        2.0446184091        0.9227846479       -0.0968649817
        1.9826458262        0.9267546586       -0.0993473518
        1.9826458262        0.9267185271       -0.0995895296
        1.9186725895        0.9310871711       -0.1198847990
        2.2201811498        0.9523888740       -0.0686922615
        2.2201811498        0.9525690062       -0.0683441251
