#epsqw diagonal term
#1:q+G [au], 2:Re(eps-1), 3:Im(eps-1)
        2.2201811498        0.9189784297       -0.0004673389
        2.1632439464        0.9145509922       -0.0004576123
        2.2201811498        0.9189612967       -0.0004673711
        1.7838566570        0.8597242126       -0.0006468588
        1.7124732425        0.8463264464       -0.0006786146
        2.0446184091        0.8988950902       -0.0005387403
        2.1632439464        0.9145366493       -0.0004574539
        1.7124732425        0.8463333152       -0.0006784361
        1.6379818802        0.8305236243       -0.0007215460
        1.9826458262        0.8920813092       -0.0005395478
        2.0446184091        0.8989170361       -0.0005387161
        1.9826458262        0.8921019620       -0.0005396733
        2.1632439464        0.9122191976       -0.0005085943
        1.7124732425        0.8446291738       -0.0007140538
        1.6379818802        0.8278177082       -0.0007559492
        1.9826458262        0.8906067858       -0.0005873375
        1.7124732425        0.8445832234       -0.0007141586
        1.0888089092        0.6345329048       -0.0012829745
        0.9674321032        0.5698499794       -0.0014787295
        1.4777769476        0.7815012785       -0.0009058053
        2.2201811498        0.9182880541       -0.0004911973
        1.6379818802        0.8277647511       -0.0007557668
        0.9674321032        0.5698405115       -0.0014786696
        0.8284593580        0.4979039362       -0.0017016211
        1.3907712753        0.7530622745       -0.0009861770
        2.1632439464        0.9140804251       -0.0004871022
        1.9826458262        0.8906020430       -0.0005872758
        1.4777769476        0.7815469751       -0.0009056883
        1.3907712753        0.7531198436       -0.0009862810
        1.7838566570        0.8582203497       -0.0006920588
        2.2201811498        0.9183125963       -0.0004909738
        2.1632439464        0.9141013498       -0.0004870671
        2.0446184091        0.9014329686       -0.0004900822
        1.5599373940        0.8081649875       -0.0008083827
        1.4777769476        0.7862131227       -0.0008905096
        1.8524914411        0.8728249058       -0.0005914478
        1.5599373940        0.8081144219       -0.0008084741
        0.8284593580        0.4946528742       -0.0017025812
        0.6608819421        0.4067476274       -0.0019743132
        1.2979463678        0.7183861753       -0.0010889505
        2.1047670667        0.9093522943       -0.0004816012
        1.4777769476        0.7861601836       -0.0008903870
        0.6608819421        0.4067430980       -0.0019742903
        0.4326487893        0.2847635478       -0.0022780888
        1.1979502524        0.6827176057       -0.0012268353
        2.0446184091        0.9045288663       -0.0004674032
        1.8524914411        0.8728084790       -0.0005916834
        1.2979463678        0.7184260224       -0.0010890476
        1.1979502524        0.6827649068       -0.0012271011
        1.6379818802        0.8286720014       -0.0007282176
        2.1047670667        0.9093864036       -0.0004815565
        2.0446184091        0.9045630278       -0.0004673540
        1.8524914411        0.8704076183       -0.0006460242
        1.7838566570        0.8582419527       -0.0006635495
        2.1047670667        0.9054855646       -0.0005499098
        1.8524914411        0.8703695737       -0.0006460377
        1.2979463678        0.7161344569       -0.0011055232
        1.1979502524        0.6757504067       -0.0012173611
        1.6379818802        0.8260976462       -0.0007813933
        1.7838566570        0.8581936385       -0.0006634574
        1.1979502524        0.6757373578       -0.0012173750
        1.0888089092        0.6282330814       -0.0013737462
        1.5599373940        0.8074195057       -0.0008134587
        2.1047670667        0.9054779689       -0.0005501497
        1.6379818802        0.8261374962       -0.0007815529
        1.5599373940        0.8074775645       -0.0008137079
        1.9186725895        0.8805975619       -0.0006343609
        2.0446184091        0.8980274712       -0.0005568702
        1.9826458262        0.8930171537       -0.0005483724
        1.9826458262        0.8930221385       -0.0005483980
        1.9186725895        0.8855590506       -0.0005424324
        2.2201811498        0.9203972785       -0.0004495109
        2.2201811498        0.9204062738       -0.0004497081
