#epsqw diagonal term
#1:q+G [au], 2:Re(eps-1), 3:Im(eps-1)
        2.2201811498        0.9335281778       -0.0152187196
        2.1632439464        0.9264044287       -0.0152555087
        2.2201811498        0.9337166121       -0.0153321914
        1.7838566570        0.8541710750       -0.0396473690
        1.7124732425        0.8379143493       -0.0410970169
        2.0446184091        0.9110738886       -0.0207816824
        2.1632439464        0.9263465797       -0.0155618401
        1.7124732425        0.8376070337       -0.0412140592
        1.6379818802        0.8176083865       -0.0421156039
        1.9826458262        0.9004499042       -0.0193229091
        2.0446184091        0.9110784185       -0.0206995366
        1.9826458262        0.9006553227       -0.0191507832
        2.1632439464        0.9266835040       -0.0172211385
        1.7124732425        0.8333191872       -0.0537303834
        1.6379818802        0.8168753925       -0.0574977142
        1.9826458262        0.9020190817       -0.0258476008
        1.7124732425        0.8331780678       -0.0537335499
        1.0888089092        0.5304397767       -0.3162763348
        0.9674321032        0.4925459220       -0.3945953271
        1.4777769476        0.7389376816       -0.1180880541
        2.2201811498        0.9332920632       -0.0169644777
        1.6379818802        0.8165278219       -0.0573984475
        0.9674321032        0.4902701554       -0.3970402283
        0.8284593580        0.5229105983       -0.4643243412
        1.3907712753        0.7185337064       -0.1320017135
        2.1632439464        0.9273792266       -0.0159671761
        1.9826458262        0.9021545509       -0.0259393144
        1.4777769476        0.7392622650       -0.1182744096
        1.3907712753        0.7190131706       -0.1315475913
        1.7838566570        0.8530490351       -0.0495793176
        2.2201811498        0.9335770038       -0.0169909441
        2.1632439464        0.9274240537       -0.0159529327
        2.0446184091        0.9092758531       -0.0176619485
        1.5599373940        0.7934781781       -0.0628743139
        1.4777769476        0.7717264411       -0.0726918505
        1.8524914411        0.8765833647       -0.0238661463
        1.5599373940        0.7942562968       -0.0627471194
        0.8284593580        0.4548927731       -0.4737634130
        0.6608819421        0.5090189191       -0.5348013920
        1.2979463678        0.6859519496       -0.1492059011
        2.1047670667        0.9202789783       -0.0157712824
        1.4777769476        0.7714581293       -0.0725193183
        0.6608819421        0.5051156763       -0.5317082936
        0.4326487893        0.4451777041       -0.7508063314
        1.1979502524        0.6656984382       -0.1767462250
        2.0446184091        0.9126093606       -0.0157859691
        1.8524914411        0.8767107624       -0.0236861416
        1.2979463678        0.6860791421       -0.1495139957
        1.1979502524        0.6676393016       -0.1776737443
        1.6379818802        0.8232318345       -0.0482035393
        2.1047670667        0.9203985675       -0.0156486235
        2.0446184091        0.9127460997       -0.0156029641
        1.8524914411        0.8759634324       -0.0352113819
        1.7838566570        0.8600339539       -0.0336313756
        2.1047670667        0.9194350669       -0.0202634802
        1.8524914411        0.8758966024       -0.0352363031
        1.2979463678        0.6557064096       -0.1957137427
        1.1979502524        0.6198936510       -0.2352261300
        1.6379818802        0.8042417590       -0.0762996602
        1.7838566570        0.8599152590       -0.0336770617
        1.1979502524        0.6188427585       -0.2365020013
        1.0888089092        0.5954158242       -0.2883234952
        1.5599373940        0.7904484637       -0.0769433224
        2.1047670667        0.9193562157       -0.0202214650
        1.6379818802        0.8043719748       -0.0762240714
        1.5599373940        0.7903887079       -0.0766580571
        1.9186725895        0.8824844803       -0.0366951554
        2.0446184091        0.9116060242       -0.0240676154
        1.9826458262        0.9021026009       -0.0218555122
        1.9826458262        0.9021304197       -0.0215388635
        1.9186725895        0.8913339228       -0.0188351332
        2.2201811498        0.9327365802       -0.0139264971
        2.2201811498        0.9328164862       -0.0139840133
