#epsqw diagonal term
#1:q+G [au], 2:Re(eps-1), 3:Im(eps-1)
        2.2201811498        1.0485118482       -0.0295732562
        2.1632439464        1.0542305805       -0.0329967740
        2.2201811498        1.0482068823       -0.0291791245
        1.7838566570        1.0870770503       -0.0582774506
        1.7124732425        1.0964012598       -0.0663439887
        2.0446184091        1.0597544412       -0.0358191106
        2.1632439464        1.0536790181       -0.0324570907
        1.7124732425        1.0958779006       -0.0661399452
        1.6379818802        1.1063912779       -0.0766524236
        1.9826458262        1.0665666859       -0.0402966461
        2.0446184091        1.0595251942       -0.0362977947
        1.9826458262        1.0666356506       -0.0409639732
        2.1632439464        1.0495683663       -0.0265938653
        1.7124732425        1.0891041467       -0.0461672133
        1.6379818802        1.0998808237       -0.0522817548
        1.9826458262        1.0619910089       -0.0315338984
        1.7124732425        1.0887491386       -0.0467396082
        1.0888089092        1.1417515979       -0.0288896252
        0.9674321032        1.1578207916       -0.0286440916
        1.4777769476        1.1048516376       -0.0409405820
        2.2201811498        1.0628434098       -0.0573660202
        1.6379818802        1.0992020953       -0.0529329092
        0.9674321032        1.1571439973       -0.0285204814
        0.8284593580        1.1729859696       -0.0286696423
        1.3907712753        1.1158681329       -0.0448324730
        2.1632439464        1.0699817253       -0.0651716167
        1.9826458262        1.0615810031       -0.0318239764
        1.4777769476        1.1045413512       -0.0407814003
        1.3907712753        1.1158563109       -0.0447138021
        1.7838566570        1.0739521304       -0.0324178197
        2.2201811498        1.0629280417       -0.0562433468
        2.1632439464        1.0701534723       -0.0639528339
        2.0446184091        1.0619743294       -0.0340653593
        1.5599373940        1.1094835993       -0.0602043598
        1.4777769476        1.1235073592       -0.0711850098
        1.8524914411        1.0770062786       -0.0398162720
        1.5599373940        1.1094211714       -0.0614630254
        0.8284593580        1.1722940396       -0.0233973023
        0.6608819421        1.1862872408       -0.0202965763
        1.2979463678        1.1295622140       -0.0512428792
        2.1047670667        1.0778508669       -0.0750242071
        1.4777769476        1.1234401351       -0.0727064318
        0.6608819421        1.1864021316       -0.0204408576
        0.4326487893        1.1952473433       -0.0120529820
        1.1979502524        1.1447900454       -0.0590256376
        2.0446184091        1.0865829249       -0.0860052650
        1.8524914411        1.0770791211       -0.0402144426
        1.2979463678        1.1298337598       -0.0503950018
        1.1979502524        1.1450318168       -0.0580276081
        1.6379818802        1.0920473562       -0.0388559601
        2.1047670667        1.0781941897       -0.0732222952
        2.0446184091        1.0869587198       -0.0839952618
        1.8524914411        1.0739532829       -0.0376445402
        1.7838566570        1.0821946635       -0.0419015277
        2.1047670667        1.0503995690       -0.0244310988
        1.8524914411        1.0738536051       -0.0377589637
        1.2979463678        1.1201306493       -0.0360549730
        1.1979502524        1.1331889815       -0.0394688875
        1.6379818802        1.0881912044       -0.0359442621
        1.7838566570        1.0823068710       -0.0418826329
        1.1979502524        1.1336090170       -0.0391584581
        1.0888089092        1.1517068669       -0.0492718720
        1.5599373940        1.0975482837       -0.0384007751
        2.1047670667        1.0506522849       -0.0244905644
        1.6379818802        1.0890662856       -0.0359966975
        1.5599373940        1.0981951705       -0.0386785807
        1.9186725895        1.0610540462       -0.0264120611
        2.0446184091        1.0713692404       -0.0607276476
        1.9826458262        1.0806837549       -0.0721846785
        1.9826458262        1.0808851586       -0.0719457952
        1.9186725895        1.0883168237       -0.0812907660
        2.2201811498        1.0557962680       -0.0432365738
        2.2201811498        1.0560737566       -0.0438607449
