#epsqw diagonal term
#1:q+G [au], 2:Re(eps-1), 3:Im(eps-1)
        2.2201811498        0.9189675412       -0.0356250335
        2.1632439464        0.9114538570       -0.0295154842
        2.2201811498        0.9188880730       -0.0357084744
        1.7838566570        0.8631441879       -0.0441183629
        1.7124732425        0.8503922395       -0.0397730207
        2.0446184091        0.9002523758       -0.0345470095
        2.1632439464        0.9113367842       -0.0295788700
        1.7124732425        0.8503403805       -0.0398087983
        1.6379818802        0.8331972771       -0.0348803819
        1.9826458262        0.8908176158       -0.0303609788
        2.0446184091        0.9002341911       -0.0346824391
        1.9826458262        0.8906299953       -0.0305631879
        2.1632439464        0.9095029217       -0.0378911433
        1.7124732425        0.8491556305       -0.0432893033
        1.6379818802        0.8307124475       -0.0405991338
        1.9826458262        0.8917512084       -0.0357413877
        1.7124732425        0.8489668929       -0.0431813195
        1.0888089092        0.6054598930       -0.0732512664
        0.9674321032        0.5403654447       -0.0652881629
        1.4777769476        0.7825439542       -0.0428485511
        2.2201811498        0.9271066963       -0.0322855840
        1.6379818802        0.8306303227       -0.0405604706
        0.9674321032        0.5405075705       -0.0653376760
        0.8284593580        0.4651777322       -0.0805943917
        1.3907712753        0.7462154109       -0.0424523016
        2.1632439464        0.9207854425       -0.0276192345
        1.9826458262        0.8915467501       -0.0357172185
        1.4777769476        0.7825680729       -0.0427869596
        1.3907712753        0.7459054430       -0.0423953140
        1.7838566570        0.8609348646       -0.0365361597
        2.2201811498        0.9271458853       -0.0324555448
        2.1632439464        0.9207500048       -0.0277255345
        2.0446184091        0.8936489903       -0.0277575138
        1.5599373940        0.8121602659       -0.0365528639
        1.4777769476        0.7904134332       -0.0359583055
        1.8524914411        0.8680972779       -0.0277598495
        1.5599373940        0.8120079994       -0.0362585788
        0.8284593580        0.4679835537       -0.0766988462
        0.6608819421        0.3912888261       -0.1022188322
        1.2979463678        0.7125400795       -0.0414071794
        2.1047670667        0.9129684925       -0.0249239070
        1.4777769476        0.7904160386       -0.0358744716
        0.6608819421        0.3909748623       -0.1018423398
        0.4326487893        0.2733928532       -0.0972397147
        1.1979502524        0.6806652269       -0.0578791272
        2.0446184091        0.9069477467       -0.0180454910
        1.8524914411        0.8678961651       -0.0277134531
        1.2979463678        0.7124696416       -0.0413400533
        1.1979502524        0.6808285774       -0.0577800167
        1.6379818802        0.8208534621       -0.0305207340
        2.1047670667        0.9129572018       -0.0250507780
        2.0446184091        0.9069987524       -0.0180400917
        1.8524914411        0.8743344720       -0.0392190123
        1.7838566570        0.8580384896       -0.0354892072
        2.1047670667        0.9048589175       -0.0359727289
        1.8524914411        0.8742505278       -0.0392162349
        1.2979463678        0.7081933433       -0.0509229469
        1.1979502524        0.6617116155       -0.0516138515
        1.6379818802        0.8306072944       -0.0412623203
        1.7838566570        0.8581799856       -0.0354251838
        1.1979502524        0.6617771022       -0.0516788084
        1.0888089092        0.6166441484       -0.0655568508
        1.5599373940        0.8036174321       -0.0395497990
        2.1047670667        0.9048047245       -0.0360407459
        1.6379818802        0.8306019365       -0.0416487871
        1.5599373940        0.8034024700       -0.0400991338
        1.9186725895        0.8808481953       -0.0391199259
        2.0446184091        0.9045702589       -0.0356250482
        1.9826458262        0.8978616754       -0.0319387799
        1.9826458262        0.8979531007       -0.0322621212
        1.9186725895        0.8889508737       -0.0283988876
        2.2201811498        0.9251294631       -0.0281814469
        2.2201811498        0.9251762397       -0.0281216236
