#epsqw diagonal term
#1:q+G [au], 2:Re(eps-1), 3:Im(eps-1)
        2.2201811498        0.9187859742       -0.0004795648
        2.1632439464        0.9143764409       -0.0004681552
        2.2201811498        0.9187689496       -0.0004795693
        1.7838566570        0.8594923348       -0.0006596205
        1.7124732425        0.8460873374       -0.0006918290
        2.0446184091        0.8986818398       -0.0005519579
        2.1632439464        0.9143624866       -0.0004679301
        1.7124732425        0.8460944011       -0.0006916296
        1.6379818802        0.8302725801       -0.0007352994
        1.9826458262        0.8918799044       -0.0005514454
        2.0446184091        0.8987036167       -0.0005519699
        1.9826458262        0.8919001683       -0.0005516372
        2.1632439464        0.9119977949       -0.0005241146
        1.7124732425        0.8443527516       -0.0007316588
        1.6379818802        0.8275308887       -0.0007744513
        1.9826458262        0.8903545120       -0.0006053031
        1.7124732425        0.8443068128       -0.0007317553
        1.0888089092        0.6340567571       -0.0013065432
        0.9674321032        0.5692614193       -0.0015088952
        1.4777769476        0.7811635671       -0.0009260722
        2.2201811498        0.9180730471       -0.0005058573
        1.6379818802        0.8274784267       -0.0007741922
        0.9674321032        0.5692523016       -0.0015087717
        0.8284593580        0.4971775240       -0.0017373495
        1.3907712753        0.7526983124       -0.0010074856
        2.1632439464        0.9138736912       -0.0005012185
        1.9826458262        0.8903499703       -0.0006052008
        1.4777769476        0.7812093049       -0.0009259515
        1.3907712753        0.7527554945       -0.0010076533
        1.7838566570        0.8579344480       -0.0007118894
        2.2201811498        0.9180977278       -0.0005056252
        2.1632439464        0.9138944911       -0.0005012139
        2.0446184091        0.9012564882       -0.0005002488
        1.5599373940        0.8078756051       -0.0008249035
        1.4777769476        0.7858882182       -0.0009090880
        1.8524914411        0.8726131772       -0.0006035090
        1.5599373940        0.8078250796       -0.0008249838
        0.8284593580        0.4939279066       -0.0017374023
        0.6608819421        0.4058039677       -0.0020199694
        1.2979463678        0.7179978821       -0.0011089880
        2.1047670667        0.9091624658       -0.0004933976
        1.4777769476        0.7858355133       -0.0009089445
        0.6608819421        0.4057993365       -0.0020199743
        0.4326487893        0.2834919688       -0.0023365342
        1.1979502524        0.6822651642       -0.0012493671
        2.0446184091        0.9043614350       -0.0004770262
        1.8524914411        0.8725965244       -0.0006037639
        1.2979463678        0.7180375210       -0.0011091128
        1.1979502524        0.6823121479       -0.0012496564
        1.6379818802        0.8284183182       -0.0007420090
        2.1047670667        0.9091965161       -0.0004933637
        2.0446184091        0.9043956332       -0.0004769668
        1.8524914411        0.8701467754       -0.0006633106
        1.7838566570        0.8579893068       -0.0006794144
        2.1047670667        0.9052370728       -0.0005680343
        1.8524914411        0.8701090269       -0.0006632603
        1.2979463678        0.7157290667       -0.0011273678
        1.1979502524        0.6753016306       -0.0012406008
        1.6379818802        0.8257974428       -0.0008001124
        1.7838566570        0.8579415020       -0.0006792242
        1.1979502524        0.6752886899       -0.0012405922
        1.0888089092        0.6277163849       -0.0013985704
        1.5599373940        0.8071228270       -0.0008306283
        2.1047670667        0.9052291168       -0.0005683260
        1.6379818802        0.8258366332       -0.0008003952
        1.5599373940        0.8071800288       -0.0008310297
        1.9186725895        0.8803261603       -0.0006530011
        2.0446184091        0.8978041774       -0.0005707039
        1.9826458262        0.8928042664       -0.0005613463
        1.9826458262        0.8928092027       -0.0005613794
        1.9186725895        0.8853652416       -0.0005533352
        2.2201811498        0.9202149480       -0.0004611250
        2.2201811498        0.9202234321       -0.0004614098
