#epsqw diagonal term
#1:q+G [au], 2:Re(eps-1), 3:Im(eps-1)
        1.9615532493        0.8872638511       -0.0006256104
        1.8968687839        0.8792488935       -0.0006267395
        2.2013657161        0.9161756994       -0.0005329543
        1.8298992368        0.8697594060       -0.0006235707
        1.7603838361        0.8587763675       -0.0006226879
        2.0849103297        0.9061974523       -0.0005024752
        2.0849103297        0.9031752080       -0.0005711731
        2.0241717112        0.8972873492       -0.0005596999
        1.8968687839        0.8773922473       -0.0006665624
        1.8298992368        0.8670092426       -0.0006791821
        2.1439288816        0.9098932667       -0.0005746804
        1.8298992368        0.8656057481       -0.0007363284
        1.2654925727        0.7045147648       -0.0012029849
        1.1627086846        0.6598744142       -0.0013129857
        1.6123868387        0.8191780737       -0.0008693592
        1.6880080817        0.8385564217       -0.0007706951
        1.0499102431        0.6076929140       -0.0014578726
        0.9234346496        0.5516029290       -0.0016316852
        1.4493555066        0.7743240575       -0.0009566783
        2.2013657161        0.9191727744       -0.0004902058
        1.9615532493        0.8861585743       -0.0006757002
        1.4493555066        0.7699135509       -0.0010084750
        1.3605335050        0.7417212580       -0.0010687234
        1.7603838361        0.8527776603       -0.0007791493
        2.1439288816        0.9098992738       -0.0005647323
        2.0849103297        0.9049971706       -0.0005556248
        2.1439288816        0.9132693799       -0.0004580041
        1.6880080817        0.8405294021       -0.0007190976
        1.6123868387        0.8248671245       -0.0007551920
        1.9615532493        0.8902384309       -0.0005454005
        1.6123868387        0.8208060568       -0.0008107714
        0.9234346496        0.5441950915       -0.0016461713
        0.7766283446        0.4716896184       -0.0018724989
        1.3605335050        0.7448067286       -0.0010302081
        2.1439288816        0.9135756017       -0.0005010313
        1.4493555066        0.7826716565       -0.0008940145
        0.5946188857        0.3766486239       -0.0021897204
        0.3224773677        0.2376219884       -0.0025855876
        1.1627086846        0.6769764301       -0.0012544999
        2.0241717112        0.9040868910       -0.0004462024
        1.7603838361        0.8552440194       -0.0006852476
        1.1627086846        0.6621293780       -0.0012954583
        1.0499102431        0.6158782949       -0.0014611900
        1.5330399052        0.8016646843       -0.0008449170
        1.9615532493        0.8917036499       -0.0005562633
        1.8968687839        0.8844045258       -0.0005393881
        2.2013657161        0.9196633650       -0.0004560093
        1.8968687839        0.8773708741       -0.0006666949
        1.8298992368        0.8670513675       -0.0006767259
        2.1439288816        0.9099461916       -0.0005728122
        1.8298992368        0.8655686446       -0.0007374374
        1.2654925727        0.7044280428       -0.0012051262
        1.1627086846        0.6599182229       -0.0013114672
        1.6123868387        0.8191144706       -0.0008716231
        1.6880080817        0.8385923163       -0.0007685333
        1.0499102431        0.6077376451       -0.0014567523
        0.9234346496        0.5515877013       -0.0016325797
        1.4493555066        0.7743341538       -0.0009557968
        2.2013657161        0.9191720535       -0.0004899560
        1.9615532493        0.8862391555       -0.0006725820
        1.4493555066        0.7699071055       -0.0010083590
        1.3605335050        0.7417167824       -0.0010681263
        1.7603838361        0.8528172298       -0.0007764175
        2.1439288816        0.9098825812       -0.0005653173
        2.0849103297        0.9050116409       -0.0005547277
        1.9615532493        0.8873077873       -0.0006236889
        1.8968687839        0.8792592808       -0.0006256541
        2.2013657161        0.9161767748       -0.0005339711
        1.8298992368        0.8697572496       -0.0006234723
        1.7603838361        0.8587629561       -0.0006230297
        2.0849103297        0.9062017382       -0.0005027677
        2.0849103297        0.9032025203       -0.0005705082
        2.0241717112        0.8972686277       -0.0005606825
