#epsqw diagonal term
#1:q+G [au], 2:Re(eps-1), 3:Im(eps-1)
        1.9615532493        1.0129171446       -0.0000495794
        1.8968687839        1.0139744224       -0.0000534682
        2.2013657161        1.0095208018       -0.0000359954
        1.8298992368        1.0151482947       -0.0000578455
        1.7603838361        1.0164681838       -0.0000623095
        2.0849103297        1.0110707337       -0.0000415879
        2.0849103297        1.0110443982       -0.0000419858
        2.0241717112        1.0119357962       -0.0000452373
        1.8968687839        1.0140047530       -0.0000541640
        1.8298992368        1.0151807408       -0.0000584941
        2.1439288816        1.0102460647       -0.0000388715
        1.8298992368        1.0152043124       -0.0000593701
        1.2654925727        1.0291547410       -0.0001274264
        1.1627086846        1.0324908247       -0.0001453358
        1.6123868387        1.0197927483       -0.0000800753
        1.6880080817        1.0180483915       -0.0000704027
        1.0499102431        1.0362545294       -0.0001675502
        0.9234346496        1.0406078987       -0.0001934297
        1.4493555066        1.0239793759       -0.0000983023
        2.2013657161        1.0095342626       -0.0000358349
        1.9615532493        1.0128957196       -0.0000496031
        1.4493555066        1.0238696370       -0.0000995766
        1.3605335050        1.0264092838       -0.0001113848
        1.7603838361        1.0165712035       -0.0000654338
        2.1439288816        1.0102596546       -0.0000389453
        2.0849103297        1.0110585927       -0.0000418868
        2.1439288816        1.0102565327       -0.0000380170
        1.6880080817        1.0179793553       -0.0000695257
        1.6123868387        1.0197147498       -0.0000756738
        1.9615532493        1.0129427354       -0.0000488176
        1.6123868387        1.0197087932       -0.0000774522
        0.9234346496        1.0405391247       -0.0001977145
        0.7766283446        1.0451230770       -0.0002307223
        1.3605335050        1.0264478947       -0.0001103451
        2.1439288816        1.0102466971       -0.0000384841
        1.4493555066        1.0239505078       -0.0000936854
        0.5946188857        1.0496479084       -0.0002780824
        0.3224773677        1.0531453185       -0.0003542089
        1.1627086846        1.0328914659       -0.0001393773
        2.0241717112        1.0119015140       -0.0000440746
        1.7603838361        1.0165764278       -0.0000638195
        1.1627086846        1.0325471089       -0.0001435710
        1.0499102431        1.0364513032       -0.0001632163
        1.5330399052        1.0218139247       -0.0000874502
        1.9615532493        1.0128765230       -0.0000486687
        1.8968687839        1.0139290072       -0.0000521488
        2.2013657161        1.0095287201       -0.0000356058
        1.8968687839        1.0140083900       -0.0000541792
        1.8298992368        1.0151829844       -0.0000585003
        2.1439288816        1.0102463311       -0.0000388714
        1.8298992368        1.0152081918       -0.0000593854
        1.2654925727        1.0291618037       -0.0001274525
        1.1627086846        1.0324919963       -0.0001453351
        1.6123868387        1.0197912308       -0.0000800745
        1.6880080817        1.0180509532       -0.0000704090
        1.0499102431        1.0362562667       -0.0001675496
        0.9234346496        1.0406020739       -0.0001934208
        1.4493555066        1.0239750656       -0.0000982929
        2.2013657161        1.0095319763       -0.0000358266
        1.9615532493        1.0128965950       -0.0000496027
        1.4493555066        1.0238685124       -0.0000995772
        1.3605335050        1.0264040521       -0.0001113741
        1.7603838361        1.0165663241       -0.0000654181
        2.1439288816        1.0102581456       -0.0000389401
        2.0849103297        1.0110557484       -0.0000418757
        1.9615532493        1.0129207820       -0.0000495915
        1.8968687839        1.0139757203       -0.0000534731
        2.2013657161        1.0095198311       -0.0000359910
        1.8298992368        1.0151497235       -0.0000578504
        1.7603838361        1.0164660577       -0.0000623032
        2.0849103297        1.0110675250       -0.0000415750
        2.0849103297        1.0110433495       -0.0000419802
        2.0241717112        1.0119320317       -0.0000452237
