#epsqw diagonal term
#1:q+G [au], 2:Re(eps-1), 3:Im(eps-1)
        1.9615532493        0.8873936374       -0.0006154101
        1.8968687839        0.8793745178       -0.0006168784
        2.2013657161        0.9162970208       -0.0005225685
        1.8298992368        0.8698725027       -0.0006163883
        1.7603838361        0.8588802432       -0.0006166490
        2.0849103297        0.9062924040       -0.0004961115
        2.0849103297        0.9032968313       -0.0005617124
        2.0241717112        0.8973989041       -0.0005515580
        1.8968687839        0.8775327972       -0.0006552709
        1.8298992368        0.8671476217       -0.0006681883
        2.1439288816        0.9100287800       -0.0005626134
        1.8298992368        0.8657712406       -0.0007218836
        1.2654925727        0.7047512127       -0.0011867084
        1.1627086846        0.6601296790       -0.0012965091
        1.6123868387        0.8193606025       -0.0008543977
        1.6880080817        0.8387096596       -0.0007590138
        1.0499102431        0.6079745813       -0.0014420829
        0.9234346496        0.5519292250       -0.0016149265
        1.4493555066        0.7745047074       -0.0009442651
        2.2013657161        0.9192801188       -0.0004817118
        1.9615532493        0.8863158358       -0.0006617267
        1.4493555066        0.7701106292       -0.0009943403
        1.3605335050        0.7419244997       -0.0010550303
        1.7603838361        0.8529489001       -0.0007647853
        2.1439288816        0.9100267399       -0.0005542242
        2.0849103297        0.9051167826       -0.0005460784
        2.1439288816        0.9133508861       -0.0004529018
        1.6880080817        0.8406561439       -0.0007114477
        1.6123868387        0.8249971421       -0.0007474892
        1.9615532493        0.8903353239       -0.0005394240
        1.6123868387        0.8209587174       -0.0007998879
        0.9234346496        0.5445293876       -0.0016284077
        0.7766283446        0.4720952922       -0.0018517598
        1.3605335050        0.7449934381       -0.0010184389
        2.1439288816        0.9136813222       -0.0004929260
        1.4493555066        0.7828227401       -0.0008855902
        0.5946188857        0.3771874767       -0.0021619875
        0.3224773677        0.2383991590       -0.0025455768
        1.1627086846        0.6771976921       -0.0012435199
        2.0241717112        0.9041589647       -0.0004420865
        1.7603838361        0.8553717965       -0.0006765035
        1.1627086846        0.6623667111       -0.0012826581
        1.0499102431        0.6161549043       -0.0014471419
        1.5330399052        0.8018172156       -0.0008351024
        1.9615532493        0.8918093642       -0.0005493062
        1.8968687839        0.8844962407       -0.0005339912
        2.2013657161        0.9197529838       -0.0004497635
        1.8968687839        0.8775113443       -0.0006554551
        1.8298992368        0.8671883809       -0.0006659358
        2.1439288816        0.9100807983       -0.0005608703
        1.8298992368        0.8657345715       -0.0007229868
        1.2654925727        0.7046654983       -0.0011888076
        1.1627086846        0.6601727638       -0.0012951101
        1.6123868387        0.8192981833       -0.0008565025
        1.6880080817        0.8387443148       -0.0007570386
        1.0499102431        0.6080188342       -0.0014410245
        0.9234346496        0.5519146842       -0.0016157066
        1.4493555066        0.7745142638       -0.0009434670
        2.2013657161        0.9192791454       -0.0004815082
        1.9615532493        0.8863947837       -0.0006588401
        1.4493555066        0.7701040289       -0.0009942736
        1.3605335050        0.7419196013       -0.0010545231
        1.7603838361        0.8529869429       -0.0007622634
        2.1439288816        0.9100102169       -0.0005548064
        2.0849103297        0.9051306337       -0.0005452899
        1.9615532493        0.8874365056       -0.0006136754
        1.8968687839        0.8793842589       -0.0006159076
        2.2013657161        0.9162988061       -0.0005234540
        1.8298992368        0.8698702614       -0.0006163100
        1.7603838361        0.8588670073       -0.0006169699
        2.0849103297        0.9062968276       -0.0004963874
        2.0849103297        0.9033237900       -0.0005611064
        2.0241717112        0.8973806554       -0.0005524767
