#epsqw diagonal term
#1:q+G [au], 2:Re(eps-1), 3:Im(eps-1)
        1.9615532493        1.0022309200       -0.0000068860
        1.8968687839        1.0024266017       -0.0000075059
        2.2013657161        1.0016135304       -0.0000047895
        1.8298992368        1.0026467913       -0.0000082180
        1.7603838361        1.0028948129       -0.0000089452
        2.0849103297        1.0018881465       -0.0000055955
        2.0849103297        1.0018892681       -0.0000057054
        2.0241717112        1.0020484037       -0.0000061853
        1.8968687839        1.0024264902       -0.0000075883
        1.8298992368        1.0026474983       -0.0000083009
        2.1439288816        1.0017423553       -0.0000052135
        1.8298992368        1.0026486701       -0.0000084246
        1.2654925727        1.0052927679       -0.0000199894
        1.1627086846        1.0059279858       -0.0000231158
        1.6123868387        1.0034974527       -0.0000117795
        1.6880080817        1.0031851998       -0.0000102518
        1.0499102431        1.0066496164       -0.0000269993
        0.9234346496        1.0074718280       -0.0000314617
        1.4493555066        1.0042943063       -0.0000148696
        2.2013657161        1.0016158380       -0.0000047555
        1.9615532493        1.0022255971       -0.0000068823
        1.4493555066        1.0042734398       -0.0000151111
        1.3605335050        1.0047594201       -0.0000171546
        1.7603838361        1.0028965094       -0.0000093744
        2.1439288816        1.0017466315       -0.0000052400
        2.0849103297        1.0018889183       -0.0000056709
        2.1439288816        1.0017440258       -0.0000050629
        1.6880080817        1.0031761668       -0.0000101371
        1.6123868387        1.0034965164       -0.0000111049
        1.9615532493        1.0022289410       -0.0000067058
        1.6123868387        1.0035020212       -0.0000114525
        0.9234346496        1.0074591655       -0.0000322635
        0.7766283446        1.0083531707       -0.0000382373
        1.3605335050        1.0047666125       -0.0000169479
        2.1439288816        1.0017465121       -0.0000051680
        1.4493555066        1.0042902872       -0.0000140338
        0.5946188857        1.0092619447       -0.0000470091
        0.3224773677        1.0099698868       -0.0000615290
        1.1627086846        1.0059681161       -0.0000216986
        2.0241717112        1.0020500418       -0.0000060189
        1.7603838361        1.0029068464       -0.0000091393
        1.1627086846        1.0059339315       -0.0000227413
        1.0499102431        1.0066635456       -0.0000260493
        1.5330399052        1.0038844541       -0.0000130277
        1.9615532493        1.0022249068       -0.0000067407
        1.8968687839        1.0024209099       -0.0000072940
        2.2013657161        1.0016116524       -0.0000047006
        1.8968687839        1.0024273766       -0.0000075903
        1.8298992368        1.0026479231       -0.0000083026
        2.1439288816        1.0017425760       -0.0000052145
        1.8298992368        1.0026492954       -0.0000084259
        1.2654925727        1.0052936494       -0.0000199928
        1.1627086846        1.0059274306       -0.0000231182
        1.6123868387        1.0034981604       -0.0000117821
        1.6880080817        1.0031856728       -0.0000102517
        1.0499102431        1.0066500635       -0.0000269951
        0.9234346496        1.0074737832       -0.0000314639
        1.4493555066        1.0042948583       -0.0000148703
        2.2013657161        1.0016154699       -0.0000047548
        1.9615532493        1.0022255447       -0.0000068813
        1.4493555066        1.0042733170       -0.0000151083
        1.3605335050        1.0047584264       -0.0000171532
        1.7603838361        1.0028961510       -0.0000093740
        2.1439288816        1.0017460649       -0.0000052384
        2.0849103297        1.0018882609       -0.0000056695
        1.9615532493        1.0022316928       -0.0000068873
        1.8968687839        1.0024272743       -0.0000075074
        2.2013657161        1.0016134020       -0.0000047889
        1.8298992368        1.0026468739       -0.0000082184
        1.7603838361        1.0028945906       -0.0000089445
        2.0849103297        1.0018878520       -0.0000055940
        2.0849103297        1.0018890425       -0.0000057043
        2.0241717112        1.0020477253       -0.0000061835
