#epsqw diagonal term
#1:q+G [au], 2:Re(eps-1), 3:Im(eps-1)
        1.9615532493        0.8876690890       -0.0005954722
        1.8968687839        0.8796410821       -0.0005976696
        2.2013657161        0.9165531658       -0.0005024520
        1.8298992368        0.8701155345       -0.0006016880
        1.7603838361        0.8591043243       -0.0006041161
        2.0849103297        0.9064958777       -0.0004832331
        2.0849103297        0.9035552639       -0.0005430687
        2.0241717112        0.8976368066       -0.0005353639
        1.8968687839        0.8778306928       -0.0006331590
        1.8298992368        0.8674410372       -0.0006466601
        2.1439288816        0.9103141499       -0.0005392314
        1.8298992368        0.8661201032       -0.0006938650
        1.2654925727        0.7052559874       -0.0011544535
        1.1627086846        0.6606762610       -0.0012635477
        1.6123868387        0.8197466713       -0.0008253134
        1.6880080817        0.8390354634       -0.0007358532
        1.0499102431        0.6085816835       -0.0014096414
        0.9234346496        0.5526351581       -0.0015798956
        1.4493555066        0.7748906572       -0.0009194793
        2.2013657161        0.9195082197       -0.0004647777
        1.9615532493        0.8866470457       -0.0006346057
        1.4493555066        0.7705306424       -0.0009663953
        1.3605335050        0.7423589493       -0.0010277956
        1.7603838361        0.8533108533       -0.0007367622
        2.1439288816        0.9102966912       -0.0005336053
        2.0849103297        0.9053706072       -0.0005272653
        2.1439288816        0.9135260967       -0.0004424897
        1.6880080817        0.8409291148       -0.0006956123
        1.6123868387        0.8252774004       -0.0007314634
        1.9615532493        0.8905437893       -0.0005271563
        1.6123868387        0.8212844726       -0.0007781716
        0.9234346496        0.5452514443       -0.0015916226
        0.7766283446        0.4729728039       -0.0018084464
        1.3605335050        0.7453939501       -0.0009947258
        2.1439288816        0.9139064037       -0.0004767071
        1.4493555066        0.7831490190       -0.0008680781
        0.5946188857        0.3783531130       -0.0021038886
        0.3224773677        0.2400808692       -0.0024614945
        1.1627086846        0.6776772657       -0.0012204709
        2.0241717112        0.9043145593       -0.0004335226
        1.7603838361        0.8556451927       -0.0006588882
        1.1627086846        0.6628793739       -0.0012560726
        1.0499102431        0.6167538499       -0.0014176540
        1.5330399052        0.8021443369       -0.0008152730
        1.9615532493        0.8920363201       -0.0005350197
        1.8968687839        0.8846940918       -0.0005227438
        2.2013657161        0.9199447413       -0.0004371439
        1.8968687839        0.8778091572       -0.0006334218
        1.8298992368        0.8674790581       -0.0006447824
        2.1439288816        0.9103643313       -0.0005377230
        1.8298992368        0.8660844194       -0.0006949295
        1.2654925727        0.7051725048       -0.0011564248
        1.1627086846        0.6607179189       -0.0012623595
        1.6123868387        0.8196866530       -0.0008271232
        1.6880080817        0.8390676388       -0.0007342192
        1.0499102431        0.6086249656       -0.0014086935
        0.9234346496        0.5526219714       -0.0015804627
        1.4493555066        0.7748991367       -0.0009188368
        2.2013657161        0.9195067555       -0.0004646596
        1.9615532493        0.8867226999       -0.0006321471
        1.4493555066        0.7705237868       -0.0009664075
        1.3605335050        0.7423532588       -0.0010274443
        1.7603838361        0.8533458015       -0.0007346372
        2.1439288816        0.9102805536       -0.0005341764
        2.0849103297        0.9053832507       -0.0005266721
        1.9615532493        0.8877098721       -0.0005940638
        1.8968687839        0.8796495618       -0.0005969012
        2.2013657161        0.9165563245       -0.0005031073
        1.8298992368        0.8701131377       -0.0006016420
        1.7603838361        0.8590914456       -0.0006044003
        2.0849103297        0.9065005881       -0.0004834767
        2.0849103297        0.9035815273       -0.0005425672
        2.0241717112        0.8976195192       -0.0005361654
