#epsqw diagonal term
#1:q+G [au], 2:Re(eps-1), 3:Im(eps-1)
        1.9615532493        0.9187756750       -0.1038722890
        1.8968687839        0.9063234926       -0.1126501471
        2.2013657161        0.9447831257       -0.0703987681
        1.8298992368        0.8956709547       -0.1279270342
        1.7603838361        0.8940629116       -0.1389842799
        2.0849103297        0.9351574197       -0.0827581451
        2.0849103297        0.9322669879       -0.0864978686
        2.0241717112        0.9264155745       -0.0922819808
        1.8968687839        0.9116398233       -0.1177890120
        1.8298992368        0.8964207965       -0.1283866975
        2.1439288816        0.9385651434       -0.0747979325
        1.8298992368        0.9018603574       -0.1329377075
        1.2654925727        0.7559501574       -0.3328969608
        1.1627086846        0.7661529841       -0.4149978776
        1.6123868387        0.8735858199       -0.1875756868
        1.6880080817        0.8790394427       -0.1711771334
        1.0499102431        0.7477208316       -0.4965123829
        0.9234346496        0.7042565356       -0.5838861391
        1.4493555066        0.8520758302       -0.2626944674
        2.2013657161        0.9420216396       -0.0635988605
        1.9615532493        0.9149428535       -0.1031730224
        1.4493555066        0.8520033925       -0.2498580693
        1.3605335050        0.8276362759       -0.3024330529
        1.7603838361        0.8815194419       -0.1422728841
        2.1439288816        0.9350333867       -0.0758015130
        2.0849103297        0.9306278100       -0.0812354462
        2.1439288816        0.9324432229       -0.0724575392
        1.6880080817        0.8800821750       -0.1696049254
        1.6123868387        0.8777487438       -0.1747524911
        1.9615532493        0.9193506025       -0.0998938896
        1.6123868387        0.8728005315       -0.1958379603
        0.9234346496        0.7197205027       -0.5850263871
        0.7766283446        0.6473579341       -0.7206063895
        1.3605335050        0.8380734768       -0.3025821414
        2.1439288816        0.9356127695       -0.0704778009
        1.4493555066        0.8247670088       -0.2285993764
        0.5946188857        0.5510386509       -0.9224027153
        0.3224773677        0.4997943498       -1.2512997179
        1.1627086846        0.7340852882       -0.4166379219
        2.0241717112        0.9328639298       -0.0729092613
        1.7603838361        0.8926279505       -0.1437093625
        1.1627086846        0.7943444049       -0.4266039999
        1.0499102431        0.7296349383       -0.5079537343
        1.5330399052        0.8728897622       -0.2218377393
        1.9615532493        0.9130839358       -0.0943130238
        1.8968687839        0.9121876209       -0.1061799015
        2.2013657161        0.9469165852       -0.0678288624
        1.8968687839        0.9116536494       -0.1179219816
        1.8298992368        0.8966224208       -0.1283164705
        2.1439288816        0.9387863579       -0.0752947496
        1.8298992368        0.9017877038       -0.1315991774
        1.2654925727        0.7591989378       -0.3289681111
        1.1627086846        0.7703352906       -0.4127406000
        1.6123868387        0.8741656581       -0.1857147633
        1.6880080817        0.8799677339       -0.1706730910
        1.0499102431        0.7500866872       -0.4973599357
        0.9234346496        0.7069857354       -0.5833593514
        1.4493555066        0.8510199522       -0.2632909803
        2.2013657161        0.9421675873       -0.0635342956
        1.9615532493        0.9148561698       -0.1038806800
        1.4493555066        0.8527438621       -0.2514758185
        1.3605335050        0.8267085737       -0.3037372290
        1.7603838361        0.8816727983       -0.1426544916
        2.1439288816        0.9350515091       -0.0754309919
        2.0849103297        0.9302457488       -0.0814006009
        1.9615532493        0.9191394324       -0.1030310425
        1.8968687839        0.9065871523       -0.1125376451
        2.2013657161        0.9451590202       -0.0699251719
        1.8298992368        0.8969227210       -0.1277992650
        1.7603838361        0.8933827962       -0.1387760011
        2.0849103297        0.9351864350       -0.0821083857
        2.0849103297        0.9318593467       -0.0857772498
        2.0241717112        0.9258966928       -0.0922550846
