#epsqw diagonal term
#1:q+G [au], 2:Re(eps-1), 3:Im(eps-1)
        1.9615532493        1.0264934666       -0.0021660875
        1.8968687839        1.0283559172       -0.0020217315
        2.2013657161        1.0201598310       -0.0025686827
        1.8298992368        1.0303640623       -0.0017741544
        1.7603838361        1.0326075271       -0.0014958733
        2.0849103297        1.0231445062       -0.0024855984
        2.0849103297        1.0230364290       -0.0024279635
        2.0241717112        1.0247050858       -0.0023509236
        1.8968687839        1.0286168046       -0.0022060779
        1.8298992368        1.0306578522       -0.0020971098
        2.1439288816        1.0216527468       -0.0026295012
        1.8298992368        1.0308553473       -0.0020905516
        1.2654925727        1.0550481857       -0.0014397492
        1.1627086846        1.0608080528       -0.0015764707
        1.6123868387        1.0392860457       -0.0018437998
        1.6880080817        1.0357581312       -0.0018982943
        1.0499102431        1.0671869583       -0.0016448717
        0.9234346496        1.0747565307       -0.0016213281
        1.4493555066        1.0463472596       -0.0017788778
        2.2013657161        1.0198631336       -0.0023407056
        1.9615532493        1.0266618865       -0.0023387148
        1.4493555066        1.0462515015       -0.0016337855
        1.3605335050        1.0504852328       -0.0016660715
        1.7603838361        1.0335336506       -0.0020185183
        2.1439288816        1.0214175511       -0.0024579287
        2.0849103297        1.0229187054       -0.0023221863
        2.1439288816        1.0215372229       -0.0026951761
        1.6880080817        1.0354020745       -0.0016535941
        1.6123868387        1.0385250322       -0.0013806297
        1.9615532493        1.0267570476       -0.0025568129
        1.6123868387        1.0385424258       -0.0017292479
        0.9234346496        1.0745651874       -0.0018007573
        0.7766283446        1.0821522332       -0.0019450884
        1.3605335050        1.0506151121       -0.0016820844
        2.1439288816        1.0211931971       -0.0022732665
        1.4493555066        1.0460007524       -0.0011833161
        0.5946188857        1.0894484155       -0.0023503387
        0.3224773677        1.0948923510       -0.0028261431
        1.1627086846        1.0618974184       -0.0013505524
        2.0241717112        1.0240520391       -0.0017032205
        1.7603838361        1.0332610073       -0.0021721032
        1.1627086846        1.0609825017       -0.0015777625
        1.0499102431        1.0677731396       -0.0014992050
        1.5330399052        1.0425680752       -0.0019407364
        1.9615532493        1.0261589596       -0.0019778291
        1.8968687839        1.0279359835       -0.0016527690
        2.2013657161        1.0200701188       -0.0026435731
        1.8968687839        1.0285902941       -0.0021530710
        1.8298992368        1.0306318258       -0.0020867716
        2.1439288816        1.0216497331       -0.0026224292
        1.8298992368        1.0308285819       -0.0020386333
        1.2654925727        1.0550493404       -0.0014320168
        1.1627086846        1.0608152213       -0.0015735780
        1.6123868387        1.0392903287       -0.0018450053
        1.6880080817        1.0357337261       -0.0018906327
        1.0499102431        1.0672014086       -0.0016325956
        0.9234346496        1.0747306810       -0.0016434558
        1.4493555066        1.0463608413       -0.0017845870
        2.2013657161        1.0198969682       -0.0023931821
        1.9615532493        1.0266546660       -0.0023334238
        1.4493555066        1.0462553218       -0.0016322415
        1.3605335050        1.0504931795       -0.0016713704
        1.7603838361        1.0335572120       -0.0020704385
        2.1439288816        1.0214373269       -0.0024784115
        2.0849103297        1.0229488258       -0.0023758829
        1.9615532493        1.0264409979       -0.0021048513
        1.8968687839        1.0283322579       -0.0020118308
        2.2013657161        1.0201810863       -0.0025834070
        1.8298992368        1.0303418848       -0.0017643495
        1.7603838361        1.0326281811       -0.0015073799
        2.0849103297        1.0232016990       -0.0025471820
        2.0849103297        1.0230595429       -0.0024414505
        2.0241717112        1.0247615128       -0.0024120609
