#epsqw diagonal term
#1:q+G [au], 2:Re(eps-1), 3:Im(eps-1)
        1.9615532493        0.9046413295       -0.0253733271
        1.8968687839        0.8934945590       -0.0268009152
        2.2013657161        0.9369533791       -0.0232705247
        1.8298992368        0.8811257643       -0.0290098003
        1.7603838361        0.8564845759       -0.0306580681
        2.0849103297        0.9226531190       -0.0261311551
        2.0849103297        0.9239314398       -0.0263415147
        2.0241717112        0.9157518925       -0.0271975760
        1.8968687839        0.8916129885       -0.0285616795
        1.8298992368        0.8785507343       -0.0312341302
        2.1439288816        0.9303571044       -0.0249999311
        1.8298992368        0.8736463829       -0.0304965431
        1.2654925727        0.6426475946       -0.0823614386
        1.1627086846        0.5889616086       -0.1057599823
        1.6123868387        0.8028939513       -0.0364599464
        1.6880080817        0.8411055595       -0.0384842016
        1.0499102431        0.5319070549       -0.1535862370
        0.9234346496        0.4598839086       -0.1949037178
        1.4493555066        0.7474590321       -0.0550414602
        2.2013657161        0.9360571573       -0.0209287500
        1.9615532493        0.9008893721       -0.0291042485
        1.4493555066        0.7326026605       -0.0534144673
        1.3605335050        0.6966410103       -0.0629371208
        1.7603838361        0.8517161166       -0.0321529897
        2.1439288816        0.9309266466       -0.0225542594
        2.0849103297        0.9227614211       -0.0234727715
        2.1439288816        0.9333113876       -0.0302531784
        1.6880080817        0.8445484643       -0.0365237598
        1.6123868387        0.8170754798       -0.0429534914
        1.9615532493        0.9073331024       -0.0297032968
        1.6123868387        0.8153493664       -0.0419523761
        0.9234346496        0.4636196370       -0.2327924579
        0.7766283446        0.3603579059       -0.3089095218
        1.3605335050        0.7129354462       -0.0697821827
        2.1439288816        0.9301562887       -0.0229110762
        1.4493555066        0.7677960127       -0.0578483163
        0.5946188857        0.1958596031       -0.4145620677
        0.3224773677        0.0836991130       -0.5773304231
        1.1627086846        0.6431643443       -0.0947870169
        2.0241717112        0.9121263985       -0.0284374952
        1.7603838361        0.8646498485       -0.0385281908
        1.1627086846        0.6063423049       -0.1200917678
        1.0499102431        0.5496931407       -0.1476704295
        1.5330399052        0.7886869107       -0.0498748427
        1.9615532493        0.9070614907       -0.0260926267
        1.8968687839        0.8910608011       -0.0267502902
        2.2013657161        0.9340849714       -0.0226543269
        1.8968687839        0.8916179956       -0.0288057060
        1.8298992368        0.8783327490       -0.0316406756
        2.1439288816        0.9299285406       -0.0249169549
        1.8298992368        0.8731855563       -0.0305616555
        1.2654925727        0.6426819111       -0.0817021154
        1.1627086846        0.5896614384       -0.1071072533
        1.6123868387        0.8031786200       -0.0364891501
        1.6880080817        0.8410478687       -0.0387270501
        1.0499102431        0.5326006960       -0.1546654313
        0.9234346496        0.4572522778       -0.1955450832
        1.4493555066        0.7478145416       -0.0554474587
        2.2013657161        0.9362791229       -0.0209102782
        1.9615532493        0.9008072689       -0.0290550999
        1.4493555066        0.7321467220       -0.0535217526
        1.3605335050        0.6961165000       -0.0633869313
        1.7603838361        0.8516085598       -0.0323431235
        2.1439288816        0.9309749649       -0.0225895597
        2.0849103297        0.9229099766       -0.0234793107
        1.9615532493        0.9048590684       -0.0255241920
        1.8968687839        0.8934967709       -0.0269104948
        2.2013657161        0.9369991325       -0.0235360833
        1.8298992368        0.8814246721       -0.0292344374
        1.7603838361        0.8562866832       -0.0305531097
        2.0849103297        0.9227777378       -0.0261314173
        2.0849103297        0.9239802002       -0.0264131688
        2.0241717112        0.9156524326       -0.0272956507
