#epsqw diagonal term
#1:q+G [au], 2:Re(eps-1), 3:Im(eps-1)
        1.9615532493        1.0087684560       -0.0000307413
        1.8968687839        1.0095099019       -0.0000333364
        2.2013657161        1.0064035857       -0.0000218098
        1.8298992368        1.0103379954       -0.0000362907
        1.7603838361        1.0112697353       -0.0000393080
        2.0849103297        1.0074701082       -0.0000253679
        2.0849103297        1.0074618421       -0.0000257268
        2.0241717112        1.0080775792       -0.0000278192
        1.8968687839        1.0095218849       -0.0000337260
        1.8298992368        1.0103514333       -0.0000366516
        2.1439288816        1.0069035197       -0.0000236587
        1.8298992368        1.0103624366       -0.0000371997
        1.2654925727        1.0202312811       -0.0000835482
        1.1627086846        1.0225936905       -0.0000958371
        1.6123868387        1.0135757606       -0.0000510157
        1.6880080817        1.0123704858       -0.0000446609
        1.0499102431        1.0252636241       -0.0001111023
        0.9234346496        1.0283416429       -0.0001288131
        1.4493555066        1.0165422000       -0.0000634390
        2.2013657161        1.0064146030       -0.0000217169
        1.9615532493        1.0087493688       -0.0000307251
        1.4493555066        1.0164646953       -0.0000643303
        1.3605335050        1.0182697263       -0.0000724419
        1.7603838361        1.0113110744       -0.0000411744
        2.1439288816        1.0069173183       -0.0000237476
        2.0849103297        1.0074691658       -0.0000256412
        2.1439288816        1.0069098684       -0.0000230651
        1.6880080817        1.0123315843       -0.0000441515
        1.6123868387        1.0135465087       -0.0000482313
        1.9615532493        1.0087725343       -0.0000300990
        1.6123868387        1.0135489223       -0.0000494895
        0.9234346496        1.0282920961       -0.0001317920
        0.7766283446        1.0315704550       -0.0001548111
        1.3605335050        1.0182917086       -0.0000716895
        2.1439288816        1.0069123008       -0.0000234743
        1.4493555066        1.0165269822       -0.0000603156
        0.5946188857        1.0348260187       -0.0001880466
        0.3224773677        1.0373730733       -0.0002420018
        1.1627086846        1.0228222199       -0.0000911921
        2.0241717112        1.0080724290       -0.0000271841
        1.7603838361        1.0113275762       -0.0000401680
        1.1627086846        1.0226222830       -0.0000945238
        1.0499102431        1.0253758857       -0.0001078584
        1.5330399052        1.0150120746       -0.0000560585
        1.9615532493        1.0087444089       -0.0000301671
        1.8968687839        1.0094871744       -0.0000325130
        2.2013657161        1.0064042816       -0.0000215043
        1.8968687839        1.0095241221       -0.0000337339
        1.8298992368        1.0103529267       -0.0000366550
        2.1439288816        1.0069036388       -0.0000236582
        1.8298992368        1.0103647273       -0.0000372074
        1.2654925727        1.0202357000       -0.0000835621
        1.1627086846        1.0225940284       -0.0000958349
        1.6123868387        1.0135743476       -0.0000510147
        1.6880080817        1.0123722819       -0.0000446648
        1.0499102431        1.0252647340       -0.0001111008
        0.9234346496        1.0283377304       -0.0001288099
        1.4493555066        1.0165394164       -0.0000634346
        2.2013657161        1.0064130733       -0.0000217120
        1.9615532493        1.0087501146       -0.0000307251
        1.4493555066        1.0164641421       -0.0000643312
        1.3605335050        1.0182664068       -0.0000724376
        1.7603838361        1.0113080594       -0.0000411673
        2.1439288816        1.0069162855       -0.0000237444
        2.0849103297        1.0074673052       -0.0000256352
        1.9615532493        1.0087708372       -0.0000307475
        1.8968687839        1.0095107141       -0.0000333391
        2.2013657161        1.0064029311       -0.0000218067
        1.8298992368        1.0103389411       -0.0000362937
        1.7603838361        1.0112683115       -0.0000393046
        2.0849103297        1.0074679647       -0.0000253603
        2.0849103297        1.0074610781       -0.0000257234
        2.0241717112        1.0080750559       -0.0000278117
