#epsqw diagonal term
#1:q+G [au], 2:Re(eps-1), 3:Im(eps-1)
        1.9615532493        1.0061183558       -0.0000203524
        1.8968687839        1.0066441946       -0.0000221243
        2.2013657161        1.0044482525       -0.0000143021
        1.8298992368        1.0072334926       -0.0000241499
        1.7603838361        1.0078967109       -0.0000262192
        2.0849103297        1.0051968688       -0.0000166746
        2.0849103297        1.0051946467       -0.0000169498
        2.0241717112        1.0056278146       -0.0000183530
        1.8968687839        1.0066493983       -0.0000223733
        1.8298992368        1.0072399536       -0.0000243871
        2.1439288816        1.0047993224       -0.0000155414
        1.8298992368        1.0072454665       -0.0000247502
        1.2654925727        1.0142886057       -0.0000569271
        1.1627086846        1.0159760428       -0.0000655200
        1.6123868387        1.0095246085       -0.0000342299
        1.6880080817        1.0086762922       -0.0000298954
        1.0499102431        1.0178864985       -0.0000761943
        0.9234346496        1.0200823970       -0.0000885388
        1.4493555066        1.0116436168       -0.0000428496
        2.2013657161        1.0044555717       -0.0000142283
        1.9615532493        1.0061036352       -0.0000203376
        1.4493555066        1.0115884848       -0.0000434834
        1.3605335050        1.0128805631       -0.0000491419
        1.7603838361        1.0079151669       -0.0000274560
        2.1439288816        1.0048104015       -0.0000156096
        2.0849103297        1.0051981681       -0.0000168765
        2.1439288816        1.0048038908       -0.0000151268
        1.6880080817        1.0086516725       -0.0000295609
        1.6123868387        1.0095125124       -0.0000323371
        1.9615532493        1.0061169183       -0.0000198770
        1.6123868387        1.0095183483       -0.0000332460
        0.9234346496        1.0200479957       -0.0000906600
        0.7766283446        1.0224032284       -0.0001068948
        1.3605335050        1.0128937621       -0.0000485972
        2.1439288816        1.0048074640       -0.0000154197
        1.4493555066        1.0116319236       -0.0000406326
        0.5946188857        1.0247552436       -0.0001304763
        0.3224773677        1.0266125113       -0.0001690497
        1.1627086846        1.0161149256       -0.0000620098
        2.0241717112        1.0056282719       -0.0000179175
        1.7603838361        1.0079320713       -0.0000267821
        1.1627086846        1.0159918353       -0.0000645539
        1.0499102431        1.0179535682       -0.0000737932
        1.5330399052        1.0105528177       -0.0000377274
        1.9615532493        1.0061019163       -0.0000199551
        1.8968687839        1.0066298084       -0.0000215529
        2.2013657161        1.0044466435       -0.0000140745
        1.8968687839        1.0066508556       -0.0000223779
        1.8298992368        1.0072411404       -0.0000243893
        2.1439288816        1.0047995985       -0.0000155413
        1.8298992368        1.0072469414       -0.0000247546
        1.2654925727        1.0142913155       -0.0000569355
        1.1627086846        1.0159770097       -0.0000655192
        1.6123868387        1.0095240796       -0.0000342304
        1.6880080817        1.0086773715       -0.0000298969
        1.0499102431        1.0178865422       -0.0000761901
        0.9234346496        1.0200803600       -0.0000885387
        1.4493555066        1.0116420907       -0.0000428481
        2.2013657161        1.0044545377       -0.0000142254
        1.9615532493        1.0061040468       -0.0000203371
        1.4493555066        1.0115875187       -0.0000434831
        1.3605335050        1.0128782337       -0.0000491397
        1.7603838361        1.0079132848       -0.0000274525
        2.1439288816        1.0048095096       -0.0000156073
        2.0849103297        1.0051969318       -0.0000168729
        1.9615532493        1.0061199144       -0.0000203559
        1.8968687839        1.0066449776       -0.0000221262
        2.2013657161        1.0044478247       -0.0000143000
        1.8298992368        1.0072339999       -0.0000241515
        1.7603838361        1.0078957298       -0.0000262170
        2.0849103297        1.0051954824       -0.0000166699
        2.0849103297        1.0051941209       -0.0000169474
        2.0241717112        1.0056261747       -0.0000183485
