#epsqw diagonal term
#1:q+G [au], 2:Re(eps-1), 3:Im(eps-1)
        1.9615532493        0.8791731044       -0.0053511252
        1.8968687839        0.8707097675       -0.0053437660
        2.2013657161        0.9093888179       -0.0054536478
        1.8298992368        0.8600905551       -0.0051614655
        1.7603838361        0.8489151919       -0.0048677842
        2.0849103297        0.8989252814       -0.0039140448
        2.0849103297        0.8954146513       -0.0053951418
        2.0241717112        0.8893653477       -0.0047743111
        1.8968687839        0.8702132987       -0.0066387049
        1.8298992368        0.8601074438       -0.0063234726
        2.1439288816        0.9037247205       -0.0068668094
        1.8298992368        0.8581685051       -0.0089252451
        1.2654925727        0.6893086598       -0.0110727231
        1.1627086846        0.6421456037       -0.0118204095
        1.6123868387        0.8098755283       -0.0086508876
        1.6880080817        0.8304299331       -0.0085354898
        1.0499102431        0.5854814998       -0.0123144784
        0.9234346496        0.5207796485       -0.0126855707
        1.4493555066        0.7634023291       -0.0083392212
        2.2013657161        0.9117328487       -0.0065753664
        1.9615532493        0.8790826858       -0.0086662636
        1.4493555066        0.7577987724       -0.0085130301
        1.3605335050        0.7282565104       -0.0075793696
        1.7603838361        0.8435945884       -0.0087143685
        2.1439288816        0.9025410000       -0.0061966240
        2.0849103297        0.8974106901       -0.0057398698
        2.1439288816        0.9063872371       -0.0038821840
        1.6880080817        0.8274401453       -0.0073804180
        1.6123868387        0.8114670916       -0.0081381266
        1.9615532493        0.8815089521       -0.0049519134
        1.6123868387        0.8082084025       -0.0086636100
        0.9234346496        0.5140597224       -0.0130897504
        0.7766283446        0.4367203025       -0.0168851776
        1.3605335050        0.7297543421       -0.0089252519
        2.1439288816        0.9052108946       -0.0069582639
        1.4493555066        0.7690587886       -0.0070419644
        0.5946188857        0.3283418663       -0.0200007479
        0.3224773677        0.1643707721       -0.0272775797
        1.1627086846        0.6571757025       -0.0079814223
        2.0241717112        0.8971480609       -0.0036633754
        1.7603838361        0.8448822027       -0.0069867045
        1.1627086846        0.6396803973       -0.0112236157
        1.0499102431        0.5895979147       -0.0111622308
        1.5330399052        0.7896629665       -0.0080611314
        1.9615532493        0.8813850832       -0.0064399405
        1.8968687839        0.8749376353       -0.0050669861
        2.2013657161        0.9122663707       -0.0050184977
        1.8968687839        0.8700771776       -0.0066727626
        1.8298992368        0.8600365732       -0.0061917412
        2.1439288816        0.9036503021       -0.0069131762
        1.8298992368        0.8579281369       -0.0090907218
        1.2654925727        0.6889617755       -0.0115565459
        1.1627086846        0.6420512074       -0.0119331472
        1.6123868387        0.8096483004       -0.0089074245
        1.6880080817        0.8303584486       -0.0084572768
        1.0499102431        0.5853229801       -0.0125571743
        0.9234346496        0.5205012469       -0.0132475652
        1.4493555066        0.7633468623       -0.0084233842
        2.2013657161        0.9115949600       -0.0066254733
        1.9615532493        0.8790631161       -0.0084782430
        1.4493555066        0.7576381654       -0.0085021771
        1.3605335050        0.7281836486       -0.0077169453
        1.7603838361        0.8435337296       -0.0085479025
        2.1439288816        0.9024820364       -0.0061958431
        2.0849103297        0.8973900100       -0.0057661839
        1.9615532493        0.8791841543       -0.0052593273
        1.8968687839        0.8706929906       -0.0052564002
        2.2013657161        0.9093940299       -0.0055975517
        1.8298992368        0.8599911354       -0.0052264543
        1.7603838361        0.8488709521       -0.0047623734
        2.0849103297        0.8988667882       -0.0040030578
        2.0849103297        0.8953436218       -0.0053518628
        2.0241717112        0.8892609359       -0.0048187345
