#epsqw diagonal term
#1:q+G [au], 2:Re(eps-1), 3:Im(eps-1)
        1.9615532493        0.8811329858       -0.0261670716
        1.8968687839        0.8650292365       -0.0256137612
        2.2013657161        0.9140520298       -0.0223208196
        1.8298992368        0.8488816171       -0.0285242324
        1.7603838361        0.8233511487       -0.0317882080
        2.0849103297        0.8919156198       -0.0240060776
        2.0849103297        0.8987667933       -0.0239969668
        2.0241717112        0.8844614908       -0.0242443840
        1.8968687839        0.8661324048       -0.0306522311
        1.8298992368        0.8468061476       -0.0305000090
        2.1439288816        0.9058426875       -0.0247369853
        1.8298992368        0.8503862366       -0.0365492284
        1.2654925727        0.7036736413       -0.0822900501
        1.1627086846        0.6495172680       -0.0953731845
        1.6123868387        0.7968845263       -0.0471325640
        1.6880080817        0.8093013924       -0.0384729467
        1.0499102431        0.6035755177       -0.1231016512
        0.9234346496        0.5591246646       -0.1327872484
        1.4493555066        0.7379354058       -0.0569630637
        2.2013657161        0.9121782796       -0.0187943090
        1.9615532493        0.8757462076       -0.0312740495
        1.4493555066        0.7444282256       -0.0663562185
        1.3605335050        0.7112393910       -0.0688401935
        1.7603838361        0.8401859047       -0.0371158955
        2.1439288816        0.9093620126       -0.0215169538
        2.0849103297        0.8967737539       -0.0211906894
        2.1439288816        0.9016063968       -0.0242608418
        1.6880080817        0.8090690533       -0.0366361705
        1.6123868387        0.7820845260       -0.0430217112
        1.9615532493        0.8685475827       -0.0274108637
        1.6123868387        0.7859761282       -0.0432483176
        0.9234346496        0.5598929715       -0.1473925627
        0.7766283446        0.5177645402       -0.1699660012
        1.3605335050        0.7085747971       -0.0671716115
        2.1439288816        0.9046501649       -0.0203151689
        1.4493555066        0.7548312109       -0.0508949291
        0.5946188857        0.4666567059       -0.2077126156
        0.3224773677        0.4467711173       -0.3320580951
        1.1627086846        0.6617035964       -0.0752370652
        2.0241717112        0.8859518246       -0.0223301460
        1.7603838361        0.8272131077       -0.0343239879
        1.1627086846        0.6407468990       -0.1010165904
        1.0499102431        0.6096725704       -0.1101234485
        1.5330399052        0.7678926145       -0.0462623647
        1.9615532493        0.8763236997       -0.0244790554
        1.8968687839        0.8586315072       -0.0249743913
        2.2013657161        0.9105326346       -0.0217059761
        1.8968687839        0.8664437666       -0.0301917969
        1.8298992368        0.8469131919       -0.0303313009
        2.1439288816        0.9059245112       -0.0249032432
        1.8298992368        0.8506206898       -0.0363882488
        1.2654925727        0.7027212532       -0.0820259841
        1.1627086846        0.6488885454       -0.0951123199
        1.6123868387        0.7972719291       -0.0472364185
        1.6880080817        0.8092781015       -0.0384958828
        1.0499102431        0.6032420467       -0.1226175439
        0.9234346496        0.5590846175       -0.1322782278
        1.4493555066        0.7385724249       -0.0572030541
        2.2013657161        0.9119911288       -0.0188243570
        1.9615532493        0.8756176505       -0.0313131044
        1.4493555066        0.7444100116       -0.0659210562
        1.3605335050        0.7116152038       -0.0682001208
        1.7603838361        0.8398378548       -0.0373079052
        2.1439288816        0.9094985857       -0.0213716665
        2.0849103297        0.8966229156       -0.0211346931
        1.9615532493        0.8812182443       -0.0259866208
        1.8968687839        0.8648572010       -0.0255877318
        2.2013657161        0.9140836980       -0.0221270347
        1.8298992368        0.8489620795       -0.0283447812
        1.7603838361        0.8234668206       -0.0314693315
        2.0849103297        0.8917786443       -0.0241339899
        2.0849103297        0.8989059919       -0.0240181608
        2.0241717112        0.8845353825       -0.0242602731
