#epsqw diagonal term
#1:q+G [au], 2:Re(eps-1), 3:Im(eps-1)
        1.9615532493        0.8877200181       -0.0005920032
        1.8968687839        0.8796903650       -0.0005943343
        2.2013657161        0.9166003371       -0.0004989771
        1.8298992368        0.8701608699       -0.0005990446
        1.7603838361        0.8591462441       -0.0006018400
        2.0849103297        0.9065337598       -0.0004809360
        2.0849103297        0.9036030803       -0.0005398063
        2.0241717112        0.8976809437       -0.0005325105
        1.8968687839        0.8778857068       -0.0006293105
        1.8298992368        0.8674952403       -0.0006429133
        2.1439288816        0.9103665879       -0.0005351965
        1.8298992368        0.8661842596       -0.0006890264
        1.2654925727        0.7053497175       -0.0011487883
        1.1627086846        0.6607779749       -0.0012577178
        1.6123868387        0.8198178609       -0.0008202799
        1.6880080817        0.8390957586       -0.0007317886
        1.0499102431        0.6086951977       -0.0014037939
        0.9234346496        0.5527675128       -0.0015735031
        1.4493555066        0.7749623539       -0.0009151044
        2.2013657161        0.9195504099       -0.0004617935
        1.9615532493        0.8867079095       -0.0006299209
        1.4493555066        0.7706085316       -0.0009614957
        1.3605335050        0.7424396996       -0.0010229975
        1.7603838361        0.8533775533       -0.0007319006
        2.1439288816        0.9103465104       -0.0005300113
        2.0849103297        0.9054175201       -0.0005239749
        2.1439288816        0.9135587941       -0.0004406208
        1.6880080817        0.8409801173       -0.0006927435
        1.6123868387        0.8253297934       -0.0007285507
        1.9615532493        0.8905827147       -0.0005249457
        1.6123868387        0.8213449294       -0.0007743395
        0.9234346496        0.5453866663       -0.0015849530
        0.7766283446        0.4731373075       -0.0018005485
        1.3605335050        0.7454685820       -0.0009905093
        2.1439288816        0.9139480970       -0.0004738399
        1.4493555066        0.7832101119       -0.0008648947
        0.5946188857        0.3785716228       -0.0020932715
        0.3224773677        0.2403961906       -0.0024460934
        1.1627086846        0.6777673147       -0.0012162493
        2.0241717112        0.9043436847       -0.0004319649
        1.7603838361        0.8556960331       -0.0006557575
        1.1627086846        0.6629753834       -0.0012512432
        1.0499102431        0.6168662184       -0.0014122566
        1.5330399052        0.8022052788       -0.0008117407
        1.9615532493        0.8920786213       -0.0005324464
        1.8968687839        0.8847311027       -0.0005206962
        2.2013657161        0.9199803994       -0.0004348958
        1.8968687839        0.8778641663       -0.0006295840
        1.8298992368        0.8675327779       -0.0006410974
        2.1439288816        0.9104164428       -0.0005337274
        1.8298992368        0.8661487658       -0.0006900809
        1.2654925727        0.7052666576       -0.0011507318
        1.1627086846        0.6608193834       -0.0012565632
        1.6123868387        0.8197582696       -0.0008220406
        1.6880080817        0.8391274971       -0.0007302108
        1.0499102431        0.6087383074       -0.0014028639
        0.9234346496        0.5527545617       -0.0015740349
        1.4493555066        0.7749706427       -0.0009144878
        2.2013657161        0.9195488609       -0.0004616896
        1.9615532493        0.8867829790       -0.0006275332
        1.4493555066        0.7706016381       -0.0009615194
        1.3605335050        0.7424338770       -0.0010226707
        1.7603838361        0.8534119502       -0.0007298425
        2.1439288816        0.9103304462       -0.0005305796
        2.0849103297        0.9054299554       -0.0005234133
        1.9615532493        0.8877604406       -0.0005906464
        1.8968687839        0.8796986261       -0.0005935982
        2.2013657161        0.9166037313       -0.0004995958
        1.8298992368        0.8701584487       -0.0005990034
        1.7603838361        0.8591334295       -0.0006021184
        2.0849103297        0.9065385212       -0.0004811739
        2.0849103297        0.9036292227       -0.0005393215
        2.0241717112        0.8976638282       -0.0005332925
