#epsqw diagonal term
#1:q+G [au], 2:Re(eps-1), 3:Im(eps-1)
        1.9615532493        1.0422185725       -0.0332533984
        1.8968687839        1.0504214720       -0.0341103787
        2.2013657161        1.0195968965       -0.0265870413
        1.8298992368        1.0603008128       -0.0349397875
        1.7603838361        1.0694882907       -0.0360543129
        2.0849103297        1.0276842342       -0.0301155241
        2.0849103297        1.0291778800       -0.0297308476
        2.0241717112        1.0335764219       -0.0314761402
        1.8968687839        1.0456762060       -0.0359644865
        1.8298992368        1.0547522495       -0.0349096732
        2.1439288816        1.0221104722       -0.0285362177
        1.8298992368        1.0504138101       -0.0380552874
        1.2654925727        1.1266004751       -0.0384424072
        1.1627086846        1.1448033435       -0.0352955206
        1.6123868387        1.0729795885       -0.0425843213
        1.6880080817        1.0705964867       -0.0358756033
        1.0499102431        1.1687768171       -0.0319986665
        0.9234346496        1.1945461092       -0.0287433620
        1.4493555066        1.1002773841       -0.0378162288
        2.2013657161        1.0241476148       -0.0281834054
        1.9615532493        1.0362720016       -0.0341465549
        1.4493555066        1.0985157157       -0.0413582596
        1.3605335050        1.1123203026       -0.0374174809
        1.7603838361        1.0514673626       -0.0410152249
        2.1439288816        1.0267418575       -0.0282811101
        2.0849103297        1.0316655456       -0.0309248128
        2.1439288816        1.0233992555       -0.0280058161
        1.6880080817        1.0757279633       -0.0361761734
        1.6123868387        1.0883775137       -0.0380402448
        1.9615532493        1.0392014404       -0.0326086076
        1.6123868387        1.0818043083       -0.0358094939
        0.9234346496        1.1931516742       -0.0299186449
        0.7766283446        1.2194057145       -0.0237260301
        1.3605335050        1.1150039445       -0.0363187911
        2.1439288816        1.0300568314       -0.0289180473
        1.4493555066        1.1136356990       -0.0375212285
        0.5946188857        1.2422612055       -0.0167037592
        0.3224773677        1.2567249459       -0.0120490766
        1.1627086846        1.1601287940       -0.0379892852
        2.0241717112        1.0450983527       -0.0325342153
        1.7603838361        1.0615599074       -0.0348118124
        1.1627086846        1.1489239418       -0.0338047759
        1.0499102431        1.1752169899       -0.0338550671
        1.5330399052        1.0889964948       -0.0369832757
        1.9615532493        1.0474580351       -0.0329907059
        1.8968687839        1.0560857843       -0.0348161273
        2.2013657161        1.0217317704       -0.0279621425
        1.8968687839        1.0455041529       -0.0355795094
        1.8298992368        1.0548777031       -0.0352787922
        2.1439288816        1.0220403353       -0.0285424398
        1.8298992368        1.0501306609       -0.0373663356
        1.2654925727        1.1264679859       -0.0378891014
        1.1627086846        1.1448554186       -0.0352565895
        1.6123868387        1.0728978840       -0.0421876503
        1.6880080817        1.0707060173       -0.0360167007
        1.0499102431        1.1688530114       -0.0319766090
        0.9234346496        1.1944642455       -0.0287915076
        1.4493555066        1.1001731214       -0.0379856977
        2.2013657161        1.0242010762       -0.0281309293
        1.9615532493        1.0363104046       -0.0345040410
        1.4493555066        1.0984693084       -0.0413110141
        1.3605335050        1.1123091886       -0.0376889416
        1.7603838361        1.0518074550       -0.0416861436
        2.1439288816        1.0266774794       -0.0278623842
        2.0849103297        1.0316990320       -0.0308935981
        1.9615532493        1.0420610538       -0.0333438182
        1.8968687839        1.0505411874       -0.0343672812
        2.2013657161        1.0195337419       -0.0264267673
        1.8298992368        1.0603185441       -0.0350293785
        1.7603838361        1.0694169913       -0.0358784308
        2.0849103297        1.0276724976       -0.0300708030
        2.0849103297        1.0290631089       -0.0296289413
        2.0241717112        1.0336071440       -0.0313776999
