#epsqw diagonal term
#1:q+G [au], 2:Re(eps-1), 3:Im(eps-1)
        1.9615532493        0.8735658496       -0.0247701278
        1.8968687839        0.8690927700       -0.0201258463
        2.2013657161        0.9069901252       -0.0197581333
        1.8298992368        0.8616819859       -0.0196001960
        1.7603838361        0.8556546545       -0.0150672968
        2.0849103297        0.8985703347       -0.0172192562
        2.0849103297        0.8915664241       -0.0204826454
        2.0241717112        0.8886520187       -0.0178569683
        1.8968687839        0.8644987538       -0.0225532636
        1.8298992368        0.8564470214       -0.0187728556
        2.1439288816        0.9018179441       -0.0177278685
        1.8298992368        0.8554262963       -0.0235016813
        1.2654925727        0.6846377012       -0.0313079380
        1.1627086846        0.6451138111       -0.0276844559
        1.6123868387        0.8050044253       -0.0270937286
        1.6880080817        0.8285296724       -0.0196348338
        1.0499102431        0.5906966263       -0.0319793299
        0.9234346496        0.5313307295       -0.0310607767
        1.4493555066        0.7627001453       -0.0278366510
        2.2013657161        0.9122360855       -0.0157503032
        1.9615532493        0.8769501597       -0.0187737360
        1.4493555066        0.7554999091       -0.0275486338
        1.3605335050        0.7320973672       -0.0259323097
        1.7603838361        0.8416638423       -0.0219290079
        2.1439288816        0.8992008552       -0.0224240709
        2.0849103297        0.8962991692       -0.0193109465
        2.1439288816        0.9066558520       -0.0142441046
        1.6880080817        0.8321621016       -0.0196355005
        1.6123868387        0.8208709936       -0.0168061085
        1.9615532493        0.8831308145       -0.0169611141
        1.6123868387        0.8106762569       -0.0204307907
        0.9234346496        0.5257431479       -0.0388922929
        0.7766283446        0.4438457153       -0.0432629487
        1.3605335050        0.7310865522       -0.0306317063
        2.1439288816        0.9088353132       -0.0155438568
        1.4493555066        0.7746602885       -0.0261490394
        0.5946188857        0.3442641235       -0.0803103361
        0.3224773677        0.2459216833       -0.1492503062
        1.1627086846        0.6538880474       -0.0448953540
        2.0241717112        0.9004833045       -0.0121776374
        1.7603838361        0.8465065733       -0.0180981624
        1.1627086846        0.6483713491       -0.0312214882
        1.0499102431        0.5985533331       -0.0334176378
        1.5330399052        0.7897163338       -0.0236648805
        1.9615532493        0.8864348332       -0.0177604526
        1.8968687839        0.8813383652       -0.0141202364
        2.2013657161        0.9123711775       -0.0165427129
        1.8968687839        0.8645590162       -0.0226006539
        1.8298992368        0.8565452775       -0.0190539727
        2.1439288816        0.9019325392       -0.0176118402
        1.8298992368        0.8554976605       -0.0236869487
        1.2654925727        0.6846028653       -0.0311917338
        1.1627086846        0.6454112482       -0.0276249325
        1.6123868387        0.8053673358       -0.0270125444
        1.6880080817        0.8285239982       -0.0199128581
        1.0499102431        0.5907304888       -0.0320348833
        0.9234346496        0.5309790563       -0.0312243715
        1.4493555066        0.7626442966       -0.0280360343
        2.2013657161        0.9122575223       -0.0156600432
        1.9615532493        0.8767948797       -0.0187706617
        1.4493555066        0.7551477812       -0.0276107778
        1.3605335050        0.7318413405       -0.0257991406
        1.7603838361        0.8419590653       -0.0217017167
        2.1439288816        0.8991543868       -0.0226805406
        2.0849103297        0.8964493456       -0.0190368031
        1.9615532493        0.8735950308       -0.0240763137
        1.8968687839        0.8690202238       -0.0200459903
        2.2013657161        0.9067651203       -0.0197939801
        1.8298992368        0.8616711044       -0.0194313129
        1.7603838361        0.8556917908       -0.0151789874
        2.0849103297        0.8985000860       -0.0173169343
        2.0849103297        0.8915667725       -0.0202426892
        2.0241717112        0.8886208601       -0.0179145728
