#epsqw diagonal term
#1:q+G [au], 2:Re(eps-1), 3:Im(eps-1)
        1.9615532493        0.9561027363       -0.0822877515
        1.8968687839        0.9525027527       -0.0944933843
        2.2013657161        0.9693275048       -0.0670704596
        1.8298992368        0.9498680699       -0.1076640696
        1.7603838361        0.9480294155       -0.1186956535
        2.0849103297        0.9608724619       -0.0711339939
        2.0849103297        0.9616482910       -0.0772548836
        2.0241717112        0.9579255927       -0.0794030170
        1.8968687839        0.9538675521       -0.0919763033
        1.8298992368        0.9439630529       -0.1088426312
        2.1439288816        0.9670133544       -0.0743917121
        1.8298992368        0.9505710268       -0.1040261883
        1.2654925727        0.9944628801       -0.2821780712
        1.1627086846        0.9867337599       -0.3057110189
        1.6123868387        0.9436224347       -0.1447941901
        1.6880080817        0.9361859893       -0.1461494428
        1.0499102431        0.9960955368       -0.3206208601
        0.9234346496        1.0095663765       -0.3021076712
        1.4493555066        0.9320099145       -0.2075349984
        2.2013657161        0.9740654732       -0.0602877188
        1.9615532493        0.9567623921       -0.0938462867
        1.4493555066        0.9422297803       -0.1963547410
        1.3605335050        0.9370862294       -0.2392888688
        1.7603838361        0.9511694067       -0.1226874791
        2.1439288816        0.9685508343       -0.0665997605
        2.0849103297        0.9654900191       -0.0706359745
        2.1439288816        0.9643326750       -0.0688803456
        1.6880080817        0.9423207264       -0.1445499164
        1.6123868387        0.9422825580       -0.1509250458
        1.9615532493        0.9475043880       -0.0871823678
        1.6123868387        0.9387404000       -0.1660188658
        0.9234346496        1.0359775557       -0.3000801468
        0.7766283446        1.0626852484       -0.3126062500
        1.3605335050        0.9323165559       -0.2273112511
        2.1439288816        0.9726520552       -0.0643690202
        1.4493555066        0.9328057134       -0.2040314641
        0.5946188857        1.1211244394       -0.3165897862
        0.3224773677        1.1486637434       -0.2543270580
        1.1627086846        0.9542508477       -0.2733890981
        2.0241717112        0.9614518575       -0.0749773036
        1.7603838361        0.9354345525       -0.1284883229
        1.1627086846        0.9523235114       -0.2855039731
        1.0499102431        0.9737654850       -0.2910880523
        1.5330399052        0.9297953918       -0.1835519368
        1.9615532493        0.9609603862       -0.0845635704
        1.8968687839        0.9562186267       -0.0920979008
        2.2013657161        0.9685476101       -0.0612253074
        1.8968687839        0.9539395188       -0.0933602800
        1.8298992368        0.9443208548       -0.1095236672
        2.1439288816        0.9677026442       -0.0748860175
        1.8298992368        0.9503654250       -0.1048674427
        1.2654925727        0.9930198916       -0.2828408541
        1.1627086846        0.9881579739       -0.3032372737
        1.6123868387        0.9442770006       -0.1447545833
        1.6880080817        0.9360095444       -0.1463376950
        1.0499102431        0.9929665735       -0.3189693065
        0.9234346496        1.0089963943       -0.3028983197
        1.4493555066        0.9308509874       -0.2045907702
        2.2013657161        0.9734531763       -0.0601120702
        1.9615532493        0.9569292018       -0.0942679464
        1.4493555066        0.9421021084       -0.1967237018
        1.3605335050        0.9367963643       -0.2359093288
        1.7603838361        0.9518051982       -0.1219439350
        2.1439288816        0.9691394957       -0.0663783266
        2.0849103297        0.9649652530       -0.0697938054
        1.9615532493        0.9560363283       -0.0837845065
        1.8968687839        0.9527165932       -0.0954042576
        2.2013657161        0.9697006305       -0.0669743778
        1.8298992368        0.9495256188       -0.1080284459
        1.7603838361        0.9467261397       -0.1185230342
        2.0849103297        0.9607564276       -0.0704155008
        2.0849103297        0.9615428885       -0.0766756540
        2.0241717112        0.9579611943       -0.0784449373
