#epsqw diagonal term
#1:q+G [au], 2:Re(eps-1), 3:Im(eps-1)
        1.9615532493        0.8877398707       -0.0005906673
        1.8968687839        0.8797095762       -0.0005930504
        2.2013657161        0.9166187098       -0.0004976410
        1.8298992368        0.8701785732       -0.0005980201
        1.7603838361        0.8591626235       -0.0006009562
        2.0849103297        0.9065485468       -0.0004800471
        2.0849103297        0.9036217225       -0.0005385487
        2.0241717112        0.8976981614       -0.0005314089
        1.8968687839        0.8779071462       -0.0006278285
        1.8298992368        0.8675163656       -0.0006414705
        2.1439288816        0.9103870028       -0.0005336456
        1.8298992368        0.8662092398       -0.0006871664
        1.2654925727        0.7053862870       -0.0011466029
        1.1627086846        0.6608176773       -0.0012554657
        1.6123868387        0.8198455948       -0.0008183440
        1.6880080817        0.8391192647       -0.0007302212
        1.0499102431        0.6087395488       -0.0014015267
        0.9234346496        0.5528192524       -0.0015710186
        1.4493555066        0.7749903267       -0.0009134152
        2.2013657161        0.9195668551       -0.0004606418
        1.9615532493        0.8867316037       -0.0006281199
        1.4493555066        0.7706389124       -0.0009596063
        1.3605335050        0.7424712122       -0.0010211454
        1.7603838361        0.8534035353       -0.0007300299
        2.1439288816        0.9103659219       -0.0005286270
        2.0849103297        0.9054358058       -0.0005227067
        2.1439288816        0.9135715646       -0.0004398967
        1.6880080817        0.8410000408       -0.0006916301
        1.6123868387        0.8253502605       -0.0007274196
        1.9615532493        0.8905979181       -0.0005240886
        1.6123868387        0.8213685135       -0.0007728599
        0.9234346496        0.5454395163       -0.0015823640
        0.7766283446        0.4732016136       -0.0017974795
        1.3605335050        0.7454977205       -0.0009888788
        2.1439288816        0.9139643543       -0.0004727326
        1.4493555066        0.7832339860       -0.0008636583
        0.5946188857        0.3786570392       -0.0020891440
        0.3224773677        0.2405194552       -0.0024401031
        1.1627086846        0.6778025258       -0.0012146072
        2.0241717112        0.9043550652       -0.0004313599
        1.7603838361        0.8557158735       -0.0006545470
        1.1627086846        0.6630129057       -0.0012493679
        1.0499102431        0.6169101505       -0.0014101575
        1.5330399052        0.8022290706       -0.0008103742
        1.9615532493        0.8920951365       -0.0005314488
        1.8968687839        0.8847455635       -0.0005199008
        2.2013657161        0.9199943153       -0.0004340261
        1.8968687839        0.8778856056       -0.0006281060
        1.8298992368        0.8675537165       -0.0006396783
        2.1439288816        0.9104367314       -0.0005321915
        1.8298992368        0.8661738208       -0.0006882167
        1.2654925727        0.7053033927       -0.0011485353
        1.1627086846        0.6608589903       -0.0012543238
        1.6123868387        0.8197861705       -0.0008200859
        1.6880080817        0.8391508350       -0.0007286647
        1.0499102431        0.6087825902       -0.0014006035
        0.9234346496        0.5528063918       -0.0015715369
        1.4493555066        0.7749985435       -0.0009128085
        2.2013657161        0.9195652738       -0.0004605432
        1.9615532493        0.8868064479       -0.0006257593
        1.4493555066        0.7706320045       -0.0009596342
        1.3605335050        0.7424653385       -0.0010208277
        1.7603838361        0.8534377187       -0.0007279974
        2.1439288816        0.9103498877       -0.0005291942
        2.0849103297        0.9054481607       -0.0005221570
        1.9615532493        0.8877801552       -0.0005893299
        1.8968687839        0.8797177538       -0.0005923265
        2.2013657161        0.9166221949       -0.0004982459
        1.8298992368        0.8701761425       -0.0005979806
        1.7603838361        0.8591498333       -0.0006012324
        2.0849103297        0.9065533281       -0.0004802829
        2.0849103297        0.9036478184       -0.0005380702
        2.0241717112        0.8976811120       -0.0005321836
