#epsqw diagonal term
#1:q+G [au], 2:Re(eps-1), 3:Im(eps-1)
        1.9615532493        1.0828958947       -0.0443578178
        1.8968687839        1.0913858065       -0.0453869208
        2.2013657161        1.0540906381       -0.0329147432
        1.8298992368        1.1011774462       -0.0454086616
        1.7603838361        1.1102728182       -0.0445009513
        2.0849103297        1.0681840775       -0.0408089304
        2.0849103297        1.0667302358       -0.0385172403
        2.0241717112        1.0747302052       -0.0418292287
        1.8968687839        1.0924407258       -0.0499792817
        1.8298992368        1.1026187525       -0.0510442140
        2.1439288816        1.0596545807       -0.0365648624
        1.8298992368        1.1032557698       -0.0519594945
        1.2654925727        1.2071443446       -0.0558198443
        1.1627086846        1.2319850730       -0.0598054095
        1.6123868387        1.1385098952       -0.0597937809
        1.6880080817        1.1279552561       -0.0546868195
        1.0499102431        1.2652234596       -0.0599227618
        0.9234346496        1.3029419400       -0.0584884106
        1.4493555066        1.1753329860       -0.0586313794
        2.2013657161        1.0551590916       -0.0348476887
        1.9615532493        1.0818180991       -0.0452028134
        1.4493555066        1.1720302668       -0.0609109927
        1.3605335050        1.1910487902       -0.0580045574
        1.7603838361        1.1107187987       -0.0520676176
        2.1439288816        1.0607260151       -0.0373723893
        2.0849103297        1.0674032781       -0.0400021120
        2.1439288816        1.0638556888       -0.0400127866
        1.6880080817        1.1246763159       -0.0487316861
        1.6123868387        1.1381155510       -0.0525780370
        1.9615532493        1.0852866789       -0.0501675258
        1.6123868387        1.1416589631       -0.0518398045
        0.9234346496        1.3084179244       -0.0646722499
        0.7766283446        1.3387877119       -0.0580737862
        1.3605335050        1.1930060933       -0.0606489316
        2.1439288816        1.0604682257       -0.0371771641
        1.4493555066        1.1778857976       -0.0545175346
        0.5946188857        1.3711972117       -0.0515560094
        0.3224773677        1.3919613776       -0.0480714956
        1.1627086846        1.2526943260       -0.0631309063
        2.0241717112        1.0772535188       -0.0392932171
        1.7603838361        1.1171738193       -0.0553034042
        1.1627086846        1.2388487184       -0.0623668776
        1.0499102431        1.2739237135       -0.0618253996
        1.5330399052        1.1607861063       -0.0576683898
        1.9615532493        1.0819482745       -0.0432168395
        1.8968687839        1.0915944598       -0.0435950293
        2.2013657161        1.0562620684       -0.0368607191
        1.8968687839        1.0930647111       -0.0477092150
        1.8298992368        1.1028019403       -0.0505176052
        2.1439288816        1.0595465465       -0.0366183405
        1.8298992368        1.1038722591       -0.0495065387
        1.2654925727        1.2081902587       -0.0542664157
        1.1627086846        1.2324239105       -0.0593596763
        1.6123868387        1.1381939944       -0.0594369915
        1.6880080817        1.1283412669       -0.0540281396
        1.0499102431        1.2659480725       -0.0598557732
        0.9234346496        1.3021788957       -0.0585545479
        1.4493555066        1.1744594768       -0.0598280786
        2.2013657161        1.0549790007       -0.0356919865
        1.9615532493        1.0818359236       -0.0454361366
        1.4493555066        1.1718282824       -0.0609826328
        1.3605335050        1.1900445245       -0.0595448092
        1.7603838361        1.1101157783       -0.0548598904
        2.1439288816        1.0606316290       -0.0375814676
        2.0849103297        1.0670527363       -0.0414095398
        1.9615532493        1.0832603717       -0.0426257756
        1.8968687839        1.0915628782       -0.0448297147
        2.2013657161        1.0538655883       -0.0331281276
        1.8298992368        1.1012445323       -0.0450455413
        1.7603838361        1.1102602751       -0.0448269231
        2.0849103297        1.0677212365       -0.0421583619
        2.0849103297        1.0664339758       -0.0389668741
        2.0241717112        1.0742242312       -0.0434871972
