#epsqw diagonal term
#1:q+G [au], 2:Re(eps-1), 3:Im(eps-1)
        1.9615532493        0.8966079779       -0.0265541104
        1.8968687839        0.8821157292       -0.0273170860
        2.2013657161        0.9291666934       -0.0236867318
        1.8298992368        0.8697906435       -0.0278658264
        1.7603838361        0.8543652745       -0.0243295007
        2.0849103297        0.9122211139       -0.0259268095
        2.0849103297        0.9143430528       -0.0253021180
        2.0241717112        0.9044493040       -0.0274216311
        1.8968687839        0.8864192141       -0.0285992429
        1.8298992368        0.8696895467       -0.0289610741
        2.1439288816        0.9248681326       -0.0250899387
        1.8298992368        0.8753027597       -0.0299532787
        1.2654925727        0.6837295037       -0.0509662619
        1.1627086846        0.6209275669       -0.0659058044
        1.6123868387        0.8219020087       -0.0282731575
        1.6880080817        0.8379480478       -0.0335308570
        1.0499102431        0.5568604756       -0.0755826307
        0.9234346496        0.4963715874       -0.1058205628
        1.4493555066        0.7689791818       -0.0375253843
        2.2013657161        0.9261538380       -0.0220769299
        1.9615532493        0.8999116783       -0.0284149305
        1.4493555066        0.7604291580       -0.0365444385
        1.3605335050        0.7280009480       -0.0445327516
        1.7603838361        0.8628865769       -0.0266640787
        2.1439288816        0.9223614284       -0.0250195267
        2.0849103297        0.9138735243       -0.0261091607
        2.1439288816        0.9171178850       -0.0256359670
        1.6880080817        0.8345491196       -0.0302647535
        1.6123868387        0.8126604478       -0.0270887746
        1.9615532493        0.8927239305       -0.0268632710
        1.6123868387        0.8133931772       -0.0372926446
        0.9234346496        0.4704902907       -0.0857889534
        0.7766283446        0.4009370210       -0.1331187919
        1.3605335050        0.7281368203       -0.0404787218
        2.1439288816        0.9188292812       -0.0238338872
        1.4493555066        0.7634599506       -0.0402306619
        0.5946188857        0.2801418083       -0.1448405333
        0.3224773677        0.0579769200       -0.2371325104
        1.1627086846        0.6649686976       -0.0659080445
        2.0241717112        0.8972801904       -0.0287309544
        1.7603838361        0.8562185526       -0.0321293262
        1.1627086846        0.6253611652       -0.0582796098
        1.0499102431        0.5856463460       -0.0810023324
        1.5330399052        0.7987486745       -0.0331357225
        1.9615532493        0.8955320055       -0.0266996650
        1.8968687839        0.8833150425       -0.0253177918
        2.2013657161        0.9257491823       -0.0228527447
        1.8968687839        0.8866759712       -0.0284130864
        1.8298992368        0.8696998151       -0.0289675623
        2.1439288816        0.9248142530       -0.0252777013
        1.8298992368        0.8755148255       -0.0298685394
        1.2654925727        0.6841970064       -0.0511135647
        1.1627086846        0.6205835589       -0.0665608823
        1.6123868387        0.8219675913       -0.0283236080
        1.6880080817        0.8382703995       -0.0336085261
        1.0499102431        0.5565647390       -0.0763554727
        0.9234346496        0.4968241332       -0.1075837697
        1.4493555066        0.7692589177       -0.0377998527
        2.2013657161        0.9261816039       -0.0222563659
        1.9615532493        0.8997329675       -0.0286298035
        1.4493555066        0.7601819459       -0.0364685294
        1.3605335050        0.7279632410       -0.0443872526
        1.7603838361        0.8629497135       -0.0266166103
        2.1439288816        0.9222088278       -0.0248735482
        2.0849103297        0.9137127249       -0.0260624935
        1.9615532493        0.8969309320       -0.0265051705
        1.8968687839        0.8822666444       -0.0274773546
        2.2013657161        0.9293446677       -0.0238874706
        1.8298992368        0.8698683254       -0.0281882989
        1.7603838361        0.8546553603       -0.0242463110
        2.0849103297        0.9122046004       -0.0260051456
        2.0849103297        0.9144972257       -0.0254837675
        2.0241717112        0.9044321332       -0.0276226952
