#epsqw diagonal term
#1:q+G [au], 2:Re(eps-1), 3:Im(eps-1)
        1.9615532493        0.8875695002       -0.0006024402
        1.8968687839        0.8795447114       -0.0006043745
        2.2013657161        0.9164607596       -0.0005094544
        1.8298992368        0.8700272289       -0.0006069223
        1.7603838361        0.8590227764       -0.0006086036
        2.0849103297        0.9064220281       -0.0004877978
        2.0849103297        0.9034617884       -0.0005496058
        2.0241717112        0.8975506282       -0.0005410641
        1.8968687839        0.8777230577       -0.0006408896
        1.8298992368        0.8673350027       -0.0006541865
        2.1439288816        0.9102113211       -0.0005473678
        1.8298992368        0.8659943404       -0.0007036190
        1.2654925727        0.7050730533       -0.0011657875
        1.1627086846        0.6604779366       -0.0012751755
        1.6123868387        0.8196072945       -0.0008354497
        1.6880080817        0.8389176014       -0.0007439895
        1.0499102431        0.6083608142       -0.0014212090
        0.9234346496        0.5523779460       -0.0015924732
        1.4493555066        0.7747507503       -0.0009282138
        2.2013657161        0.9194257267       -0.0004707404
        1.9615532493        0.8865276948       -0.0006440489
        1.4493555066        0.7703785351       -0.0009762052
        1.3605335050        0.7422014171       -0.0010373813
        1.7603838361        0.8531802251       -0.0007465423
        2.1439288816        0.9101991879       -0.0005408200
        2.0849103297        0.9052788528       -0.0005338605
        2.1439288816        0.9134624221       -0.0004461930
        1.6880080817        0.8408298448       -0.0007012751
        1.6123868387        0.8251754490       -0.0007372051
        1.9615532493        0.8904680060       -0.0005315296
        1.6123868387        0.8211664474       -0.0007858230
        0.9234346496        0.5449885269       -0.0016047819
        0.7766283446        0.4726530994       -0.0018239915
        1.3605335050        0.7452485198       -0.0010031158
        2.1439288816        0.9138249364       -0.0004824276
        1.4493555066        0.7830302239       -0.0008743522
        0.5946188857        0.3779284365       -0.0021247660
        0.3224773677        0.2394680965       -0.0024917479
        1.1627086846        0.6775023907       -0.0012287627
        2.0241717112        0.9042579179       -0.0004365918
        1.7603838361        0.8555460293       -0.0006651195
        1.1627086846        0.6626927009       -0.0012655937
        1.0499102431        0.6165355444       -0.0014282595
        1.5330399052        0.8020255693       -0.0008222964
        1.9615532493        0.8919538942       -0.0005401121
        1.8968687839        0.8846220931       -0.0005267770
        2.2013657161        0.9198751894       -0.0004416138
        1.8968687839        0.8777015394       -0.0006411282
        1.8298992368        0.8673739893       -0.0006521815
        2.1439288816        0.9102621532       -0.0005457790
        1.8298992368        0.8659582914       -0.0007047008
        1.2654925727        0.7049887517       -0.0011678099
        1.1627086846        0.6605200937       -0.0012739170
        1.6123868387        0.8195464245       -0.0008373601
        1.6880080817        0.8389506508       -0.0007422398
        1.0499102431        0.6084044414       -0.0014202239
        0.9234346496        0.5523642853       -0.0015931130
        1.4493555066        0.7747596086       -0.0009275182
        2.2013657161        0.9194244329       -0.0004705932
        1.9615532493        0.8866045146       -0.0006414445
        1.4493555066        0.7703717617       -0.0009761924
        1.3605335050        0.7421959977       -0.0010369786
        1.7603838361        0.8532162699       -0.0007442810
        2.1439288816        0.9101829072       -0.0005413959
        2.0849103297        0.9052919172       -0.0005332016
        1.9615532493        0.8876110104       -0.0006009235
        1.8968687839        0.8795536303       -0.0006035386
        2.2013657161        0.9164634413       -0.0005101863
        1.8298992368        0.8700248855       -0.0006068661
        1.7603838361        0.8590097710       -0.0006089000
        2.0849103297        0.9064266358       -0.0004880527
        2.0849103297        0.9034882952       -0.0005490693
        2.0241717112        0.8975330001       -0.0005419054
