#epsqw diagonal term
#1:q+G [au], 2:Re(eps-1), 3:Im(eps-1)
        1.9615532493        0.8876268019       -0.0005984002
        1.8968687839        0.8796001616       -0.0006004861
        2.2013657161        0.9165139551       -0.0005053908
        1.8298992368        0.8700779810       -0.0006038999
        1.7603838361        0.8590696279       -0.0006060156
        2.0849103297        0.9064644822       -0.0004851594
        2.0849103297        0.9035155676       -0.0005458183
        2.0241717112        0.8976001921       -0.0005377644
        1.8968687839        0.8777849987       -0.0006364076
        1.8298992368        0.8673960203       -0.0006498228
        2.1439288816        0.9102705333       -0.0005426454
        1.8298992368        0.8660667516       -0.0006979582
        1.2654925727        0.7051782529       -0.0011592237
        1.1627086846        0.6605919552       -0.0012684474
        1.6123868387        0.8196875171       -0.0008295687
        1.6880080817        0.8389854097       -0.0007392769
        1.0499102431        0.6084877160       -0.0014145315
        0.9234346496        0.5525256781       -0.0015852239
        1.4493555066        0.7748312026       -0.0009231585
        2.2013657161        0.9194731901       -0.0004672886
        1.9615532493        0.8865964213       -0.0006385686
        1.4493555066        0.7704660216       -0.0009705228
        1.3605335050        0.7422919975       -0.0010318322
        1.7603838361        0.8532554188       -0.0007408696
        2.1439288816        0.9102553035       -0.0005366379
        2.0849103297        0.9053316497       -0.0005300390
        2.1439288816        0.9134990157       -0.0004440541
        1.6880080817        0.8408868876       -0.0006980083
        1.6123868387        0.8252340286       -0.0007338940
        1.9615532493        0.8905115556       -0.0005290050
        1.6123868387        0.8212343250       -0.0007813944
        0.9234346496        0.5451395581       -0.0015971912
        0.7766283446        0.4728367270       -0.0018150309
        1.3605335050        0.7453321148       -0.0009982644
        2.1439288816        0.9138718006       -0.0004791173
        1.4493555066        0.7830984677       -0.0008707343
        0.5946188857        0.3781723583       -0.0021127351
        0.3224773677        0.2398200457       -0.0024743190
        1.1627086846        0.6776028136       -0.0012239859
        2.0241717112        0.9042904578       -0.0004348221
        1.7603838361        0.8556030449       -0.0006615161
        1.1627086846        0.6627999337       -0.0012601029
        1.0499102431        0.6166609197       -0.0014221492
        1.5330399052        0.8020938403       -0.0008182362
        1.9615532493        0.8920012734       -0.0005371722
        1.8968687839        0.8846634589       -0.0005244517
        2.2013657161        0.9199151796       -0.0004390298
        1.8968687839        0.8777634690       -0.0006366606
        1.8298992368        0.8674344478       -0.0006478921
        2.1439288816        0.9103209894       -0.0005411035
        1.8298992368        0.8660309122       -0.0006990304
        1.2654925727        0.7050944211       -0.0011612173
        1.1627086846        0.6606338221       -0.0012672302
        1.6123868387        0.8196271389       -0.0008314205
        1.6880080817        0.8390179530       -0.0007375948
        1.0499102431        0.6085311448       -0.0014135681
        0.9234346496        0.5525122924       -0.0015858212
        1.4493555066        0.7748398412       -0.0009224938
        2.2013657161        0.9194717972       -0.0004671584
        1.9615532493        0.8866725671       -0.0006360493
        1.4493555066        0.7704592000       -0.0009705248
        1.3605335050        0.7422864202       -0.0010314596
        1.7603838361        0.8532908289       -0.0007386877
        2.1439288816        0.9102391045       -0.0005372111
        2.0849103297        0.9053444697       -0.0005294186
        1.9615532493        0.8876678900       -0.0005969470
        1.8968687839        0.8796088253       -0.0005996898
        2.2013657161        0.9165169138       -0.0005060778
        1.8298992368        0.8700756066       -0.0006038497
        1.7603838361        0.8590566956       -0.0006063049
        2.0849103297        0.9064691490       -0.0004854077
        2.0849103297        0.9035419335       -0.0005453023
        2.0241717112        0.8975827610       -0.0005385824
