#epsqw diagonal term
#1:q+G [au], 2:Re(eps-1), 3:Im(eps-1)
        1.9615532493        1.0247376625       -0.0833903005
        1.8968687839        1.0297192436       -0.0964614268
        2.2013657161        0.9980480752       -0.0537835957
        1.8298992368        1.0353348351       -0.1037135903
        1.7603838361        1.0368524977       -0.0975472649
        2.0849103297        1.0066658020       -0.0676810583
        2.0849103297        1.0091774018       -0.0659055052
        2.0241717112        1.0156094261       -0.0755407005
        1.8968687839        1.0339892801       -0.0956025432
        1.8298992368        1.0441916194       -0.1054970271
        2.1439288816        0.9961523118       -0.0588035642
        1.8298992368        1.0370981823       -0.1031319721
        1.2654925727        1.2078886285       -0.2367756078
        1.1627086846        1.2546216770       -0.2816472390
        1.6123868387        1.0863118254       -0.1162654804
        1.6880080817        1.0720217942       -0.1351474988
        1.0499102431        1.3191887772       -0.3307215115
        0.9234346496        1.4361531720       -0.4063426585
        1.4493555066        1.1313205677       -0.1913596966
        2.2013657161        0.9998545781       -0.0625592551
        1.9615532493        1.0129318995       -0.0834591016
        1.4493555066        1.1183074645       -0.1466071688
        1.3605335050        1.1427709793       -0.2086266836
        1.7603838361        1.0558331299       -0.0998633046
        2.1439288816        1.0042142696       -0.0600133916
        2.0849103297        1.0105351837       -0.0725629133
        2.1439288816        0.9984479031       -0.0546934720
        1.6880080817        1.0588863886       -0.1301462507
        1.6123868387        1.0605135720       -0.1225694324
        1.9615532493        1.0203149987       -0.0804683924
        1.6123868387        1.0838886128       -0.1599380465
        0.9234346496        1.4296615452       -0.3860128174
        0.7766283446        1.5548013039       -0.5116823389
        1.3605335050        1.1593571217       -0.2322224684
        2.1439288816        1.0064979619       -0.0691666339
        1.4493555066        1.0828874201       -0.1672920328
        0.5946188857        1.6501215283       -0.5684302582
        0.3224773677        1.7747691797       -0.4783851177
        1.1627086846        1.1884399132       -0.2913546857
        2.0241717112        0.9924137004       -0.0703108985
        1.7603838361        1.0548050675       -0.1176665685
        1.1627086846        1.2652172934       -0.3070245633
        1.0499102431        1.3229196496       -0.3497181824
        1.5330399052        1.1141216158       -0.1762699988
        1.9615532493        1.0198300410       -0.0857676099
        1.8968687839        1.0115606392       -0.0839875690
        2.2013657161        0.9944166072       -0.0599142545
        1.8968687839        1.0337432495       -0.0948848970
        1.8298992368        1.0435505885       -0.1055162974
        2.1439288816        0.9961397962       -0.0586862709
        1.8298992368        1.0362446494       -0.1033207063
        1.2654925727        1.2098704099       -0.2333320552
        1.1627086846        1.2537583809       -0.2819806853
        1.6123868387        1.0850472439       -0.1172790135
        1.6880080817        1.0708052241       -0.1361737496
        1.0499102431        1.3182480647       -0.3336422191
        0.9234346496        1.4350795891       -0.4058288870
        1.4493555066        1.1301983196       -0.1928366521
        2.2013657161        0.9995817120       -0.0627237677
        1.9615532493        1.0130037954       -0.0836136707
        1.4493555066        1.1177486865       -0.1467871622
        1.3605335050        1.1435415262       -0.2094059099
        1.7603838361        1.0553254426       -0.1007666665
        2.1439288816        1.0037876896       -0.0602139500
        2.0849103297        1.0102919917       -0.0726274412
        1.9615532493        1.0249087843       -0.0831181693
        1.8968687839        1.0292161184       -0.0947605419
        2.2013657161        0.9981504704       -0.0539314392
        1.8298992368        1.0349802439       -0.1023316367
        1.7603838361        1.0370365899       -0.0975142895
        2.0849103297        1.0059929499       -0.0673561525
        2.0849103297        1.0091917999       -0.0663040141
        2.0241717112        1.0152774441       -0.0748623459
