#epsqw diagonal term
#1:q+G [au], 2:Re(eps-1), 3:Im(eps-1)
        1.9615532493        0.8841485722       -0.0022046312
        1.8968687839        0.8763577012       -0.0020561201
        2.2013657161        0.9132049612       -0.0022780452
        1.8298992368        0.8665964668       -0.0012257038
        1.7603838361        0.8558966141       -0.0009764036
        2.0849103297        0.9035894891       -0.0012547825
        2.0849103297        0.8999964524       -0.0019894758
        2.0241717112        0.8943675919       -0.0016990975
        1.8968687839        0.8736252729       -0.0025454274
        1.8298992368        0.8633083318       -0.0025335858
        2.1439288816        0.9062629606       -0.0029005192
        1.8298992368        0.8611644413       -0.0034028731
        1.2654925727        0.6982575903       -0.0035676214
        1.1627086846        0.6529631321       -0.0033233045
        1.6123868387        0.8143967536       -0.0035474350
        1.6880080817        0.8341265102       -0.0026029801
        1.0499102431        0.5997396800       -0.0027398438
        0.9234346496        0.5425110262       -0.0024866607
        1.4493555066        0.7692456749       -0.0028034594
        2.2013657161        0.9160460575       -0.0017118567
        1.9615532493        0.8818461826       -0.0033320524
        1.4493555066        0.7646332590       -0.0032018145
        1.3605335050        0.7363618961       -0.0030416316
        1.7603838361        0.8481399132       -0.0033499868
        2.1439288816        0.9064693920       -0.0023173649
        2.0849103297        0.9017793876       -0.0020503272
        2.1439288816        0.9110285504       -0.0009435804
        1.6880080817        0.8368991163       -0.0012244134
        1.6123868387        0.8210805580       -0.0011600694
        1.9615532493        0.8875374573       -0.0010303811
        1.6123868387        0.8165628691       -0.0021930650
        0.9234346496        0.5349574849       -0.0028431034
        0.7766283446        0.4602477020       -0.0029316888
        1.3605335050        0.7397286915       -0.0023708882
        2.1439288816        0.9105429107       -0.0014385586
        1.4493555066        0.7784562684       -0.0013952609
        0.5946188857        0.3614507845       -0.0034557674
        0.3224773677        0.2158834048       -0.0042874760
        1.1627086846        0.6709860486       -0.0018088010
        2.0241717112        0.9020654595       -0.0006770834
        1.7603838361        0.8516852429       -0.0016549703
        1.1627086846        0.6555084474       -0.0021032004
        1.0499102431        0.6081966415       -0.0021228678
        1.5330399052        0.7974667909       -0.0018931963
        1.9615532493        0.8886507553       -0.0010915645
        1.8968687839        0.8817903066       -0.0008339705
        2.2013657161        0.9171770222       -0.0011042191
        1.8968687839        0.8735949152       -0.0025282322
        1.8298992368        0.8633985877       -0.0024634081
        2.1439288816        0.9063622068       -0.0028576794
        1.8298992368        0.8610870586       -0.0034266041
        1.2654925727        0.6980881552       -0.0035646852
        1.1627086846        0.6530259130       -0.0032691641
        1.6123868387        0.8143401843       -0.0035867821
        1.6880080817        0.8341877725       -0.0025654550
        1.0499102431        0.5997864145       -0.0027307558
        0.9234346496        0.5424732268       -0.0025038629
        1.4493555066        0.7692791035       -0.0027839321
        2.2013657161        0.9160612042       -0.0017011853
        1.9615532493        0.8819676404       -0.0032854844
        1.4493555066        0.7646162955       -0.0031840692
        1.3605335050        0.7363617884       -0.0029995772
        1.7603838361        0.8482335742       -0.0032959483
        2.1439288816        0.9064461219       -0.0022993270
        2.0849103297        0.9018083808       -0.0019999624
        1.9615532493        0.8841813149       -0.0021596181
        1.8968687839        0.8763765111       -0.0020178869
        2.2013657161        0.9132279731       -0.0023110813
        1.8298992368        0.8665940086       -0.0012205895
        1.7603838361        0.8558847770       -0.0009837688
        2.0849103297        0.9035893194       -0.0012502873
        2.0849103297        0.9000199684       -0.0019730845
        2.0241717112        0.8943440450       -0.0017074279
