#epsqw diagonal term
#1:q+G [au], 2:Re(eps-1), 3:Im(eps-1)
        1.9615532493        0.8877419188       -0.0005905300
        1.8968687839        0.8797115581       -0.0005929185
        2.2013657161        0.9166206044       -0.0004975037
        1.8298992368        0.8701804011       -0.0005979146
        1.7603838361        0.8591643155       -0.0006008652
        2.0849103297        0.9065500729       -0.0004799556
        2.0849103297        0.9036236455       -0.0005384194
        2.0241717112        0.8976999373       -0.0005312956
        1.8968687839        0.8779093569       -0.0006276763
        1.8298992368        0.8675185447       -0.0006413223
        2.1439288816        0.9103891072       -0.0005334863
        1.8298992368        0.8662118153       -0.0006869754
        1.2654925727        0.7053900591       -0.0011463782
        1.1627086846        0.6608217737       -0.0012552341
        1.6123868387        0.8198484545       -0.0008181451
        1.6880080817        0.8391216895       -0.0007300601
        1.0499102431        0.6087441255       -0.0014012932
        0.9234346496        0.5528245936       -0.0015707626
        1.4493555066        0.7749932133       -0.0009132415
        2.2013657161        0.9195685512       -0.0004605234
        1.9615532493        0.8867340468       -0.0006279349
        1.4493555066        0.7706420468       -0.0009594120
        1.3605335050        0.7424744623       -0.0010209549
        1.7603838361        0.8534062138       -0.0007298378
        2.1439288816        0.9103679244       -0.0005284848
        2.0849103297        0.9054376914       -0.0005225763
        2.1439288816        0.9135728822       -0.0004398222
        1.6880080817        0.8410020975       -0.0006915154
        1.6123868387        0.8253523742       -0.0007273031
        1.9615532493        0.8905994875       -0.0005240004
        1.6123868387        0.8213709470       -0.0007727078
        0.9234346496        0.5454449714       -0.0015820973
        0.7766283446        0.4732082519       -0.0017971633
        1.3605335050        0.7455007278       -0.0009887110
        2.1439288816        0.9139660314       -0.0004726187
        1.4493555066        0.7832364518       -0.0008635309
        0.5946188857        0.3786658563       -0.0020887187
        0.3224773677        0.2405321789       -0.0024394858
        1.1627086846        0.6778061628       -0.0012144380
        2.0241717112        0.9043562403       -0.0004312976
        1.7603838361        0.8557179208       -0.0006544225
        1.1627086846        0.6630167799       -0.0012491747
        1.0499102431        0.6169146868       -0.0014099412
        1.5330399052        0.8022315264       -0.0008102336
        1.9615532493        0.8920968415       -0.0005313461
        1.8968687839        0.8847470562       -0.0005198189
        2.2013657161        0.9199957512       -0.0004339366
        1.8968687839        0.8778878160       -0.0006279541
        1.8298992368        0.8675558758       -0.0006395324
        2.1439288816        0.9104388229       -0.0005320338
        1.8298992368        0.8661764039       -0.0006880253
        1.2654925727        0.7053071815       -0.0011483094
        1.1627086846        0.6608630761       -0.0012540935
        1.6123868387        0.8197890470       -0.0008198852
        1.6880080817        0.8391532421       -0.0007285057
        1.0499102431        0.6087871609       -0.0014003708
        0.9234346496        0.5528117418       -0.0015712795
        1.4493555066        0.7750014214       -0.0009126358
        2.2013657161        0.9195669669       -0.0004604253
        1.9615532493        0.8868088666       -0.0006255771
        1.4493555066        0.7706351368       -0.0009594404
        1.3605335050        0.7424685842       -0.0010206382
        1.7603838361        0.8534403754       -0.0007278079
        2.1439288816        0.9103518927       -0.0005290519
        2.0849103297        0.9054500385       -0.0005220279
        1.9615532493        0.8877821884       -0.0005891947
        1.8968687839        0.8797197272       -0.0005921958
        2.2013657161        0.9166240983       -0.0004981072
        1.8298992368        0.8701779695       -0.0005978753
        1.7603838361        0.8591515275       -0.0006011411
        2.0849103297        0.9065548557       -0.0004801912
        2.0849103297        0.9036497365       -0.0005379415
        2.0241717112        0.8976828951       -0.0005320695
