#epsqw diagonal term
#1:q+G [au], 2:Re(eps-1), 3:Im(eps-1)
        1.9615532493        0.8876993608       -0.0005934029
        1.8968687839        0.8796703755       -0.0005956799
        2.2013657161        0.9165812107       -0.0005003783
        1.8298992368        0.8701424674       -0.0006001141
        1.7603838361        0.8591292244       -0.0006027617
        2.0849103297        0.9065183856       -0.0004818648
        2.0849103297        0.9035836842       -0.0005411233
        2.0241717112        0.8976630362       -0.0005336630
        1.8968687839        0.8778633949       -0.0006308632
        1.8298992368        0.8674732568       -0.0006444250
        2.1439288816        0.9103453304       -0.0005368232
        1.8298992368        0.8661582498       -0.0006909772
        1.2654925727        0.7053116855       -0.0011510758
        1.1627086846        0.6607366958       -0.0012600732
        1.6123868387        0.8197889926       -0.0008223098
        1.6880080817        0.8390713006       -0.0007334296
        1.0499102431        0.6086491108       -0.0014061602
        0.9234346496        0.5527137641       -0.0015760927
        1.4493555066        0.7749332617       -0.0009168716
        2.2013657161        0.9195332974       -0.0004629988
        1.9615532493        0.8866832368       -0.0006318097
        1.4493555066        0.7705769311       -0.0009634738
        1.3605335050        0.7424069318       -0.0010249355
        1.7603838361        0.8533505075       -0.0007338615
        2.1439288816        0.9103263070       -0.0005314616
        2.0849103297        0.9053984928       -0.0005253030
        2.1439288816        0.9135455212       -0.0004413768
        1.6880080817        0.8409594123       -0.0006939049
        1.6123868387        0.8253085224       -0.0007297301
        1.9615532493        0.8905669132       -0.0005258403
        1.6123868387        0.8213204000       -0.0007758874
        0.9234346496        0.5453317591       -0.0015876534
        0.7766283446        0.4730705039       -0.0018037477
        1.3605335050        0.7454382913       -0.0009922137
        2.1439288816        0.9139311840       -0.0004749982
        1.4493555066        0.7831853051       -0.0008661839
        0.5946188857        0.3784828879       -0.0020975729
        0.3224773677        0.2402681389       -0.0024523343
        1.1627086846        0.6777307412       -0.0012179601
        2.0241717112        0.9043318584       -0.0004325958
        1.7603838361        0.8556754022       -0.0006570229
        1.1627086846        0.6629363987       -0.0012531988
        1.0499102431        0.6168205839       -0.0014144437
        1.5330399052        0.8021805445       -0.0008131687
        1.9615532493        0.8920614526       -0.0005334876
        1.8968687839        0.8847160766       -0.0005215255
        2.2013657161        0.9199659298       -0.0004358047
        1.8968687839        0.8778418562       -0.0006311325
        1.8298992368        0.8675109896       -0.0006425843
        2.1439288816        0.9103953177       -0.0005353383
        1.8298992368        0.8661226786       -0.0006920358
        1.2654925727        0.7052284536       -0.0011530307
        1.1627086846        0.6607782046       -0.0012589052
        1.6123868387        0.8197292295       -0.0008240902
        1.6880080817        0.8391032158       -0.0007318292
        1.0499102431        0.6086922906       -0.0014052230
        0.9234346496        0.5527007177       -0.0015766386
        1.4493555066        0.7749416269       -0.0009162446
        2.2013657161        0.9195317823       -0.0004628891
        1.9615532493        0.8867585422       -0.0006293935
        1.4493555066        0.7705700521       -0.0009634929
        1.3605335050        0.7424011621       -0.0010245988
        1.7603838361        0.8533851272       -0.0007317765
        2.1439288816        0.9103102131       -0.0005320310
        2.0849103297        0.9054110123       -0.0005247288
        1.9615532493        0.8877399290       -0.0005920254
        1.8968687839        0.8796787244       -0.0005949308
        2.2013657161        0.9165845102       -0.0005010116
        1.8298992368        0.8701400565       -0.0006000710
        1.7603838361        0.8591163835       -0.0006030424
        2.0849103297        0.9065231262       -0.0004821050
        2.0849103297        0.9036098756       -0.0005406317
        2.0241717112        0.8976458512       -0.0005344528
