#epsqw diagonal term
#1:q+G [au], 2:Re(eps-1), 3:Im(eps-1)
        1.9615532493        0.8835178579       -0.0025696063
        1.8968687839        0.8756812577       -0.0022542693
        2.2013657161        0.9127269709       -0.0027813847
        1.8298992368        0.8655527391       -0.0015465849
        1.7603838361        0.8548869045       -0.0011382011
        2.0849103297        0.9029266040       -0.0015928672
        2.0849103297        0.8993342947       -0.0024828277
        2.0241717112        0.8937356390       -0.0020364352
        1.8968687839        0.8729405884       -0.0033295263
        1.8298992368        0.8626472855       -0.0032470271
        2.1439288816        0.9058988845       -0.0037869584
        1.8298992368        0.8605530770       -0.0045386370
        1.2654925727        0.6968033812       -0.0044663804
        1.1627086846        0.6509623378       -0.0041945092
        1.6123868387        0.8137068909       -0.0045753420
        1.6880080817        0.8331538497       -0.0036017506
        1.0499102431        0.5970405793       -0.0036020056
        0.9234346496        0.5393203108       -0.0030056877
        1.4493555066        0.7681717327       -0.0037655758
        2.2013657161        0.9153157533       -0.0023451404
        1.9615532493        0.8813368009       -0.0044476799
        1.4493555066        0.7635802421       -0.0040684695
        1.3605335050        0.7352310737       -0.0037328978
        1.7603838361        0.8475022586       -0.0043920166
        2.1439288816        0.9058957943       -0.0029797627
        2.0849103297        0.9011707768       -0.0025944494
        2.1439288816        0.9103674640       -0.0011939367
        1.6880080817        0.8356483658       -0.0015240449
        1.6123868387        0.8196501285       -0.0014521186
        1.9615532493        0.8866624058       -0.0012915846
        1.6123868387        0.8154775814       -0.0029479399
        0.9234346496        0.5318937935       -0.0035356607
        0.7766283446        0.4560483780       -0.0037702528
        1.3605335050        0.7383697756       -0.0030564195
        2.1439288816        0.9096153356       -0.0019831572
        1.4493555066        0.7769562644       -0.0016815639
        0.5946188857        0.3558205737       -0.0044436401
        0.3224773677        0.2080929951       -0.0053612856
        1.1627086846        0.6689698320       -0.0020777120
        2.0241717112        0.9013349818       -0.0008065558
        1.7603838361        0.8506262536       -0.0021585680
        1.1627086846        0.6532480299       -0.0025543070
        1.0499102431        0.6055299829       -0.0025234801
        1.5330399052        0.7962138526       -0.0024305200
        1.9615532493        0.8875784288       -0.0014091176
        1.8968687839        0.8808661544       -0.0010062516
        2.2013657161        0.9164183669       -0.0014282813
        1.8968687839        0.8728912929       -0.0033036768
        1.8298992368        0.8627030153       -0.0031481369
        2.1439288816        0.9059794966       -0.0037090892
        1.8298992368        0.8604788504       -0.0045495276
        1.2654925727        0.6965965865       -0.0044761011
        1.1627086846        0.6509826180       -0.0041218506
        1.6123868387        0.8136219097       -0.0045840279
        1.6880080817        0.8332418889       -0.0035405835
        1.0499102431        0.5971061734       -0.0035883911
        0.9234346496        0.5392652039       -0.0030233879
        1.4493555066        0.7682262165       -0.0037195808
        2.2013657161        0.9153478763       -0.0023156329
        1.9615532493        0.8814874410       -0.0043788599
        1.4493555066        0.7635534953       -0.0040576835
        1.3605335050        0.7352002274       -0.0036847606
        1.7603838361        0.8476115914       -0.0043072686
        2.1439288816        0.9058472489       -0.0029614912
        2.0849103297        0.9011695609       -0.0025295575
        1.9615532493        0.8835494380       -0.0025278588
        1.8968687839        0.8756788076       -0.0022119808
        2.2013657161        0.9127339165       -0.0027957421
        1.8298992368        0.8655567749       -0.0015392114
        1.7603838361        0.8548802202       -0.0011452338
        2.0849103297        0.9029205474       -0.0015914411
        2.0849103297        0.8993667030       -0.0024727273
        2.0241717112        0.8937082532       -0.0020433946
