#epsqw diagonal term
#1:q+G [au], 2:Re(eps-1), 3:Im(eps-1)
        1.9615532493        0.8928711791       -0.0413694054
        1.8968687839        0.8824849686       -0.0351540991
        2.2013657161        0.9197657280       -0.0345435323
        1.8298992368        0.8704029361       -0.0315221740
        1.7603838361        0.8595426242       -0.0245406979
        2.0849103297        0.9069794358       -0.0252788640
        2.0849103297        0.9095337283       -0.0383107895
        2.0241717112        0.9014387685       -0.0318213767
        1.8968687839        0.8810792981       -0.0415929481
        1.8298992368        0.8678108484       -0.0364035179
        2.1439288816        0.9098598824       -0.0350398697
        1.8298992368        0.8703513410       -0.0412607994
        1.2654925727        0.6984615611       -0.0551197341
        1.1627086846        0.6445679724       -0.0447466476
        1.6123868387        0.8241754615       -0.0428200798
        1.6880080817        0.8379110778       -0.0346287729
        1.0499102431        0.5881457943       -0.0469271004
        0.9234346496        0.5249451636       -0.0632628804
        1.4493555066        0.7688120364       -0.0375373992
        2.2013657161        0.9258723887       -0.0242012945
        1.9615532493        0.8884957714       -0.0381055715
        1.4493555066        0.7733326841       -0.0486698823
        1.3605335050        0.7356733773       -0.0433050920
        1.7603838361        0.8569401828       -0.0420855461
        2.1439288816        0.9192663299       -0.0357404826
        2.0849103297        0.9113558989       -0.0314115004
        2.1439288816        0.9081180735       -0.0253140754
        1.6880080817        0.8410205268       -0.0329671439
        1.6123868387        0.8246607709       -0.0257668246
        1.9615532493        0.8879817344       -0.0245474176
        1.6123868387        0.8219068034       -0.0323454177
        0.9234346496        0.5235424017       -0.0502831393
        0.7766283446        0.4427902374       -0.0758411662
        1.3605335050        0.7384303075       -0.0362216151
        2.1439288816        0.9171706162       -0.0231395583
        1.4493555066        0.7883013308       -0.0304096798
        0.5946188857        0.3760945116       -0.0966732927
        0.3224773677        0.2338463810       -0.0979375229
        1.1627086846        0.6825692604       -0.0691355123
        2.0241717112        0.9051997921       -0.0136701379
        1.7603838361        0.8549078738       -0.0295133593
        1.1627086846        0.6507304527       -0.0454433160
        1.0499102431        0.6052863089       -0.0689173989
        1.5330399052        0.7974033339       -0.0356809103
        1.9615532493        0.8929572902       -0.0260106403
        1.8968687839        0.8851170555       -0.0221954475
        2.2013657161        0.9227122505       -0.0230741221
        1.8968687839        0.8811727163       -0.0419092496
        1.8298992368        0.8675996271       -0.0364386859
        2.1439288816        0.9099962826       -0.0350846687
        1.8298992368        0.8702328409       -0.0412109993
        1.2654925727        0.6983403693       -0.0547058314
        1.1627086846        0.6447240930       -0.0445549202
        1.6123868387        0.8241898612       -0.0428944331
        1.6880080817        0.8378455991       -0.0347562234
        1.0499102431        0.5883380352       -0.0468630352
        0.9234346496        0.5256011740       -0.0629596517
        1.4493555066        0.7689235919       -0.0379320197
        2.2013657161        0.9259859517       -0.0243066386
        1.9615532493        0.8888761089       -0.0382253558
        1.4493555066        0.7730875374       -0.0487362913
        1.3605335050        0.7352925945       -0.0432318215
        1.7603838361        0.8570431953       -0.0426741908
        2.1439288816        0.9193947426       -0.0356361764
        2.0849103297        0.9114667989       -0.0314192173
        1.9615532493        0.8934324562       -0.0415998748
        1.8968687839        0.8826423032       -0.0352427880
        2.2013657161        0.9196812590       -0.0344515617
        1.8298992368        0.8702770109       -0.0315455885
        1.7603838361        0.8592452594       -0.0245752404
        2.0849103297        0.9069371575       -0.0253234650
        2.0849103297        0.9094298561       -0.0384151668
        2.0241717112        0.9012479803       -0.0317130845
