#epsqw diagonal term
#1:q+G [au], 2:Re(eps-1), 3:Im(eps-1)
        1.9615532493        0.8793915260       -0.0134489147
        1.8968687839        0.8745608594       -0.0154368370
        2.2013657161        0.9116907764       -0.0126514394
        1.8298992368        0.8687694942       -0.0150979365
        1.7603838361        0.8578334319       -0.0205651833
        2.0849103297        0.9022786698       -0.0126593872
        2.0849103297        0.8982306036       -0.0130385448
        2.0241717112        0.8927341175       -0.0152121467
        1.8968687839        0.8704034021       -0.0132447196
        1.8298992368        0.8622446008       -0.0160889981
        2.1439288816        0.9062033615       -0.0129381226
        1.8298992368        0.8606958261       -0.0156324011
        1.2654925727        0.6958446610       -0.0252539121
        1.1627086846        0.6591095658       -0.0325189686
        1.6123868387        0.8117187477       -0.0181862688
        1.6880080817        0.8357777421       -0.0162006947
        1.0499102431        0.6049004111       -0.0446518384
        0.9234346496        0.5603958852       -0.0522786616
        1.4493555066        0.7654176866       -0.0212181345
        2.2013657161        0.9183366145       -0.0102638671
        1.9615532493        0.8840207234       -0.0149658791
        1.4493555066        0.7619238427       -0.0251682306
        1.3605335050        0.7360180372       -0.0338085222
        1.7603838361        0.8497200326       -0.0179990224
        2.1439288816        0.9045416046       -0.0131684554
        2.0849103297        0.9014232677       -0.0141478403
        2.1439288816        0.9069248407       -0.0102814543
        1.6880080817        0.8397502998       -0.0162734044
        1.6123868387        0.8238484365       -0.0237676287
        1.9615532493        0.8857463264       -0.0127482062
        1.6123868387        0.8166366556       -0.0154783550
        0.9234346496        0.5524991427       -0.0578926674
        0.7766283446        0.4719274664       -0.0747754774
        1.3605335050        0.7343014487       -0.0213489208
        2.1439288816        0.9124831684       -0.0116292773
        1.4493555066        0.7707384972       -0.0239140137
        0.5946188857        0.3814913925       -0.1028854178
        0.3224773677        0.2020955631       -0.1723285311
        1.1627086846        0.6522647700       -0.0297643839
        2.0241717112        0.9018750625       -0.0110658695
        1.7603838361        0.8516738735       -0.0147565857
        1.1627086846        0.6544184204       -0.0395012214
        1.0499102431        0.6048806802       -0.0575535810
        1.5330399052        0.7931950675       -0.0171255806
        1.9615532493        0.8901994821       -0.0131461171
        1.8968687839        0.8814313473       -0.0167076353
        2.2013657161        0.9158329578       -0.0108467341
        1.8968687839        0.8704446439       -0.0132719300
        1.8298992368        0.8622940914       -0.0160682436
        2.1439288816        0.9061821056       -0.0130054508
        1.8298992368        0.8606628869       -0.0156005011
        1.2654925727        0.6959767978       -0.0249460621
        1.1627086846        0.6589926324       -0.0326059756
        1.6123868387        0.8115031622       -0.0179825697
        1.6880080817        0.8357495206       -0.0160088203
        1.0499102431        0.6040057842       -0.0448170419
        0.9234346496        0.5594082465       -0.0523553135
        1.4493555066        0.7656132442       -0.0215406828
        2.2013657161        0.9182657802       -0.0104288149
        1.9615532493        0.8841383577       -0.0150746187
        1.4493555066        0.7616342105       -0.0247319350
        1.3605335050        0.7362920414       -0.0337878772
        1.7603838361        0.8495195548       -0.0182278505
        2.1439288816        0.9044323835       -0.0131289004
        2.0849103297        0.9013517403       -0.0144065636
        1.9615532493        0.8795184565       -0.0133875380
        1.8968687839        0.8745046713       -0.0152960570
        2.2013657161        0.9117369351       -0.0124620617
        1.8298992368        0.8687798478       -0.0147673915
        1.7603838361        0.8579812655       -0.0202253056
        2.0849103297        0.9022235211       -0.0123228412
        2.0849103297        0.8982462859       -0.0129158105
        2.0241717112        0.8930389759       -0.0149582467
