#epsqw diagonal term
#1:q+G [au], 2:Re(eps-1), 3:Im(eps-1)
        1.9615532493        0.8850635830       -0.0012865900
        1.8968687839        0.8771596738       -0.0013050407
        2.2013657161        0.9140854525       -0.0012390436
        1.8298992368        0.8679748007       -0.0008613138
        1.7603838361        0.8571744261       -0.0007832665
        2.0849103297        0.9046557100       -0.0007545989
        2.0849103297        0.9011375659       -0.0010896595
        2.0241717112        0.8954448769       -0.0009660326
        1.8968687839        0.8749784264       -0.0013104456
        1.8298992368        0.8646351157       -0.0012977940
        2.1439288816        0.9074599756       -0.0013114776
        1.8298992368        0.8626439518       -0.0016261610
        1.2654925727        0.7005905883       -0.0020448914
        1.1627086846        0.6557448972       -0.0020627711
        1.6123868387        0.8159958243       -0.0017962089
        1.6880080817        0.8359219246       -0.0013035071
        1.0499102431        0.6032923289       -0.0019185440
        0.9234346496        0.5466361170       -0.0019882308
        1.4493555066        0.7713095025       -0.0014964323
        2.2013657161        0.9173315245       -0.0008552945
        1.9615532493        0.8833311391       -0.0015001025
        1.4493555066        0.7666248480       -0.0017338935
        1.3605335050        0.7383957234       -0.0017473107
        1.7603838361        0.8497740197       -0.0016060349
        2.1439288816        0.9077016186       -0.0011416898
        2.0849103297        0.9029642474       -0.0010607081
        2.1439288816        0.9119785250       -0.0006462157
        1.6880080817        0.8385461749       -0.0009130442
        1.6123868387        0.8228446881       -0.0009173546
        1.9615532493        0.8887150904       -0.0007404528
        1.6123868387        0.8182773856       -0.0013347243
        0.9234346496        0.5390500178       -0.0021362133
        0.7766283446        0.4654989180       -0.0023070042
        1.3605335050        0.7418067430       -0.0015499332
        2.1439288816        0.9118088792       -0.0008674045
        1.4493555066        0.7803440957       -0.0011037758
        0.5946188857        0.3684432931       -0.0027343794
        0.3224773677        0.2258299093       -0.0033416309
        1.1627086846        0.6736416588       -0.0014978262
        2.0241717112        0.9029757006       -0.0005459799
        1.7603838361        0.8531614921       -0.0010556267
        1.1627086846        0.6584734184       -0.0016122046
        1.0499102431        0.6116868070       -0.0017368210
        1.5330399052        0.7992119366       -0.0012525031
        1.9615532493        0.8900175659       -0.0007630194
        1.8968687839        0.8829855688       -0.0006595304
        2.2013657161        0.9182073421       -0.0007188292
        1.8968687839        0.8749608595       -0.0012964514
        1.8298992368        0.8647098971       -0.0012782248
        2.1439288816        0.9075349561       -0.0013014774
        1.8298992368        0.8626032324       -0.0016067285
        1.2654925727        0.7004932547       -0.0020215581
        1.1627086846        0.6558091596       -0.0020450333
        1.6123868387        0.8159032278       -0.0018109864
        1.6880080817        0.8359867205       -0.0012829371
        1.0499102431        0.6033466984       -0.0019089027
        0.9234346496        0.5466040195       -0.0019984696
        1.4493555066        0.7713313523       -0.0014912707
        2.2013657161        0.9173363486       -0.0008534977
        1.9615532493        0.8834458442       -0.0014772209
        1.4493555066        0.7666237763       -0.0017232767
        1.3605335050        0.7384065383       -0.0017341985
        1.7603838361        0.8498493969       -0.0015903640
        2.1439288816        0.9076845389       -0.0011420230
        2.0849103297        0.9029989622       -0.0010498591
        1.9615532493        0.8851392016       -0.0012539602
        1.8968687839        0.8771869548       -0.0012875070
        2.2013657161        0.9140644041       -0.0012575459
        1.8298992368        0.8679747631       -0.0008581424
        1.7603838361        0.8571566305       -0.0007874567
        2.0849103297        0.9046571659       -0.0007572708
        2.0849103297        0.9011749354       -0.0010822872
        2.0241717112        0.8954173549       -0.0009749878
