#epsqw diagonal term
#1:q+G [au], 2:Re(eps-1), 3:Im(eps-1)
        1.9615532493        0.8857260027       -0.0375054905
        1.8968687839        0.8765376672       -0.0318372806
        2.2013657161        0.9146669610       -0.0305732046
        1.8298992368        0.8670538637       -0.0263293562
        1.7603838361        0.8557785585       -0.0233201549
        2.0849103297        0.9055005076       -0.0241963370
        2.0849103297        0.9006458590       -0.0349550090
        2.0241717112        0.8947297912       -0.0306580066
        1.8968687839        0.8733247031       -0.0376646400
        1.8298992368        0.8625527411       -0.0338116014
        2.1439288816        0.9059131849       -0.0301405887
        1.8298992368        0.8628206210       -0.0354337107
        1.2654925727        0.6892188101       -0.0503713271
        1.1627086846        0.6432797093       -0.0421513091
        1.6123868387        0.8178408498       -0.0417429880
        1.6880080817        0.8343539194       -0.0313944222
        1.0499102431        0.5898880074       -0.0483417985
        0.9234346496        0.5199876104       -0.0591566686
        1.4493555066        0.7690552197       -0.0366350816
        2.2013657161        0.9212426160       -0.0265138328
        1.9615532493        0.8826941139       -0.0336673835
        1.4493555066        0.7625826207       -0.0458015580
        1.3605335050        0.7327034521       -0.0398048556
        1.7603838361        0.8495261357       -0.0401390726
        2.1439288816        0.9113848384       -0.0357126221
        2.0849103297        0.9060985932       -0.0312922807
        2.1439288816        0.9075490413       -0.0200920167
        1.6880080817        0.8364413226       -0.0279253387
        1.6123868387        0.8223886436       -0.0258808473
        1.9615532493        0.8870327307       -0.0232145240
        1.6123868387        0.8166471747       -0.0320299853
        0.9234346496        0.5277711174       -0.0569797838
        0.7766283446        0.4411558851       -0.0764743324
        1.3605335050        0.7402320833       -0.0376662443
        2.1439288816        0.9137582986       -0.0221000278
        1.4493555066        0.7816002445       -0.0413373578
        0.5946188857        0.3649121170       -0.1144898584
        0.3224773677        0.2599334384       -0.1210116827
        1.1627086846        0.6590305476       -0.0756618647
        2.0241717112        0.9018866413       -0.0164815166
        1.7603838361        0.8513059760       -0.0290962091
        1.1627086846        0.6514980716       -0.0455399073
        1.0499102431        0.5923550580       -0.0635931098
        1.5330399052        0.7952762116       -0.0355234678
        1.9615532493        0.8904316752       -0.0224699065
        1.8968687839        0.8820782379       -0.0205598103
        2.2013657161        0.9202335034       -0.0237022484
        1.8968687839        0.8732421894       -0.0374922814
        1.8298992368        0.8624848360       -0.0339803141
        2.1439288816        0.9057667975       -0.0300416646
        1.8298992368        0.8630657174       -0.0357794903
        1.2654925727        0.6895773497       -0.0505546929
        1.1627086846        0.6428903542       -0.0418901255
        1.6123868387        0.8177776528       -0.0424709422
        1.6880080817        0.8343075576       -0.0315373231
        1.0499102431        0.5900646562       -0.0480377362
        0.9234346496        0.5200859413       -0.0598793057
        1.4493555066        0.7686767686       -0.0367091275
        2.2013657161        0.9212613543       -0.0263735883
        1.9615532493        0.8825043892       -0.0335516248
        1.4493555066        0.7627894626       -0.0458815776
        1.3605335050        0.7332213933       -0.0400132012
        1.7603838361        0.8489298846       -0.0396181066
        2.1439288816        0.9112179612       -0.0357399574
        2.0849103297        0.9056459315       -0.0313077746
        1.9615532493        0.8855201463       -0.0380032608
        1.8968687839        0.8764368563       -0.0319816900
        2.2013657161        0.9147911952       -0.0306584230
        1.8298992368        0.8672976690       -0.0264585596
        1.7603838361        0.8558143902       -0.0232839907
        2.0849103297        0.9054674433       -0.0244366177
        2.0849103297        0.9008037262       -0.0349771872
        2.0241717112        0.8948358311       -0.0309560712
