#epsqw diagonal term
#1:q+G [au], 2:Re(eps-1), 3:Im(eps-1)
        1.9615532493        1.0043344374       -0.0000139294
        1.8968687839        1.0047106056       -0.0000151627
        2.2013657161        1.0031431203       -0.0000097381
        1.8298992368        1.0051329290       -0.0000165754
        1.7603838361        1.0056085046       -0.0000180192
        2.0849103297        1.0036752008       -0.0000113662
        2.0849103297        1.0036753138       -0.0000115702
        2.0241717112        1.0039834999       -0.0000125366
        1.8968687839        1.0047129552       -0.0000153306
        1.8298992368        1.0051367530       -0.0000167399
        2.1439288816        1.0033926057       -0.0000105913
        1.8298992368        1.0051388089       -0.0000169875
        1.2654925727        1.0101983215       -0.0000396527
        1.1627086846        1.0114130973       -0.0000457408
        1.6123868387        1.0067700643       -0.0000236172
        1.6880080817        1.0061658316       -0.0000205929
        1.0499102431        1.0127864190       -0.0000532973
        0.9234346496        1.0143643620       -0.0000620208
        1.4493555066        1.0082929382       -0.0000296836
        2.2013657161        1.0031477890       -0.0000096796
        1.9615532493        1.0043233190       -0.0000139181
        1.4493555066        1.0082536286       -0.0000301378
        1.3605335050        1.0091834589       -0.0000341354
        1.7603838361        1.0056170015       -0.0000188719
        2.1439288816        1.0034011434       -0.0000106409
        2.0849103297        1.0036769322       -0.0000115116
        2.1439288816        1.0033960415       -0.0000102976
        1.6880080817        1.0061498917       -0.0000203647
        1.6123868387        1.0067657438       -0.0000222935
        1.9615532493        1.0043318406       -0.0000135837
        1.6123868387        1.0067713426       -0.0000229508
        0.9234346496        1.0143411329       -0.0000635451
        0.7766283446        1.0160414445       -0.0000751037
        1.3605335050        1.0091920960       -0.0000337404
        2.1439288816        1.0033990311       -0.0000105044
        1.4493555066        1.0082840088       -0.0000280886
        0.5946188857        1.0177454798       -0.0000919714
        0.3224773677        1.0191022012       -0.0001197206
        1.1627086846        1.0115000531       -0.0000431266
        2.0241717112        1.0039848963       -0.0000122228
        1.7603838361        1.0056312534       -0.0000184040
        1.1627086846        1.0114221569       -0.0000450319
        1.0499102431        1.0128301327       -0.0000515339
        1.5330399052        1.0075095073       -0.0000260732
        1.9615532493        1.0043230664       -0.0000136474
        1.8968687839        1.0047012173       -0.0000147558
        2.2013657161        1.0031410419       -0.0000095707
        1.8968687839        1.0047139381       -0.0000153335
        1.8298992368        1.0051375666       -0.0000167412
        2.1439288816        1.0033929131       -0.0000105911
        1.8298992368        1.0051400757       -0.0000169904
        1.2654925727        1.0102000485       -0.0000396589
        1.1627086846        1.0114131310       -0.0000457389
        1.6123868387        1.0067697866       -0.0000236167
        1.6880080817        1.0061665827       -0.0000205943
        1.0499102431        1.0127868695       -0.0000532960
        0.9234346496        1.0143630554       -0.0000620210
        1.4493555066        1.0082915699       -0.0000296821
        2.2013657161        1.0031469467       -0.0000096775
        1.9615532493        1.0043236514       -0.0000139182
        1.4493555066        1.0082529950       -0.0000301386
        1.3605335050        1.0091823631       -0.0000341346
        1.7603838361        1.0056154483       -0.0000188696
        2.1439288816        1.0034004242       -0.0000106395
        2.0849103297        1.0036761223       -0.0000115093
        1.9615532493        1.0043355137       -0.0000139316
        1.8968687839        1.0047113168       -0.0000151641
        2.2013657161        1.0031428337       -0.0000097366
        1.8298992368        1.0051332679       -0.0000165765
        1.7603838361        1.0056079967       -0.0000180180
        2.0849103297        1.0036742877       -0.0000113630
        2.0849103297        1.0036748652       -0.0000115685
        2.0241717112        1.0039824214       -0.0000125336
