#epsqw diagonal term
#1:q+G [au], 2:Re(eps-1), 3:Im(eps-1)
        1.9615532493        0.8521552387       -0.0661018532
        1.8968687839        0.8409279740       -0.0716492170
        2.2013657161        0.9040837364       -0.0434284466
        1.8298992368        0.8259047898       -0.0829164404
        1.7603838361        0.8104776458       -0.1004411689
        2.0849103297        0.8845367511       -0.0546980601
        2.0849103297        0.8823970218       -0.0524988758
        2.0241717112        0.8721047236       -0.0582823266
        1.8968687839        0.8429585231       -0.0702286287
        1.8298992368        0.8297894917       -0.0786827270
        2.1439288816        0.8964715893       -0.0490779115
        1.8298992368        0.8284311872       -0.0771601317
        1.2654925727        0.6380670662       -0.2011899433
        1.1627086846        0.5875940443       -0.2193565671
        1.6123868387        0.7629895762       -0.1176608616
        1.6880080817        0.7987265785       -0.0998098600
        1.0499102431        0.5495120374       -0.2528903400
        0.9234346496        0.5066467670       -0.2639024089
        1.4493555066        0.7147904401       -0.1455801613
        2.2013657161        0.8990966440       -0.0471607295
        1.9615532493        0.8607693568       -0.0665056238
        1.4493555066        0.7034901431       -0.1645040327
        1.3605335050        0.6750863670       -0.1710736084
        1.7603838361        0.8053092644       -0.0872308939
        2.1439288816        0.8873441235       -0.0489555151
        2.0849103297        0.8808114727       -0.0543297542
        2.1439288816        0.8938195356       -0.0524849086
        1.6880080817        0.7926393617       -0.1030768527
        1.6123868387        0.7680556127       -0.1270797702
        1.9615532493        0.8662379635       -0.0667029690
        1.6123868387        0.7680072829       -0.1187601321
        0.9234346496        0.5001249661       -0.2967522889
        0.7766283446        0.4558302225       -0.3086429782
        1.3605335050        0.6773506856       -0.1679523648
        2.1439288816        0.8885747037       -0.0518963162
        1.4493555066        0.7291714258       -0.1547022022
        0.5946188857        0.3947290328       -0.3884188317
        0.3224773677        0.3641848335       -0.4308933560
        1.1627086846        0.6064317126       -0.2204753221
        2.0241717112        0.8677497457       -0.0672130644
        1.7603838361        0.8244104516       -0.0906435052
        1.1627086846        0.6058577907       -0.2164272215
        1.0499102431        0.5644134897       -0.2278674726
        1.5330399052        0.7554998492       -0.1272298147
        1.9615532493        0.8508613289       -0.0690392266
        1.8968687839        0.8417859211       -0.0801536306
        2.2013657161        0.9008020033       -0.0471683468
        1.8968687839        0.8435324304       -0.0694581817
        1.8298992368        0.8299922187       -0.0791505225
        2.1439288816        0.8966851295       -0.0487519848
        1.8298992368        0.8286539424       -0.0768731450
        1.2654925727        0.6397093948       -0.1995445091
        1.1627086846        0.5864774459       -0.2204319429
        1.6123868387        0.7630354892       -0.1183178195
        1.6880080817        0.7986430255       -0.1001568442
        1.0499102431        0.5466899884       -0.2500062151
        0.9234346496        0.5083513006       -0.2632821335
        1.4493555066        0.7150705260       -0.1452052558
        2.2013657161        0.8987074595       -0.0473813625
        1.9615532493        0.8610334164       -0.0661853799
        1.4493555066        0.7040112229       -0.1642162202
        1.3605335050        0.6758380320       -0.1708932175
        1.7603838361        0.8059909418       -0.0874617892
        2.1439288816        0.8870708123       -0.0491889038
        2.0849103297        0.8801705514       -0.0546830333
        1.9615532493        0.8518888314       -0.0654376209
        1.8968687839        0.8408581617       -0.0714699860
        2.2013657161        0.9037172911       -0.0436528149
        1.8298992368        0.8254695203       -0.0832005029
        1.7603838361        0.8103281228       -0.0992196916
        2.0849103297        0.8842007518       -0.0550504492
        2.0849103297        0.8823280335       -0.0526889596
        2.0241717112        0.8718295204       -0.0584052584
