#epsqw diagonal term
#1:q+G [au], 2:Re(eps-1), 3:Im(eps-1)
        1.9615532493        0.8595851859       -0.1189385042
        1.8968687839        0.8409375132       -0.1327911712
        2.2013657161        0.9003472438       -0.0913834615
        1.8298992368        0.8228894979       -0.1474557033
        1.7603838361        0.7975792739       -0.1570413366
        2.0849103297        0.8846737634       -0.1117711488
        2.0849103297        0.8833221778       -0.1013108741
        2.0241717112        0.8747275501       -0.1148410776
        1.8968687839        0.8483967675       -0.1300315193
        1.8298992368        0.8304582421       -0.1373997207
        2.1439288816        0.8964378859       -0.1004363956
        1.8298992368        0.8357880053       -0.1431566320
        1.2654925727        0.6286280197       -0.2644324705
        1.1627086846        0.5529882207       -0.2969343874
        1.6123868387        0.7619181490       -0.1980447184
        1.6880080817        0.7865640661       -0.1577786348
        1.0499102431        0.5007469769       -0.3327282611
        0.9234346496        0.4714901093       -0.3359263689
        1.4493555066        0.6929230619       -0.2191293018
        2.2013657161        0.9053120845       -0.0977321964
        1.9615532493        0.8668977061       -0.1280501005
        1.4493555066        0.6934340701       -0.2348938346
        1.3605335050        0.6463932372       -0.2450536439
        1.7603838361        0.8104050559       -0.1708502239
        2.1439288816        0.8971130205       -0.0963468824
        2.0849103297        0.8860150209       -0.1116833749
        2.1439288816        0.8953995559       -0.1038006392
        1.6880080817        0.7704044284       -0.1732789261
        1.6123868387        0.7482797815       -0.1829551947
        1.9615532493        0.8625626533       -0.1250111667
        1.6123868387        0.7617705454       -0.1847293160
        0.9234346496        0.4851429096       -0.3975096444
        0.7766283446        0.4327195360       -0.3585345006
        1.3605335050        0.6487562079       -0.2498931599
        2.1439288816        0.8993547741       -0.1006083298
        1.4493555066        0.6948876143       -0.1853236788
        0.5946188857        0.3493991159       -0.3945142251
        0.3224773677        0.4111805528       -0.5320629709
        1.1627086846        0.5618030579       -0.2266922250
        2.0241717112        0.8801309526       -0.1141851998
        1.7603838361        0.8104852004       -0.1476161402
        1.1627086846        0.5426313428       -0.2833153383
        1.0499102431        0.5132722304       -0.2874326544
        1.5330399052        0.7248271322       -0.1893032553
        1.9615532493        0.8630801403       -0.1257600448
        1.8968687839        0.8441008498       -0.1362028678
        2.2013657161        0.8974791933       -0.0986111100
        1.8968687839        0.8475277436       -0.1295227198
        1.8298992368        0.8303702087       -0.1382975884
        2.1439288816        0.8954749299       -0.1012389235
        1.8298992368        0.8354648611       -0.1439205866
        1.2654925727        0.6282332290       -0.2648015098
        1.1627086846        0.5531225631       -0.2981480520
        1.6123868387        0.7620066327       -0.1986966222
        1.6880080817        0.7868106346       -0.1583035289
        1.0499102431        0.5018451325       -0.3321716124
        0.9234346496        0.4731935570       -0.3373352027
        1.4493555066        0.6932878519       -0.2201517972
        2.2013657161        0.9051629872       -0.0979048450
        1.9615532493        0.8664568849       -0.1281383945
        1.4493555066        0.6926554861       -0.2357535639
        1.3605335050        0.6492135852       -0.2457690916
        1.7603838361        0.8113497450       -0.1712460527
        2.1439288816        0.8976024384       -0.0954038314
        2.0849103297        0.8862737422       -0.1111575581
        1.9615532493        0.8596284379       -0.1194573480
        1.8968687839        0.8415752305       -0.1336188322
        2.2013657161        0.9005366863       -0.0907636326
        1.8298992368        0.8229946485       -0.1485618292
        1.7603838361        0.7956823541       -0.1580836336
        2.0849103297        0.8849543033       -0.1110375578
        2.0849103297        0.8835882333       -0.1009845801
        2.0241717112        0.8751503239       -0.1148719293
