#epsqw diagonal term
#1:q+G [au], 2:Re(eps-1), 3:Im(eps-1)
        1.9615532493        0.8964696950       -0.0277578782
        1.8968687839        0.8841682602       -0.0307273206
        2.2013657161        0.9297880866       -0.0246231634
        1.8298992368        0.8708254285       -0.0284374221
        1.7603838361        0.8535805486       -0.0263653489
        2.0849103297        0.9137689332       -0.0252935323
        2.0849103297        0.9145917563       -0.0267972024
        2.0241717112        0.9057995155       -0.0277286885
        1.8968687839        0.8857341600       -0.0295728388
        1.8298992368        0.8712343741       -0.0326170789
        2.1439288816        0.9245150087       -0.0253260575
        1.8298992368        0.8754128694       -0.0285559022
        1.2654925727        0.6753321065       -0.0595512368
        1.1627086846        0.6153617573       -0.0773734057
        1.6123868387        0.8190165787       -0.0284032656
        1.6880080817        0.8396489703       -0.0353270924
        1.0499102431        0.5444942790       -0.0913511984
        0.9234346496        0.4878716758       -0.1299461442
        1.4493555066        0.7631392937       -0.0401928494
        2.2013657161        0.9280879597       -0.0235559473
        1.9615532493        0.8993561682       -0.0267663236
        1.4493555066        0.7565771323       -0.0380621599
        1.3605335050        0.7236138917       -0.0470356544
        1.7603838361        0.8604713213       -0.0259299200
        2.1439288816        0.9229211423       -0.0261470413
        2.0849103297        0.9151028787       -0.0260656551
        2.1439288816        0.9177082160       -0.0249740760
        1.6880080817        0.8371058757       -0.0315740661
        1.6123868387        0.8122903105       -0.0329783732
        1.9615532493        0.8936633378       -0.0293576446
        1.6123868387        0.8191398034       -0.0368455341
        0.9234346496        0.4549962858       -0.1098272158
        0.7766283446        0.3818547722       -0.1656816916
        1.3605335050        0.7229408586       -0.0473310923
        2.1439288816        0.9224660407       -0.0273030037
        1.4493555066        0.7623064756       -0.0484552879
        0.5946188857        0.2433167872       -0.1995835711
        0.3224773677        0.0425832973       -0.3996416423
        1.1627086846        0.6612594333       -0.0639823735
        2.0241717112        0.9020927608       -0.0309962609
        1.7603838361        0.8556965394       -0.0321902846
        1.1627086846        0.6139378345       -0.0689163529
        1.0499102431        0.5749691342       -0.0911399842
        1.5330399052        0.7942050953       -0.0348307789
        1.9615532493        0.8957704129       -0.0257564654
        1.8968687839        0.8855897815       -0.0247833371
        2.2013657161        0.9284517398       -0.0211823802
        1.8968687839        0.8859569389       -0.0295877631
        1.8298992368        0.8713687814       -0.0326628262
        2.1439288816        0.9243391041       -0.0251929686
        1.8298992368        0.8756374234       -0.0284736693
        1.2654925727        0.6756118020       -0.0588953670
        1.1627086846        0.6152311677       -0.0769677058
        1.6123868387        0.8190511701       -0.0283083424
        1.6880080817        0.8393621480       -0.0352142397
        1.0499102431        0.5434741290       -0.0917053097
        0.9234346496        0.4874636776       -0.1293916853
        1.4493555066        0.7628938182       -0.0399511841
        2.2013657161        0.9282348467       -0.0235501658
        1.9615532493        0.8991849468       -0.0267082250
        1.4493555066        0.7570435520       -0.0386291363
        1.3605335050        0.7237083107       -0.0468674953
        1.7603838361        0.8599262957       -0.0261122044
        2.1439288816        0.9229173224       -0.0259141897
        2.0849103297        0.9151221406       -0.0259437601
        1.9615532493        0.8964739608       -0.0278916317
        1.8968687839        0.8843329796       -0.0304994526
        2.2013657161        0.9298466764       -0.0245518747
        1.8298992368        0.8709755689       -0.0280414153
        1.7603838361        0.8535107783       -0.0261936532
        2.0849103297        0.9139828498       -0.0253202443
        2.0849103297        0.9144164414       -0.0266392427
        2.0241717112        0.9059920026       -0.0275953300
