#epsqw diagonal term
#1:q+G [au], 2:Re(eps-1), 3:Im(eps-1)
        1.9615532493        0.8789076781       -0.0138251836
        1.8968687839        0.8709684303       -0.0159885461
        2.2013657161        0.9100924327       -0.0135848578
        1.8298992368        0.8634010465       -0.0184569279
        1.7603838361        0.8491390973       -0.0183939511
        2.0849103297        0.8992743371       -0.0131032887
        2.0849103297        0.8967319209       -0.0144716816
        2.0241717112        0.8893545278       -0.0149794063
        1.8968687839        0.8702554854       -0.0138552325
        1.8298992368        0.8586795864       -0.0155430322
        2.1439288816        0.9050400469       -0.0134347918
        1.8298992368        0.8596850844       -0.0158185204
        1.2654925727        0.6904486398       -0.0258085420
        1.1627086846        0.6440063197       -0.0362634619
        1.6123868387        0.8103835499       -0.0175216125
        1.6880080817        0.8324628705       -0.0171267738
        1.0499102431        0.5874435559       -0.0411904776
        0.9234346496        0.5290448750       -0.0605966213
        1.4493555066        0.7631027116       -0.0199897774
        2.2013657161        0.9176665018       -0.0129289705
        1.9615532493        0.8817416075       -0.0162644635
        1.4493555066        0.7566013724       -0.0228628261
        1.3605335050        0.7234526156       -0.0292865588
        1.7603838361        0.8463491351       -0.0193051782
        2.1439288816        0.9037774977       -0.0136608058
        2.0849103297        0.8988280336       -0.0146814575
        2.1439288816        0.9068643312       -0.0089158839
        1.6880080817        0.8350653054       -0.0186828710
        1.6123868387        0.8168510797       -0.0189358252
        1.9615532493        0.8832559995       -0.0127125554
        1.6123868387        0.8163363657       -0.0162695056
        0.9234346496        0.5134000057       -0.0598170266
        0.7766283446        0.4336841698       -0.0650917670
        1.3605335050        0.7330703195       -0.0202769428
        2.1439288816        0.9116600316       -0.0132609485
        1.4493555066        0.7699111346       -0.0185358654
        0.5946188857        0.3214802591       -0.0997359204
        0.3224773677        0.1439946151       -0.1362285985
        1.1627086846        0.6541396894       -0.0243189081
        2.0241717112        0.8988374865       -0.0101617306
        1.7603838361        0.8497527984       -0.0157310240
        1.1627086846        0.6434488285       -0.0333472382
        1.0499102431        0.5865698266       -0.0407645550
        1.5330399052        0.7926069499       -0.0165489725
        1.9615532493        0.8881832786       -0.0151353384
        1.8968687839        0.8773517058       -0.0137380349
        2.2013657161        0.9146370696       -0.0110651662
        1.8968687839        0.8703228924       -0.0139832254
        1.8298992368        0.8584991728       -0.0153819458
        2.1439288816        0.9049351567       -0.0134561472
        1.8298992368        0.8598732686       -0.0157777582
        1.2654925727        0.6910237046       -0.0257592393
        1.1627086846        0.6441758924       -0.0357170527
        1.6123868387        0.8106975158       -0.0175048328
        1.6880080817        0.8323028288       -0.0170542961
        1.0499102431        0.5873133810       -0.0400041478
        0.9234346496        0.5289758866       -0.0582147561
        1.4493555066        0.7626117038       -0.0200058050
        2.2013657161        0.9174378095       -0.0129381139
        1.9615532493        0.8817434741       -0.0163410388
        1.4493555066        0.7570960005       -0.0228588208
        1.3605335050        0.7232815389       -0.0289608034
        1.7603838361        0.8460293272       -0.0191591909
        2.1439288816        0.9038305238       -0.0137496295
        2.0849103297        0.8986526465       -0.0146136388
        1.9615532493        0.8789601436       -0.0139561026
        1.8968687839        0.8712754504       -0.0160578296
        2.2013657161        0.9104416776       -0.0135990189
        1.8298992368        0.8637135564       -0.0185425053
        1.7603838361        0.8493696730       -0.0186566582
        2.0849103297        0.8996652720       -0.0129848967
        2.0849103297        0.8970100099       -0.0145087560
        2.0241717112        0.8897291100       -0.0149912827
