#epsqw diagonal term
#1:q+G [au], 2:Re(eps-1), 3:Im(eps-1)
        1.9615532493        0.8874933984       -0.0006079422
        1.8968687839        0.8794710664       -0.0006096746
        2.2013657161        0.9163899937       -0.0005150049
        1.8298992368        0.8699600760       -0.0006109827
        1.7603838361        0.8589608587       -0.0006120660
        2.0849103297        0.9063658060       -0.0004913542
        2.0849103297        0.9033903865       -0.0005547516
        2.0241717112        0.8974848965       -0.0005455346
        1.8968687839        0.8776407543       -0.0006469924
        1.8298992368        0.8672539377       -0.0006601283
        2.1439288816        0.9101324806       -0.0005538202
        1.8298992368        0.8658979573       -0.0007113510
        1.2654925727        0.7049335867       -0.0011746915
        1.1627086846        0.6603269157       -0.0012842761
        1.6123868387        0.8195006321       -0.0008434758
        1.6880080817        0.8388275824       -0.0007503839
        1.0499102431        0.6081930612       -0.0014301704
        0.9234346496        0.5521828795       -0.0016021524
        1.4493555066        0.7746441121       -0.0009350574
        2.2013657161        0.9193627017       -0.0004754161
        1.9615532493        0.8864361886       -0.0006515335
        1.4493555066        0.7702624880       -0.0009839191
        1.3605335050        0.7420813796       -0.0010448997
        1.7603838361        0.8530802232       -0.0007542764
        2.1439288816        0.9101246039       -0.0005465109
        2.0849103297        0.9052087237       -0.0005390534
        2.1439288816        0.9134140095       -0.0004490687
        1.6880080817        0.8407544170       -0.0007056500
        1.6123868387        0.8250980068       -0.0007416332
        1.9615532493        0.8904104038       -0.0005349182
        1.6123868387        0.8210764414       -0.0007918188
        0.9234346496        0.5447890084       -0.0016149441
        0.7766283446        0.4724106218       -0.0018359592
        1.3605335050        0.7451378559       -0.0010096637
        2.1439288816        0.9137627456       -0.0004869060
        1.4493555066        0.7829400674       -0.0008791904
        0.5946188857        0.3776063412       -0.0021408196
        0.3224773677        0.2390033934       -0.0025149818
        1.1627086846        0.6773698739       -0.0012351311
        2.0241717112        0.9042149242       -0.0004389579
        1.7603838361        0.8554704884       -0.0006699838
        1.1627086846        0.6625510410       -0.0012729387
        1.0499102431        0.6163700406       -0.0014364075
        1.5330399052        0.8019351830       -0.0008277723
        1.9615532493        0.8918911824       -0.0005440586
        1.8968687839        0.8845674225       -0.0005298846
        2.2013657161        0.9198222055       -0.0004450987
        1.8968687839        0.8776192578       -0.0006472095
        1.8298992368        0.8672936790       -0.0006580198
        2.1439288816        0.9101838194       -0.0005521667
        1.8298992368        0.8658616358       -0.0007124437
        1.2654925727        0.7048486673       -0.0011767495
        1.1627086846        0.6603694653       -0.0012829596
        1.6123868387        0.8194390977       -0.0008454676
        1.6880080817        0.8388613174       -0.0007485402
        1.0499102431        0.6082369577       -0.0014291549
        0.9234346496        0.5521688448       -0.0016028509
        1.4493555066        0.7746532677       -0.0009343188
        2.2013657161        0.9193615442       -0.0004752454
        1.9615532493        0.8865139190       -0.0006488112
        1.4493555066        0.7702557864       -0.0009838846
        1.3605335050        0.7420761796       -0.0010444540
        1.7603838361        0.8531171231       -0.0007519055
        2.1439288816        0.9101082177       -0.0005470899
        2.0849103297        0.9052221221       -0.0005383407
        1.9615532493        0.8875354835       -0.0006063356
        1.8968687839        0.8794803327       -0.0006087830
        2.2013657161        0.9163922959       -0.0005158002
        1.8298992368        0.8699577755       -0.0006109175
        1.7603838361        0.8589477544       -0.0006123726
        2.0849103297        0.9063703351       -0.0004916180
        2.0849103297        0.9034170859       -0.0005541864
        2.0241717112        0.8974670035       -0.0005464082
