#epsqw diagonal term
#1:q+G [au], 2:Re(eps-1), 3:Im(eps-1)
        1.9615532493        0.8969012581       -0.0242355982
        1.8968687839        0.8826100800       -0.0237318781
        2.2013657161        0.9292540878       -0.0245115564
        1.8298992368        0.8680531386       -0.0218994788
        1.7603838361        0.8529307958       -0.0202374606
        2.0849103297        0.9097579612       -0.0240127718
        2.0849103297        0.9133314835       -0.0250516405
        2.0241717112        0.9008986469       -0.0243050117
        1.8968687839        0.8856583864       -0.0271200230
        1.8298992368        0.8707409609       -0.0259713053
        2.1439288816        0.9237973882       -0.0278522109
        1.8298992368        0.8742908267       -0.0288122040
        1.2654925727        0.6877706157       -0.0429323273
        1.1627086846        0.6246583740       -0.0549888572
        1.6123868387        0.8273172468       -0.0269759126
        1.6880080817        0.8379170961       -0.0303998203
        1.0499102431        0.5633448193       -0.0620757149
        0.9234346496        0.4970706081       -0.0918714237
        1.4493555066        0.7719073688       -0.0361665686
        2.2013657161        0.9259143520       -0.0221195169
        1.9615532493        0.8970593898       -0.0302644186
        1.4493555066        0.7657885141       -0.0307172089
        1.3605335050        0.7309608167       -0.0394623884
        1.7603838361        0.8656583937       -0.0259888184
        2.1439288816        0.9197254443       -0.0235085887
        2.0849103297        0.9105315797       -0.0231306251
        2.1439288816        0.9153539551       -0.0244607348
        1.6880080817        0.8359863524       -0.0239180171
        1.6123868387        0.8155060721       -0.0209852658
        1.9615532493        0.8932160341       -0.0263824969
        1.6123868387        0.8144794212       -0.0306639384
        0.9234346496        0.4873587891       -0.0717563448
        0.7766283446        0.3984659395       -0.1195766436
        1.3605335050        0.7357573353       -0.0385640999
        2.1439288816        0.9176906398       -0.0241776171
        1.4493555066        0.7684125601       -0.0290415317
        0.5946188857        0.3030285252       -0.1188978224
        0.3224773677        0.0971821702       -0.1688227561
        1.1627086846        0.6667204366       -0.0574305776
        2.0241717112        0.8930365654       -0.0207508463
        1.7603838361        0.8554837106       -0.0307444540
        1.1627086846        0.6349266823       -0.0482855704
        1.0499102431        0.5860187686       -0.0715214817
        1.5330399052        0.8028001583       -0.0326965334
        1.9615532493        0.8920110243       -0.0225142281
        1.8968687839        0.8797938695       -0.0221481329
        2.2013657161        0.9252016233       -0.0216587989
        1.8968687839        0.8857944247       -0.0270702514
        1.8298992368        0.8704446887       -0.0261107129
        2.1439288816        0.9236402194       -0.0278916595
        1.8298992368        0.8743278685       -0.0288734135
        1.2654925727        0.6884340441       -0.0435781025
        1.1627086846        0.6238310978       -0.0552140435
        1.6123868387        0.8272509502       -0.0271418851
        1.6880080817        0.8378598231       -0.0304459159
        1.0499102431        0.5630085785       -0.0620437759
        0.9234346496        0.4958331393       -0.0913979655
        1.4493555066        0.7719852475       -0.0361728689
        2.2013657161        0.9261872169       -0.0222061320
        1.9615532493        0.8974752133       -0.0299874039
        1.4493555066        0.7659037940       -0.0303683729
        1.3605335050        0.7310474064       -0.0390588897
        1.7603838361        0.8659091530       -0.0263139897
        2.1439288816        0.9201609628       -0.0236061685
        2.0849103297        0.9109936448       -0.0232763749
        1.9615532493        0.8969468559       -0.0242674025
        1.8968687839        0.8825565898       -0.0238276345
        2.2013657161        0.9294068213       -0.0245262633
        1.8298992368        0.8680583233       -0.0218552052
        1.7603838361        0.8531771059       -0.0201790973
        2.0849103297        0.9100758420       -0.0239797782
        2.0849103297        0.9136038640       -0.0251282869
        2.0241717112        0.9014014815       -0.0243017701
