#epsqw diagonal term
#1:q+G [au], 2:Re(eps-1), 3:Im(eps-1)
        1.9240849348        0.8825830267       -0.0005978607
        1.9240849348        0.8826194900       -0.0005967119
        2.1680458257        0.9158913748       -0.0004449225
        1.7896767594        0.8638290998       -0.0006043887
        1.7896767594        0.8638217052       -0.0006048968
        2.1680458257        0.9158797620       -0.0004449226
        2.0496982142        0.9000141960       -0.0005357524
        2.0496982142        0.9000187936       -0.0005358754
        2.2248601459        0.9188153025       -0.0004982706
        1.8580965717        0.8721192517       -0.0006322059
        1.8580965717        0.8720607158       -0.0006337955
        2.2248601459        0.9187673448       -0.0005000374
        1.7185351136        0.8448811419       -0.0007488338
        1.2065998251        0.6802231466       -0.0012137646
        1.2065998251        0.6802066488       -0.0012140343
        1.7185351136        0.8448766674       -0.0007486687
        1.5665896092        0.8094804789       -0.0008198191
        0.9781222852        0.5740371569       -0.0015102693
        0.9781222852        0.5740491368       -0.0015101382
        1.5665896092        0.8094928453       -0.0008193532
        1.8580965717        0.8708448077       -0.0006799309
        1.3982285474        0.7542365062       -0.0010002964
        1.3982285474        0.7542285384       -0.0010006152
        1.8580965717        0.8708926447       -0.0006787477
        2.1097020490        0.9071162773       -0.0005284040
        2.1097020490        0.9071186122       -0.0005285140
        2.0496982142        0.9028071759       -0.0004752880
        1.6443183908        0.8318886629       -0.0007176773
        1.6443183908        0.8318839605       -0.0007176829
        2.0496982142        0.9028146682       -0.0004756404
        1.4847973051        0.7851580806       -0.0008852226
        0.8409180925        0.5023263168       -0.0017084912
        0.8409180925        0.5022856464       -0.0017088300
        1.4847973051        0.7851396478       -0.0008860488
        2.1680458257        0.9211282775       -0.0003617729
        1.3059338055        0.7357640480       -0.0010252488
        0.4560518670        0.3038718854       -0.0023109656
        0.4560518670        0.3038566033       -0.0023126602
        1.3059338055        0.7357580283       -0.0010255839
        2.1680458257        0.9211228852       -0.0003618948
        1.6443183908        0.8301975755       -0.0007330975
        1.0983183379        0.6342637303       -0.0013512422
        1.0983183379        0.6342766619       -0.0013510161
        1.6443183908        0.8301882457       -0.0007330453
        1.9240849348        0.8870173092       -0.0005373093
        1.9240849348        0.8870293022       -0.0005371211
        2.2248601459        0.9187971009       -0.0004988447
        1.8580965717        0.8721132458       -0.0006317547
        1.8580965717        0.8721082700       -0.0006319108
        2.2248601459        0.9187909880       -0.0004994693
        1.7185351136        0.8448456164       -0.0007501091
        1.2065998251        0.6801849394       -0.0012141729
        1.2065998251        0.6802274633       -0.0012133766
        1.7185351136        0.8447948126       -0.0007511713
        1.5665896092        0.8095133468       -0.0008185300
        0.9781222852        0.5740690444       -0.0015097354
        0.9781222852        0.5740384885       -0.0015101441
        1.5665896092        0.8095027530       -0.0008192065
        1.8580965717        0.8709110037       -0.0006778212
        1.3982285474        0.7542270676       -0.0010002435
        1.3982285474        0.7542356810       -0.0009998755
        1.8580965717        0.8709180340       -0.0006773043
        2.1097020490        0.9071090812       -0.0005285825
        2.1097020490        0.9071368298       -0.0005277261
        1.9240849348        0.8826162512       -0.0005967170
        1.9240849348        0.8826265515       -0.0005962131
        2.1680458257        0.9158895342       -0.0004445246
        1.7896767594        0.8638190417       -0.0006048932
        1.7896767594        0.8638165819       -0.0006048686
        2.1680458257        0.9158863921       -0.0004451846
        2.0496982142        0.9000327442       -0.0005355980
        2.0496982142        0.8999941497       -0.0005366850
