#epsqw diagonal term
#1:q+G [au], 2:Re(eps-1), 3:Im(eps-1)
        1.9240849348        1.0091906958       -0.0000322408
        1.9240849348        1.0091911060       -0.0000322402
        2.1680458257        1.0066915541       -0.0000224452
        1.7896767594        1.0108692749       -0.0000381169
        1.7896767594        1.0108705902       -0.0000381203
        2.1680458257        1.0066933123       -0.0000224519
        2.0496982142        1.0078138412       -0.0000269573
        2.0496982142        1.0078148283       -0.0000269596
        2.2248601459        1.0062051045       -0.0000210468
        1.8580965717        1.0100016233       -0.0000354839
        1.8580965717        1.0100010730       -0.0000354847
        2.2248601459        1.0062044262       -0.0000210448
        1.7185351136        1.0119097360       -0.0000436754
        1.2065998251        1.0215558972       -0.0000904535
        1.2065998251        1.0215553418       -0.0000904509
        1.7185351136        1.0119101563       -0.0000436772
        1.5665896092        1.0143803219       -0.0000534057
        0.9781222852        1.0269853638       -0.0001212473
        0.9781222852        1.0269877407       -0.0001212461
        1.5665896092        1.0143827836       -0.0000534100
        1.8580965717        1.0099864875       -0.0000356559
        1.3982285474        1.0174744546       -0.0000689266
        1.3982285474        1.0174768790       -0.0000689323
        1.8580965717        1.0099897271       -0.0000356629
        2.1097020490        1.0072280115       -0.0000248213
        2.1097020490        1.0072289724       -0.0000248240
        2.0496982142        1.0078226015       -0.0000264456
        1.6443183908        1.0130278714       -0.0000466504
        1.6443183908        1.0130264761       -0.0000466474
        2.0496982142        1.0078205826       -0.0000264376
        1.4847973051        1.0158250542       -0.0000596823
        0.8409180925        1.0301448070       -0.0001449121
        0.8409180925        1.0301423978       -0.0001449114
        1.4847973051        1.0158229191       -0.0000596793
        2.1680458257        1.0066995574       -0.0000222788
        1.3059338055        1.0195240641       -0.0000741820
        0.4560518670        1.0364631883       -0.0002163195
        0.4560518670        1.0364643818       -0.0002162990
        1.3059338055        1.0195240848       -0.0000741815
        2.1680458257        1.0066995979       -0.0000222795
        1.6443183908        1.0131078945       -0.0000475918
        1.0983183379        1.0241429771       -0.0001022051
        1.0983183379        1.0241446628       -0.0001022043
        1.6443183908        1.0131097913       -0.0000475974
        1.9240849348        1.0091629922       -0.0000315399
        1.9240849348        1.0091639728       -0.0000315431
        2.2248601459        1.0062067419       -0.0000210510
        1.8580965717        1.0100039506       -0.0000354917
        1.8580965717        1.0100025389       -0.0000354878
        2.2248601459        1.0062044310       -0.0000210445
        1.7185351136        1.0119124203       -0.0000436837
        1.2065998251        1.0215593057       -0.0000904609
        1.2065998251        1.0215558041       -0.0000904498
        1.7185351136        1.0119087610       -0.0000436764
        1.5665896092        1.0143821841       -0.0000534083
        0.9781222852        1.0269861728       -0.0001212440
        0.9781222852        1.0269848867       -0.0001212471
        1.5665896092        1.0143798994       -0.0000534037
        1.8580965717        1.0099870564       -0.0000356557
        1.3982285474        1.0174731591       -0.0000689272
        1.3982285474        1.0174730683       -0.0000689253
        1.8580965717        1.0099872199       -0.0000356567
        2.1097020490        1.0072266839       -0.0000248174
        2.1097020490        1.0072270171       -0.0000248180
        1.9240849348        1.0091927455       -0.0000322459
        1.9240849348        1.0091915459       -0.0000322417
        2.1680458257        1.0066929888       -0.0000224508
        1.7896767594        1.0108696193       -0.0000381183
        1.7896767594        1.0108687024       -0.0000381162
        2.1680458257        1.0066912913       -0.0000224446
        2.0496982142        1.0078126902       -0.0000269529
        2.0496982142        1.0078123496       -0.0000269528
