#epsqw diagonal term
#1:q+G [au], 2:Re(eps-1), 3:Im(eps-1)
        1.9240849348        0.8760461172       -0.0033879096
        1.9240849348        0.8760217718       -0.0033745051
        2.1680458257        0.9107956971       -0.0024900632
        1.7896767594        0.8560073208       -0.0026710338
        1.7896767594        0.8559387040       -0.0026997131
        2.1680458257        0.9108176607       -0.0024859850
        2.0496982142        0.8937072712       -0.0033478336
        2.0496982142        0.8936632314       -0.0033226288
        2.2248601459        0.9139340828       -0.0053611992
        1.8580965717        0.8660247522       -0.0050346659
        1.8580965717        0.8659944373       -0.0051363454
        2.2248601459        0.9139724573       -0.0055441782
        1.7185351136        0.8376311178       -0.0072282846
        1.2065998251        0.6660792359       -0.0082758457
        1.2065998251        0.6660085901       -0.0083140458
        1.7185351136        0.8376259154       -0.0073595833
        1.5665896092        0.8009612404       -0.0069229689
        0.9781222852        0.5525831890       -0.0077205812
        0.9781222852        0.5524887515       -0.0077155653
        1.5665896092        0.8010392689       -0.0068888179
        1.8580965717        0.8639313001       -0.0072433920
        1.3982285474        0.7437261617       -0.0059496117
        1.3982285474        0.7435832946       -0.0059041486
        1.8580965717        0.8639355887       -0.0070497703
        2.1097020490        0.9011112532       -0.0042973408
        2.1097020490        0.9010537900       -0.0042871441
        2.0496982142        0.8968441946       -0.0021517208
        1.6443183908        0.8213701358       -0.0033905452
        1.6443183908        0.8213793410       -0.0033935884
        2.0496982142        0.8968474588       -0.0021852667
        1.4847973051        0.7744533489       -0.0050743162
        0.8409180925        0.4756748618       -0.0090276229
        0.8409180925        0.4756940140       -0.0088633296
        1.4847973051        0.7744386399       -0.0051694656
        2.1680458257        0.9169164654       -0.0014628103
        1.3059338055        0.7229045188       -0.0039387272
        0.4560518670        0.2543278907       -0.0144813280
        0.4560518670        0.2541959326       -0.0147006172
        1.3059338055        0.7228575334       -0.0039855633
        2.1680458257        0.9169059431       -0.0014764181
        1.6443183908        0.8211732528       -0.0044843889
        1.0983183379        0.6148130060       -0.0054084115
        1.0983183379        0.6148209621       -0.0054602890
        1.6443183908        0.8211257918       -0.0044460425
        1.9240849348        0.8790787857       -0.0027043745
        1.9240849348        0.8791065071       -0.0027723510
        2.2248601459        0.9138724395       -0.0054153869
        1.8580965717        0.8659339963       -0.0050511035
        1.8580965717        0.8660201509       -0.0050778591
        2.2248601459        0.9139618901       -0.0055283044
        1.7185351136        0.8375376337       -0.0073124857
        1.2065998251        0.6658726043       -0.0083074960
        1.2065998251        0.6660342348       -0.0083378787
        1.7185351136        0.8374856411       -0.0074988258
        1.5665896092        0.8010437634       -0.0067992964
        0.9781222852        0.5525283821       -0.0076338643
        0.9781222852        0.5525023643       -0.0077328789
        1.5665896092        0.8010759841       -0.0068903282
        1.8580965717        0.8640506546       -0.0070785046
        1.3982285474        0.7436303537       -0.0059488728
        1.3982285474        0.7436414157       -0.0058706901
        1.8580965717        0.8640432454       -0.0069534948
        2.1097020490        0.9010388292       -0.0043199287
        2.1097020490        0.9010362623       -0.0042991876
        1.9240849348        0.8760016301       -0.0033720126
        1.9240849348        0.8760595278       -0.0033912457
        2.1680458257        0.9107818362       -0.0024723620
        1.7896767594        0.8558972036       -0.0026951383
        1.7896767594        0.8559506958       -0.0026721873
        2.1680458257        0.9107936207       -0.0025149316
        2.0496982142        0.8936724958       -0.0033005562
        2.0496982142        0.8936612305       -0.0033414551
