#epsqw diagonal term
#1:q+G [au], 2:Re(eps-1), 3:Im(eps-1)
        1.9240849348        1.0275490782       -0.0020832514
        1.9240849348        1.0275347795       -0.0020693117
        2.1680458257        1.0210030410       -0.0026126553
        1.7896767594        1.0316557660       -0.0016214452
        1.7896767594        1.0316326630       -0.0016089591
        2.1680458257        1.0209484369       -0.0025484646
        2.0496982142        1.0240030429       -0.0023968428
        2.0496982142        1.0239915687       -0.0023560540
        2.2248601459        1.0196552368       -0.0026891142
        1.8580965717        1.0298611710       -0.0021651579
        1.8580965717        1.0298592514       -0.0021651741
        2.2248601459        1.0196629617       -0.0026910349
        1.7185351136        1.0349106662       -0.0019522555
        1.2065998251        1.0582423240       -0.0014927859
        1.2065998251        1.0582441804       -0.0014923437
        1.7185351136        1.0349036380       -0.0019466467
        1.5665896092        1.0409625403       -0.0018388257
        0.9781222852        1.0713903367       -0.0016443440
        0.9781222852        1.0714079574       -0.0016240858
        1.5665896092        1.0409419865       -0.0018285795
        1.8580965717        1.0299674200       -0.0021718091
        1.3982285474        1.0485975324       -0.0016283046
        1.3982285474        1.0485909451       -0.0016176669
        1.8580965717        1.0299418116       -0.0021125800
        2.1097020490        1.0222169393       -0.0023769410
        2.1097020490        1.0222170776       -0.0023347964
        2.0496982142        1.0240814298       -0.0026366138
        1.6443183908        1.0372539681       -0.0015258811
        1.6443183908        1.0372679235       -0.0015285332
        2.0496982142        1.0241352704       -0.0026666193
        1.4847973051        1.0444498478       -0.0017110282
        0.8409180925        1.0787609116       -0.0018548549
        0.8409180925        1.0787203170       -0.0018815599
        1.4847973051        1.0444738163       -0.0017083245
        2.1680458257        1.0202150289       -0.0018172834
        1.3059338055        1.0535126532       -0.0012167644
        0.4560518670        1.0930388497       -0.0026544568
        0.4560518670        1.0930899817       -0.0026096170
        1.3059338055        1.0535112441       -0.0012171552
        2.1680458257        1.0202108981       -0.0018119323
        1.6443183908        1.0378480778       -0.0020451845
        1.0983183379        1.0645857267       -0.0015045182
        1.0983183379        1.0645942516       -0.0015003045
        1.6443183908        1.0378069306       -0.0020436400
        1.9240849348        1.0271232915       -0.0017827334
        1.9240849348        1.0271098605       -0.0017725062
        2.2248601459        1.0196448785       -0.0025883079
        1.8580965717        1.0298326811       -0.0021216357
        1.8580965717        1.0298371838       -0.0021548940
        2.2248601459        1.0196629284       -0.0026854934
        1.7185351136        1.0348861337       -0.0019111013
        1.2065998251        1.0582463523       -0.0014842204
        1.2065998251        1.0582474514       -0.0014919874
        1.7185351136        1.0349112884       -0.0019498030
        1.5665896092        1.0409445725       -0.0018357128
        0.9781222852        1.0714025872       -0.0016319644
        0.9781222852        1.0713844792       -0.0016467044
        1.5665896092        1.0409628327       -0.0018386097
        1.8580965717        1.0299629957       -0.0021689899
        1.3982285474        1.0486021747       -0.0016259169
        1.3982285474        1.0486012879       -0.0016264340
        1.8580965717        1.0299644345       -0.0021759578
        2.1097020490        1.0222414137       -0.0023995478
        2.1097020490        1.0222442198       -0.0023976592
        1.9240849348        1.0274986214       -0.0020333180
        1.9240849348        1.0275186006       -0.0020626191
        2.1680458257        1.0209487316       -0.0025659950
        1.7896767594        1.0316410945       -0.0016153730
        1.7896767594        1.0316603844       -0.0016249245
        2.1680458257        1.0210076328       -0.0026175961
        2.0496982142        1.0240342981       -0.0024145171
        2.0496982142        1.0240481579       -0.0024300776
