#epsqw diagonal term
#1:q+G [au], 2:Re(eps-1), 3:Im(eps-1)
        1.9240849348        0.8738890021       -0.0142443615
        1.9240849348        0.8738088106       -0.0143293891
        2.1680458257        0.9098319870       -0.0115445276
        1.7896767594        0.8605757582       -0.0175177563
        1.7896767594        0.8606953948       -0.0176574174
        2.1680458257        0.9099307871       -0.0115987155
        2.0496982142        0.8932574127       -0.0139065106
        2.0496982142        0.8932661027       -0.0138788805
        2.2248601459        0.9145384717       -0.0123275928
        1.8580965717        0.8639103878       -0.0141972902
        1.8580965717        0.8638949004       -0.0141514992
        2.2248601459        0.9146191544       -0.0122840917
        1.7185351136        0.8381146317       -0.0159301567
        1.2065998251        0.6735185648       -0.0280817913
        1.2065998251        0.6736024862       -0.0281786983
        1.7185351136        0.8382283060       -0.0160125885
        1.5665896092        0.8033166623       -0.0166897297
        0.9781222852        0.5741468868       -0.0505411807
        0.9781222852        0.5735751217       -0.0505159044
        1.5665896092        0.8031388267       -0.0168564097
        1.8580965717        0.8673697576       -0.0156767137
        1.3982285474        0.7457205141       -0.0295963682
        1.3982285474        0.7456234934       -0.0295457170
        1.8580965717        0.8676283324       -0.0158509722
        2.1097020490        0.9009673473       -0.0135442850
        2.1097020490        0.9008101052       -0.0135125712
        2.0496982142        0.8967986039       -0.0117834885
        1.6443183908        0.8292898309       -0.0202474118
        1.6443183908        0.8292467374       -0.0204302253
        2.0496982142        0.8967786720       -0.0117517607
        1.4847973051        0.7774153537       -0.0174478349
        0.8409180925        0.5038389479       -0.0644237595
        0.8409180925        0.5037189522       -0.0645749043
        1.4847973051        0.7774121805       -0.0173172639
        2.1680458257        0.9174302637       -0.0073944614
        1.3059338055        0.7186686478       -0.0249479370
        0.4560518670        0.2941491049       -0.1213116594
        0.4560518670        0.2922211780       -0.1212695628
        1.3059338055        0.7187184278       -0.0251819591
        2.1680458257        0.9175651332       -0.0073631160
        1.6443183908        0.8239193865       -0.0157064486
        1.0983183379        0.6244343673       -0.0499250640
        1.0983183379        0.6245640821       -0.0504327038
        1.6443183908        0.8236163417       -0.0158431592
        1.9240849348        0.8838382038       -0.0150405220
        1.9240849348        0.8838298959       -0.0150704679
        2.2248601459        0.9146852843       -0.0125148651
        1.8580965717        0.8638287095       -0.0142280632
        1.8580965717        0.8638715268       -0.0143014195
        2.2248601459        0.9147143795       -0.0123070457
        1.7185351136        0.8381549651       -0.0158364231
        1.2065998251        0.6733112599       -0.0279754666
        1.2065998251        0.6735492806       -0.0279943833
        1.7185351136        0.8380969347       -0.0157418495
        1.5665896092        0.8031508965       -0.0166607954
        0.9781222852        0.5733923895       -0.0507930277
        0.9781222852        0.5732808610       -0.0506270071
        1.5665896092        0.8032259626       -0.0167022209
        1.8580965717        0.8673200225       -0.0159783948
        1.3982285474        0.7459021565       -0.0292747025
        1.3982285474        0.7462354895       -0.0296125421
        1.8580965717        0.8674422549       -0.0160967441
        2.1097020490        0.9008141749       -0.0136015668
        2.1097020490        0.9008414500       -0.0136752263
        1.9240849348        0.8738328633       -0.0143201174
        1.9240849348        0.8738296912       -0.0143187367
        2.1680458257        0.9098308266       -0.0114284323
        1.7896767594        0.8606601362       -0.0172818080
        1.7896767594        0.8605982156       -0.0175773638
        2.1680458257        0.9098369921       -0.0113507282
        2.0496982142        0.8932593517       -0.0137430341
        2.0496982142        0.8933576814       -0.0137871294
