#epsqw diagonal term
#1:q+G [au], 2:Re(eps-1), 3:Im(eps-1)
        1.9240849348        0.8889930417       -0.0385486245
        1.9240849348        0.8889717089       -0.0387143346
        2.1680458257        0.9159838896       -0.0240373888
        1.7896767594        0.8660755237       -0.0286058365
        1.7896767594        0.8660827193       -0.0287094905
        2.1680458257        0.9158849340       -0.0239888630
        2.0496982142        0.9065698306       -0.0340208725
        2.0496982142        0.9067332004       -0.0340511151
        2.2248601459        0.9175266612       -0.0340855521
        1.8580965717        0.8760137654       -0.0382342700
        1.8580965717        0.8758288729       -0.0383037348
        2.2248601459        0.9174967573       -0.0340151945
        1.7185351136        0.8503342090       -0.0387794383
        1.2065998251        0.6696666175       -0.0491925090
        1.2065998251        0.6694538625       -0.0489407748
        1.7185351136        0.8503859867       -0.0385157496
        1.5665896092        0.8083100883       -0.0348599474
        0.9781222852        0.5503791014       -0.0552244824
        0.9781222852        0.5504428782       -0.0549476699
        1.5665896092        0.8084538534       -0.0347483584
        1.8580965717        0.8736160821       -0.0386160805
        1.3982285474        0.7535262504       -0.0459795320
        1.3982285474        0.7536287515       -0.0454609852
        1.8580965717        0.8737662499       -0.0385845572
        2.1097020490        0.9168170093       -0.0335335943
        2.1097020490        0.9168082538       -0.0333305581
        2.0496982142        0.8989892755       -0.0229421892
        1.6443183908        0.8335398241       -0.0298559437
        1.6443183908        0.8334795632       -0.0299001181
        2.0496982142        0.8991181627       -0.0228463436
        1.4847973051        0.7847015779       -0.0316289280
        0.8409180925        0.4756276360       -0.0634496827
        0.8409180925        0.4758602164       -0.0637414170
        1.4847973051        0.7844576194       -0.0314553481
        2.1680458257        0.9180931586       -0.0088030107
        1.3059338055        0.7506588442       -0.0474069707
        0.4560518670        0.3202202670       -0.0928610872
        0.4560518670        0.3202237637       -0.0930229918
        1.3059338055        0.7505606558       -0.0471319040
        2.1680458257        0.9181574343       -0.0088815838
        1.6443183908        0.8292878016       -0.0302379723
        1.0983183379        0.6226927700       -0.0547614386
        1.0983183379        0.6224801258       -0.0541936155
        1.6443183908        0.8294012215       -0.0302566348
        1.9240849348        0.8898244439       -0.0240843066
        1.9240849348        0.8897829179       -0.0243465366
        2.2248601459        0.9177316550       -0.0341051539
        1.8580965717        0.8761597721       -0.0383904647
        1.8580965717        0.8760712166       -0.0386807808
        2.2248601459        0.9175626014       -0.0341878107
        1.7185351136        0.8505604889       -0.0389026662
        1.2065998251        0.6700611919       -0.0488651324
        1.2065998251        0.6696666398       -0.0496058352
        1.7185351136        0.8503266801       -0.0388336254
        1.5665896092        0.8084594882       -0.0344482346
        0.9781222852        0.5505880149       -0.0548747691
        0.9781222852        0.5507985706       -0.0553355842
        1.5665896092        0.8082140944       -0.0345159146
        1.8580965717        0.8737814600       -0.0381615849
        1.3982285474        0.7533187108       -0.0453789324
        1.3982285474        0.7531419759       -0.0453397188
        1.8580965717        0.8736641984       -0.0384330136
        2.1097020490        0.9169719829       -0.0332858837
        2.1097020490        0.9169277245       -0.0332461012
        1.9240849348        0.8893183574       -0.0386083510
        1.9240849348        0.8890293188       -0.0385727028
        2.1680458257        0.9159455456       -0.0238955750
        1.7896767594        0.8659208987       -0.0288235504
        1.7896767594        0.8658954665       -0.0285606790
        2.1680458257        0.9159070871       -0.0239866196
        2.0496982142        0.9067649383       -0.0341363729
        2.0496982142        0.9066574521       -0.0340825668
