#epsqw diagonal term
#1:q+G [au], 2:Re(eps-1), 3:Im(eps-1)
        1.9240849348        1.0045491480       -0.0000146483
        1.9240849348        1.0045493009       -0.0000146480
        2.1680458257        1.0032856585       -0.0000100102
        1.7896767594        1.0054038908       -0.0000174487
        1.7896767594        1.0054042732       -0.0000174499
        2.1680458257        1.0032864945       -0.0000100131
        2.0496982142        1.0038510310       -0.0000121387
        2.0496982142        1.0038515595       -0.0000121395
        2.2248601459        1.0030428374       -0.0000093768
        1.8580965717        1.0049559130       -0.0000161647
        1.8580965717        1.0049556851       -0.0000161654
        2.2248601459        1.0030424604       -0.0000093758
        1.7185351136        1.0059247351       -0.0000200911
        1.2065998251        1.0108806734       -0.0000430808
        1.2065998251        1.0108803938       -0.0000430801
        1.7185351136        1.0059249166       -0.0000200921
        1.5665896092        1.0071876690       -0.0000247972
        0.9781222852        1.0136715284       -0.0000583258
        0.9781222852        1.0136717988       -0.0000583232
        1.5665896092        1.0071889650       -0.0000247990
        1.8580965717        1.0049492331       -0.0000162581
        1.3982285474        1.0087743988       -0.0000324081
        1.3982285474        1.0087755199       -0.0000324100
        1.8580965717        1.0049506430       -0.0000162604
        2.1097020490        1.0035578243       -0.0000111451
        2.1097020490        1.0035582931       -0.0000111462
        2.0496982142        1.0038543149       -0.0000118723
        1.6443183908        1.0065007554       -0.0000215397
        1.6443183908        1.0065002007       -0.0000215386
        2.0496982142        1.0038532175       -0.0000118686
        1.4847973051        1.0079295198       -0.0000278807
        0.8409180925        1.0153048660       -0.0000701783
        0.8409180925        1.0153048102       -0.0000701801
        1.4847973051        1.0079282163       -0.0000278793
        2.1680458257        1.0032954154       -0.0000099420
        1.3059338055        1.0098162493       -0.0000348234
        0.4560518670        1.0186096432       -0.0001064483
        0.4560518670        1.0186080995       -0.0001064351
        1.3059338055        1.0098161452       -0.0000348232
        2.1680458257        1.0032953159       -0.0000099422
        1.6443183908        1.0065367484       -0.0000219693
        1.0983183379        1.0122038503       -0.0000488235
        1.0983183379        1.0122043935       -0.0000488223
        1.6443183908        1.0065374342       -0.0000219714
        1.9240849348        1.0045376531       -0.0000143082
        1.9240849348        1.0045381072       -0.0000143097
        2.2248601459        1.0030435625       -0.0000093782
        1.8580965717        1.0049571258       -0.0000161679
        1.8580965717        1.0049565297       -0.0000161667
        2.2248601459        1.0030424841       -0.0000093757
        1.7185351136        1.0059260481       -0.0000200943
        1.2065998251        1.0108818022       -0.0000430824
        1.2065998251        1.0108801902       -0.0000430783
        1.7185351136        1.0059241837       -0.0000200919
        1.5665896092        1.0071886525       -0.0000247985
        0.9781222852        1.0136714809       -0.0000583236
        0.9781222852        1.0136706428       -0.0000583252
        1.5665896092        1.0071875955       -0.0000247964
        1.8580965717        1.0049494522       -0.0000162580
        1.3982285474        1.0087737415       -0.0000324090
        1.3982285474        1.0087737497       -0.0000324079
        1.8580965717        1.0049494242       -0.0000162583
        2.1097020490        1.0035572234       -0.0000111435
        2.1097020490        1.0035573376       -0.0000111437
        1.9240849348        1.0045500213       -0.0000146499
        1.9240849348        1.0045495076       -0.0000146485
        2.1680458257        1.0032863115       -0.0000100127
        1.7896767594        1.0054040410       -0.0000174493
        1.7896767594        1.0054036031       -0.0000174484
        2.1680458257        1.0032855497       -0.0000100099
        2.0496982142        1.0038505548       -0.0000121368
        2.0496982142        1.0038504897       -0.0000121369
