#epsqw diagonal term
#1:q+G [au], 2:Re(eps-1), 3:Im(eps-1)
        1.9240849348        0.8821127766       -0.0006321305
        1.9240849348        0.8821522755       -0.0006305467
        2.1680458257        0.9155646487       -0.0004659041
        1.7896767594        0.8634230282       -0.0006278464
        1.7896767594        0.8634142996       -0.0006285170
        2.1680458257        0.9155530582       -0.0004658830
        2.0496982142        0.8995922249       -0.0005649851
        2.0496982142        0.8995965716       -0.0005651097
        2.2248601459        0.9183512259       -0.0005368669
        1.8580965717        0.8716194360       -0.0006688603
        1.8580965717        0.8715575526       -0.0006708189
        2.2248601459        0.9182992345       -0.0005391165
        1.7185351136        0.8442439759       -0.0007993254
        1.2065998251        0.6792991118       -0.0012721259
        1.2065998251        0.6792830581       -0.0012721985
        1.7185351136        0.8442406382       -0.0007989057
        1.5665896092        0.8088646507       -0.0008620845
        0.9781222852        0.5728822095       -0.0015698699
        0.9781222852        0.5728942204       -0.0015697265
        1.5665896092        0.8088782782       -0.0008614286
        1.8580965717        0.8702396033       -0.0007289390
        1.3982285474        0.7534935752       -0.0010484088
        1.3982285474        0.7534854647       -0.0010486779
        1.8580965717        0.8702904876       -0.0007273509
        2.1097020490        0.9066652812       -0.0005624276
        2.1097020490        0.9066673503       -0.0005625580
        2.0496982142        0.9024842381       -0.0004942945
        1.6443183908        0.8314047850       -0.0007454893
        1.6443183908        0.8314001323       -0.0007454709
        2.0496982142        0.9024908171       -0.0004947691
        1.4847973051        0.7845251672       -0.0009257601
        0.8409180925        0.5009216737       -0.0017797469
        0.8409180925        0.5008807860       -0.0017800710
        1.4847973051        0.7845044548       -0.0009268819
        2.1680458257        0.9209122411       -0.0003734277
        1.3059338055        0.7350860402       -0.0010597401
        0.4560518670        0.3013513568       -0.0024404741
        0.4560518670        0.3013307428       -0.0024426946
        1.3059338055        0.7350791961       -0.0010601472
        2.1680458257        0.9209066623       -0.0003735605
        1.6443183908        0.8296788782       -0.0007658575
        1.0983183379        0.6332859311       -0.0014008537
        1.0983183379        0.6332995598       -0.0014005201
        1.6443183908        0.8296701042       -0.0007656923
        1.9240849348        0.8866403095       -0.0005599385
        1.9240849348        0.8866522909       -0.0005597859
        2.2248601459        0.9183322774       -0.0005374121
        1.8580965717        0.8716156334       -0.0006679763
        1.8580965717        0.8716098119       -0.0006683043
        2.2248601459        0.9183238582       -0.0005384283
        1.7185351136        0.8442061972       -0.0008007206
        1.2065998251        0.6792615142       -0.0012721520
        1.2065998251        0.6793053912       -0.0012712817
        1.7185351136        0.8441528591       -0.0008021266
        1.5665896092        0.8089007719       -0.0008603837
        0.9781222852        0.5729151411       -0.0015692320
        0.9781222852        0.5728829658       -0.0015698764
        1.5665896092        0.8088883597       -0.0008612650
        1.8580965717        0.8703109987       -0.0007261516
        1.3982285474        0.7534852594       -0.0010480731
        1.3982285474        0.7534951659       -0.0010475227
        1.8580965717        0.8703196895       -0.0007253994
        2.1097020490        0.9066586470       -0.0005624307
        2.1097020490        0.9066882661       -0.0005613440
        1.9240849348        0.8821493452       -0.0006304256
        1.9240849348        0.8821607260       -0.0006298284
        2.1680458257        0.9155638426       -0.0004653599
        1.7896767594        0.8634118188       -0.0006284818
        1.7896767594        0.8634092780       -0.0006284765
        2.1680458257        0.9155590898       -0.0004662221
        2.0496982142        0.8996112145       -0.0005647513
        2.0496982142        0.8995702698       -0.0005661342
