#epsqw diagonal term
#1:q+G [au], 2:Re(eps-1), 3:Im(eps-1)
        1.9240849348        0.8819463934       -0.0006461192
        1.9240849348        0.8819870807       -0.0006443402
        2.1680458257        0.9154508547       -0.0004739503
        1.7896767594        0.8632830126       -0.0006364918
        1.7896767594        0.8632737937       -0.0006372242
        2.1680458257        0.9154392884       -0.0004739139
        2.0496982142        0.8994440634       -0.0005765333
        2.0496982142        0.8994483386       -0.0005766516
        2.2248601459        0.9181849773       -0.0005527206
        1.8580965717        0.8714426090       -0.0006836565
        1.8580965717        0.8713794962       -0.0006857591
        2.2248601459        0.9181314843       -0.0005551627
        1.7185351136        0.8440167338       -0.0008199385
        1.2065998251        0.6789760830       -0.0012950739
        1.2065998251        0.6789602908       -0.0012950433
        1.7185351136        0.8440139071       -0.0008193876
        1.5665896092        0.8086484285       -0.0008786299
        0.9781222852        0.5724854849       -0.0015917089
        0.9781222852        0.5724975162       -0.0015915547
        1.5665896092        0.8086625630       -0.0008778808
        1.8580965717        0.8700235138       -0.0007488761
        1.3982285474        0.7532334574       -0.0010674170
        1.3982285474        0.7532253340       -0.0010676601
        1.8580965717        0.8700755629       -0.0007471165
        2.1097020490        0.9065056240       -0.0005760749
        2.1097020490        0.9065076002       -0.0005762140
        2.0496982142        0.9023726244       -0.0005014028
        1.6443183908        0.8312380771       -0.0007556313
        1.6443183908        0.8312334500       -0.0007556020
        2.0496982142        0.9023788536       -0.0005019298
        1.4847973051        0.7843042581       -0.0009414751
        0.8409180925        0.5004395582       -0.0018057791
        0.8409180925        0.5003986028       -0.0018060994
        1.4847973051        0.7842826757       -0.0009427233
        2.1680458257        0.9208380524       -0.0003776856
        1.3059338055        0.7348538676       -0.0010722364
        0.4560518670        0.3004867739       -0.0024871832
        0.4560518670        0.3004642189       -0.0024896102
        1.3059338055        0.7348467343       -0.0010726685
        2.1680458257        0.9208324111       -0.0003778213
        1.6443183908        0.8294982874       -0.0007784125
        1.0983183379        0.6329508212       -0.0014188219
        1.0983183379        0.6329647297       -0.0014184387
        1.6443183908        0.8294897536       -0.0007781930
        1.9240849348        0.8865101460       -0.0005682417
        1.9240849348        0.8865221104       -0.0005681032
        2.2248601459        0.9181658329       -0.0005532279
        1.8580965717        0.8714397479       -0.0006825594
        1.8580965717        0.8714335657       -0.0006829675
        2.2248601459        0.9181564798       -0.0005544215
        1.7185351136        0.8439782278       -0.0008213442
        1.2065998251        0.6789389323       -0.0012948784
        1.2065998251        0.6789832513       -0.0012939979
        1.7185351136        0.8439239012       -0.0008229100
        1.5665896092        0.8086857878       -0.0008767493
        0.9781222852        0.5725188006       -0.0015910263
        0.9781222852        0.5724859855       -0.0015917750
        1.5665896092        0.8086727042       -0.0008777107
        1.8580965717        0.8700968965       -0.0007457922
        1.3982285474        0.7532256633       -0.0010669356
        1.3982285474        0.7532360657       -0.0010663122
        1.8580965717        0.8701062285       -0.0007449412
        2.1097020490        0.9064992682       -0.0005759906
        2.1097020490        0.9065295950       -0.0005748052
        1.9240849348        0.8819843385       -0.0006441388
        1.9240849348        0.8819960906       -0.0006435162
        2.1680458257        0.9154504520       -0.0004733406
        1.7896767594        0.8632713831       -0.0006371772
        1.7896767594        0.8632687981       -0.0006371844
        2.1680458257        0.9154450938       -0.0004742850
        2.0496982142        0.8994632363       -0.0005762620
        2.0496982142        0.8994213975       -0.0005777748
