#epsqw diagonal term
#1:q+G [au], 2:Re(eps-1), 3:Im(eps-1)
        1.9240849348        1.0064183252       -0.0000213821
        1.9240849348        1.0064187119       -0.0000213816
        2.1680458257        1.0046494781       -0.0000147097
        1.7896767594        1.0076116769       -0.0000254023
        1.7896767594        1.0076125710       -0.0000254041
        2.1680458257        1.0046507702       -0.0000147141
        2.0496982142        1.0054421738       -0.0000177757
        2.0496982142        1.0054428409       -0.0000177769
        2.2248601459        1.0043079344       -0.0000137828
        1.8580965717        1.0069894266       -0.0000235722
        1.8580965717        1.0069889795       -0.0000235728
        2.2248601459        1.0043074328       -0.0000137815
        1.7185351136        1.0083432679       -0.0000291911
        1.2065998251        1.0152361706       -0.0000617624
        1.2065998251        1.0152359291       -0.0000617604
        1.7185351136        1.0083434402       -0.0000291920
        1.5665896092        1.0101030902       -0.0000359028
        0.9781222852        1.0191170582       -0.0000832922
        0.9781222852        1.0191189916       -0.0000832899
        1.5665896092        1.0101049595       -0.0000359052
        1.8580965717        1.0069793343       -0.0000236994
        1.3982285474        1.0123118239       -0.0000466950
        1.3982285474        1.0123135628       -0.0000466980
        1.8580965717        1.0069815681       -0.0000237030
        2.1097020490        1.0050299897       -0.0000163377
        2.1097020490        1.0050306689       -0.0000163391
        2.0496982142        1.0054472028       -0.0000174059
        1.6443183908        1.0091437785       -0.0000312558
        1.6443183908        1.0091427337       -0.0000312539
        2.0496982142        1.0054457585       -0.0000174007
        1.4847973051        1.0111352863       -0.0000402725
        0.8409180925        1.0213835500       -0.0000999551
        0.8409180925        1.0213818986       -0.0000999557
        1.4847973051        1.0111334942       -0.0000402705
        2.1680458257        1.0046604825       -0.0000146135
        1.3059338055        1.0137661942       -0.0000502176
        0.4560518670        1.0259426714       -0.0001506381
        0.4560518670        1.0259445335       -0.0001506203
        1.3059338055        1.0137665795       -0.0000502178
        2.1680458257        1.0046605158       -0.0000146139
        1.6443183908        1.0091962663       -0.0000318794
        1.0983183379        1.0170793023       -0.0000699181
        1.0983183379        1.0170807575       -0.0000699169
        1.6443183908        1.0091977975       -0.0000318830
        1.9240849348        1.0064009170       -0.0000209014
        1.9240849348        1.0064016416       -0.0000209034
        2.2248601459        1.0043089511       -0.0000137848
        1.8580965717        1.0069909660       -0.0000235768
        1.8580965717        1.0069899703       -0.0000235748
        2.2248601459        1.0043075109       -0.0000137813
        1.7185351136        1.0083450291       -0.0000291958
        1.2065998251        1.0152384306       -0.0000617664
        1.2065998251        1.0152362206       -0.0000617600
        1.7185351136        1.0083425370       -0.0000291918
        1.5665896092        1.0101045273       -0.0000359042
        0.9781222852        1.0191177393       -0.0000832892
        0.9781222852        1.0191168535       -0.0000832920
        1.5665896092        1.0101028814       -0.0000359015
        1.8580965717        1.0069798047       -0.0000236991
        1.3982285474        1.0123111406       -0.0000466955
        1.3982285474        1.0123112440       -0.0000466948
        1.8580965717        1.0069799732       -0.0000236999
        2.1097020490        1.0050292246       -0.0000163353
        2.1097020490        1.0050294938       -0.0000163357
        1.9240849348        1.0064198659       -0.0000213851
        1.9240849348        1.0064190592       -0.0000213826
        2.1680458257        1.0046504952       -0.0000147133
        1.7896767594        1.0076122615       -0.0000254036
        1.7896767594        1.0076115402       -0.0000254021
        2.1680458257        1.0046493661       -0.0000147093
        2.0496982142        1.0054415268       -0.0000177728
        2.0496982142        1.0054412569       -0.0000177729
