#epsqw diagonal term
#1:q+G [au], 2:Re(eps-1), 3:Im(eps-1)
        1.9240849348        0.8449529181       -0.0680095967
        1.9240849348        0.8447900142       -0.0677211134
        2.1680458257        0.8993949045       -0.0485873373
        1.7896767594        0.8149771462       -0.0917281712
        1.7896767594        0.8145432793       -0.0920581891
        2.1680458257        0.8992896339       -0.0483334963
        2.0496982142        0.8755391586       -0.0552308065
        2.0496982142        0.8755020120       -0.0554049729
        2.2248601459        0.9078888114       -0.0437466938
        1.8580965717        0.8333693926       -0.0748375424
        1.8580965717        0.8335227917       -0.0746620946
        2.2248601459        0.9080032129       -0.0437896772
        1.7185351136        0.7978984113       -0.0915177628
        1.2065998251        0.6079175244       -0.2126266641
        1.2065998251        0.6084620608       -0.2119070319
        1.7185351136        0.7976765969       -0.0912911732
        1.5665896092        0.7606662045       -0.1210388296
        0.9781222852        0.5235853813       -0.2607028766
        0.9781222852        0.5217016735       -0.2588739426
        1.5665896092        0.7602302991       -0.1217347075
        1.8580965717        0.8346639487       -0.0747105358
        1.3982285474        0.6862730452       -0.1667356764
        1.3982285474        0.6867163451       -0.1663585938
        1.8580965717        0.8346668963       -0.0737707832
        2.1097020490        0.8822439734       -0.0513045548
        2.1097020490        0.8823536029       -0.0511459963
        2.0496982142        0.8802167731       -0.0596184818
        1.6443183908        0.7801886927       -0.1147288954
        1.6443183908        0.7797915827       -0.1153495577
        2.0496982142        0.8801217050       -0.0599368485
        1.4847973051        0.7203435296       -0.1453875796
        0.8409180925        0.4881181540       -0.3096347654
        0.8409180925        0.4872791004       -0.3131840935
        1.4847973051        0.7211680280       -0.1442872084
        2.1680458257        0.8945866533       -0.0534942077
        1.3059338055        0.6724147933       -0.1883240987
        0.4560518670        0.3986814008       -0.4384149625
        0.4560518670        0.4020808900       -0.4357430323
        1.3059338055        0.6720636709       -0.1878322291
        2.1680458257        0.8943626934       -0.0534675997
        1.6443183908        0.7891475273       -0.1088507304
        1.0983183379        0.5849210839       -0.2260560964
        1.0983183379        0.5843781109       -0.2255591345
        1.6443183908        0.7892287040       -0.1082657997
        1.9240849348        0.8456889348       -0.0744582245
        1.9240849348        0.8464202118       -0.0745697126
        2.2248601459        0.9080012667       -0.0435720625
        1.8580965717        0.8337228224       -0.0745666649
        1.8580965717        0.8338554788       -0.0742729247
        2.2248601459        0.9080409935       -0.0438172814
        1.7185351136        0.7976378690       -0.0910522066
        1.2065998251        0.6089795661       -0.2111668190
        1.2065998251        0.6080508790       -0.2124419813
        1.7185351136        0.7982912845       -0.0923382692
        1.5665896092        0.7598059371       -0.1214673831
        0.9781222852        0.5226429139       -0.2598891828
        0.9781222852        0.5222135760       -0.2584240828
        1.5665896092        0.7594003457       -0.1214869371
        1.8580965717        0.8348079795       -0.0742469936
        1.3982285474        0.6866233737       -0.1667806870
        1.3982285474        0.6864997894       -0.1662645611
        1.8580965717        0.8347615979       -0.0739166847
        2.1097020490        0.8818446960       -0.0517797524
        2.1097020490        0.8818300833       -0.0514638964
        1.9240849348        0.8445441917       -0.0674749988
        1.9240849348        0.8446050641       -0.0671884280
        2.1680458257        0.8993262358       -0.0483640584
        1.7896767594        0.8147184644       -0.0919002693
        1.7896767594        0.8147852352       -0.0909453858
        2.1680458257        0.8993054935       -0.0483199562
        2.0496982142        0.8749515516       -0.0558538966
        2.0496982142        0.8748281254       -0.0559521944
