#epsqw diagonal term
#1:q+G [au], 2:Re(eps-1), 3:Im(eps-1)
        1.9240849348        1.0406714893       -0.0014544012
        1.9240849348        1.0407008434       -0.0014784102
        2.1680458257        1.0286120774       -0.0012896767
        1.7896767594        1.0486196517       -0.0015445186
        1.7896767594        1.0486666793       -0.0015677090
        2.1680458257        1.0286895815       -0.0013206571
        2.0496982142        1.0341073853       -0.0014452434
        2.0496982142        1.0341298721       -0.0014189589
        2.2248601459        1.0256893965       -0.0013361842
        1.8580965717        1.0438704636       -0.0015261668
        1.8580965717        1.0438466650       -0.0015077102
        2.2248601459        1.0256501802       -0.0013016904
        1.7185351136        1.0518698338       -0.0015799836
        1.2065998251        1.0900781821       -0.0015441455
        1.2065998251        1.0900775211       -0.0015459570
        1.7185351136        1.0518792458       -0.0015895185
        1.5665896092        1.0621913198       -0.0015235357
        0.9781222852        1.1109856547       -0.0015928120
        0.9781222852        1.1110533360       -0.0016297437
        1.5665896092        1.0622831901       -0.0015745665
        1.8580965717        1.0431206689       -0.0015238880
        1.3982285474        1.0746638379       -0.0016066699
        1.3982285474        1.0747274256       -0.0016122420
        1.8580965717        1.0432018262       -0.0015088060
        2.1097020490        1.0317969754       -0.0013947127
        2.1097020490        1.0318220207       -0.0013760346
        2.0496982142        1.0337814496       -0.0013935437
        1.6443183908        1.0575940517       -0.0016408601
        1.6443183908        1.0575391038       -0.0016090863
        2.0496982142        1.0336929305       -0.0013465936
        1.4847973051        1.0684140360       -0.0015953279
        0.8409180925        1.1225147451       -0.0015488669
        0.8409180925        1.1224609428       -0.0015282207
        1.4847973051        1.0683319287       -0.0015449937
        2.1680458257        1.0318477589       -0.0012367519
        1.3059338055        1.0834263335       -0.0016625806
        0.4560518670        1.1433695328       -0.0015998738
        0.4560518670        1.1433855071       -0.0015894107
        1.3059338055        1.0834440288       -0.0016743753
        2.1680458257        1.0318601316       -0.0012428027
        1.6443183908        1.0569841671       -0.0014774194
        1.0983183379        1.1004154679       -0.0015945879
        1.0983183379        1.1004731122       -0.0016287781
        1.6443183908        1.0570750010       -0.0015314308
        1.9240849348        1.0416473457       -0.0014653546
        1.9240849348        1.0416940870       -0.0014902745
        2.2248601459        1.0257090441       -0.0012752162
        1.8580965717        1.0439483925       -0.0015405122
        1.8580965717        1.0439116028       -0.0015556380
        2.2248601459        1.0256598036       -0.0013121677
        1.7185351136        1.0519423637       -0.0015704378
        1.2065998251        1.0901806589       -0.0015867084
        1.2065998251        1.0901048959       -0.0015642126
        1.7185351136        1.0518422891       -0.0015586444
        1.5665896092        1.0622645577       -0.0015754614
        0.9781222852        1.1110167263       -0.0016119485
        0.9781222852        1.1109779207       -0.0015893034
        1.5665896092        1.0621936969       -0.0015256316
        1.8580965717        1.0431368264       -0.0015376011
        1.3982285474        1.0746153900       -0.0015707053
        1.3982285474        1.0746238957       -0.0015759426
        1.8580965717        1.0431486199       -0.0015461205
        2.1097020490        1.0317353374       -0.0013506641
        2.1097020490        1.0317604214       -0.0013706504
        1.9240849348        1.0407622335       -0.0014879082
        1.9240849348        1.0407277978       -0.0014960734
        2.1680458257        1.0286847894       -0.0013333604
        1.7896767594        1.0486482610       -0.0015626591
        1.7896767594        1.0486040070       -0.0015333921
        2.1680458257        1.0286065557       -0.0012848805
        2.0496982142        1.0340594825       -0.0014118961
        2.0496982142        1.0340395141       -0.0013953912
