#epsqw diagonal term
#1:q+G [au], 2:Re(eps-1), 3:Im(eps-1)
        1.9240849348        0.8799545322       -0.0013092034
        1.9240849348        0.8800224369       -0.0012989564
        2.1680458257        0.9141119732       -0.0007051408
        1.7896767594        0.8617204628       -0.0008092555
        1.7896767594        0.8617038663       -0.0008096021
        2.1680458257        0.9141010535       -0.0007011975
        2.0496982142        0.8976914000       -0.0009919501
        2.0496982142        0.8976957099       -0.0009889586
        2.2248601459        0.9160538041       -0.0012299618
        1.8580965717        0.8692906191       -0.0012736855
        1.8580965717        0.8692045337       -0.0012723879
        2.2248601459        0.9159730145       -0.0012284891
        1.7185351136        0.8411316207       -0.0016855982
        1.2065998251        0.6751769461       -0.0020737207
        1.2065998251        0.6751751492       -0.0020652719
        1.7185351136        0.8411477054       -0.0016719620
        1.5665896092        0.8060063748       -0.0013736923
        0.9781222852        0.5680957506       -0.0019664233
        0.9781222852        0.5681075692       -0.0019620193
        1.5665896092        0.8060307236       -0.0013633981
        1.8580965717        0.8672678680       -0.0015327067
        1.3982285474        0.7501617010       -0.0017322885
        1.3982285474        0.7501572746       -0.0017354496
        1.8580965717        0.8673399210       -0.0015305518
        2.1097020490        0.9045598750       -0.0010912622
        2.1097020490        0.9045614931       -0.0010956431
        2.0496982142        0.9011160395       -0.0006728870
        1.6443183908        0.8293822731       -0.0009142961
        1.6443183908        0.8293783614       -0.0009133588
        2.0496982142        0.9011160508       -0.0006757770
        1.4847973051        0.7817211680       -0.0014421999
        0.8409180925        0.4951297781       -0.0022474396
        0.8409180925        0.4950866068       -0.0022475640
        1.4847973051        0.7816831753       -0.0014478028
        2.1680458257        0.9200196831       -0.0004537408
        1.3059338055        0.7323184048       -0.0012819180
        0.4560518670        0.2910119129       -0.0031261170
        0.4560518670        0.2909633335       -0.0031327996
        1.3059338055        0.7323086935       -0.0012823221
        2.1680458257        0.9200139501       -0.0004537464
        1.6443183908        0.8274022470       -0.0011359228
        1.0983183379        0.6292805070       -0.0016941966
        1.0983183379        0.6293003849       -0.0016908459
        1.6443183908        0.8273992824       -0.0011324230
        1.9240849348        0.8850497212       -0.0007141273
        1.9240849348        0.8850611257       -0.0007137462
        2.2248601459        0.9160312168       -0.0012168331
        1.8580965717        0.8693051233       -0.0012542043
        1.8580965717        0.8692889578       -0.0012558383
        2.2248601459        0.9160031707       -0.0012239881
        1.7185351136        0.8410849979       -0.0016639951
        1.2065998251        0.6751594234       -0.0020406037
        1.2065998251        0.6752085163       -0.0020510848
        1.7185351136        0.8410172532       -0.0016835535
        1.5665896092        0.8060635090       -0.0013594448
        0.9781222852        0.5681351145       -0.0019623279
        0.9781222852        0.5680896647       -0.0019675128
        1.5665896092        0.8060405607       -0.0013622761
        1.8580965717        0.8673731134       -0.0015125454
        1.3982285474        0.7501675908       -0.0017159215
        1.3982285474        0.7501901030       -0.0017187472
        1.8580965717        0.8673968039       -0.0015145773
        2.1097020490        0.9045626066       -0.0010849255
        2.1097020490        0.9046072491       -0.0010818062
        1.9240849348        0.8800220407       -0.0012791003
        1.9240849348        0.8800386521       -0.0012881644
        2.1680458257        0.9141191560       -0.0007007295
        1.7896767594        0.8617036772       -0.0008103886
        1.7896767594        0.8616984339       -0.0008114929
        2.1680458257        0.9141035960       -0.0007036091
        2.0496982142        0.8977170099       -0.0009885799
        2.0496982142        0.8976597119       -0.0009976788
