#epsqw diagonal term
#1:q+G [au], 2:Re(eps-1), 3:Im(eps-1)
        1.9240849348        0.8795001097       -0.0387095688
        1.9240849348        0.8793868555       -0.0385722620
        2.1680458257        0.9138280181       -0.0231485364
        1.7896767594        0.8600129456       -0.0272493864
        1.7896767594        0.8599371364       -0.0271652628
        2.1680458257        0.9139727435       -0.0230215200
        2.0496982142        0.8969204643       -0.0360901096
        2.0496982142        0.8970788067       -0.0359021854
        2.2248601459        0.9126592824       -0.0287213862
        1.8580965717        0.8666237226       -0.0390109001
        1.8580965717        0.8665711965       -0.0388904647
        2.2248601459        0.9127168263       -0.0286766898
        1.7185351136        0.8426733380       -0.0389183282
        1.2065998251        0.6619616450       -0.0472112086
        1.2065998251        0.6620557550       -0.0469620569
        1.7185351136        0.8429556530       -0.0390493460
        1.5665896092        0.8041141040       -0.0349356802
        0.9781222852        0.5488630282       -0.0530766014
        0.9781222852        0.5487852990       -0.0528557107
        1.5665896092        0.8042729392       -0.0351021762
        1.8580965717        0.8668933510       -0.0366467847
        1.3982285474        0.7442542868       -0.0452263090
        1.3982285474        0.7446748055       -0.0453727520
        1.8580965717        0.8671584058       -0.0366947489
        2.1097020490        0.9070717072       -0.0366622570
        2.1097020490        0.9071847559       -0.0365833462
        2.0496982142        0.8978791189       -0.0212337209
        1.6443183908        0.8279663099       -0.0287389688
        1.6443183908        0.8276765059       -0.0285953821
        2.0496982142        0.8977622999       -0.0212355911
        1.4847973051        0.7820066814       -0.0362068817
        0.8409180925        0.4731991063       -0.0634028990
        0.8409180925        0.4732191837       -0.0631421890
        1.4847973051        0.7819873989       -0.0362037629
        2.1680458257        0.9181938225       -0.0116704055
        1.3059338055        0.7292150624       -0.0619962346
        0.4560518670        0.3111691478       -0.1268395398
        0.4560518670        0.3099469888       -0.1248233759
        1.3059338055        0.7293799257       -0.0626726292
        2.1680458257        0.9181647649       -0.0117153680
        1.6443183908        0.8252467502       -0.0321566287
        1.0983183379        0.6177143191       -0.0532013113
        1.0983183379        0.6182509180       -0.0533409751
        1.6443183908        0.8248973521       -0.0322634221
        1.9240849348        0.8847884669       -0.0236723463
        1.9240849348        0.8844741126       -0.0234998121
        2.2248601459        0.9127297587       -0.0287087428
        1.8580965717        0.8661331398       -0.0394107791
        1.8580965717        0.8659220865       -0.0390109849
        2.2248601459        0.9125376604       -0.0285926742
        1.7185351136        0.8426759626       -0.0394507720
        1.2065998251        0.6619558380       -0.0470797753
        1.2065998251        0.6619559400       -0.0468872575
        1.7185351136        0.8425313092       -0.0395723295
        1.5665896092        0.8043256412       -0.0349577048
        0.9781222852        0.5492002325       -0.0528887095
        0.9781222852        0.5490450682       -0.0528852196
        1.5665896092        0.8043680615       -0.0350044374
        1.8580965717        0.8671769398       -0.0363235568
        1.3982285474        0.7447843162       -0.0452799779
        1.3982285474        0.7452429736       -0.0451372075
        1.8580965717        0.8671585082       -0.0361421662
        2.1097020490        0.9070472002       -0.0365195575
        2.1097020490        0.9069171816       -0.0363872061
        1.9240849348        0.8793349280       -0.0385116500
        1.9240849348        0.8794446646       -0.0385467784
        2.1680458257        0.9138156226       -0.0230990468
        1.7896767594        0.8601594390       -0.0271594413
        1.7896767594        0.8600239020       -0.0272215039
        2.1680458257        0.9139887935       -0.0230136662
        2.0496982142        0.8967402855       -0.0362593167
        2.0496982142        0.8970979265       -0.0359813435
