#epsqw diagonal term
#1:q+G [au], 2:Re(eps-1), 3:Im(eps-1)
        1.9240849348        0.8825850496       -0.0005977264
        1.9240849348        0.8826215009       -0.0005965791
        2.1680458257        0.9158927944       -0.0004448370
        1.7896767594        0.8638308759       -0.0006042907
        1.7896767594        0.8638234864       -0.0006047982
        2.1680458257        0.9158811811       -0.0004448372
        2.0496982142        0.9000160194       -0.0005356355
        2.0496982142        0.9000206182       -0.0005357585
        2.2248601459        0.9188172813       -0.0004981208
        1.8580965717        0.8721214010       -0.0006320615
        1.8580965717        0.8720628787       -0.0006336497
        2.2248601459        0.9187693391       -0.0004998856
        1.7185351136        0.8448838671       -0.0007486369
        1.2065998251        0.6802271517       -0.0012135308
        1.2065998251        0.6802106515       -0.0012138010
        1.7185351136        0.8448793870       -0.0007484726
        1.5665896092        0.8094831395       -0.0008196497
        0.9781222852        0.5740422195       -0.0015100197
        0.9781222852        0.5740541991       -0.0015098886
        1.5665896092        0.8094955004       -0.0008191845
        1.8580965717        0.8708473919       -0.0006797394
        1.3982285474        0.7542397223       -0.0010001042
        1.3982285474        0.7542317562       -0.0010004231
        1.8580965717        0.8708952176       -0.0006785578
        2.1097020490        0.9071182152       -0.0005282695
        2.1097020490        0.9071205513       -0.0005283794
        2.0496982142        0.9028085864       -0.0004752093
        1.6443183908        0.8318907796       -0.0007175606
        1.6443183908        0.8318860764       -0.0007175663
        2.0496982142        0.9028160811       -0.0004755612
        1.4847973051        0.7851608280       -0.0008850588
        0.8409180925        0.5023324776       -0.0017081922
        0.8409180925        0.5022918065       -0.0017085311
        1.4847973051        0.7851424027       -0.0008858838
        2.1680458257        0.9211292253       -0.0003617240
        1.3059338055        0.7357670289       -0.0010251032
        0.4560518670        0.3038829409       -0.0023104181
        0.4560518670        0.3038676816       -0.0023121106
        1.3059338055        0.7357610123       -0.0010254380
        2.1680458257        0.9211238337       -0.0003618458
        1.6443183908        0.8301998287       -0.0007329641
        1.0983183379        0.6342680226       -0.0013510329
        1.0983183379        0.6342809528       -0.0013508071
        1.6443183908        0.8301904991       -0.0007329123
        1.9240849348        0.8870189553       -0.0005372146
        1.9240849348        0.8870309492       -0.0005370263
        2.2248601459        0.9187990828       -0.0004986948
        1.8580965717        0.8721153864       -0.0006316118
        1.8580965717        0.8721104140       -0.0006317674
        2.2248601459        0.9187929785       -0.0004993180
        1.7185351136        0.8448483508       -0.0007499115
        1.2065998251        0.6801889431       -0.0012139402
        1.2065998251        0.6802314606       -0.0012131443
        1.7185351136        0.8447975572       -0.0007509724
        1.5665896092        0.8095159930       -0.0008183622
        0.9781222852        0.5740741013       -0.0015094861
        0.9781222852        0.5740435525       -0.0015098941
        1.5665896092        0.8095054089       -0.0008190378
        1.8580965717        0.8709135668       -0.0006776322
        1.3982285474        0.7542302791       -0.0010000521
        1.3982285474        0.7542388889       -0.0009996848
        1.8580965717        0.8709205922       -0.0006771162
        2.1097020490        0.9071110168       -0.0005284486
        2.1097020490        0.9071387586       -0.0005275930
        1.9240849348        0.8826182607       -0.0005965846
        1.9240849348        0.8826285569       -0.0005960811
        2.1680458257        0.9158909485       -0.0004444397
        1.7896767594        0.8638208221       -0.0006047947
        1.7896767594        0.8638183630       -0.0006047700
        2.1680458257        0.9158878144       -0.0004450989
        2.0496982142        0.9000345657       -0.0005354814
        2.0496982142        0.8999959810       -0.0005365672
