#epsqw diagonal term
#1:q+G [au], 2:Re(eps-1), 3:Im(eps-1)
        1.9240849348        0.8823395239       -0.0006147783
        1.9240849348        0.8823775019       -0.0006134236
        2.1680458257        0.9157213518       -0.0004554928
        1.7896767594        0.8636171037       -0.0006163616
        1.7896767594        0.8636090299       -0.0006169513
        2.1680458257        0.9157097437       -0.0004554850
        2.0496982142        0.8997951752       -0.0005503406
        2.0496982142        0.8997996359       -0.0005504672
        2.2248601459        0.9185760644       -0.0005172518
        1.8580965717        0.8718604761       -0.0006503539
        1.8580965717        0.8718002323       -0.0006521270
        2.2248601459        0.9185260582       -0.0005192569
        1.7185351136        0.8445521751       -0.0007737185
        1.2065998251        0.6797428394       -0.0012429210
        1.2065998251        0.6797265218       -0.0012431040
        1.7185351136        0.8445482368       -0.0007734397
        1.5665896092        0.8091608922       -0.0008409471
        0.9781222852        0.5734334237       -0.0015407378
        0.9781222852        0.5734454167       -0.0015406027
        1.5665896092        0.8091738833       -0.0008403939
        1.8580965717        0.8705324855       -0.0007041101
        1.3982285474        0.7538505216       -0.0010242985
        1.3982285474        0.7538424616       -0.0010245958
        1.8580965717        0.8705818560       -0.0007027309
        2.1097020490        0.9068828445       -0.0005452866
        2.1097020490        0.9068850411       -0.0005454066
        2.0496982142        0.9026387013       -0.0004849448
        1.6443183908        0.8316360049       -0.0007319138
        1.6443183908        0.8316313238       -0.0007319081
        2.0496982142        0.9026457336       -0.0004853561
        1.4847973051        0.7848289543       -0.0009055684
        0.8409180925        0.5015918700       -0.0017449537
        0.8409180925        0.5015510815       -0.0017452845
        1.4847973051        0.7848093736       -0.0009065371
        2.1680458257        0.9210153366       -0.0003677381
        1.3059338055        0.7354092559       -0.0010429524
        0.4560518670        0.3025538135       -0.0023775014
        0.4560518670        0.3025358018       -0.0023794578
        1.3059338055        0.7354028093       -0.0010433248
        2.1680458257        0.9210098461       -0.0003678660
        1.6443183908        0.8299276296       -0.0007496026
        1.0983183379        0.6337522248       -0.0013767011
        1.0983183379        0.6337655011       -0.0013764245
        1.6443183908        0.8299185667       -0.0007494985
        1.9240849348        0.8868205962       -0.0005488713
        1.9240849348        0.8868325905       -0.0005487006
        2.2248601459        0.9185574460       -0.0005178221
        1.8580965717        0.8718555336       -0.0006497051
        1.8580965717        0.8718501504       -0.0006499411
        2.2248601459        0.9185501974       -0.0005186314
        1.7185351136        0.8445154551       -0.0007750679
        1.2065998251        0.6797048399       -0.0012431688
        1.2065998251        0.6797480793       -0.0012423283
        1.7185351136        0.8444633826       -0.0007762916
        1.5665896092        0.8091954011       -0.0008394603
        0.9781222852        0.5734658450       -0.0015401536
        0.9781222852        0.5734344829       -0.0015406744
        1.5665896092        0.8091838815       -0.0008402386
        1.8580965717        0.8706012989       -0.0007016755
        1.3982285474        0.7538416041       -0.0010241193
        1.3982285474        0.7538508669       -0.0010236616
        1.8580965717        0.8706091620       -0.0007010446
        2.1097020490        0.9068759001       -0.0005453859
        2.1097020490        0.9069045940       -0.0005444185
        1.9240849348        0.8823743887       -0.0006133778
        1.9240849348        0.8823852506       -0.0006128232
        2.1680458257        0.9157200286       -0.0004550254
        1.7896767594        0.8636064564       -0.0006169320
        1.7896767594        0.8636039616       -0.0006169147
        2.1680458257        0.9157160710       -0.0004557847
        2.0496982142        0.8998139382       -0.0005501496
        2.0496982142        0.8997741582       -0.0005513781
