#epsqw diagonal term
#1:q+G [au], 2:Re(eps-1), 3:Im(eps-1)
        1.9240849348        0.8805290713       -0.0009227526
        1.9240849348        0.8805830917       -0.0009181869
        2.1680458257        0.9145360079       -0.0005774693
        1.7896767594        0.8622011266       -0.0007282298
        1.7896767594        0.8621876524       -0.0007292156
        2.1680458257        0.9145253480       -0.0005762729
        2.0496982142        0.8982227819       -0.0007658795
        2.0496982142        0.8982271417       -0.0007651783
        2.2248601459        0.9167231927       -0.0008356176
        1.8580965717        0.8699457233       -0.0009415760
        1.8580965717        0.8698720306       -0.0009438986
        2.2248601459        0.9166565230       -0.0008391101
        1.7185351136        0.8420423268       -0.0011753572
        1.2065998251        0.6763466560       -0.0016460747
        1.2065998251        0.6763364693       -0.0016440581
        1.7185351136        0.8420479051       -0.0011718627
        1.5665896092        0.8068686410       -0.0010977419
        0.9781222852        0.5694547338       -0.0018045190
        0.9781222852        0.5694675947       -0.0018033457
        1.5665896092        0.8068891817       -0.0010939634
        1.8580965717        0.8681476501       -0.0010837679
        1.3982285474        0.7511039978       -0.0013693384
        1.3982285474        0.7510962530       -0.0013693050
        1.8580965717        0.8682107706       -0.0010792634
        2.1097020490        0.9051566325       -0.0008075971
        2.1097020490        0.9051574546       -0.0008081419
        2.0496982142        0.9014996073       -0.0005850085
        1.6443183908        0.8299589142       -0.0008497865
        1.6443183908        0.8299547605       -0.0008495137
        2.0496982142        0.9015021905       -0.0005863429
        1.4847973051        0.7825144327       -0.0011596939
        0.8409180925        0.4967650886       -0.0020563438
        0.8409180925        0.4967235234       -0.0020566732
        1.4847973051        0.7824839191       -0.0011625965
        2.1680458257        0.9202712292       -0.0004195970
        1.3059338055        0.7330946582       -0.0011907454
        0.4560518670        0.2939373710       -0.0028935642
        0.4560518670        0.2938978382       -0.0028982446
        1.3059338055        0.7330853547       -0.0011913776
        2.1680458257        0.9202652221       -0.0004197638
        1.6443183908        0.8280504688       -0.0009415854
        1.0983183379        0.6304110314       -0.0015826837
        1.0983183379        0.6304282572       -0.0015813132
        1.6443183908        0.8280451872       -0.0009401646
        1.9240849348        0.8855037584       -0.0006497572
        1.9240849348        0.8855154250       -0.0006496455
        2.2248601459        0.9167053707       -0.0008325148
        1.8580965717        0.8699559123       -0.0009340911
        1.8580965717        0.8699452685       -0.0009358663
        2.2248601459        0.9166854538       -0.0008373327
        1.7185351136        0.8420020569       -0.0011727664
        1.2065998251        0.6763219875       -0.0016376124
        1.2065998251        0.6763679712       -0.0016389597
        1.7185351136        0.8419362755       -0.0011792742
        1.5665896092        0.8069190678       -0.0010921687
        0.9781222852        0.5694919176       -0.0018030645
        0.9781222852        0.5694520564       -0.0018054379
        1.5665896092        0.8068998331       -0.0010934507
        1.8580965717        0.8682419916       -0.0010747106
        1.3982285474        0.7511050871       -0.0013646474
        1.3982285474        0.7511198707       -0.0013639559
        1.8580965717        0.8682571998       -0.0010727646
        2.1097020490        0.9051551798       -0.0008057743
        2.1097020490        0.9051924767       -0.0008032975
        1.9240849348        0.8805853589       -0.0009130579
        1.9240849348        0.8805989700       -0.0009137753
        2.1680458257        0.9145400625       -0.0005755642
        1.7896767594        0.8621859516       -0.0007294687
        1.7896767594        0.8621824300       -0.0007296983
        2.1680458257        0.9145288794       -0.0005771567
        2.0496982142        0.8982445678       -0.0007653174
        2.0496982142        0.8981932418       -0.0007691703
