#epsqw diagonal term
#1:q+G [au], 2:Re(eps-1), 3:Im(eps-1)
        1.9240849348        0.8981972080       -0.0194894079
        1.9240849348        0.8981749959       -0.0195068424
        2.1680458257        0.9213767861       -0.0201562565
        1.7896767594        0.8693817231       -0.0140099803
        1.7896767594        0.8693308455       -0.0139570317
        2.1680458257        0.9216962345       -0.0202923452
        2.0496982142        0.9129133515       -0.0204015424
        2.0496982142        0.9130523642       -0.0205129120
        2.2248601459        0.9321492294       -0.0261510968
        1.8580965717        0.8855095977       -0.0223939829
        1.8580965717        0.8855637142       -0.0225756279
        2.2248601459        0.9321551037       -0.0261549932
        1.7185351136        0.8542722039       -0.0275787399
        1.2065998251        0.6665467922       -0.0363941299
        1.2065998251        0.6666443190       -0.0363532597
        1.7185351136        0.8542901494       -0.0275902508
        1.5665896092        0.8111881707       -0.0302377067
        0.9781222852        0.5414371209       -0.0553329046
        0.9781222852        0.5419295625       -0.0554905814
        1.5665896092        0.8113968310       -0.0304362091
        1.8580965717        0.8842738576       -0.0292578120
        1.3982285474        0.7556190474       -0.0288945564
        1.3982285474        0.7558105884       -0.0289937533
        1.8580965717        0.8842169390       -0.0291042610
        2.1097020490        0.9203628192       -0.0185054561
        2.1097020490        0.9203866868       -0.0183353120
        2.0496982142        0.9045593850       -0.0225396981
        1.6443183908        0.8343189345       -0.0152370377
        1.6443183908        0.8345441762       -0.0153874099
        2.0496982142        0.9044142487       -0.0225894812
        1.4847973051        0.7814281741       -0.0298361636
        0.8409180925        0.4526928494       -0.0641761637
        0.8409180925        0.4524428436       -0.0646060627
        1.4847973051        0.7812922266       -0.0296506736
        2.1680458257        0.9131534060       -0.0140902382
        1.3059338055        0.7317615381       -0.0314922936
        0.4560518670        0.2398983197       -0.0878190226
        0.4560518670        0.2402820756       -0.0866351751
        1.3059338055        0.7315251037       -0.0314508657
        2.1680458257        0.9131542515       -0.0140946708
        1.6443183908        0.8302700371       -0.0302053011
        1.0983183379        0.6153924447       -0.0431341758
        1.0983183379        0.6156463599       -0.0431654678
        1.6443183908        0.8302400944       -0.0300806378
        1.9240849348        0.8898568446       -0.0156095720
        1.9240849348        0.8898003365       -0.0155600972
        2.2248601459        0.9320746256       -0.0260397951
        1.8580965717        0.8855451094       -0.0224221242
        1.8580965717        0.8856159021       -0.0224297760
        2.2248601459        0.9320250860       -0.0259322278
        1.7185351136        0.8544500418       -0.0274164771
        1.2065998251        0.6663484982       -0.0368799336
        1.2065998251        0.6661420511       -0.0364210114
        1.7185351136        0.8546578697       -0.0275383970
        1.5665896092        0.8110210708       -0.0301318272
        0.9781222852        0.5410376419       -0.0553810732
        0.9781222852        0.5412097172       -0.0552662357
        1.5665896092        0.8112319802       -0.0302309440
        1.8580965717        0.8841176471       -0.0293936926
        1.3982285474        0.7557117846       -0.0290662950
        1.3982285474        0.7558055578       -0.0290018427
        1.8580965717        0.8839924115       -0.0289815369
        2.1097020490        0.9204813058       -0.0185261351
        2.1097020490        0.9204119691       -0.0183328229
        1.9240849348        0.8981084511       -0.0192236704
        1.9240849348        0.8982037792       -0.0192960508
        2.1680458257        0.9214350020       -0.0201664983
        1.7896767594        0.8693286192       -0.0140044157
        1.7896767594        0.8694556265       -0.0139523517
        2.1680458257        0.9215973700       -0.0202616215
        2.0496982142        0.9128562990       -0.0204667410
        2.0496982142        0.9130017339       -0.0204948267
