#epsqw diagonal term
#1:q+G [au], 2:Re(eps-1), 3:Im(eps-1)
        1.9240849348        0.8825130896       -0.0006025626
        1.9240849348        0.8825499761       -0.0006013584
        2.1680458257        0.9158423785       -0.0004478992
        1.7896767594        0.8637678687       -0.0006077903
        1.7896767594        0.8637602816       -0.0006083212
        2.1680458257        0.9158307655       -0.0004478976
        2.0496982142        0.8999511924       -0.0005398356
        2.0496982142        0.8999557489       -0.0005399601
        2.2248601459        0.9187468238       -0.0005035269
        1.8580965717        0.8720449439       -0.0006372567
        1.8580965717        0.8719859234       -0.0006388972
        2.2248601459        0.9186982870       -0.0005053595
        1.7185351136        0.8447868757       -0.0007557350
        1.2065998251        0.6800848359       -0.0012219287
        1.2065998251        0.6800683792       -0.0012221764
        1.7185351136        0.8447825446       -0.0007555407
        1.5665896092        0.8093885675       -0.0008257343
        0.9781222852        0.5738626130       -0.0015189333
        0.9781222852        0.5738745960       -0.0015188014
        1.5665896092        0.8094011077       -0.0008252454
        1.8580965717        0.8707553459       -0.0006866405
        1.3982285474        0.7541253942       -0.0010070118
        1.3982285474        0.7541173956       -0.0010073252
        1.8580965717        0.8708036132       -0.0006854038
        2.1097020490        0.9070492654       -0.0005331096
        2.1097020490        0.9070515599       -0.0005332224
        2.0496982142        0.9027585379       -0.0004780234
        1.6443183908        0.8318156831       -0.0007217285
        1.6443183908        0.8318109864       -0.0007217310
        2.0496982142        0.9027659014       -0.0004783919
        1.4847973051        0.7850632806       -0.0008909370
        0.8409180925        0.5021139437       -0.0017188666
        0.8409180925        0.5020732386       -0.0017192031
        1.4847973051        0.7850445258       -0.0008918020
        2.1680458257        0.9210956227       -0.0003634708
        1.3059338055        0.7356613938       -0.0010302982
        0.4560518670        0.3034907420       -0.0023299480
        0.4560518670        0.3034746833       -0.0023317155
        1.3059338055        0.7356552524       -0.0010306439
        2.1680458257        0.9210902023       -0.0003635945
        1.6443183908        0.8301197791       -0.0007377451
        1.0983183379        0.6341157743       -0.0013585008
        1.0983183379        0.6341288013       -0.0013582612
        1.6443183908        0.8301105222       -0.0007376792
        1.9240849348        0.8869605180       -0.0005405955
        1.9240849348        0.8869725131       -0.0005404121
        2.2248601459        0.9187284970       -0.0005041018
        1.8580965717        0.8720392284       -0.0006367537
        1.8580965717        0.8720341425       -0.0006369310
        2.2248601459        0.9187220708       -0.0005047759
        1.7185351136        0.8447510026       -0.0007570335
        1.2065998251        0.6800466679       -0.0012222978
        1.2065998251        0.6800894001       -0.0012214879
        1.7185351136        0.8446998442       -0.0007581390
        1.5665896092        0.8094218969       -0.0008243915
        0.9781222852        0.5738946515       -0.0015183856
        0.9781222852        0.5738638721       -0.0015188245
        1.5665896092        0.8094110416       -0.0008250962
        1.8580965717        0.8708222766       -0.0006844426
        1.3982285474        0.7541160918       -0.0010069263
        1.3982285474        0.7541248874       -0.0010065336
        1.8580965717        0.8708295407       -0.0006838946
        2.1097020490        0.9070421324       -0.0005332676
        2.1097020490        0.9070701477       -0.0005323809
        1.9240849348        0.8825467672       -0.0006013514
        1.9240849348        0.8825572291       -0.0006008327
        2.1680458257        0.9158406819       -0.0004474827
        1.7896767594        0.8637576426       -0.0006083132
        1.7896767594        0.8637551741       -0.0006082902
        2.1680458257        0.9158373102       -0.0004481699
        2.0496982142        0.8999697983       -0.0005396715
        2.0496982142        0.8999308698       -0.0005407968
