#epsqw diagonal term
#1:q+G [au], 2:Re(eps-1), 3:Im(eps-1)
        1.9240849348        1.0352202481       -0.0054513019
        1.9240849348        1.0351319234       -0.0053660073
        2.1680458257        1.0249487691       -0.0058893371
        1.7896767594        1.0420113172       -0.0047048203
        1.7896767594        1.0418500793       -0.0045078974
        2.1680458257        1.0245832373       -0.0054884810
        2.0496982142        1.0294097014       -0.0057301101
        2.0496982142        1.0290949611       -0.0054074172
        2.2248601459        1.0225040747       -0.0062906525
        1.8580965717        1.0379087299       -0.0057897462
        1.8580965717        1.0378750103       -0.0057949337
        2.2248601459        1.0224423079       -0.0063005468
        1.7185351136        1.0442308901       -0.0057740738
        1.2065998251        1.0744946706       -0.0043209273
        1.2065998251        1.0744729355       -0.0043030077
        1.7185351136        1.0441587344       -0.0057194638
        1.5665896092        1.0526993791       -0.0052695326
        0.9781222852        1.0907527354       -0.0039561610
        0.9781222852        1.0906778438       -0.0038464448
        1.5665896092        1.0524585639       -0.0049568535
        1.8580965717        1.0372307685       -0.0062081477
        1.3982285474        1.0623212586       -0.0048735141
        1.3982285474        1.0621108498       -0.0046247076
        1.8580965717        1.0366413742       -0.0055705651
        2.1097020490        1.0275259130       -0.0053847302
        2.1097020490        1.0272104736       -0.0050611757
        2.0496982142        1.0287798500       -0.0056695436
        1.6443183908        1.0492673953       -0.0046434378
        1.6443183908        1.0494004518       -0.0048150080
        2.0496982142        1.0290932819       -0.0060401997
        1.4847973051        1.0572950086       -0.0047707834
        0.8409180925        1.0990248124       -0.0035087237
        0.8409180925        1.0990684376       -0.0035937334
        1.4847973051        1.0574775317       -0.0050009262
        2.1680458257        1.0271440315       -0.0036519856
        1.3059338055        1.0701668145       -0.0043778609
        0.4560518670        1.1145542371       -0.0032426213
        0.4560518670        1.1145385711       -0.0031941771
        1.3059338055        1.0701359035       -0.0043360794
        2.1680458257        1.0270994620       -0.0035959038
        1.6443183908        1.0482275321       -0.0054545296
        1.0983183379        1.0827911408       -0.0041668950
        1.0983183379        1.0827143431       -0.0040572424
        1.6443183908        1.0479854480       -0.0051630210
        1.9240849348        1.0360733751       -0.0045723271
        1.9240849348        1.0359322880       -0.0043954465
        2.2248601459        1.0219114603       -0.0057074113
        1.8580965717        1.0374890510       -0.0053166866
        1.8580965717        1.0378075854       -0.0056552718
        2.2248601459        1.0225753034       -0.0063751149
        1.7185351136        1.0437953228       -0.0052773079
        1.2065998251        1.0743089963       -0.0040756462
        1.2065998251        1.0744459690       -0.0042569245
        1.7185351136        1.0442793771       -0.0058371999
        1.5665896092        1.0525277702       -0.0050482403
        0.9781222852        1.0907068624       -0.0038931049
        0.9781222852        1.0907675723       -0.0039782058
        1.5665896092        1.0526915065       -0.0052645176
        1.8580965717        1.0371095549       -0.0061212994
        1.3982285474        1.0623697829       -0.0049627719
        1.3982285474        1.0623887546       -0.0049631593
        1.8580965717        1.0371765037       -0.0061459267
        2.1097020490        1.0275932887       -0.0055289575
        2.1097020490        1.0276269132       -0.0055221070
        1.9240849348        1.0348274793       -0.0049930396
        1.9240849348        1.0350961840       -0.0052864710
        2.1680458257        1.0246721015       -0.0055889334
        1.7896767594        1.0419214730       -0.0045996894
        1.7896767594        1.0420415962       -0.0047470904
        2.1680458257        1.0249549073       -0.0059034844
        2.0496982142        1.0294792617       -0.0058700130
        2.0496982142        1.0295642935       -0.0059390552
