#epsqw diagonal term
#1:q+G [au], 2:Re(eps-1), 3:Im(eps-1)
        1.9240849348        1.2391405612       -0.1669061423
        1.9240849348        1.2394740067       -0.1676326071
        2.1680458257        1.1742699424       -0.1174013136
        1.7896767594        1.2772512590       -0.1770565143
        1.7896767594        1.2770799150       -0.1777529234
        2.1680458257        1.1735340527       -0.1194354162
        2.0496982142        1.2039782794       -0.1281372272
        2.0496982142        1.2039289818       -0.1304229559
        2.2248601459        1.1616620217       -0.1048698712
        1.8580965717        1.2928816573       -0.2130602015
        1.8580965717        1.2925176811       -0.2141751545
        2.2248601459        1.1632338257       -0.1051203869
        1.7185351136        1.3813439264       -0.3300084278
        1.2065998251        1.6639282800       -0.3074404892
        1.2065998251        1.6668170384       -0.3078445120
        1.7185351136        1.3831029483       -0.3306037470
        1.5665896092        1.4419771494       -0.3691537516
        0.9781222852        1.9294695404       -0.4246101055
        0.9781222852        1.9256572541       -0.4364885832
        1.5665896092        1.4392021501       -0.3719276984
        1.8580965717        1.3044500688       -0.2095756649
        1.3982285474        1.5817208061       -0.3287203804
        1.3982285474        1.5788060015       -0.3292872024
        1.8580965717        1.3036810369       -0.2135247007
        2.1097020490        1.1797090350       -0.1160457679
        2.1097020490        1.1798135360       -0.1176955536
        2.0496982142        1.2340030372       -0.1691920813
        1.6443183908        1.3731497152       -0.2553340527
        1.6443183908        1.3728400757       -0.2530642266
        2.0496982142        1.2363868876       -0.1686551849
        1.4847973051        1.4733877591       -0.4085501996
        0.8409180925        2.1068279370       -0.6068715708
        0.8409180925        2.1161619689       -0.5983715924
        1.4847973051        1.4773101085       -0.4071042043
        2.1680458257        1.1506265417       -0.1324511966
        1.3059338055        1.6533590905       -0.5723068368
        0.4560518670        2.3052460033       -0.9170258180
        0.4560518670        2.3003462649       -0.9263166417
        1.3059338055        1.6538271355       -0.5719049088
        2.1680458257        1.1506817668       -0.1329029604
        1.6443183908        1.4200702032       -0.3626074369
        1.0983183379        1.8536251110       -0.4180544301
        1.0983183379        1.8505799605       -0.4230325609
        1.6443183908        1.4159083843       -0.3636098557
        1.9240849348        1.2236800544       -0.1662287940
        1.9240849348        1.2232915980       -0.1663087054
        2.2248601459        1.1619849805       -0.1055979432
        1.8580965717        1.2922919688       -0.2151822966
        1.8580965717        1.2938946506       -0.2134437573
        2.2248601459        1.1630110403       -0.1045239426
        1.7185351136        1.3812045853       -0.3345607978
        1.2065998251        1.6678285745       -0.3078265534
        1.2065998251        1.6695337100       -0.3061735303
        1.7185351136        1.3835430333       -0.3293550993
        1.5665896092        1.4406047436       -0.3711736872
        0.9781222852        1.9240953212       -0.4323831123
        0.9781222852        1.9279970035       -0.4266315097
        1.5665896092        1.4410623866       -0.3682036643
        1.8580965717        1.3040572435       -0.2109594959
        1.3982285474        1.5797374239       -0.3292813013
        1.3982285474        1.5783253231       -0.3275388541
        1.8580965717        1.3029715283       -0.2092551254
        2.1097020490        1.1792044785       -0.1171307107
        2.1097020490        1.1793968395       -0.1168864664
        1.9240849348        1.2396596705       -0.1686264178
        1.9240849348        1.2403179982       -0.1666264131
        2.1680458257        1.1731613423       -0.1191487071
        1.7896767594        1.2765512220       -0.1783860166
        1.7896767594        1.2751884189       -0.1758871942
        2.1680458257        1.1739497033       -0.1183266813
        2.0496982142        1.2034733986       -0.1285396796
        2.0496982142        1.2034195644       -0.1293332473
