#epsqw diagonal term
#1:q+G [au], 2:Re(eps-1), 3:Im(eps-1)
        1.9240849348        0.8725007741       -0.0078413233
        1.9240849348        0.8725842310       -0.0079152313
        2.1680458257        0.9079661942       -0.0059920339
        1.7896767594        0.8511888137       -0.0089172642
        1.7896767594        0.8513811928       -0.0091439119
        2.1680458257        0.9079280023       -0.0059421865
        2.0496982142        0.8902808704       -0.0077732064
        2.0496982142        0.8903205709       -0.0077605184
        2.2248601459        0.9127021555       -0.0086245806
        1.8580965717        0.8634038108       -0.0081111248
        1.8580965717        0.8633635390       -0.0081687810
        2.2248601459        0.9126977349       -0.0085774911
        1.7185351136        0.8361711144       -0.0121041220
        1.2065998251        0.6618517276       -0.0178770638
        1.2065998251        0.6615822933       -0.0178708019
        1.7185351136        0.8362297526       -0.0120567372
        1.5665896092        0.7991038971       -0.0119575285
        0.9781222852        0.5403405999       -0.0226398756
        0.9781222852        0.5406566581       -0.0228060212
        1.5665896092        0.7991150419       -0.0118387368
        1.8580965717        0.8625111821       -0.0121494361
        1.3982285474        0.7376039785       -0.0117823089
        1.3982285474        0.7375897631       -0.0118493976
        1.8580965717        0.8623959086       -0.0120188044
        2.1097020490        0.8984782815       -0.0089505664
        2.1097020490        0.8984347054       -0.0090034951
        2.0496982142        0.8951623994       -0.0073472124
        1.6443183908        0.8191804173       -0.0154610693
        1.6443183908        0.8192153896       -0.0155498832
        2.0496982142        0.8952197065       -0.0074094186
        1.4847973051        0.7724758300       -0.0170053867
        0.8409180925        0.4621352033       -0.0270890188
        0.8409180925        0.4618129123       -0.0270892136
        1.4847973051        0.7724805584       -0.0167624054
        2.1680458257        0.9157186425       -0.0050042071
        1.3059338055        0.7171251124       -0.0132078244
        0.4560518670        0.2250922322       -0.0471595807
        0.4560518670        0.2253341998       -0.0476750771
        1.3059338055        0.7172421634       -0.0132023723
        2.1680458257        0.9156677549       -0.0050238761
        1.6443183908        0.8194022797       -0.0125204928
        1.0983183379        0.6061157746       -0.0218459033
        1.0983183379        0.6063589781       -0.0215902458
        1.6443183908        0.8193914749       -0.0127735068
        1.9240849348        0.8766743214       -0.0115844485
        1.9240849348        0.8768207502       -0.0115371509
        2.2248601459        0.9126421450       -0.0086954471
        1.8580965717        0.8633631759       -0.0081215137
        1.8580965717        0.8634179640       -0.0080956459
        2.2248601459        0.9128341874       -0.0086847594
        1.7185351136        0.8361860497       -0.0123642987
        1.2065998251        0.6614890307       -0.0182674600
        1.2065998251        0.6614120808       -0.0182179366
        1.7185351136        0.8363316206       -0.0124924623
        1.5665896092        0.7990303050       -0.0118246453
        0.9781222852        0.5407033451       -0.0231537247
        0.9781222852        0.5409275352       -0.0233280430
        1.5665896092        0.7991394874       -0.0118630846
        1.8580965717        0.8624355654       -0.0119888653
        1.3982285474        0.7375378921       -0.0119223658
        1.3982285474        0.7374949556       -0.0117375241
        1.8580965717        0.8623584336       -0.0119563414
        2.1097020490        0.8983903735       -0.0090260736
        2.1097020490        0.8984646417       -0.0089772214
        1.9240849348        0.8725027579       -0.0079292387
        1.9240849348        0.8724881435       -0.0078931546
        2.1680458257        0.9079625871       -0.0059606027
        1.7896767594        0.8513164920       -0.0091237502
        1.7896767594        0.8513406712       -0.0089867708
        2.1680458257        0.9079820826       -0.0060140581
        2.0496982142        0.8902487430       -0.0078620936
        2.0496982142        0.8902338144       -0.0078090349
