#epsqw diagonal term
#1:q+G [au], 2:Re(eps-1), 3:Im(eps-1)
        1.9240849348        0.8822409790       -0.0006221053
        1.9240849348        0.8822796042       -0.0006206559
        2.1680458257        0.9156530369       -0.0004599448
        1.7896767594        0.8635323293       -0.0006213121
        1.7896767594        0.8635239728       -0.0006219364
        2.1680458257        0.9156414344       -0.0004599321
        2.0496982142        0.8997068406       -0.0005565657
        2.0496982142        0.8997112495       -0.0005566923
        2.2248601459        0.9184785949       -0.0005255218
        1.8580965717        0.8717557206       -0.0006581853
        1.8580965717        0.8716947693       -0.0006600373
        2.2248601459        0.9184277346       -0.0005276305
        1.7185351136        0.8444184482       -0.0007845284
        1.2065998251        0.6795495378       -0.0012553465
        1.2065998251        0.6795333232       -0.0012554855
        1.7185351136        0.8444147576       -0.0007841931
        1.5665896092        0.8090319531       -0.0008499470
        0.9781222852        0.5731924659       -0.0015533090
        0.9781222852        0.5732044649       -0.0015531710
        1.5665896092        0.8090452135       -0.0008493521
        1.8580965717        0.8704054341       -0.0007145990
        1.3982285474        0.7536950710       -0.0010345468
        1.3982285474        0.7536869851       -0.0010348328
        1.8580965717        0.8704554522       -0.0007131323
        2.1097020490        0.9067883042       -0.0005525497
        2.1097020490        0.9067904453       -0.0005526741
        2.0496982142        0.9025712611       -0.0004889633
        1.6443183908        0.8315349905       -0.0007377774
        1.6443183908        0.8315303198       -0.0007377665
        2.0496982142        0.9025780995       -0.0004894010
        1.4847973051        0.7846965739       -0.0009141838
        0.8409180925        0.5012988539       -0.0017599767
        0.8409180925        0.5012580209       -0.0017603044
        1.4847973051        0.7846765087       -0.0009152164
        2.1680458257        0.9209702662       -0.0003701948
        1.3059338055        0.7352678759       -0.0010502133
        0.4560518670        0.3020280282       -0.0024047607
        0.4560518670        0.3020088923       -0.0024068294
        1.3059338055        0.7352612563       -0.0010506008
        2.1680458257        0.9209647365       -0.0003703250
        1.6443183908        0.8298191788       -0.0007565543
        1.0983183379        0.6335482969       -0.0013871477
        1.0983183379        0.6335617229       -0.0013868477
        1.6443183908        0.8298102365       -0.0007564253
        1.9240849348        0.8867418658       -0.0005536457
        1.9240849348        0.8867538564       -0.0005534827
        2.2248601459        0.9184598247       -0.0005260842
        1.8580965717        0.8717512541       -0.0006574412
        1.8580965717        0.8717456877       -0.0006577149
        2.2248601459        0.9184520813       -0.0005269789
        1.7185351136        0.8443812595       -0.0007859012
        1.2065998251        0.6795116860       -0.0012555079
        1.2065998251        0.6795552059       -0.0012546526
        1.7185351136        0.8443286473       -0.0007871998
        1.5665896092        0.8090671525       -0.0008483712
        0.9781222852        0.5732251071       -0.0015527024
        0.9781222852        0.5731933989       -0.0015532744
        1.5665896092        0.8090552479       -0.0008491933
        1.8580965717        0.8704753524       -0.0007120177
        1.3982285474        0.7536864008       -0.0010343048
        1.3982285474        0.7536959384       -0.0010338078
        1.8580965717        0.8704835690       -0.0007113359
        2.1097020490        0.9067814847       -0.0005526102
        2.1097020490        0.9068105756       -0.0005515929
        1.9240849348        0.8822765617       -0.0006205814
        1.9240849348        0.8822876503       -0.0006200075
        2.1680458257        0.9156519341       -0.0004594457
        1.7896767594        0.8635214388       -0.0006219104
        1.7896767594        0.8635189254       -0.0006218976
        2.1680458257        0.9156476347       -0.0004602484
        2.0496982142        0.8997256982       -0.0005563572
        2.0496982142        0.8996854194       -0.0005576499
