#epsqw diagonal term
#1:q+G [au], 2:Re(eps-1), 3:Im(eps-1)
        1.9240849348        0.9062209723       -0.1190331540
        1.9240849348        0.9078031723       -0.1195298964
        2.1680458257        0.9494943221       -0.0732351811
        1.7896767594        0.9127339832       -0.1634102756
        1.7896767594        0.9133402616       -0.1623906718
        2.1680458257        0.9502734474       -0.0730807705
        2.0496982142        0.9281075414       -0.0898206020
        2.0496982142        0.9294636238       -0.0900380586
        2.2248601459        0.9449490621       -0.0613310302
        1.8580965717        0.9028942417       -0.1301170175
        1.8580965717        0.9016978704       -0.1295305641
        2.2248601459        0.9449082943       -0.0617167827
        1.7185351136        0.8766788441       -0.1665077104
        1.2065998251        0.7466112193       -0.4241342461
        1.2065998251        0.7447031391       -0.4240098662
        1.7185351136        0.8763505443       -0.1662447410
        1.5665896092        0.8238056865       -0.2245042743
        0.9781222852        0.5996238964       -0.6031616936
        0.9781222852        0.5968128895       -0.6004787784
        1.5665896092        0.8261072885       -0.2252027357
        1.8580965717        0.8941045352       -0.1161893723
        1.3982285474        0.8203350424       -0.3214374294
        1.3982285474        0.8215616670       -0.3244097181
        1.8580965717        0.8948551919       -0.1162504836
        2.1097020490        0.9338301558       -0.0805592581
        2.1097020490        0.9344242722       -0.0806476772
        2.0496982142        0.9353021619       -0.0879934958
        1.6443183908        0.8946930546       -0.2181237704
        1.6443183908        0.8954253284       -0.2195385145
        2.0496982142        0.9339970772       -0.0890682227
        1.4847973051        0.8068432743       -0.2757508659
        0.8409180925        0.4663378569       -0.6400872232
        0.8409180925        0.4672311313       -0.6454624194
        1.4847973051        0.8055231229       -0.2763048039
        2.1680458257        0.9517126618       -0.0650211192
        1.3059338055        0.7382196904       -0.3402673187
        0.4560518670        0.1267932952       -0.7482700816
        0.4560518670        0.1286936791       -0.7545584602
        1.3059338055        0.7368590346       -0.3416671833
        2.1680458257        0.9517773181       -0.0651310466
        1.6443183908        0.8406726124       -0.1967205015
        1.0983183379        0.6559722214       -0.5020887084
        1.0983183379        0.6512235371       -0.5008680451
        1.6443183908        0.8416596789       -0.1951418842
        1.9240849348        0.9250934060       -0.1171614428
        1.9240849348        0.9250999963       -0.1166624719
        2.2248601459        0.9453499802       -0.0616746848
        1.8580965717        0.9038184863       -0.1288500423
        1.8580965717        0.9019933579       -0.1293547838
        2.2248601459        0.9444712040       -0.0613565062
        1.7185351136        0.8768728707       -0.1658395386
        1.2065998251        0.7462324601       -0.4228648331
        1.2065998251        0.7452644229       -0.4230470907
        1.7185351136        0.8771517451       -0.1654782115
        1.5665896092        0.8245355155       -0.2242585526
        0.9781222852        0.5985824001       -0.5987692229
        0.9781222852        0.5996087629       -0.6013292037
        1.5665896092        0.8240317536       -0.2242551209
        1.8580965717        0.8939165531       -0.1168053798
        1.3982285474        0.8211031418       -0.3220461483
        1.3982285474        0.8207892184       -0.3225072508
        1.8580965717        0.8938140082       -0.1168318395
        2.1097020490        0.9333581785       -0.0809542663
        2.1097020490        0.9338029756       -0.0803557548
        1.9240849348        0.9070997359       -0.1185864679
        1.9240849348        0.9076840319       -0.1188281119
        2.1680458257        0.9503736364       -0.0733598141
        1.7896767594        0.9124302004       -0.1616218733
        1.7896767594        0.9125085556       -0.1623009808
        2.1680458257        0.9496860285       -0.0736648336
        2.0496982142        0.9281523215       -0.0899244014
        2.0496982142        0.9278192086       -0.0907245387
