#epsqw diagonal term
#1:q+G [au], 2:Re(eps-1), 3:Im(eps-1)
        1.9240849348        0.8824713113       -0.0006054291
        1.9240849348        0.8825084553       -0.0006041904
        2.1680458257        0.9158131694       -0.0004496996
        1.7896767594        0.8637314186       -0.0006098365
        1.7896767594        0.8637237151       -0.0006103813
        2.1680458257        0.9158015566       -0.0004496967
        2.0496982142        0.8999135910       -0.0005423143
        2.0496982142        0.8999181238       -0.0005424395
        2.2248601459        0.9187058273       -0.0005067391
        1.8580965717        0.8720005483       -0.0006403337
        1.8580965717        0.8719412357       -0.0006420053
        2.2248601459        0.9186569406       -0.0005086121
        1.7185351136        0.8447304799       -0.0007599487
        1.2065998251        0.6800023468       -0.0012268839
        1.2065998251        0.6799859182       -0.0012271174
        1.7185351136        0.8447262372       -0.0007597357
        1.5665896092        0.8093337053       -0.0008293252
        0.9781222852        0.5737587725       -0.0015241424
        0.9781222852        0.5737707570       -0.0015240099
        1.5665896092        0.8093463501       -0.0008288217
        1.8580965717        0.8707018091       -0.0006907358
        1.3982285474        0.7540591108       -0.0010110895
        1.3982285474        0.7540510962       -0.0010113995
        1.8580965717        0.8707503377       -0.0006894661
        2.1097020490        0.9070092198       -0.0005359737
        2.1097020490        0.9070114908       -0.0005360882
        2.0496982142        0.9027295763       -0.0004796719
        1.6443183908        0.8317722409       -0.0007241632
        1.6443183908        0.8317675465       -0.0007241639
        2.0496982142        0.9027368607       -0.0004800503
        1.4847973051        0.7850067506       -0.0008943989
        0.8409180925        0.5019876126       -0.0017251022
        0.8409180925        0.5019468857       -0.0017254373
        1.4847973051        0.7849877986       -0.0008952878
        2.1680458257        0.9210761974       -0.0003644910
        1.3059338055        0.7356003545       -0.0010333283
        0.4560518670        0.3032640162       -0.0023413380
        0.4560518670        0.3032474908       -0.0023431499
        1.3059338055        0.7355941390       -0.0010336804
        2.1680458257        0.9210707594       -0.0003646157
        1.6443183908        0.8300734035       -0.0007405563
        1.0983183379        0.6340277784       -0.0013628578
        1.0983183379        0.6340408653       -0.0013626098
        1.6443183908        0.8300641918       -0.0007404818
        1.9240849348        0.8869267001       -0.0005425719
        1.9240849348        0.8869386960       -0.0005423915
        2.2248601459        0.9186874270       -0.0005073138
        1.8580965717        0.8719950107       -0.0006397980
        1.8580965717        0.8719898564       -0.0006399885
        2.2248601459        0.9186808086       -0.0005080188
        1.7185351136        0.8446944000       -0.0007612604
        1.2065998251        0.6799642085       -0.0012272270
        1.2065998251        0.6800070638       -0.0012264093
        1.7185351136        0.8446430252       -0.0007623929
        1.5665896092        0.8093673135       -0.0008279491
        0.9781222852        0.5737909023       -0.0015235862
        0.9781222852        0.5737599864       -0.0015240439
        1.5665896092        0.8093563010       -0.0008286711
        1.8580965717        0.8707691866       -0.0006884833
        1.3982285474        0.7540498965       -0.0010109832
        1.3982285474        0.7540588033       -0.0010105754
        1.8580965717        0.8707765925       -0.0006879161
        2.1097020490        0.9070021289       -0.0005361186
        2.1097020490        0.9070303055       -0.0005352133
        1.9240849348        0.8825052656       -0.0006041753
        1.9240849348        0.8825158242       -0.0006036478
        2.1680458257        0.9158115607       -0.0004492714
        1.7896767594        0.8637210925       -0.0006103707
        1.7896767594        0.8637186181       -0.0006103488
        2.1680458257        0.9158080501       -0.0004499755
        2.0496982142        0.8999322342       -0.0005421441
        2.0496982142        0.8998931035       -0.0005432932
