#epsqw diagonal term
#1:q+G [au], 2:Re(eps-1), 3:Im(eps-1)
        1.9240849348        0.8981548516       -0.0266766359
        1.9240849348        0.8984590933       -0.0265944283
        2.1680458257        0.9325695493       -0.0260004395
        1.7896767594        0.8693508673       -0.0293410748
        1.7896767594        0.8691605060       -0.0299135784
        2.1680458257        0.9326510204       -0.0258730909
        2.0496982142        0.9198184971       -0.0272350461
        2.0496982142        0.9200505012       -0.0271412001
        2.2248601459        0.9397602679       -0.0228111467
        1.8580965717        0.8847395562       -0.0295719241
        1.8580965717        0.8845932190       -0.0296094482
        2.2248601459        0.9396992988       -0.0229028154
        1.7185351136        0.8435428022       -0.0326811915
        1.2065998251        0.6142307852       -0.0947148326
        1.2065998251        0.6145318841       -0.0948060232
        1.7185351136        0.8434987764       -0.0326692843
        1.5665896092        0.7987964238       -0.0447973983
        0.9781222852        0.4884424955       -0.1804881388
        0.9781222852        0.4894495801       -0.1826662407
        1.5665896092        0.7988881983       -0.0449684012
        1.8580965717        0.8793180518       -0.0297456728
        1.3982285474        0.7123454100       -0.0584803173
        1.3982285474        0.7124895225       -0.0580520099
        1.8580965717        0.8788609126       -0.0300710887
        2.1097020490        0.9270061987       -0.0239133143
        2.1097020490        0.9269643041       -0.0239989175
        2.0496982142        0.9207115315       -0.0287402127
        1.6443183908        0.8302279036       -0.0394346596
        1.6443183908        0.8304050825       -0.0397756344
        2.0496982142        0.9206199685       -0.0285758669
        1.4847973051        0.7647674361       -0.0541619379
        0.8409180925        0.4107063135       -0.2907013728
        0.8409180925        0.4103271939       -0.2913286704
        1.4847973051        0.7644886837       -0.0544879701
        2.1680458257        0.9305059030       -0.0250715763
        1.3059338055        0.7121075574       -0.0751102321
        0.4560518670        0.1053722983       -0.5151685542
        0.4560518670        0.1047668985       -0.5152161266
        1.3059338055        0.7120379270       -0.0757688724
        2.1680458257        0.9304654230       -0.0251179572
        1.6443183908        0.8302120723       -0.0454715126
        1.0983183379        0.5692103076       -0.1433552321
        1.0983183379        0.5685042912       -0.1435328831
        1.6443183908        0.8300766851       -0.0455330083
        1.9240849348        0.8995748278       -0.0258067289
        1.9240849348        0.8995806142       -0.0260373103
        2.2248601459        0.9396071200       -0.0231125594
        1.8580965717        0.8847446097       -0.0298530411
        1.8580965717        0.8847279193       -0.0299298649
        2.2248601459        0.9396605514       -0.0229454509
        1.7185351136        0.8432052346       -0.0324700386
        1.2065998251        0.6151740133       -0.0947426387
        1.2065998251        0.6151449133       -0.0952407716
        1.7185351136        0.8435901085       -0.0325137774
        1.5665896092        0.7990338643       -0.0449384251
        0.9781222852        0.4881596572       -0.1807227001
        0.9781222852        0.4868727548       -0.1807456602
        1.5665896092        0.7988215896       -0.0450440454
        1.8580965717        0.8794614170       -0.0301783425
        1.3982285474        0.7115356327       -0.0577014286
        1.3982285474        0.7120036184       -0.0583092151
        1.8580965717        0.8792378208       -0.0300946112
        2.1097020490        0.9267765558       -0.0239201336
        2.1097020490        0.9267873485       -0.0236380669
        1.9240849348        0.8983557131       -0.0265456509
        1.9240849348        0.8982632928       -0.0265976717
        2.1680458257        0.9326793597       -0.0258493146
        1.7896767594        0.8692005934       -0.0297518826
        1.7896767594        0.8692100784       -0.0296877749
        2.1680458257        0.9327367860       -0.0259603079
        2.0496982142        0.9197060081       -0.0268800756
        2.0496982142        0.9195540069       -0.0270758989
