#epsqw diagonal term
#1:q+G [au], 2:Re(eps-1), 3:Im(eps-1)
        1.9240849348        1.0781308403       -0.0583384588
        1.9240849348        1.0779686933       -0.0582880730
        2.1680458257        1.0560400241       -0.0389897998
        1.7896767594        1.0945065477       -0.0795156773
        1.7896767594        1.0943870307       -0.0795604630
        2.1680458257        1.0560382010       -0.0390576647
        2.0496982142        1.0643007805       -0.0460346746
        2.0496982142        1.0642717626       -0.0462001600
        2.2248601459        1.0450233947       -0.0260299163
        1.8580965717        1.0777457573       -0.0507610488
        1.8580965717        1.0783474548       -0.0507805498
        2.2248601459        1.0454136719       -0.0260279133
        1.7185351136        1.0823485185       -0.0348555951
        1.2065998251        1.1290539320       -0.0315700451
        1.2065998251        1.1293270560       -0.0315237756
        1.7185351136        1.0828729049       -0.0347380281
        1.5665896092        1.1033845378       -0.0447849353
        0.9781222852        1.1598125650       -0.0381573871
        0.9781222852        1.1596533242       -0.0381461409
        1.5665896092        1.1030780025       -0.0448143648
        1.8580965717        1.0682436694       -0.0294637829
        1.3982285474        1.1099544917       -0.0364861708
        1.3982285474        1.1098029411       -0.0367454075
        1.8580965717        1.0678740589       -0.0298024421
        2.1097020490        1.0644958461       -0.0546778287
        2.1097020490        1.0643565826       -0.0547998714
        2.0496982142        1.0616844330       -0.0389291289
        1.6443183908        1.1044662530       -0.0799504993
        1.6443183908        1.1051329458       -0.0799578854
        2.0496982142        1.0622028688       -0.0389011496
        1.4847973051        1.1138612665       -0.0504700347
        0.8409180925        1.1718085223       -0.0291835553
        0.8409180925        1.1725630491       -0.0291944420
        1.4847973051        1.1148450631       -0.0504103347
        2.1680458257        1.0869424605       -0.0804679116
        1.3059338055        1.1423775358       -0.0649882413
        0.4560518670        1.1976746814       -0.0155431922
        0.4560518670        1.1974948361       -0.0155854133
        1.3059338055        1.1420849827       -0.0650236719
        2.1680458257        1.0868513342       -0.0804940109
        1.6443183908        1.0953398487       -0.0409870906
        1.0983183379        1.1488970419       -0.0472399366
        1.0983183379        1.1479815303       -0.0472120465
        1.6443183908        1.0944132896       -0.0410264211
        1.9240849348        1.0872210824       -0.0837832525
        1.9240849348        1.0867428989       -0.0837969461
        2.2248601459        1.0449533884       -0.0262441522
        1.8580965717        1.0773103232       -0.0509699376
        1.8580965717        1.0774765539       -0.0507974963
        2.2248601459        1.0451174283       -0.0260585993
        1.7185351136        1.0822568659       -0.0351792209
        1.2065998251        1.1283347689       -0.0317404665
        1.2065998251        1.1284094948       -0.0315532216
        1.7185351136        1.0827055673       -0.0348818461
        1.5665896092        1.1032235531       -0.0446973184
        0.9781222852        1.1598971777       -0.0380699369
        0.9781222852        1.1600717016       -0.0381633224
        1.5665896092        1.1032433083       -0.0448114441
        1.8580965717        1.0685802494       -0.0293817344
        1.3982285474        1.1110910633       -0.0365203519
        1.3982285474        1.1105232058       -0.0365371703
        1.8580965717        1.0679742907       -0.0294270479
        2.1097020490        1.0651154143       -0.0546508027
        2.1097020490        1.0646561863       -0.0546340944
        1.9240849348        1.0775096499       -0.0584927387
        1.9240849348        1.0775115221       -0.0583517837
        2.1680458257        1.0561284353       -0.0389917887
        1.7896767594        1.0945704728       -0.0794927526
        1.7896767594        1.0947499823       -0.0795152138
        2.1680458257        1.0560903098       -0.0390050315
        2.0496982142        1.0647758698       -0.0459919824
        2.0496982142        1.0648042842       -0.0460385207
