#epsqw diagonal term
#1:q+G [au], 2:Re(eps-1), 3:Im(eps-1)
        1.9240849348        0.8724707348       -0.0302706016
        1.9240849348        0.8722982956       -0.0302303994
        2.1680458257        0.9098209464       -0.0201422731
        1.7896767594        0.8576471212       -0.0204257603
        1.7896767594        0.8575540503       -0.0203020971
        2.1680458257        0.9099410969       -0.0203042783
        2.0496982142        0.8896305635       -0.0260898687
        2.0496982142        0.8896577839       -0.0262308374
        2.2248601459        0.9100913554       -0.0211006968
        1.8580965717        0.8587687090       -0.0284089559
        1.8580965717        0.8589168161       -0.0285715640
        2.2248601459        0.9101431048       -0.0212546634
        1.7185351136        0.8362712464       -0.0324304389
        1.2065998251        0.6608859246       -0.0354197672
        1.2065998251        0.6610357841       -0.0355067565
        1.7185351136        0.8362759416       -0.0326390641
        1.5665896092        0.7997931716       -0.0289763484
        0.9781222852        0.5479722416       -0.0399365020
        0.9781222852        0.5482450894       -0.0397352662
        1.5665896092        0.7999265862       -0.0290126250
        1.8580965717        0.8605826953       -0.0285399701
        1.3982285474        0.7400643868       -0.0342868854
        1.3982285474        0.7399835593       -0.0344441861
        1.8580965717        0.8606701043       -0.0285267839
        2.1097020490        0.8984650667       -0.0282060153
        2.1097020490        0.8984904794       -0.0283030124
        2.0496982142        0.8962041792       -0.0169717789
        1.6443183908        0.8243706324       -0.0222699022
        1.6443183908        0.8242543706       -0.0220613185
        2.0496982142        0.8962768769       -0.0169771453
        1.4847973051        0.7755746630       -0.0309029519
        0.8409180925        0.4736707233       -0.0510061004
        0.8409180925        0.4737299706       -0.0507315631
        1.4847973051        0.7755965208       -0.0309575021
        2.1680458257        0.9179152108       -0.0097759821
        1.3059338055        0.7179114827       -0.0432265621
        0.4560518670        0.3053373388       -0.1190162783
        0.4560518670        0.3063602202       -0.1170149600
        1.3059338055        0.7178526415       -0.0429778250
        2.1680458257        0.9178542347       -0.0098351081
        1.6443183908        0.8201237737       -0.0258953816
        1.0983183379        0.6131060438       -0.0404735605
        1.0983183379        0.6129695088       -0.0405571736
        1.6443183908        0.8203255657       -0.0254145135
        1.9240849348        0.8826703803       -0.0187728460
        1.9240849348        0.8826538093       -0.0186663436
        2.2248601459        0.9101195711       -0.0210839284
        1.8580965717        0.8590595426       -0.0286260354
        1.8580965717        0.8590771891       -0.0285471950
        2.2248601459        0.9100487306       -0.0210347826
        1.7185351136        0.8362413880       -0.0322872616
        1.2065998251        0.6610339124       -0.0352480536
        1.2065998251        0.6610350722       -0.0352060777
        1.7185351136        0.8359097824       -0.0323423220
        1.5665896092        0.7998672224       -0.0290846892
        0.9781222852        0.5481036499       -0.0403430630
        0.9781222852        0.5482916018       -0.0405976801
        1.5665896092        0.7997923887       -0.0290307310
        1.8580965717        0.8607605572       -0.0288457081
        1.3982285474        0.7395867538       -0.0347803740
        1.3982285474        0.7395400125       -0.0351189127
        1.8580965717        0.8606805715       -0.0289434269
        2.1097020490        0.8984368780       -0.0280542832
        2.1097020490        0.8984280269       -0.0280677939
        1.9240849348        0.8722258293       -0.0301414431
        1.9240849348        0.8720919776       -0.0299363254
        2.1680458257        0.9097991334       -0.0202222051
        1.7896767594        0.8577334505       -0.0204782602
        1.7896767594        0.8577007181       -0.0202691714
        2.1680458257        0.9098950746       -0.0204854286
        2.0496982142        0.8897180009       -0.0263447555
        2.0496982142        0.8896804567       -0.0265512253
