#epsqw diagonal term
#1:q+G [au], 2:Re(eps-1), 3:Im(eps-1)
        1.9240849348        1.0485416356       -0.1351317937
        1.9240849348        1.0469552747       -0.1347853443
        2.1680458257        1.0265051962       -0.0889955376
        1.7896767594        1.0693931158       -0.1825796298
        1.7896767594        1.0696258590       -0.1808006036
        2.1680458257        1.0276155928       -0.0889550937
        2.0496982142        1.0399990404       -0.1105394497
        2.0496982142        1.0398914788       -0.1100063620
        2.2248601459        1.0291429069       -0.1012042226
        1.8580965717        1.0470698863       -0.1451624792
        1.8580965717        1.0453169482       -0.1467168641
        2.2248601459        1.0264267703       -0.1018007836
        1.7185351136        1.0532690558       -0.1778559326
        1.2065998251        1.2035061972       -0.4407645422
        1.2065998251        1.1949398222       -0.4421633965
        1.7185351136        1.0501927817       -0.1798854486
        1.5665896092        1.0808276913       -0.2290584434
        0.9781222852        1.2618753029       -0.4786702652
        0.9781222852        1.2645074449       -0.4731545858
        1.5665896092        1.0824609767       -0.2280802043
        1.8580965717        1.0408308950       -0.1602434217
        1.3982285474        1.1058908212       -0.3256482329
        1.3982285474        1.1031902923       -0.3185291425
        1.8580965717        1.0413071100       -0.1600285579
        2.1097020490        1.0394910472       -0.1044803525
        2.1097020490        1.0395814179       -0.1041630383
        2.0496982142        1.0334009381       -0.1060847620
        1.6443183908        1.0780730309       -0.2204246858
        1.6443183908        1.0775945180       -0.2232372592
        2.0496982142        1.0322945767       -0.1064862127
        1.4847973051        1.0945884892       -0.2414723874
        0.8409180925        1.3413132666       -0.5534314624
        0.8409180925        1.3353287798       -0.5545750419
        1.4847973051        1.0933461359       -0.2424670402
        2.1680458257        1.0275169634       -0.1090847315
        1.3059338055        1.1478706689       -0.3724802519
        0.4560518670        1.4397884157       -0.5159282047
        0.4560518670        1.4394706447       -0.5177588110
        1.3059338055        1.1471167416       -0.3727990691
        2.1680458257        1.0275859964       -0.1095170210
        1.6443183908        1.0590012236       -0.2035553980
        1.0983183379        1.2007352172       -0.4406067503
        1.0983183379        1.2044950651       -0.4368004244
        1.6443183908        1.0625543987       -0.2038035516
        1.9240849348        1.0623118939       -0.1415876559
        1.9240849348        1.0618828415       -0.1404612443
        2.2248601459        1.0294808393       -0.1003200596
        1.8580965717        1.0466864759       -0.1448609431
        1.8580965717        1.0472503627       -0.1465809054
        2.2248601459        1.0286198379       -0.1008213986
        1.7185351136        1.0534277874       -0.1768965702
        1.2065998251        1.2058555067       -0.4324583033
        1.2065998251        1.2068677095       -0.4411446112
        1.7185351136        1.0529106115       -0.1779459996
        1.5665896092        1.0813549468       -0.2285309114
        0.9781222852        1.2609336112       -0.4768961155
        0.9781222852        1.2616107734       -0.4787242459
        1.5665896092        1.0789544676       -0.2282460771
        1.8580965717        1.0375614671       -0.1616164432
        1.3982285474        1.0963492124       -0.3262425612
        1.3982285474        1.1035231825       -0.3241831560
        1.8580965717        1.0408816689       -0.1605331486
        2.1097020490        1.0393079429       -0.1055780197
        2.1097020490        1.0398353501       -0.1048723059
        1.9240849348        1.0489421546       -0.1330966490
        1.9240849348        1.0486126795       -0.1341714927
        2.1680458257        1.0275232895       -0.0892173547
        1.7896767594        1.0685353970       -0.1814089363
        1.7896767594        1.0693313178       -0.1826007777
        2.1680458257        1.0265370313       -0.0893837033
        2.0496982142        1.0385990739       -0.1102200428
        2.0496982142        1.0391407108       -0.1101715992
