#epsqw diagonal term
#1:q+G [au], 2:Re(eps-1), 3:Im(eps-1)
        1.9240849348        0.8824147025       -0.0006093859
        1.9240849348        0.8824522002       -0.0006080988
        2.1680458257        0.9157736683       -0.0004521664
        1.7896767594        0.8636821885       -0.0006126261
        1.7896767594        0.8636743266       -0.0006131900
        2.1680458257        0.9157620575       -0.0004521616
        2.0496982142        0.8998626892       -0.0005457223
        2.0496982142        0.8998671905       -0.0005458483
        2.2248601459        0.9186501701       -0.0005111821
        1.8580965717        0.8719403851       -0.0006445777
        1.8580965717        0.8718806742       -0.0006462923
        2.2248601459        0.9186008058       -0.0005131109
        1.7185351136        0.8446539648       -0.0007657720
        1.2065998251        0.6798907429       -0.0012336950
        1.2065998251        0.6798743578       -0.0012339080
        1.7185351136        0.8446498492       -0.0007655321
        1.5665896092        0.8092594252       -0.0008342614
        0.9781222852        0.5736186011       -0.0015312405
        0.9781222852        0.5736305890       -0.0015311070
        1.5665896092        0.8092722178       -0.0008337373
        1.8580965717        0.8706291602       -0.0006963936
        1.3982285474        0.7539694193       -0.0010166972
        1.3982285474        0.7539613840       -0.0010170021
        1.8580965717        0.8706780471       -0.0006950779
        2.1097020490        0.9069549456       -0.0005399207
        2.1097020490        0.9069571845       -0.0005400376
        2.0496982142        0.9026904485       -0.0004819231
        1.6443183908        0.8317135671       -0.0007274795
        1.6443183908        0.8317088778       -0.0007274775
        2.0496982142        0.9026976260       -0.0004823153
        1.4847973051        0.7849302771       -0.0008991493
        0.8409180925        0.5018170977       -0.0017335955
        0.8409180925        0.5017763440       -0.0017339288
        1.4847973051        0.7849110574       -0.0009000718
        2.1680458257        0.9210499750       -0.0003658804
        1.3059338055        0.7355179923       -0.0010374500
        0.4560518670        0.3029580015       -0.0023568291
        0.4560518670        0.3029408404       -0.0023587024
        1.3059338055        0.7355116780       -0.0010378109
        2.1680458257        0.9210445144       -0.0003660065
        1.6443183908        0.8300106877       -0.0007444082
        1.0983183379        0.6339090321       -0.0013687858
        1.0983183379        0.6339221990       -0.0013685259
        1.6443183908        0.8300015383       -0.0007443215
        1.9240849348        0.8868810144       -0.0005452657
        1.9240849348        0.8868930098       -0.0005450894
        2.2248601459        0.9186316741       -0.0005117556
        1.8580965717        0.8719350976       -0.0006439953
        1.8580965717        0.8719298468       -0.0006442047
        2.2248601459        0.9186247894       -0.0005125041
        1.7185351136        0.8446176082       -0.0007671007
        1.2065998251        0.6798526569       -0.0012339998
        1.2065998251        0.6798956772       -0.0012331719
        1.7185351136        0.8445659368       -0.0007682712
        1.5665896092        0.8092934172       -0.0008328389
        0.9781222852        0.5736508550       -0.0015306725
        0.9781222852        0.5736197500       -0.0015311566
        1.5665896092        0.8092821883       -0.0008335847
        1.8580965717        0.8706971484       -0.0006940647
        1.3982285474        0.7539603268       -0.0010165611
        1.3982285474        0.7539693847       -0.0010161322
        1.8580965717        0.8707047483       -0.0006934708
        2.1097020490        0.9069479140       -0.0005400469
        2.1097020490        0.9069763111       -0.0005391155
        1.9240849348        0.8824490413       -0.0006080715
        1.9240849348        0.8824597303       -0.0006075323
        2.1680458257        0.9157721808       -0.0004517218
        1.7896767594        0.8636717244       -0.0006131757
        1.7896767594        0.8636692419       -0.0006131556
        2.1680458257        0.9157684799       -0.0004524492
        2.0496982142        0.8998813820       -0.0005455435
        2.0496982142        0.8998419751       -0.0005467259
