#epsqw diagonal term
#1:q+G [au], 2:Re(eps-1), 3:Im(eps-1)
        1.9240849348        0.8825762346       -0.0005983122
        1.9240849348        0.8826127386       -0.0005971581
        2.1680458257        0.9158866117       -0.0004452096
        1.7896767594        0.8638231423       -0.0006047177
        1.7896767594        0.8638157289       -0.0006052281
        2.1680458257        0.9158749986       -0.0004452096
        2.0496982142        0.9000080741       -0.0005361454
        2.0496982142        0.9000126675       -0.0005362686
        2.2248601459        0.9188086609       -0.0004987746
        1.8580965717        0.8721120358       -0.0006326910
        1.8580965717        0.8720534528       -0.0006342855
        2.2248601459        0.9187606466       -0.0005005477
        1.7185351136        0.8448719967       -0.0007494959
        1.2065998251        0.6802097036       -0.0012145504
        1.2065998251        0.6801932083       -0.0012148181
        1.7185351136        0.8448675337       -0.0007493280
        1.5665896092        0.8094715501       -0.0008203884
        0.9781222852        0.5740201686       -0.0015111077
        0.9781222852        0.5740321479       -0.0015109764
        1.5665896092        0.8094839328       -0.0008199203
        1.8580965717        0.8708361279       -0.0006805747
        1.3982285474        0.7542257062       -0.0010009427
        1.3982285474        0.7542177357       -0.0010012610
        1.8580965717        0.8708840067       -0.0006793864
        2.1097020490        0.9071097705       -0.0005288562
        2.1097020490        0.9071121018       -0.0005289665
        2.0496982142        0.9028024447       -0.0004755524
        1.6443183908        0.8318815623       -0.0007180694
        1.6443183908        0.8318768597       -0.0007180747
        2.0496982142        0.9028099235       -0.0004759063
        1.4847973051        0.7851488667       -0.0008857733
        0.8409180925        0.5023056448       -0.0017094953
        0.8409180925        0.5022649704       -0.0017098339
        1.4847973051        0.7851304015       -0.0008866031
        2.1680458257        0.9211250995       -0.0003619372
        1.3059338055        0.7357540543       -0.0010257379
        0.4560518670        0.3038347853       -0.0023128044
        0.4560518670        0.3038194282       -0.0023145060
        1.3059338055        0.7357480224       -0.0010260740
        2.1680458257        0.9211197041       -0.0003620593
        1.6443183908        0.8301900117       -0.0007335457
        1.0983183379        0.6342493269       -0.0013519451
        1.0983183379        0.6342622677       -0.0013517178
        1.6443183908        0.8301806895       -0.0007334922
        1.9240849348        0.8870117837       -0.0005376272
        1.9240849348        0.8870237776       -0.0005374395
        2.2248601459        0.9187904468       -0.0004993489
        1.8580965717        0.8721060575       -0.0006322350
        1.8580965717        0.8721010708       -0.0006323931
        2.2248601459        0.9187843033       -0.0004999782
        1.7185351136        0.8448364363       -0.0007507735
        1.2065998251        0.6801714983       -0.0012149552
        1.2065998251        0.6802140424       -0.0012141575
        1.7185351136        0.8447855979       -0.0007518397
        1.5665896092        0.8095044620       -0.0008190942
        0.9781222852        0.5740520700       -0.0015105723
        0.9781222852        0.5740214934       -0.0015109840
        1.5665896092        0.8094938440       -0.0008197734
        1.8580965717        0.8709023950       -0.0006784566
        1.3982285474        0.7542162806       -0.0010008867
        1.3982285474        0.7542249123       -0.0010005163
        1.8580965717        0.8709094489       -0.0006779368
        2.1097020490        0.9071025799       -0.0005290328
        2.1097020490        0.9071303546       -0.0005281735
        1.9240849348        0.8826095026       -0.0005971622
        1.9240849348        0.8826198185       -0.0005966568
        2.1680458257        0.9158847846       -0.0004448100
        1.7896767594        0.8638130685       -0.0006052240
        1.7896767594        0.8638106081       -0.0006051995
        2.1680458257        0.9158816208       -0.0004454725
        2.0496982142        0.9000266279       -0.0005359901
        2.0496982142        0.8999880011       -0.0005370807
