#epsqw diagonal term
#1:q+G [au], 2:Re(eps-1), 3:Im(eps-1)
        1.9240849348        0.8791537065       -0.0021449700
        1.9240849348        0.8792012566       -0.0020765859
        2.1680458257        0.9131281239       -0.0012077762
        1.7896767594        0.8603682967       -0.0010600408
        1.7896767594        0.8603393894       -0.0010707583
        2.1680458257        0.9131005272       -0.0012104634
        2.0496982142        0.8966081891       -0.0017422510
        2.0496982142        0.8966003822       -0.0017449296
        2.2248601459        0.9149278306       -0.0026878598
        1.8580965717        0.8680114495       -0.0024355815
        1.8580965717        0.8679085185       -0.0024849845
        2.2248601459        0.9148140810       -0.0027522052
        1.7185351136        0.8395436696       -0.0034440507
        1.2065998251        0.6725405756       -0.0034995864
        1.2065998251        0.6725111333       -0.0034560751
        1.7185351136        0.8395052844       -0.0033954164
        1.5665896092        0.8039703101       -0.0026741444
        0.9781222852        0.5641115844       -0.0026230054
        0.9781222852        0.5641175788       -0.0026248252
        1.5665896092        0.8039603530       -0.0026584241
        1.8580965717        0.8656191890       -0.0033630235
        1.3982285474        0.7481413461       -0.0031080865
        1.3982285474        0.7481404008       -0.0030824546
        1.8580965717        0.8657031505       -0.0033188968
        2.1097020490        0.9033768824       -0.0021605790
        2.1097020490        0.9033847812       -0.0021480996
        2.0496982142        0.9000778338       -0.0009340634
        1.6443183908        0.8276471953       -0.0011542014
        1.6443183908        0.8276438346       -0.0011537808
        2.0496982142        0.9000778732       -0.0009454789
        1.4847973051        0.7797564573       -0.0022525507
        0.8409180925        0.4903003943       -0.0029227584
        0.8409180925        0.4902702430       -0.0029427934
        1.4847973051        0.7797170926       -0.0022865770
        2.1680458257        0.9192963372       -0.0005629897
        1.3059338055        0.7301022754       -0.0015768370
        0.4560518670        0.2820979773       -0.0040334712
        0.4560518670        0.2820176593       -0.0040470926
        1.3059338055        0.7300855376       -0.0015715224
        2.1680458257        0.9192883100       -0.0005597856
        1.6443183908        0.8257527280       -0.0017567403
        1.0983183379        0.6259646413       -0.0021217312
        1.0983183379        0.6259804920       -0.0021023132
        1.6443183908        0.8257493998       -0.0017381415
        1.9240849348        0.8837197016       -0.0009429569
        1.9240849348        0.8837234993       -0.0009396628
        2.2248601459        0.9148878108       -0.0026874305
        1.8580965717        0.8680192001       -0.0023726744
        1.8580965717        0.8680046453       -0.0024099692
        2.2248601459        0.9148530723       -0.0027387520
        1.7185351136        0.8394405314       -0.0034758763
        1.2065998251        0.6724591777       -0.0034333505
        1.2065998251        0.6725406181       -0.0034144749
        1.7185351136        0.8393782028       -0.0034710233
        1.5665896092        0.8040245274       -0.0026520110
        0.9781222852        0.5641516715       -0.0026175465
        0.9781222852        0.5641009811       -0.0026395607
        1.5665896092        0.8039682466       -0.0026608175
        1.8580965717        0.8657294691       -0.0033036763
        1.3982285474        0.7481283177       -0.0030571823
        1.3982285474        0.7481524600       -0.0030280156
        1.8580965717        0.8657459250       -0.0032681071
        2.1097020490        0.9033792338       -0.0021176876
        2.1097020490        0.9034175820       -0.0020851382
        1.9240849348        0.8791726352       -0.0020851682
        1.9240849348        0.8792165232       -0.0020527522
        2.1680458257        0.9131334157       -0.0011916545
        1.7896767594        0.8603445424       -0.0010631422
        1.7896767594        0.8603413726       -0.0010763200
        2.1680458257        0.9131004631       -0.0012081737
        2.0496982142        0.8966229073       -0.0017304531
        2.0496982142        0.8965690653       -0.0017587064
