#epsqw diagonal term
#1:q+G [au], 2:Re(eps-1), 3:Im(eps-1)
        1.9240849348        1.0220686735       -0.0001839813
        1.9240849348        1.0220663878       -0.0001830974
        2.1680458257        1.0171991548       -0.0001896833
        1.7896767594        1.0252724001       -0.0001779171
        1.7896767594        1.0252763779       -0.0001782856
        2.1680458257        1.0172041454       -0.0001902061
        2.0496982142        1.0194036460       -0.0001859827
        2.0496982142        1.0194089669       -0.0001862978
        2.2248601459        1.0159927406       -0.0001628900
        1.8580965717        1.0238386175       -0.0001912373
        1.8580965717        1.0238385650       -0.0001920773
        2.2248601459        1.0159867665       -0.0001629090
        1.7185351136        1.0276278224       -0.0001921701
        1.2065998251        1.0467973233       -0.0002813637
        1.2065998251        1.0467961520       -0.0002812087
        1.7185351136        1.0276274353       -0.0001922093
        1.5665896092        1.0326765545       -0.0002229725
        0.9781222852        1.0577343669       -0.0003483628
        0.9781222852        1.0577411848       -0.0003487073
        1.5665896092        1.0326859776       -0.0002238847
        1.8580965717        1.0237068568       -0.0001758690
        1.3982285474        1.0387795630       -0.0002426063
        1.3982285474        1.0387871999       -0.0002426620
        1.8580965717        1.0237193603       -0.0001762512
        2.1097020490        1.0180931950       -0.0001773411
        2.1097020490        1.0180987729       -0.0001779173
        2.0496982142        1.0195811051       -0.0001987821
        1.6443183908        1.0296781711       -0.0001910017
        1.6443183908        1.0296742376       -0.0001909974
        2.0496982142        1.0195724811       -0.0001982820
        1.4847973051        1.0354946942       -0.0002298506
        0.8409180925        1.0640124803       -0.0004018261
        0.8409180925        1.0640043721       -0.0004016401
        1.4847973051        1.0354865725       -0.0002291543
        2.1680458257        1.0165628954       -0.0001527746
        1.3059338055        1.0427417555       -0.0002338792
        0.4560518670        1.0763879524       -0.0005595937
        0.4560518670        1.0763921893       -0.0005594841
        1.3059338055        1.0427424108       -0.0002338484
        2.1680458257        1.0165631559       -0.0001527574
        1.6443183908        1.0301859649       -0.0002190074
        1.0983183379        1.0520234955       -0.0003040621
        1.0983183379        1.0520286400       -0.0003043164
        1.6443183908        1.0301950644       -0.0002200338
        1.9240849348        1.0217809892       -0.0001680823
        1.9240849348        1.0217834971       -0.0001679025
        2.2248601459        1.0159990296       -0.0001631504
        1.8580965717        1.0238484696       -0.0001920431
        1.8580965717        1.0238414415       -0.0001914889
        2.2248601459        1.0159903481       -0.0001627754
        1.7185351136        1.0276392566       -0.0001928077
        1.2065998251        1.0468062111       -0.0002814181
        1.2065998251        1.0467984160       -0.0002815162
        1.7185351136        1.0276264341       -0.0001924505
        1.5665896092        1.0326829832       -0.0002237661
        0.9781222852        1.0577375130       -0.0003487378
        0.9781222852        1.0577337174       -0.0003486212
        1.5665896092        1.0326753002       -0.0002227706
        1.8580965717        1.0237056391       -0.0001756043
        1.3982285474        1.0387759942       -0.0002422809
        1.3982285474        1.0387758269       -0.0002421458
        1.8580965717        1.0237087252       -0.0001758858
        2.1097020490        1.0180914823       -0.0001784142
        2.1097020490        1.0180916043       -0.0001775035
        1.9240849348        1.0220754280       -0.0001838700
        1.9240849348        1.0220691909       -0.0001833211
        2.1680458257        1.0172016301       -0.0001899974
        1.7896767594        1.0252735985       -0.0001779275
        1.7896767594        1.0252723794       -0.0001782320
        2.1680458257        1.0171993983       -0.0001898792
        2.0496982142        1.0193984957       -0.0001856553
        2.0496982142        1.0194011148       -0.0001864150
