#epsqw diagonal term
#1:q+G [au], 2:Re(eps-1), 3:Im(eps-1)
        1.9240849348        0.8925083084       -0.0287324831
        1.9240849348        0.8925353063       -0.0286853077
        2.1680458257        0.9267121060       -0.0147220855
        1.7896767594        0.8640183020       -0.0263781510
        1.7896767594        0.8638561805       -0.0262003518
        2.1680458257        0.9266989794       -0.0145611002
        2.0496982142        0.9129695234       -0.0207545131
        2.0496982142        0.9130066389       -0.0206727710
        2.2248601459        0.9349544460       -0.0158976048
        1.8580965717        0.8793198703       -0.0319616153
        1.8580965717        0.8791931913       -0.0319122004
        2.2248601459        0.9350270812       -0.0159005927
        1.7185351136        0.8405858239       -0.0632590111
        1.2065998251        0.6360212087       -0.2809061952
        1.2065998251        0.6370613302       -0.2799235247
        1.7185351136        0.8406837369       -0.0630853205
        1.5665896092        0.8065015798       -0.0621553662
        0.9781222852        0.5798788541       -0.3510661053
        0.9781222852        0.5799651775       -0.3503762352
        1.5665896092        0.8069280349       -0.0619549501
        1.8580965717        0.8768979963       -0.0421815528
        1.3982285474        0.7200592912       -0.1678782528
        1.3982285474        0.7182771169       -0.1666648397
        1.8580965717        0.8767958294       -0.0421143727
        2.1097020490        0.9220164367       -0.0200339508
        2.1097020490        0.9220540276       -0.0198443767
        2.0496982142        0.9103721509       -0.0166443848
        1.6443183908        0.8262497020       -0.0406989910
        1.6443183908        0.8258805959       -0.0404904008
        2.0496982142        0.9099892494       -0.0167463006
        1.4847973051        0.7786958388       -0.0792892550
        0.8409180925        0.5295958057       -0.4572355642
        0.8409180925        0.5340330023       -0.4580423690
        1.4847973051        0.7788984860       -0.0795136014
        2.1680458257        0.9274290062       -0.0161499225
        1.3059338055        0.7444508675       -0.0942930934
        0.4560518670        0.5308848460       -0.6352507875
        0.4560518670        0.5434020022       -0.6408236333
        1.3059338055        0.7445261507       -0.0941774943
        2.1680458257        0.9275602381       -0.0161035202
        1.6443183908        0.8282808926       -0.0446776570
        1.0983183379        0.6342473754       -0.2431342148
        1.0983183379        0.6334340100       -0.2453670873
        1.6443183908        0.8283072735       -0.0453609438
        1.9240849348        0.8923538519       -0.0186643322
        1.9240849348        0.8922627440       -0.0186017191
        2.2248601459        0.9350381473       -0.0158914267
        1.8580965717        0.8793199622       -0.0319087755
        1.8580965717        0.8788719989       -0.0319497228
        2.2248601459        0.9348754664       -0.0159441870
        1.7185351136        0.8404060603       -0.0626634482
        1.2065998251        0.6350339327       -0.2790449206
        1.2065998251        0.6363273417       -0.2818641547
        1.7185351136        0.8406338249       -0.0637094725
        1.5665896092        0.8062086381       -0.0620212675
        0.9781222852        0.5790547591       -0.3478461592
        0.9781222852        0.5823673286       -0.3487405698
        1.5665896092        0.8072378754       -0.0624092910
        1.8580965717        0.8768654538       -0.0420278668
        1.3982285474        0.7190181145       -0.1673883164
        1.3982285474        0.7199056332       -0.1672968757
        1.8580965717        0.8770522819       -0.0425479247
        2.1097020490        0.9222484061       -0.0198516817
        2.1097020490        0.9219857612       -0.0200126990
        1.9240849348        0.8922789086       -0.0289291929
        1.9240849348        0.8921175782       -0.0291145707
        2.1680458257        0.9267220162       -0.0146318196
        1.7896767594        0.8640411741       -0.0264066219
        1.7896767594        0.8640354790       -0.0263437303
        2.1680458257        0.9266800118       -0.0146611344
        2.0496982142        0.9131003421       -0.0209231729
        2.0496982142        0.9130409811       -0.0208580157
