#epsqw diagonal term
#1:q+G [au], 2:Re(eps-1), 3:Im(eps-1)
        1.9240849348        0.8889580817       -0.0249682978
        1.9240849348        0.8887659247       -0.0248492115
        2.1680458257        0.9191109640       -0.0250070203
        1.7896767594        0.8596073518       -0.0218482622
        1.7896767594        0.8595820021       -0.0219216545
        2.1680458257        0.9189848129       -0.0248164927
        2.0496982142        0.9056660052       -0.0259854353
        2.0496982142        0.9055178136       -0.0257479957
        2.2248601459        0.9312739720       -0.0293060856
        1.8580965717        0.8771766729       -0.0277839057
        1.8580965717        0.8770782830       -0.0280123951
        2.2248601459        0.9313224267       -0.0296505611
        1.7185351136        0.8520503640       -0.0312882537
        1.2065998251        0.6491907780       -0.0514995024
        1.2065998251        0.6492225923       -0.0514516211
        1.7185351136        0.8518695890       -0.0310178965
        1.5665896092        0.8069259479       -0.0357508965
        0.9781222852        0.5180163897       -0.0740999553
        0.9781222852        0.5173700666       -0.0744029992
        1.5665896092        0.8070952022       -0.0356891457
        1.8580965717        0.8828358867       -0.0314078321
        1.3982285474        0.7428638991       -0.0377912667
        1.3982285474        0.7429659237       -0.0376735459
        1.8580965717        0.8829219364       -0.0311178011
        2.1097020490        0.9140807437       -0.0244748481
        2.1097020490        0.9138816700       -0.0244251041
        2.0496982142        0.9043908145       -0.0271674111
        1.6443183908        0.8250880464       -0.0236601861
        1.6443183908        0.8249309386       -0.0234910752
        2.0496982142        0.9042429510       -0.0273045587
        1.4847973051        0.7758999148       -0.0370095344
        0.8409180925        0.4272784217       -0.0913837172
        0.8409180925        0.4262253112       -0.0917834869
        1.4847973051        0.7761888404       -0.0377952766
        2.1680458257        0.9111337647       -0.0214657322
        1.3059338055        0.7228071296       -0.0383688224
        0.4560518670        0.1853746877       -0.1088689996
        0.4560518670        0.1832062768       -0.1099769680
        1.3059338055        0.7228272627       -0.0390341270
        2.1680458257        0.9110909541       -0.0214409407
        1.6443183908        0.8295048060       -0.0345767389
        1.0983183379        0.5983849858       -0.0592052418
        1.0983183379        0.5984230688       -0.0589943102
        1.6443183908        0.8298238149       -0.0347624135
        1.9240849348        0.8848622586       -0.0240856005
        1.9240849348        0.8849230194       -0.0240594149
        2.2248601459        0.9313140255       -0.0295767207
        1.8580965717        0.8770967124       -0.0280917589
        1.8580965717        0.8768663539       -0.0279510574
        2.2248601459        0.9312067724       -0.0296694465
        1.7185351136        0.8519628213       -0.0314386249
        1.2065998251        0.6489658381       -0.0518819533
        1.2065998251        0.6485137374       -0.0518036594
        1.7185351136        0.8519211571       -0.0310333645
        1.5665896092        0.8069641913       -0.0360859209
        0.9781222852        0.5180823306       -0.0747048094
        0.9781222852        0.5174677802       -0.0750275433
        1.5665896092        0.8070459784       -0.0359563408
        1.8580965717        0.8831368792       -0.0312081759
        1.3982285474        0.7434380443       -0.0375772386
        1.3982285474        0.7435068685       -0.0377561834
        1.8580965717        0.8830338750       -0.0313322817
        2.1097020490        0.9139440685       -0.0243815478
        2.1097020490        0.9139800952       -0.0243620560
        1.9240849348        0.8888653237       -0.0251723532
        1.9240849348        0.8887357274       -0.0251760011
        2.1680458257        0.9192561405       -0.0250436242
        1.7896767594        0.8597417774       -0.0219498285
        1.7896767594        0.8597883890       -0.0219687864
        2.1680458257        0.9190640765       -0.0249474145
        2.0496982142        0.9057914480       -0.0261506426
        2.0496982142        0.9056149326       -0.0261384557
