#epsqw diagonal term
#1:q+G [au], 2:Re(eps-1), 3:Im(eps-1)
        1.9240849348        0.8785165332       -0.0023875295
        1.9240849348        0.8785341535       -0.0023153500
        2.1680458257        0.9125265998       -0.0015604576
        1.7896767594        0.8593118887       -0.0012919787
        1.7896767594        0.8592827253       -0.0013113934
        2.1680458257        0.9125069842       -0.0015823301
        2.0496982142        0.8959288025       -0.0020901583
        2.0496982142        0.8959332610       -0.0021038725
        2.2248601459        0.9145033049       -0.0035621730
        1.8580965717        0.8673320391       -0.0031018288
        1.8580965717        0.8672491963       -0.0031621506
        2.2248601459        0.9144170737       -0.0036544050
        1.7185351136        0.8387362191       -0.0046103395
        1.2065998251        0.6706894284       -0.0044465477
        1.2065998251        0.6706412454       -0.0043934698
        1.7185351136        0.8386740258       -0.0045751843
        1.5665896092        0.8028214071       -0.0037879947
        0.9781222852        0.5610288355       -0.0033948256
        0.9781222852        0.5610379107       -0.0033991329
        1.5665896092        0.8028134881       -0.0038098709
        1.8580965717        0.8649440715       -0.0045379928
        1.3982285474        0.7470165514       -0.0038457220
        1.3982285474        0.7469962195       -0.0038114261
        1.8580965717        0.8650264455       -0.0044887518
        2.1097020490        0.9027830610       -0.0027195775
        2.1097020490        0.9027735567       -0.0027004859
        2.0496982142        0.8993030937       -0.0011710001
        1.6443183908        0.8262603866       -0.0014187995
        1.6443183908        0.8262584098       -0.0014160265
        2.0496982142        0.8993036864       -0.0011818626
        1.4847973051        0.7783714384       -0.0030211047
        0.8409180925        0.4864904882       -0.0037732205
        0.8409180925        0.4864927347       -0.0037866332
        1.4847973051        0.7783401640       -0.0030553821
        2.1680458257        0.9187201879       -0.0006725196
        1.3059338055        0.7283690919       -0.0018389803
        0.4560518670        0.2749096526       -0.0053370673
        0.4560518670        0.2747840808       -0.0053653174
        1.3059338055        0.7283367304       -0.0018351273
        2.1680458257        0.9187068575       -0.0006696194
        1.6443183908        0.8245304496       -0.0022856925
        1.0983183379        0.6234079747       -0.0025489490
        1.0983183379        0.6234060456       -0.0025298644
        1.6443183908        0.8245185845       -0.0022600121
        1.9240849348        0.8826657966       -0.0011678474
        1.9240849348        0.8826563687       -0.0011733985
        2.2248601459        0.9144573570       -0.0035572022
        1.8580965717        0.8672939339       -0.0030221634
        1.8580965717        0.8673075168       -0.0030677592
        2.2248601459        0.9144424627       -0.0036283786
        1.7185351136        0.8386570893       -0.0046458971
        1.2065998251        0.6705690922       -0.0043853599
        1.2065998251        0.6706267749       -0.0043466544
        1.7185351136        0.8385499588       -0.0046396160
        1.5665896092        0.8028936198       -0.0037717852
        0.9781222852        0.5610788299       -0.0033873589
        0.9781222852        0.5610227161       -0.0034269391
        1.5665896092        0.8028308077       -0.0038274621
        1.8580965717        0.8650458209       -0.0044816634
        1.3982285474        0.7469624884       -0.0037992431
        1.3982285474        0.7469754680       -0.0037726710
        1.8580965717        0.8650580253       -0.0044589505
        2.1097020490        0.9027442362       -0.0026636076
        2.1097020490        0.9027709717       -0.0026322423
        1.9240849348        0.8785226759       -0.0023367637
        1.9240849348        0.8785250360       -0.0022887106
        2.1680458257        0.9125279351       -0.0015424909
        1.7896767594        0.8592837413       -0.0012945511
        1.7896767594        0.8592937592       -0.0013165906
        2.1680458257        0.9124974177       -0.0015854508
        2.0496982142        0.8959484183       -0.0020832329
        2.0496982142        0.8958964214       -0.0021192877
