#epsqw diagonal term
#1:q+G [au], 2:Re(eps-1), 3:Im(eps-1)
        1.9240849348        0.8825634094       -0.0005991677
        1.9240849348        0.8825999908       -0.0005980036
        2.1680458257        0.9158776191       -0.0004457528
        1.7896767594        0.8638118986       -0.0006053398
        1.7896767594        0.8638044504       -0.0006058543
        2.1680458257        0.9158660060       -0.0004457525
        2.0496982142        0.8999965164       -0.0005368896
        2.0496982142        0.9000011024       -0.0005370130
        2.2248601459        0.9187961142       -0.0004997301
        1.8580965717        0.8720984108       -0.0006336103
        1.8580965717        0.8720397391       -0.0006352140
        2.2248601459        0.9187479942       -0.0005015151
        1.7185351136        0.8448547193       -0.0007507508
        1.2065998251        0.6801843237       -0.0012160384
        1.2065998251        0.6801678364       -0.0012163021
        1.7185351136        0.8448502830       -0.0007505777
        1.5665896092        0.8094546903       -0.0008214664
        0.9781222852        0.5739881103       -0.0015126924
        0.9781222852        0.5740000906       -0.0015125611
        1.5665896092        0.8094671045       -0.0008209942
        1.8580965717        0.8708197337       -0.0006817949
        1.3982285474        0.7542053202       -0.0010021664
        1.3982285474        0.7541973438       -0.0010024838
        1.8580965717        0.8708676907       -0.0006805969
        2.1097020490        0.9070974841       -0.0005297129
        2.1097020490        0.9070998076       -0.0005298237
        2.0496982142        0.9027935144       -0.0004760523
        1.6443183908        0.8318681616       -0.0007188105
        1.6443183908        0.8318634604       -0.0007188153
        2.0496982142        0.9028009701       -0.0004764091
        1.4847973051        0.7851314704       -0.0008868155
        0.8409180925        0.5022666373       -0.0017113935
        0.8409180925        0.5022259568       -0.0017117317
        1.4847973051        0.7851129469       -0.0008876523
        2.1680458257        0.9211191016       -0.0003622479
        1.3059338055        0.7357351967       -0.0010266622
        0.4560518670        0.3037647786       -0.0023162792
        0.4560518670        0.3037492793       -0.0023179941
        1.3059338055        0.7357291425       -0.0010270003
        2.1680458257        0.9211137012       -0.0003623703
        1.6443183908        0.8301757344       -0.0007343939
        1.0983183379        0.6342221490       -0.0013532737
        1.0983183379        0.6342351075       -0.0013530439
        1.6443183908        0.8301664250       -0.0007343379
        1.9240849348        0.8870013574       -0.0005382282
        1.9240849348        0.8870133515       -0.0005380414
        2.2248601459        0.9187778765       -0.0005003045
        1.8580965717        0.8720924849       -0.0006331450
        1.8580965717        0.8720874787       -0.0006333069
        2.2248601459        0.9187716767       -0.0005009428
        1.7185351136        0.8448190953       -0.0007520327
        1.2065998251        0.6801461257       -0.0012164363
        1.2065998251        0.6801887079       -0.0012156361
        1.7185351136        0.8447681926       -0.0007531068
        1.5665896092        0.8094876861       -0.0008201625
        0.9781222852        0.5740200395       -0.0015121546
        0.9781222852        0.5739894215       -0.0015125717
        1.5665896092        0.8094770207       -0.0008208468
        1.8580965717        0.8708861347       -0.0006796608
        1.3982285474        0.7541959184       -0.0010021046
        1.3982285474        0.7542045828       -0.0010017297
        1.8580965717        0.8708932309       -0.0006791354
        2.1097020490        0.9070903048       -0.0005298859
        2.1097020490        0.9071181281       -0.0005290211
        1.9240849348        0.8825967593       -0.0005980056
        1.9240849348        0.8826071053       -0.0005974975
        2.1680458257        0.9158758180       -0.0004453498
        1.7896767594        0.8638017935       -0.0006058494
        1.7896767594        0.8637993317       -0.0006058253
        2.1680458257        0.9158726127       -0.0004460173
        2.0496982142        0.9000150805       -0.0005367325
        2.0496982142        0.8999763929       -0.0005378301
