#epsqw diagonal term
#1:q+G [au], 2:Re(eps-1), 3:Im(eps-1)
        1.9240849348        0.8985045261       -0.0356106586
        1.9240849348        0.8985325048       -0.0354565207
        2.1680458257        0.9194053580       -0.0260969833
        1.7896767594        0.8737914145       -0.0273711731
        1.7896767594        0.8738363801       -0.0273144260
        2.1680458257        0.9192640193       -0.0262451044
        2.0496982142        0.9127909028       -0.0307066872
        2.0496982142        0.9127073721       -0.0306046365
        2.2248601459        0.9297861006       -0.0370368652
        1.8580965717        0.8865080042       -0.0362922704
        1.8580965717        0.8864676332       -0.0363631381
        2.2248601459        0.9300066551       -0.0370319258
        1.7185351136        0.8581326555       -0.0342567058
        1.2065998251        0.6741080532       -0.0487654968
        1.2065998251        0.6741667944       -0.0490728638
        1.7185351136        0.8580504067       -0.0342824148
        1.5665896092        0.8106525330       -0.0341116472
        0.9781222852        0.5445060446       -0.0630950168
        0.9781222852        0.5441626636       -0.0630254088
        1.5665896092        0.8103420002       -0.0339196587
        1.8580965717        0.8844663507       -0.0373183367
        1.3982285474        0.7623118148       -0.0417520052
        1.3982285474        0.7619900553       -0.0420307807
        1.8580965717        0.8844899317       -0.0372800076
        2.1097020490        0.9236308216       -0.0281636375
        2.1097020490        0.9238734075       -0.0281212909
        2.0496982142        0.9021686726       -0.0290761273
        1.6443183908        0.8393573652       -0.0281141037
        1.6443183908        0.8391513401       -0.0283101807
        2.0496982142        0.9022330845       -0.0289059313
        1.4847973051        0.7820382233       -0.0326839989
        0.8409180925        0.4696152354       -0.0662593488
        0.8409180925        0.4698261589       -0.0660473451
        1.4847973051        0.7820366735       -0.0329754303
        2.1680458257        0.9126733490       -0.0119719738
        1.3059338055        0.7438776660       -0.0347138236
        0.4560518670        0.2841199681       -0.0780382986
        0.4560518670        0.2837745787       -0.0787555123
        1.3059338055        0.7439857020       -0.0344372063
        2.1680458257        0.9126690106       -0.0118896731
        1.6443183908        0.8283926576       -0.0318681877
        1.0983183379        0.6257150901       -0.0526443065
        1.0983183379        0.6252471759       -0.0527212850
        1.6443183908        0.8283995890       -0.0320787498
        1.9240849348        0.8934625543       -0.0227606204
        1.9240849348        0.8937598845       -0.0226811760
        2.2248601459        0.9300049160       -0.0368369454
        1.8580965717        0.8866873087       -0.0360814792
        1.8580965717        0.8865566876       -0.0361333590
        2.2248601459        0.9301798434       -0.0368978051
        1.7185351136        0.8582979980       -0.0340921359
        1.2065998251        0.6735049623       -0.0481915311
        1.2065998251        0.6742518404       -0.0480946129
        1.7185351136        0.8581780861       -0.0345581312
        1.5665896092        0.8106320058       -0.0339028779
        0.9781222852        0.5445925817       -0.0619741910
        0.9781222852        0.5445286320       -0.0619750234
        1.5665896092        0.8106209912       -0.0341361748
        1.8580965717        0.8838950111       -0.0372177704
        1.3982285474        0.7621412523       -0.0421012725
        1.3982285474        0.7622362249       -0.0421339255
        1.8580965717        0.8840555712       -0.0373901757
        2.1097020490        0.9233195347       -0.0282387049
        2.1097020490        0.9234590298       -0.0283199384
        1.9240849348        0.8987849637       -0.0350994897
        1.9240849348        0.8987007099       -0.0352038651
        2.1680458257        0.9194468455       -0.0262441365
        1.7896767594        0.8738664833       -0.0272016098
        1.7896767594        0.8737560542       -0.0274645287
        2.1680458257        0.9195332527       -0.0261723395
        2.0496982142        0.9126480150       -0.0305207315
        2.0496982142        0.9126744541       -0.0307446244
