#epsqw diagonal term
#1:q+G [au], 2:Re(eps-1), 3:Im(eps-1)
        1.9240849348        1.0294348187       -0.0888296090
        1.9240849348        1.0307240061       -0.0888443721
        2.1680458257        0.9998882201       -0.0569527940
        1.7896767594        1.0390349299       -0.1003996490
        1.7896767594        1.0381697333       -0.1002724160
        2.1680458257        1.0006661930       -0.0569143885
        2.0496982142        1.0135871175       -0.0674679030
        2.0496982142        1.0144260148       -0.0675417040
        2.2248601459        0.9908638497       -0.0496269468
        1.8580965717        1.0376553543       -0.0977476635
        1.8580965717        1.0372488061       -0.0965676812
        2.2248601459        0.9907983193       -0.0498053432
        1.7185351136        1.0584574023       -0.1148950943
        1.2065998251        1.2405395022       -0.2702431153
        1.2065998251        1.2400737008       -0.2688400327
        1.7185351136        1.0576690812       -0.1143680565
        1.5665896092        1.1032736023       -0.1637514450
        0.9781222852        1.3945511190       -0.3726946774
        0.9781222852        1.3929360908       -0.3742201892
        1.5665896092        1.1025055102       -0.1645128160
        1.8580965717        1.0286854537       -0.0936727440
        1.3982285474        1.1367956475       -0.1818783351
        1.3982285474        1.1385558001       -0.1819217016
        1.8580965717        1.0288205728       -0.0932964063
        2.1097020490        1.0073822713       -0.0633353322
        2.1097020490        1.0079873899       -0.0637603156
        2.0496982142        1.0063911294       -0.0665871567
        1.6443183908        1.0677573255       -0.1294271578
        1.6443183908        1.0673066216       -0.1300353841
        2.0496982142        1.0058255938       -0.0664181704
        1.4847973051        1.1350179639       -0.1882805739
        0.8409180925        1.5106394122       -0.4819065730
        0.8409180925        1.5089289326       -0.4798649587
        1.4847973051        1.1355949016       -0.1884914503
        2.1680458257        0.9891700418       -0.0561919094
        1.3059338055        1.0914542182       -0.2296454713
        0.4560518670        1.7228305631       -0.5514603846
        0.4560518670        1.7196830991       -0.5534903861
        1.3059338055        1.0914752927       -0.2302356631
        2.1680458257        0.9889540963       -0.0561702972
        1.6443183908        1.0911296159       -0.1406916341
        1.0983183379        1.2872435256       -0.3263186281
        1.0983183379        1.2869687322       -0.3268597535
        1.6443183908        1.0906540683       -0.1401325890
        1.9240849348        1.0221064231       -0.0876970817
        1.9240849348        1.0213757593       -0.0873577225
        2.2248601459        0.9909851631       -0.0493078910
        1.8580965717        1.0379488823       -0.0972475130
        1.8580965717        1.0375578794       -0.0962703403
        2.2248601459        0.9906955575       -0.0496484045
        1.7185351136        1.0583985576       -0.1137657143
        1.2065998251        1.2407852516       -0.2688704031
        1.2065998251        1.2404991447       -0.2702334442
        1.7185351136        1.0566961717       -0.1144592920
        1.5665896092        1.1027387167       -0.1642061032
        0.9781222852        1.3955566491       -0.3741447675
        0.9781222852        1.3932400104       -0.3739031446
        1.5665896092        1.1029919709       -0.1642858720
        1.8580965717        1.0286552008       -0.0940925212
        1.3982285474        1.1381984774       -0.1815422768
        1.3982285474        1.1394619600       -0.1829506950
        1.8580965717        1.0287703246       -0.0939207775
        2.1097020490        1.0072144822       -0.0635154279
        2.1097020490        1.0079149974       -0.0640035694
        1.9240849348        1.0308644133       -0.0889458297
        1.9240849348        1.0296876557       -0.0885389525
        2.1680458257        1.0004123468       -0.0573061630
        1.7896767594        1.0383015601       -0.1000864916
        1.7896767594        1.0382735385       -0.1007893966
        2.1680458257        0.9998999255       -0.0572257001
        2.0496982142        1.0144263673       -0.0682015432
        2.0496982142        1.0137991259       -0.0679033403
