#epsqw diagonal term
#1:q+G [au], 2:Re(eps-1), 3:Im(eps-1)
        1.9240849348        0.8825429990       -0.0006005373
        1.9240849348        0.8825797033       -0.0005993572
        2.1680458257        0.9158633167       -0.0004466206
        1.7896767594        0.8637940221       -0.0006063319
        1.7896767594        0.8637865178       -0.0006068531
        2.1680458257        0.9158517040       -0.0004466198
        2.0496982142        0.8999781268       -0.0005380794
        2.0496982142        0.8999827012       -0.0005382033
        2.2248601459        0.9187761330       -0.0005012608
        1.8580965717        0.8720767249       -0.0006350816
        1.8580965717        0.8720179119       -0.0006367002
        2.2248601459        0.9187278442       -0.0005030650
        1.7185351136        0.8448272122       -0.0007527607
        1.2065998251        0.6801439529       -0.0012184175
        1.2065998251        0.6801274771       -0.0012186749
        1.7185351136        0.8448228178       -0.0007525792
        1.5665896092        0.8094278636       -0.0008231901
        0.9781222852        0.5739371514       -0.0015152195
        0.9781222852        0.5739491329       -0.0015150879
        1.5665896092        0.8094403295       -0.0008227112
        1.8580965717        0.8707936286       -0.0006837491
        1.3982285474        0.7541728881       -0.0010041232
        1.3982285474        0.7541649034       -0.0010044390
        1.8580965717        0.8708417118       -0.0006825356
        2.1097020490        0.9070779270       -0.0005310838
        2.1097020490        0.9070802391       -0.0005311954
        2.0496982142        0.9027793150       -0.0004768499
        1.6443183908        0.8318468549       -0.0007199922
        1.6443183908        0.8318421555       -0.0007199960
        2.0496982142        0.9027867337       -0.0004772115
        1.4847973051        0.7851037990       -0.0008884810
        0.8409180925        0.5022046331       -0.0017144198
        0.8409180925        0.5021639419       -0.0017147573
        1.4847973051        0.7850851814       -0.0008893291
        2.1680458257        0.9211095679       -0.0003627431
        1.3059338055        0.7357052249       -0.0010281353
        0.4560518670        0.3036535007       -0.0023218168
        0.4560518670        0.3036377752       -0.0023235530
        1.3059338055        0.7356991366       -0.0010284764
        2.1680458257        0.9211041597       -0.0003628661
        1.6443183908        0.8301530250       -0.0007357487
        1.0983183379        0.6341789499       -0.0013553911
        1.0983183379        0.6341919367       -0.0013551574
        1.6443183908        0.8301437369       -0.0007356888
        1.9240849348        0.8869847778       -0.0005391867
        1.9240849348        0.8869967724       -0.0005390012
        2.2248601459        0.9187578586       -0.0005018355
        1.8580965717        0.8720708832       -0.0006346013
        1.8580965717        0.8720658447       -0.0006347693
        2.2248601459        0.9187515675       -0.0005024881
        1.7185351136        0.8447914868       -0.0007540494
        1.2065998251        0.6801057658       -0.0012188040
        1.2065998251        0.6801484084       -0.0012179999
        1.7185351136        0.8447404805       -0.0007551361
        1.5665896092        0.8094609947       -0.0008218706
        0.9781222852        0.5739691247       -0.0015146777
        0.9781222852        0.5739384417       -0.0015151035
        1.5665896092        0.8094502525       -0.0008225631
        1.8580965717        0.8708602446       -0.0006815894
        1.3982285474        0.7541635264       -0.0010040520
        1.3982285474        0.7541722445       -0.0010036699
        1.8580965717        0.8708674086       -0.0006810549
        2.1097020490        0.9070707664       -0.0005312508
        2.1097020490        0.9070986676       -0.0005303772
        1.9240849348        0.8825764806       -0.0005993556
        1.9240849348        0.8825868732       -0.0005988432
        2.1680458257        0.9158615581       -0.0004462121
        1.7896767594        0.8637838683       -0.0006068469
        1.7896767594        0.8637814037       -0.0006068232
        2.1680458257        0.9158582852       -0.0004468876
        2.0496982142        0.8999967083       -0.0005379196
        2.0496982142        0.8999579235       -0.0005390283
