#R dependence of screened Coulomb at omega=calc_ifreq
#1:R [AA], 2:Re[W(R)] [eV], 3:Im[W(R)] [eV]
    19.96628     0.12038     0.00127
    19.96628     0.12051     0.00127
    19.96628     0.12049     0.00127
    18.02298     0.13076     0.00118
    18.02298     0.13007     0.00118
    18.02298     0.13006     0.00118
    16.74913     0.14254     0.00099
    16.74913     0.14066     0.00100
    16.74913     0.14066     0.00100
    16.30240     0.15315     0.00089
    16.30240     0.15099     0.00091
    16.30240     0.15098     0.00091
    16.74913     0.14254     0.00099
    16.74913     0.14066     0.00100
    16.74913     0.14066     0.00100
    18.02298     0.13076     0.00118
    18.02298     0.13007     0.00118
    18.02298     0.13006     0.00118
    19.96628     0.12038     0.00127
    19.96628     0.12051     0.00127
    19.96628     0.12049     0.00127
    18.02298     0.12955     0.00119
    18.02298     0.12957     0.00119
    18.02298     0.13006     0.00118
    15.84309     0.13595     0.00107
    15.84309     0.13567     0.00108
    15.84309     0.13618     0.00107
    14.37737     0.15472     0.00083
    14.37737     0.15227     0.00085
    14.37737     0.15334     0.00084
    13.85438     0.16544     0.00071
    13.85438     0.16189     0.00073
    13.85438     0.16371     0.00072
    14.37737     0.15472     0.00083
    14.37737     0.15227     0.00085
    14.37737     0.15334     0.00084
    15.84309     0.13595     0.00107
    15.84309     0.13567     0.00108
    15.84309     0.13618     0.00107
    18.02298     0.12955     0.00119
    18.02298     0.12957     0.00119
    18.02298     0.13006     0.00118
    16.74913     0.13866     0.00101
    16.74913     0.13873     0.00101
    16.74913     0.14067     0.00100
    14.37737     0.15199     0.00085
    14.37737     0.15084     0.00086
    14.37737     0.15334     0.00084
    12.74417     0.17688     0.00049
    12.74417     0.17269     0.00052
    12.74417     0.17704     0.00049
    12.15109     0.19393     0.00029
    12.15109     0.18823     0.00033
    12.15109     0.19248     0.00029
    12.74417     0.17688     0.00049
    12.74417     0.17269     0.00052
    12.74417     0.17704     0.00049
    14.37737     0.15199     0.00085
    14.37737     0.15084     0.00086
    14.37737     0.15335     0.00084
    16.74913     0.13866     0.00101
    16.74913     0.13873     0.00101
    16.74913     0.14067     0.00100
    16.30240     0.14869     0.00092
    16.30240     0.14890     0.00093
    16.30240     0.15100     0.00091
    13.85438     0.16194     0.00074
    13.85438     0.16013     0.00074
    13.85438     0.16371     0.00072
    12.15109     0.19125     0.00030
    12.15109     0.18739     0.00034
    12.15109     0.19248     0.00029
    11.52754     0.21542     0.00003
    11.52754     0.20608     0.00008
    11.52754     0.21499     0.00003
    12.15109     0.19125     0.00030
    12.15109     0.18739     0.00034
    12.15109     0.19248     0.00029
    13.85438     0.16194     0.00074
    13.85438     0.16013     0.00074
    13.85438     0.16371     0.00072
    16.30240     0.14869     0.00092
    16.30240     0.14890     0.00093
    16.30240     0.15100     0.00091
    16.74913     0.13866     0.00101
    16.74913     0.13873     0.00101
    16.74913     0.14067     0.00100
    14.37737     0.15199     0.00085
    14.37737     0.15084     0.00086
    14.37737     0.15334     0.00084
    12.74417     0.17688     0.00049
    12.74417     0.17269     0.00052
    12.74417     0.17704     0.00049
    12.15109     0.19393     0.00029
    12.15109     0.18823     0.00033
    12.15109     0.19248     0.00029
    12.74417     0.17688     0.00049
    12.74417     0.17269     0.00052
    12.74417     0.17704     0.00049
    14.37737     0.15199     0.00085
    14.37737     0.15084     0.00086
    14.37737     0.15335     0.00084
    16.74913     0.13866     0.00101
    16.74913     0.13873     0.00101
    16.74913     0.14067     0.00100
    18.02298     0.12955     0.00119
    18.02298     0.12957     0.00119
    18.02298     0.13006     0.00118
    15.84309     0.13595     0.00107
    15.84309     0.13567     0.00108
    15.84309     0.13618     0.00107
    14.37737     0.15472     0.00083
    14.37737     0.15227     0.00085
    14.37737     0.15334     0.00084
    13.85438     0.16544     0.00071
    13.85438     0.16189     0.00073
    13.85438     0.16371     0.00072
    14.37737     0.15472     0.00083
    14.37737     0.15227     0.00085
    14.37737     0.15334     0.00084
    15.84309     0.13595     0.00107
    15.84309     0.13567     0.00108
    15.84309     0.13618     0.00107
    18.02298     0.12955     0.00119
    18.02298     0.12957     0.00119
    18.02298     0.13006     0.00118
    19.96628     0.12038     0.00127
    19.96628     0.12051     0.00127
    19.96628     0.12049     0.00127
    18.02298     0.13076     0.00118
    18.02298     0.13007     0.00118
    18.02298     0.13006     0.00118
    16.74913     0.14254     0.00099
    16.74913     0.14066     0.00100
    16.74913     0.14066     0.00100
    16.30240     0.15315     0.00089
    16.30240     0.15099     0.00091
    16.30240     0.15098     0.00091
    16.74913     0.14254     0.00099
    16.74913     0.14066     0.00100
    16.74913     0.14066     0.00100
    18.02298     0.13076     0.00118
    18.02298     0.13007     0.00118
    18.02298     0.13006     0.00118
    19.96628     0.12038     0.00127
    19.96628     0.12051     0.00127
    19.96628     0.12049     0.00127
    18.02298     0.12954     0.00119
    18.02298     0.13007     0.00118
    18.02298     0.12956     0.00119
    15.84309     0.13595     0.00107
    15.84309     0.13618     0.00107
    15.84309     0.13567     0.00108
    14.37737     0.15473     0.00083
    14.37737     0.15334     0.00084
    14.37737     0.15227     0.00085
    13.85438     0.16545     0.00071
    13.85438     0.16372     0.00072
    13.85438     0.16189     0.00073
    14.37737     0.15473     0.00083
    14.37737     0.15334     0.00084
    14.37737     0.15228     0.00085
    15.84309     0.13595     0.00107
    15.84309     0.13618     0.00107
    15.84309     0.13567     0.00108
    18.02298     0.12954     0.00119
    18.02298     0.13007     0.00118
    18.02298     0.12956     0.00119
    15.84309     0.13515     0.00108
    15.84309     0.13567     0.00108
    15.84309     0.13567     0.00108
    13.31086     0.14494     0.00094
    13.31086     0.14480     0.00094
    13.31086     0.14480     0.00094
    11.52754     0.16751     0.00060
    11.52754     0.16610     0.00062
    11.52754     0.16609     0.00062
    10.86827     0.18370     0.00042
    10.86827     0.17904     0.00044
    10.86827     0.17903     0.00044
    11.52754     0.16751     0.00060
    11.52754     0.16609     0.00062
    11.52754     0.16609     0.00062
    13.31086     0.14494     0.00094
    13.31086     0.14480     0.00094
    13.31086     0.14480     0.00094
    15.84309     0.13515     0.00108
    15.84309     0.13567     0.00108
    15.84309     0.13567     0.00108
    14.37737     0.14988     0.00087
    14.37737     0.15084     0.00086
    14.37737     0.15228     0.00085
    11.52754     0.16442     0.00064
    11.52754     0.16468     0.00064
    11.52754     0.16610     0.00062
     9.41220     0.20526     0.00006
     9.41220     0.20148     0.00009
     9.41220     0.20525     0.00006
     8.59212     0.23628    -0.00033
     8.59212     0.22688    -0.00026
     8.59212     0.23248    -0.00030
     9.41220     0.20526     0.00006
     9.41220     0.20148     0.00009
     9.41220     0.20525     0.00006
    11.52754     0.16442     0.00064
    11.52754     0.16468     0.00064
    11.52754     0.16610     0.00062
    14.37737     0.14988     0.00087
    14.37737     0.15084     0.00086
    14.37737     0.15228     0.00085
    13.85438     0.15813     0.00075
    13.85438     0.16013     0.00074
    13.85438     0.16189     0.00073
    10.86827     0.17461     0.00046
    10.86827     0.17479     0.00047
    10.86827     0.17903     0.00044
     8.59212     0.22915    -0.00028
     8.59212     0.22442    -0.00024
     8.59212     0.23249    -0.00030
     7.68503     0.28509    -0.00094
     7.68503     0.26877    -0.00081
     7.68503     0.28482    -0.00094
     8.59212     0.22915    -0.00028
     8.59212     0.22442    -0.00024
     8.59212     0.23249    -0.00030
    10.86827     0.17461     0.00046
    10.86827     0.17479     0.00047
    10.86827     0.17903     0.00044
    13.85438     0.15813     0.00075
    13.85438     0.16013     0.00074
    13.85438     0.16189     0.00073
    14.37737     0.14988     0.00087
    14.37737     0.15084     0.00086
    14.37737     0.15228     0.00085
    11.52754     0.16442     0.00064
    11.52754     0.16468     0.00064
    11.52754     0.16610     0.00062
     9.41220     0.20526     0.00006
     9.41220     0.20148     0.00009
     9.41220     0.20525     0.00006
     8.59212     0.23628    -0.00033
     8.59212     0.22688    -0.00026
     8.59212     0.23248    -0.00030
     9.41220     0.20526     0.00006
     9.41220     0.20148     0.00009
     9.41220     0.20525     0.00006
    11.52754     0.16442     0.00064
    11.52754     0.16468     0.00064
    11.52754     0.16610     0.00062
    14.37737     0.14988     0.00087
    14.37737     0.15084     0.00086
    14.37737     0.15228     0.00085
    15.84309     0.13515     0.00108
    15.84309     0.13567     0.00108
    15.84309     0.13567     0.00108
    13.31086     0.14494     0.00094
    13.31086     0.14480     0.00094
    13.31086     0.14480     0.00094
    11.52754     0.16751     0.00060
    11.52754     0.16609     0.00062
    11.52754     0.16609     0.00062
    10.86827     0.18370     0.00042
    10.86827     0.17904     0.00044
    10.86827     0.17903     0.00044
    11.52754     0.16751     0.00060
    11.52754     0.16609     0.00062
    11.52754     0.16609     0.00062
    13.31086     0.14494     0.00094
    13.31086     0.14480     0.00094
    13.31086     0.14480     0.00094
    15.84309     0.13515     0.00108
    15.84309     0.13567     0.00108
    15.84309     0.13567     0.00108
    18.02298     0.12954     0.00119
    18.02298     0.13007     0.00118
    18.02298     0.12956     0.00119
    15.84309     0.13595     0.00107
    15.84309     0.13618     0.00107
    15.84309     0.13567     0.00108
    14.37737     0.15473     0.00083
    14.37737     0.15334     0.00084
    14.37737     0.15227     0.00085
    13.85438     0.16545     0.00071
    13.85438     0.16372     0.00072
    13.85438     0.16189     0.00073
    14.37737     0.15473     0.00083
    14.37737     0.15334     0.00084
    14.37737     0.15228     0.00085
    15.84309     0.13595     0.00107
    15.84309     0.13618     0.00107
    15.84309     0.13567     0.00108
    18.02298     0.12954     0.00119
    18.02298     0.13007     0.00118
    18.02298     0.12956     0.00119
    16.74913     0.13866     0.00101
    16.74913     0.14066     0.00100
    16.74913     0.13874     0.00101
    14.37737     0.15199     0.00085
    14.37737     0.15334     0.00084
    14.37737     0.15085     0.00086
    12.74417     0.17688     0.00049
    12.74417     0.17704     0.00049
    12.74417     0.17268     0.00052
    12.15109     0.19393     0.00029
    12.15109     0.19248     0.00029
    12.15109     0.18823     0.00033
    12.74417     0.17688     0.00049
    12.74417     0.17704     0.00049
    12.74417     0.17268     0.00052
    14.37737     0.15199     0.00085
    14.37737     0.15334     0.00084
    14.37737     0.15085     0.00086
    16.74913     0.13866     0.00101
    16.74913     0.14066     0.00100
    16.74913     0.13874     0.00101
    14.37737     0.14987     0.00087
    14.37737     0.15227     0.00085
    14.37737     0.15085     0.00086
    11.52754     0.16441     0.00063
    11.52754     0.16610     0.00062
    11.52754     0.16468     0.00064
     9.41220     0.20526     0.00006
     9.41220     0.20525     0.00006
     9.41220     0.20148     0.00009
     8.59212     0.23629    -0.00032
     8.59212     0.23249    -0.00030
     8.59212     0.22688    -0.00026
     9.41220     0.20526     0.00006
     9.41220     0.20525     0.00006
     9.41220     0.20148     0.00009
    11.52754     0.16441     0.00063
    11.52754     0.16609     0.00062
    11.52754     0.16468     0.00064
    14.37737     0.14987     0.00087
    14.37737     0.15227     0.00085
    14.37737     0.15085     0.00086
    12.74417     0.16854     0.00055
    12.74417     0.17269     0.00052
    12.74417     0.17268     0.00052
     9.41220     0.19772     0.00013
     9.41220     0.20148     0.00009
     9.41220     0.20148     0.00009
     6.65543     0.28186    -0.00120
     6.65543     0.28264    -0.00120
     6.65543     0.28264    -0.00120
     5.43413     0.39238    -0.00251
     5.43413     0.37012    -0.00238
     5.43413     0.37012    -0.00238
     6.65543     0.28186    -0.00120
     6.65543     0.28264    -0.00120
     6.65543     0.28264    -0.00120
     9.41220     0.19772     0.00013
     9.41220     0.20148     0.00009
     9.41220     0.20148     0.00009
    12.74417     0.16854     0.00055
    12.74417     0.17269     0.00052
    12.74417     0.17268     0.00052
    12.15109     0.18348     0.00037
    12.15109     0.18739     0.00034
    12.15109     0.18823     0.00033
     8.59212     0.21885    -0.00019
     8.59212     0.22442    -0.00024
     8.59212     0.22688    -0.00026
     5.43413     0.35244    -0.00224
     5.43413     0.35426    -0.00226
     5.43413     0.37012    -0.00238
     3.84251     0.65416    -0.00596
     3.84251     0.55585    -0.00528
     3.84251     0.63891    -0.00594
     5.43413     0.35244    -0.00224
     5.43413     0.35426    -0.00226
     5.43413     0.37012    -0.00238
     8.59212     0.21885    -0.00019
     8.59212     0.22442    -0.00024
     8.59212     0.22688    -0.00026
    12.15109     0.18348     0.00037
    12.15109     0.18739     0.00034
    12.15109     0.18823     0.00033
    12.74417     0.16854     0.00055
    12.74417     0.17269     0.00052
    12.74417     0.17268     0.00052
     9.41220     0.19772     0.00013
     9.41220     0.20148     0.00009
     9.41220     0.20148     0.00009
     6.65543     0.28186    -0.00120
     6.65543     0.28264    -0.00120
     6.65543     0.28264    -0.00120
     5.43413     0.39238    -0.00251
     5.43413     0.37012    -0.00238
     5.43413     0.37012    -0.00238
     6.65543     0.28186    -0.00120
     6.65543     0.28264    -0.00120
     6.65543     0.28264    -0.00120
     9.41220     0.19772     0.00013
     9.41220     0.20148     0.00009
     9.41220     0.20148     0.00009
    12.74417     0.16854     0.00055
    12.74417     0.17269     0.00052
    12.74417     0.17268     0.00052
    14.37737     0.14987     0.00087
    14.37737     0.15227     0.00085
    14.37737     0.15085     0.00086
    11.52754     0.16441     0.00063
    11.52754     0.16609     0.00062
    11.52754     0.16468     0.00064
     9.41220     0.20526     0.00006
     9.41220     0.20525     0.00006
     9.41220     0.20148     0.00009
     8.59212     0.23629    -0.00032
     8.59212     0.23249    -0.00030
     8.59212     0.22688    -0.00026
     9.41220     0.20526     0.00006
     9.41220     0.20525     0.00006
     9.41220     0.20148     0.00009
    11.52754     0.16441     0.00063
    11.52754     0.16609     0.00062
    11.52754     0.16468     0.00064
    14.37737     0.14987     0.00087
    14.37737     0.15227     0.00085
    14.37737     0.15085     0.00086
    16.74913     0.13866     0.00101
    16.74913     0.14066     0.00100
    16.74913     0.13874     0.00101
    14.37737     0.15199     0.00085
    14.37737     0.15334     0.00084
    14.37737     0.15085     0.00086
    12.74417     0.17688     0.00049
    12.74417     0.17704     0.00049
    12.74417     0.17268     0.00052
    12.15109     0.19393     0.00029
    12.15109     0.19248     0.00029
    12.15109     0.18823     0.00033
    12.74417     0.17688     0.00049
    12.74417     0.17704     0.00049
    12.74417     0.17268     0.00052
    14.37737     0.15199     0.00085
    14.37737     0.15334     0.00084
    14.37737     0.15085     0.00086
    16.74913     0.13866     0.00101
    16.74913     0.14066     0.00100
    16.74913     0.13874     0.00101
    16.30240     0.14872     0.00092
    16.30240     0.15099     0.00091
    16.30240     0.14893     0.00093
    13.85438     0.16196     0.00074
    13.85438     0.16372     0.00072
    13.85438     0.16014     0.00074
    12.15109     0.19124     0.00030
    12.15109     0.19248     0.00029
    12.15109     0.18738     0.00034
    11.52754     0.21540     0.00003
    11.52754     0.21498     0.00002
    11.52754     0.20607     0.00008
    12.15109     0.19124     0.00030
    12.15109     0.19248     0.00029
    12.15109     0.18738     0.00034
    13.85438     0.16196     0.00074
    13.85438     0.16372     0.00072
    13.85438     0.16014     0.00074
    16.30240     0.14872     0.00092
    16.30240     0.15099     0.00091
    16.30240     0.14893     0.00093
    13.85438     0.15814     0.00075
    13.85438     0.16189     0.00073
    13.85438     0.16013     0.00074
    10.86827     0.17462     0.00046
    10.86827     0.17904     0.00044
    10.86827     0.17479     0.00047
     8.59212     0.22915    -0.00028
     8.59212     0.23249    -0.00030
     8.59212     0.22442    -0.00024
     7.68503     0.28509    -0.00094
     7.68503     0.28481    -0.00094
     7.68503     0.26877    -0.00081
     8.59212     0.22915    -0.00028
     8.59212     0.23249    -0.00030
     8.59212     0.22442    -0.00024
    10.86827     0.17462     0.00046
    10.86827     0.17904     0.00044
    10.86827     0.17479     0.00047
    13.85438     0.15814     0.00075
    13.85438     0.16189     0.00073
    13.85438     0.16013     0.00074
    12.15109     0.18347     0.00037
    12.15109     0.18823     0.00033
    12.15109     0.18738     0.00034
     8.59212     0.21885    -0.00019
     8.59212     0.22688    -0.00026
     8.59212     0.22441    -0.00024
     5.43413     0.35245    -0.00224
     5.43413     0.37012    -0.00238
     5.43413     0.35427    -0.00226
     3.84251     0.65418    -0.00596
     3.84251     0.63892    -0.00594
     3.84251     0.55585    -0.00528
     5.43413     0.35245    -0.00224
     5.43413     0.37012    -0.00238
     5.43413     0.35427    -0.00226
     8.59212     0.21885    -0.00019
     8.59212     0.22688    -0.00026
     8.59212     0.22441    -0.00024
    12.15109     0.18347     0.00037
    12.15109     0.18823     0.00033
    12.15109     0.18738     0.00034
    11.52754     0.19937     0.00013
    11.52754     0.20608     0.00008
    11.52754     0.20607     0.00008
     7.68503     0.25423    -0.00068
     7.68503     0.26877    -0.00081
     7.68503     0.26877    -0.00081
     3.84251     0.49223    -0.00469
     3.84251     0.55585    -0.00528
     3.84251     0.55584    -0.00528
     0.00000     3.57799    -0.02997
     0.00000     2.37236    -0.02946
     0.00000     2.37233    -0.02946
     3.84251     0.49223    -0.00469
     3.84251     0.55585    -0.00528
     3.84251     0.55584    -0.00528
     7.68503     0.25423    -0.00068
     7.68503     0.26877    -0.00081
     7.68503     0.26877    -0.00081
    11.52754     0.19937     0.00013
    11.52754     0.20608     0.00008
    11.52754     0.20607     0.00008
    12.15109     0.18347     0.00037
    12.15109     0.18823     0.00033
    12.15109     0.18738     0.00034
     8.59212     0.21885    -0.00019
     8.59212     0.22688    -0.00026
     8.59212     0.22441    -0.00024
     5.43413     0.35245    -0.00224
     5.43413     0.37012    -0.00238
     5.43413     0.35427    -0.00226
     3.84251     0.65418    -0.00596
     3.84251     0.63892    -0.00594
     3.84251     0.55585    -0.00528
     5.43413     0.35245    -0.00224
     5.43413     0.37012    -0.00238
     5.43413     0.35427    -0.00226
     8.59212     0.21885    -0.00019
     8.59212     0.22688    -0.00026
     8.59212     0.22441    -0.00024
    12.15109     0.18347     0.00037
    12.15109     0.18823     0.00033
    12.15109     0.18738     0.00034
    13.85438     0.15814     0.00075
    13.85438     0.16188     0.00073
    13.85438     0.16013     0.00074
    10.86827     0.17462     0.00046
    10.86827     0.17904     0.00044
    10.86827     0.17479     0.00047
     8.59212     0.22915    -0.00028
     8.59212     0.23249    -0.00030
     8.59212     0.22442    -0.00024
     7.68503     0.28509    -0.00094
     7.68503     0.28481    -0.00094
     7.68503     0.26877    -0.00081
     8.59212     0.22915    -0.00028
     8.59212     0.23249    -0.00030
     8.59212     0.22442    -0.00024
    10.86827     0.17462     0.00046
    10.86827     0.17904     0.00044
    10.86827     0.17479     0.00047
    13.85438     0.15814     0.00075
    13.85438     0.16188     0.00073
    13.85438     0.16013     0.00074
    16.30240     0.14872     0.00092
    16.30240     0.15099     0.00091
    16.30240     0.14893     0.00093
    13.85438     0.16196     0.00074
    13.85438     0.16372     0.00072
    13.85438     0.16014     0.00074
    12.15109     0.19124     0.00030
    12.15109     0.19248     0.00029
    12.15109     0.18738     0.00034
    11.52754     0.21540     0.00003
    11.52754     0.21498     0.00002
    11.52754     0.20607     0.00008
    12.15109     0.19124     0.00030
    12.15109     0.19248     0.00029
    12.15109     0.18738     0.00034
    13.85438     0.16196     0.00074
    13.85438     0.16372     0.00072
    13.85438     0.16014     0.00074
    16.30240     0.14872     0.00092
    16.30240     0.15099     0.00091
    16.30240     0.14893     0.00093
    16.74913     0.13866     0.00101
    16.74913     0.14066     0.00100
    16.74913     0.13874     0.00101
    14.37737     0.15199     0.00085
    14.37737     0.15334     0.00084
    14.37737     0.15085     0.00086
    12.74417     0.17688     0.00049
    12.74417     0.17704     0.00049
    12.74417     0.17268     0.00052
    12.15109     0.19393     0.00029
    12.15109     0.19248     0.00029
    12.15109     0.18823     0.00033
    12.74417     0.17688     0.00049
    12.74417     0.17704     0.00049
    12.74417     0.17268     0.00052
    14.37737     0.15199     0.00085
    14.37737     0.15334     0.00084
    14.37737     0.15085     0.00086
    16.74913     0.13866     0.00101
    16.74913     0.14066     0.00100
    16.74913     0.13874     0.00101
    14.37737     0.14987     0.00087
    14.37737     0.15227     0.00085
    14.37737     0.15085     0.00086
    11.52754     0.16441     0.00063
    11.52754     0.16610     0.00062
    11.52754     0.16468     0.00064
     9.41220     0.20526     0.00006
     9.41220     0.20525     0.00006
     9.41220     0.20148     0.00009
     8.59212     0.23629    -0.00032
     8.59212     0.23249    -0.00030
     8.59212     0.22688    -0.00026
     9.41220     0.20526     0.00006
     9.41220     0.20525     0.00006
     9.41220     0.20148     0.00009
    11.52754     0.16441     0.00063
    11.52754     0.16610     0.00062
    11.52754     0.16468     0.00064
    14.37737     0.14987     0.00087
    14.37737     0.15227     0.00085
    14.37737     0.15085     0.00086
    12.74417     0.16854     0.00055
    12.74417     0.17269     0.00052
    12.74417     0.17268     0.00052
     9.41220     0.19772     0.00013
     9.41220     0.20148     0.00009
     9.41220     0.20148     0.00009
     6.65543     0.28186    -0.00120
     6.65543     0.28264    -0.00120
     6.65543     0.28264    -0.00120
     5.43413     0.39238    -0.00251
     5.43413     0.37012    -0.00238
     5.43413     0.37012    -0.00238
     6.65543     0.28186    -0.00120
     6.65543     0.28264    -0.00120
     6.65543     0.28264    -0.00120
     9.41220     0.19772     0.00013
     9.41220     0.20148     0.00009
     9.41220     0.20148     0.00009
    12.74417     0.16854     0.00055
    12.74417     0.17269     0.00052
    12.74417     0.17268     0.00052
    12.15109     0.18348     0.00037
    12.15109     0.18739     0.00034
    12.15109     0.18823     0.00033
     8.59212     0.21885    -0.00019
     8.59212     0.22442    -0.00024
     8.59212     0.22688    -0.00026
     5.43413     0.35244    -0.00224
     5.43413     0.35426    -0.00226
     5.43413     0.37012    -0.00238
     3.84251     0.65416    -0.00596
     3.84251     0.55585    -0.00528
     3.84251     0.63891    -0.00594
     5.43413     0.35244    -0.00224
     5.43413     0.35426    -0.00226
     5.43413     0.37012    -0.00238
     8.59212     0.21885    -0.00019
     8.59212     0.22442    -0.00024
     8.59212     0.22688    -0.00026
    12.15109     0.18348     0.00037
    12.15109     0.18739     0.00034
    12.15109     0.18823     0.00033
    12.74417     0.16854     0.00055
    12.74417     0.17269     0.00052
    12.74417     0.17268     0.00052
     9.41220     0.19772     0.00013
     9.41220     0.20148     0.00009
     9.41220     0.20148     0.00009
     6.65543     0.28186    -0.00120
     6.65543     0.28264    -0.00120
     6.65543     0.28264    -0.00120
     5.43413     0.39238    -0.00251
     5.43413     0.37012    -0.00238
     5.43413     0.37012    -0.00238
     6.65543     0.28186    -0.00120
     6.65543     0.28264    -0.00120
     6.65543     0.28264    -0.00120
     9.41220     0.19772     0.00013
     9.41220     0.20148     0.00009
     9.41220     0.20148     0.00009
    12.74417     0.16854     0.00055
    12.74417     0.17269     0.00052
    12.74417     0.17268     0.00052
    14.37737     0.14987     0.00087
    14.37737     0.15227     0.00085
    14.37737     0.15085     0.00086
    11.52754     0.16441     0.00063
    11.52754     0.16610     0.00062
    11.52754     0.16468     0.00064
     9.41220     0.20526     0.00006
     9.41220     0.20525     0.00006
     9.41220     0.20148     0.00009
     8.59212     0.23629    -0.00032
     8.59212     0.23249    -0.00030
     8.59212     0.22688    -0.00026
     9.41220     0.20526     0.00006
     9.41220     0.20525     0.00006
     9.41220     0.20148     0.00009
    11.52754     0.16441     0.00063
    11.52754     0.16609     0.00062
    11.52754     0.16468     0.00064
    14.37737     0.14987     0.00087
    14.37737     0.15227     0.00085
    14.37737     0.15085     0.00086
    16.74913     0.13866     0.00101
    16.74913     0.14066     0.00100
    16.74913     0.13874     0.00101
    14.37737     0.15199     0.00085
    14.37737     0.15334     0.00084
    14.37737     0.15085     0.00086
    12.74417     0.17688     0.00049
    12.74417     0.17704     0.00049
    12.74417     0.17268     0.00052
    12.15109     0.19393     0.00029
    12.15109     0.19248     0.00029
    12.15109     0.18823     0.00033
    12.74417     0.17688     0.00049
    12.74417     0.17704     0.00049
    12.74417     0.17268     0.00052
    14.37737     0.15199     0.00085
    14.37737     0.15334     0.00084
    14.37737     0.15085     0.00086
    16.74913     0.13866     0.00101
    16.74913     0.14066     0.00100
    16.74913     0.13874     0.00101
    18.02298     0.12954     0.00119
    18.02298     0.13007     0.00118
    18.02298     0.12956     0.00119
    15.84309     0.13595     0.00107
    15.84309     0.13618     0.00107
    15.84309     0.13567     0.00108
    14.37737     0.15473     0.00083
    14.37737     0.15334     0.00084
    14.37737     0.15228     0.00085
    13.85438     0.16545     0.00071
    13.85438     0.16372     0.00072
    13.85438     0.16189     0.00073
    14.37737     0.15473     0.00083
    14.37737     0.15334     0.00084
    14.37737     0.15228     0.00085
    15.84309     0.13595     0.00107
    15.84309     0.13618     0.00107
    15.84309     0.13567     0.00108
    18.02298     0.12954     0.00119
    18.02298     0.13007     0.00118
    18.02298     0.12956     0.00119
    15.84309     0.13515     0.00108
    15.84309     0.13567     0.00108
    15.84309     0.13567     0.00108
    13.31086     0.14494     0.00094
    13.31086     0.14480     0.00094
    13.31086     0.14480     0.00094
    11.52754     0.16751     0.00060
    11.52754     0.16609     0.00062
    11.52754     0.16609     0.00062
    10.86827     0.18370     0.00042
    10.86827     0.17904     0.00044
    10.86827     0.17903     0.00044
    11.52754     0.16751     0.00060
    11.52754     0.16610     0.00062
    11.52754     0.16610     0.00062
    13.31086     0.14494     0.00094
    13.31086     0.14480     0.00094
    13.31086     0.14480     0.00094
    15.84309     0.13515     0.00108
    15.84309     0.13567     0.00108
    15.84309     0.13567     0.00108
    14.37737     0.14988     0.00087
    14.37737     0.15084     0.00086
    14.37737     0.15228     0.00085
    11.52754     0.16442     0.00064
    11.52754     0.16468     0.00064
    11.52754     0.16610     0.00062
     9.41220     0.20526     0.00006
     9.41220     0.20148     0.00009
     9.41220     0.20525     0.00006
     8.59212     0.23628    -0.00033
     8.59212     0.22688    -0.00026
     8.59212     0.23248    -0.00030
     9.41220     0.20526     0.00006
     9.41220     0.20148     0.00009
     9.41220     0.20525     0.00006
    11.52754     0.16442     0.00064
    11.52754     0.16468     0.00064
    11.52754     0.16610     0.00062
    14.37737     0.14988     0.00087
    14.37737     0.15084     0.00086
    14.37737     0.15228     0.00085
    13.85438     0.15813     0.00075
    13.85438     0.16013     0.00074
    13.85438     0.16189     0.00073
    10.86827     0.17461     0.00046
    10.86827     0.17479     0.00047
    10.86827     0.17903     0.00044
     8.59212     0.22915    -0.00028
     8.59212     0.22442    -0.00024
     8.59212     0.23249    -0.00030
     7.68503     0.28509    -0.00094
     7.68503     0.26877    -0.00081
     7.68503     0.28482    -0.00094
     8.59212     0.22915    -0.00028
     8.59212     0.22442    -0.00024
     8.59212     0.23249    -0.00030
    10.86827     0.17461     0.00046
    10.86827     0.17479     0.00047
    10.86827     0.17903     0.00044
    13.85438     0.15813     0.00075
    13.85438     0.16013     0.00074
    13.85438     0.16189     0.00073
    14.37737     0.14988     0.00087
    14.37737     0.15084     0.00086
    14.37737     0.15228     0.00085
    11.52754     0.16442     0.00064
    11.52754     0.16468     0.00064
    11.52754     0.16610     0.00062
     9.41220     0.20526     0.00006
     9.41220     0.20148     0.00009
     9.41220     0.20525     0.00006
     8.59212     0.23628    -0.00033
     8.59212     0.22688    -0.00026
     8.59212     0.23248    -0.00030
     9.41220     0.20526     0.00006
     9.41220     0.20148     0.00009
     9.41220     0.20525     0.00006
    11.52754     0.16442     0.00064
    11.52754     0.16468     0.00064
    11.52754     0.16610     0.00062
    14.37737     0.14988     0.00087
    14.37737     0.15084     0.00086
    14.37737     0.15228     0.00085
    15.84309     0.13515     0.00108
    15.84309     0.13567     0.00108
    15.84309     0.13567     0.00108
    13.31086     0.14494     0.00094
    13.31086     0.14480     0.00094
    13.31086     0.14480     0.00094
    11.52754     0.16751     0.00060
    11.52754     0.16610     0.00062
    11.52754     0.16609     0.00062
    10.86827     0.18370     0.00042
    10.86827     0.17904     0.00044
    10.86827     0.17903     0.00044
    11.52754     0.16751     0.00060
    11.52754     0.16609     0.00062
    11.52754     0.16609     0.00062
    13.31086     0.14494     0.00094
    13.31086     0.14480     0.00094
    13.31086     0.14480     0.00094
    15.84309     0.13515     0.00108
    15.84309     0.13567     0.00108
    15.84309     0.13567     0.00108
    18.02298     0.12954     0.00119
    18.02298     0.13007     0.00118
    18.02298     0.12956     0.00119
    15.84309     0.13595     0.00107
    15.84309     0.13618     0.00107
    15.84309     0.13567     0.00108
    14.37737     0.15473     0.00083
    14.37737     0.15334     0.00084
    14.37737     0.15228     0.00085
    13.85438     0.16545     0.00071
    13.85438     0.16372     0.00072
    13.85438     0.16189     0.00073
    14.37737     0.15473     0.00083
    14.37737     0.15334     0.00084
    14.37737     0.15228     0.00085
    15.84309     0.13595     0.00107
    15.84309     0.13618     0.00107
    15.84309     0.13567     0.00108
    18.02298     0.12954     0.00119
    18.02298     0.13007     0.00118
    18.02298     0.12956     0.00119
    19.96628     0.12038     0.00127
    19.96628     0.12051     0.00127
    19.96628     0.12049     0.00127
    18.02298     0.13076     0.00118
    18.02298     0.13007     0.00118
    18.02298     0.13006     0.00118
    16.74913     0.14254     0.00099
    16.74913     0.14066     0.00100
    16.74913     0.14066     0.00100
    16.30240     0.15315     0.00089
    16.30240     0.15099     0.00091
    16.30240     0.15098     0.00091
    16.74913     0.14254     0.00099
    16.74913     0.14066     0.00100
    16.74913     0.14066     0.00100
    18.02298     0.13076     0.00118
    18.02298     0.13007     0.00118
    18.02298     0.13006     0.00118
    19.96628     0.12038     0.00127
    19.96628     0.12051     0.00127
    19.96628     0.12049     0.00127
    18.02298     0.12955     0.00119
    18.02298     0.12957     0.00119
    18.02298     0.13006     0.00118
    15.84309     0.13595     0.00107
    15.84309     0.13567     0.00108
    15.84309     0.13618     0.00107
    14.37737     0.15472     0.00083
    14.37737     0.15227     0.00085
    14.37737     0.15334     0.00084
    13.85438     0.16544     0.00071
    13.85438     0.16189     0.00073
    13.85438     0.16371     0.00072
    14.37737     0.15472     0.00083
    14.37737     0.15227     0.00085
    14.37737     0.15334     0.00084
    15.84309     0.13595     0.00107
    15.84309     0.13567     0.00108
    15.84309     0.13618     0.00107
    18.02298     0.12955     0.00119
    18.02298     0.12957     0.00119
    18.02298     0.13006     0.00118
    16.74913     0.13866     0.00101
    16.74913     0.13873     0.00101
    16.74913     0.14067     0.00100
    14.37737     0.15199     0.00085
    14.37737     0.15084     0.00086
    14.37737     0.15334     0.00084
    12.74417     0.17688     0.00049
    12.74417     0.17269     0.00052
    12.74417     0.17704     0.00049
    12.15109     0.19393     0.00029
    12.15109     0.18823     0.00033
    12.15109     0.19248     0.00029
    12.74417     0.17688     0.00049
    12.74417     0.17269     0.00052
    12.74417     0.17704     0.00049
    14.37737     0.15199     0.00085
    14.37737     0.15084     0.00086
    14.37737     0.15335     0.00084
    16.74913     0.13866     0.00101
    16.74913     0.13873     0.00101
    16.74913     0.14067     0.00100
    16.30240     0.14869     0.00092
    16.30240     0.14890     0.00093
    16.30240     0.15100     0.00091
    13.85438     0.16194     0.00074
    13.85438     0.16013     0.00074
    13.85438     0.16371     0.00072
    12.15109     0.19125     0.00030
    12.15109     0.18739     0.00034
    12.15109     0.19248     0.00029
    11.52754     0.21542     0.00003
    11.52754     0.20608     0.00008
    11.52754     0.21499     0.00003
    12.15109     0.19125     0.00030
    12.15109     0.18739     0.00034
    12.15109     0.19248     0.00029
    13.85438     0.16194     0.00074
    13.85438     0.16013     0.00074
    13.85438     0.16371     0.00072
    16.30240     0.14869     0.00092
    16.30240     0.14890     0.00093
    16.30240     0.15100     0.00091
    16.74913     0.13866     0.00101
    16.74913     0.13873     0.00101
    16.74913     0.14067     0.00100
    14.37737     0.15199     0.00085
    14.37737     0.15084     0.00086
    14.37737     0.15334     0.00084
    12.74417     0.17688     0.00049
    12.74417     0.17269     0.00052
    12.74417     0.17704     0.00049
    12.15109     0.19393     0.00029
    12.15109     0.18823     0.00033
    12.15109     0.19248     0.00029
    12.74417     0.17688     0.00049
    12.74417     0.17269     0.00052
    12.74417     0.17704     0.00049
    14.37737     0.15199     0.00085
    14.37737     0.15084     0.00086
    14.37737     0.15335     0.00084
    16.74913     0.13866     0.00101
    16.74913     0.13873     0.00101
    16.74913     0.14067     0.00100
    18.02298     0.12955     0.00119
    18.02298     0.12957     0.00119
    18.02298     0.13006     0.00118
    15.84309     0.13595     0.00107
    15.84309     0.13567     0.00108
    15.84309     0.13618     0.00107
    14.37737     0.15472     0.00083
    14.37737     0.15227     0.00085
    14.37737     0.15334     0.00084
    13.85438     0.16544     0.00071
    13.85438     0.16189     0.00073
    13.85438     0.16371     0.00072
    14.37737     0.15472     0.00083
    14.37737     0.15227     0.00085
    14.37737     0.15334     0.00084
    15.84309     0.13595     0.00107
    15.84309     0.13567     0.00108
    15.84309     0.13618     0.00107
    18.02298     0.12955     0.00119
    18.02298     0.12957     0.00119
    18.02298     0.13006     0.00118
    19.96628     0.12038     0.00127
    19.96628     0.12051     0.00127
    19.96628     0.12049     0.00127
    18.02298     0.13076     0.00118
    18.02298     0.13007     0.00118
    18.02298     0.13006     0.00118
    16.74913     0.14254     0.00099
    16.74913     0.14066     0.00100
    16.74913     0.14066     0.00100
    16.30240     0.15315     0.00089
    16.30240     0.15099     0.00091
    16.30240     0.15098     0.00091
    16.74913     0.14254     0.00099
    16.74913     0.14066     0.00100
    16.74913     0.14066     0.00100
    18.02298     0.13076     0.00118
    18.02298     0.13007     0.00118
    18.02298     0.13006     0.00118
    19.96628     0.12038     0.00127
    19.96628     0.12051     0.00127
    19.96628     0.12049     0.00127
