#epsqw diagonal term
#1:q+G [au], 2:Re(eps-1), 3:Im(eps-1)
        2.0849103297        0.9016334252       -0.0007499272
        2.0849103297        0.9016355263       -0.0007487244
        2.0241717112        0.8926645138       -0.0008309028
        1.6123868387        0.8175596926       -0.0010315494
        1.6123868387        0.8176149194       -0.0010285299
        2.0241717112        0.8926861307       -0.0008273970
        1.9615532493        0.8858231177       -0.0007925428
        1.5330399052        0.7960267808       -0.0011509775
        1.5330399052        0.7960163253       -0.0011516155
        1.9615532493        0.8857984757       -0.0007947380
        1.8968687839        0.8747283984       -0.0008693469
        1.8968687839        0.8747267673       -0.0008700597
        2.0241717112        0.8927010830       -0.0008283368
        1.6123868387        0.8176468236       -0.0010285162
        1.6123868387        0.8175887522       -0.0010315084
        2.0241717112        0.8926824947       -0.0008302810
        1.5330399052        0.7950837512       -0.0011326850
        0.9234346496        0.5434598941       -0.0019764550
        0.9234346496        0.5434629430       -0.0019746703
        1.5330399052        0.7950875168       -0.0011324420
        1.4493555066        0.7682706561       -0.0012789863
        0.7766283446        0.4592485692       -0.0024266024
        0.7766283446        0.4592206607       -0.0024246903
        1.4493555066        0.7682751871       -0.0012806016
        1.8298992368        0.8634433012       -0.0009741565
        1.3605335050        0.7363369744       -0.0013403600
        1.3605335050        0.7363062504       -0.0013404042
        1.8298992368        0.8634474153       -0.0009738618
        2.1439288816        0.9085775188       -0.0007320601
        2.1439288816        0.9085720945       -0.0007335460
        1.9615532493        0.8858191544       -0.0007945354
        1.5330399052        0.7960526629       -0.0011507868
        1.5330399052        0.7960625860       -0.0011519062
        1.9615532493        0.8858445921       -0.0007932781
        1.4493555066        0.7682793069       -0.0012801996
        0.7766283446        0.4592198193       -0.0024260141
        0.7766283446        0.4592586020       -0.0024257357
        1.4493555066        0.7682736503       -0.0012810979
        2.2013657161        0.9188142189       -0.0005708076
        1.3605335050        0.7383337746       -0.0014051993
        0.5946188857        0.3580011334       -0.0027733182
        0.5946188857        0.3579942002       -0.0027754338
        1.3605335050        0.7383390900       -0.0014039093
        2.2013657161        0.9188161474       -0.0005704228
        1.7603838361        0.8508442604       -0.0009319805
        1.2654925727        0.6993845886       -0.0014694748
        1.2654925727        0.6993934328       -0.0014694224
        1.7603838361        0.8508382867       -0.0009291528
        2.0849103297        0.9042586930       -0.0006849896
        2.0849103297        0.9042584492       -0.0006857006
        1.8968687839        0.8747328833       -0.0008697720
        1.8968687839        0.8747352103       -0.0008694192
        1.8298992368        0.8634291214       -0.0009740564
        1.3605335050        0.7362814237       -0.0013399921
        1.3605335050        0.7363073690       -0.0013408231
        1.8298992368        0.8634270489       -0.0009739600
        1.7603838361        0.8508155908       -0.0009287532
        1.2654925727        0.6993611146       -0.0014688021
        1.2654925727        0.6993502012       -0.0014695230
        1.7603838361        0.8508258412       -0.0009312365
        2.0849103297        0.9002921102       -0.0009106426
        1.6880080817        0.8351208245       -0.0010139124
        1.6880080817        0.8351226840       -0.0010139019
        2.0849103297        0.9002898693       -0.0009110235
        2.1439288816        0.9085540214       -0.0007341097
        2.1439288816        0.9085637467       -0.0007317430
        2.0849103297        0.9042395799       -0.0006856380
        2.0849103297        0.9042394772       -0.0006850540
