#epsqw diagonal term
#1:q+G [au], 2:Re(eps-1), 3:Im(eps-1)
        2.0849103297        1.0576849832       -0.0309099180
        2.0849103297        1.0578752395       -0.0308865371
        2.0241717112        1.0599063137       -0.0306410909
        1.6123868387        1.1024713226       -0.0528450148
        1.6123868387        1.1023378598       -0.0528030639
        2.0241717112        1.0601285797       -0.0305379286
        1.9615532493        1.0670978415       -0.0338654309
        1.5330399052        1.1130302102       -0.0601097362
        1.5330399052        1.1129500230       -0.0601754859
        1.9615532493        1.0670802048       -0.0339767264
        1.8968687839        1.0707836925       -0.0354403278
        1.8968687839        1.0707408558       -0.0356549321
        2.0241717112        1.0596379036       -0.0303691462
        1.6123868387        1.1020205980       -0.0541025457
        1.6123868387        1.1028206485       -0.0540764557
        2.0241717112        1.0601984315       -0.0303702315
        1.5330399052        1.1042757070       -0.0424466394
        0.9234346496        1.1597422086       -0.0240357590
        0.9234346496        1.1601646595       -0.0239925519
        1.5330399052        1.1048576094       -0.0423678019
        1.4493555066        1.1185973847       -0.0502891584
        0.7766283446        1.1750056148       -0.0209623042
        0.7766283446        1.1749098455       -0.0210498482
        1.4493555066        1.1180303694       -0.0504462596
        1.8298992368        1.0732356628       -0.0329420492
        1.3605335050        1.1190605707       -0.0454559173
        1.3605335050        1.1187117559       -0.0456348350
        1.8298992368        1.0727418726       -0.0332267857
        2.1439288816        1.0723036068       -0.0657648651
        2.1439288816        1.0721344575       -0.0658748788
        1.9615532493        1.0667039505       -0.0336815768
        1.5330399052        1.1127206725       -0.0617030675
        1.5330399052        1.1132296175       -0.0616098265
        1.9615532493        1.0671554439       -0.0335397683
        1.4493555066        1.1177819312       -0.0502214757
        0.7766283446        1.1747555050       -0.0211131789
        0.7766283446        1.1750940847       -0.0209999176
        1.4493555066        1.1186497841       -0.0500470169
        2.2013657161        1.0815496653       -0.0701719430
        1.3605335050        1.1314381650       -0.0568569614
        0.5946188857        1.1890514981       -0.0164723137
        0.5946188857        1.1887493974       -0.0165026269
        1.3605335050        1.1310349538       -0.0569240242
        2.2013657161        1.0814312819       -0.0702099190
        1.7603838361        1.0829419056       -0.0374671093
        1.2654925727        1.1338557704       -0.0517048958
        1.2654925727        1.1328361096       -0.0517241499
        1.7603838361        1.0820845432       -0.0374928115
        2.0849103297        1.0807344594       -0.0745762608
        2.0849103297        1.0802657614       -0.0746147554
        1.8968687839        1.0707817947       -0.0360633505
        1.8968687839        1.0708733965       -0.0358536289
        1.8298992368        1.0729834849       -0.0335497525
        1.3605335050        1.1189581975       -0.0447968958
        1.3605335050        1.1190011466       -0.0446273702
        1.8298992368        1.0731899088       -0.0332822221
        1.7603838361        1.0827677752       -0.0379690521
        1.2654925727        1.1333444780       -0.0506574077
        1.2654925727        1.1335717906       -0.0507027292
        1.7603838361        1.0826231319       -0.0380680064
        2.0849103297        1.0502051342       -0.0227854071
        1.6880080817        1.0859928312       -0.0361224584
        1.6880080817        1.0856281632       -0.0361623741
        2.0849103297        1.0498091522       -0.0228385995
        2.1439288816        1.0720274332       -0.0638549269
        2.1439288816        1.0720492830       -0.0637535650
        2.0849103297        1.0802089466       -0.0723578506
        2.0849103297        1.0803867309       -0.0723320967
