#epsqw diagonal term
#1:q+G [au], 2:Re(eps-1), 3:Im(eps-1)
        2.0849103297        0.9041826953       -0.0005108275
        2.0849103297        0.9041822572       -0.0005108170
        2.0241717112        0.8955049660       -0.0005543971
        1.6123868387        0.8209243776       -0.0007649889
        1.6123868387        0.8209650837       -0.0007641415
        2.0241717112        0.8955107393       -0.0005536671
        1.9615532493        0.8884552627       -0.0005541094
        1.5330399052        0.7998424643       -0.0008393256
        1.5330399052        0.7998316071       -0.0008394392
        1.9615532493        0.8884372841       -0.0005543583
        1.8968687839        0.8776316547       -0.0006022149
        1.8968687839        0.8776349314       -0.0006024985
        2.0241717112        0.8955280624       -0.0005536522
        1.6123868387        0.8209971289       -0.0007641029
        1.6123868387        0.8209539857       -0.0007650395
        2.0241717112        0.8955223294       -0.0005544030
        1.5330399052        0.7987861141       -0.0008407000
        0.9234346496        0.5506101422       -0.0014944795
        0.9234346496        0.5506087679       -0.0014944286
        1.5330399052        0.7987893046       -0.0008406723
        1.4493555066        0.7724653535       -0.0009266738
        0.7766283446        0.4687471225       -0.0017477651
        0.7766283446        0.4687165140       -0.0017480664
        1.4493555066        0.7724703121       -0.0009266495
        1.8298992368        0.8666855403       -0.0006477121
        1.3605335050        0.7407622154       -0.0010197543
        1.3605335050        0.7407318140       -0.0010200558
        1.8298992368        0.8666894808       -0.0006478075
        2.1439288816        0.9111418527       -0.0004976568
        2.1439288816        0.9111428502       -0.0004977939
        1.9615532493        0.8884583983       -0.0005543803
        1.5330399052        0.7998665334       -0.0008394171
        1.5330399052        0.7998810707       -0.0008393465
        1.9615532493        0.8884794373       -0.0005541523
        1.4493555066        0.7724751473       -0.0009267549
        0.7766283446        0.4687195069       -0.0017481514
        0.7766283446        0.4687554729       -0.0017477843
        1.4493555066        0.7724749368       -0.0009268519
        2.2013657161        0.9207399554       -0.0004168329
        1.3605335050        0.7431361114       -0.0010410274
        0.5946188857        0.3700647536       -0.0020271546
        0.5946188857        0.3700629692       -0.0020271968
        1.3605335050        0.7431387081       -0.0010410001
        2.2013657161        0.9207410784       -0.0004168281
        1.7603838361        0.8539307556       -0.0006686583
        1.2654925727        0.7043809361       -0.0011414857
        1.2654925727        0.7043905263       -0.0011416252
        1.7603838361        0.8539158668       -0.0006685735
        2.0849103297        0.9066234582       -0.0004906014
        2.0849103297        0.9066255552       -0.0004905018
        1.8968687839        0.8776407461       -0.0006025479
        1.8968687839        0.8776391959       -0.0006022560
        1.8298992368        0.8666714027       -0.0006478276
        1.3605335050        0.7407062099       -0.0010200831
        1.3605335050        0.7407339757       -0.0010198513
        1.8298992368        0.8666689373       -0.0006477428
        1.7603838361        0.8538908794       -0.0006684879
        1.2654925727        0.7043560573       -0.0011416052
        1.2654925727        0.7043459361       -0.0011414553
        1.7603838361        0.8539089595       -0.0006685395
        2.0849103297        0.9034245340       -0.0005462310
        1.6880080817        0.8384766699       -0.0007254225
        1.6880080817        0.8384783728       -0.0007254042
        2.0849103297        0.9034234736       -0.0005462812
        2.1439288816        0.9111262122       -0.0004978556
        2.1439288816        0.9111270549       -0.0004976505
        2.0849103297        0.9066061401       -0.0004905156
        2.0849103297        0.9066039185       -0.0004906041
