#epsqw diagonal term
#1:q+G [au], 2:Re(eps-1), 3:Im(eps-1)
        2.0849103297        0.9142026535       -0.0164443399
        2.0849103297        0.9142099044       -0.0164920613
        2.0241717112        0.9053127020       -0.0202623689
        1.6123868387        0.7929347471       -0.0485120673
        1.6123868387        0.7935494620       -0.0490696135
        2.0241717112        0.9051837804       -0.0202838864
        1.9615532493        0.8954313534       -0.0196327490
        1.5330399052        0.7707721599       -0.0543702140
        1.5330399052        0.7711887908       -0.0555894528
        1.9615532493        0.8956868018       -0.0195467555
        1.8968687839        0.8822438974       -0.0228217261
        1.8968687839        0.8825616847       -0.0229162727
        2.0241717112        0.9051744883       -0.0202083140
        1.6123868387        0.7936263035       -0.0492305676
        1.6123868387        0.7928610190       -0.0487942134
        2.0241717112        0.9053053462       -0.0202345992
        1.5330399052        0.7535289623       -0.0716286865
        0.9234346496        0.4143543111       -0.2848504289
        0.9234346496        0.4148590425       -0.2843401152
        1.5330399052        0.7534910386       -0.0718256972
        1.4493555066        0.7317140866       -0.0787381019
        0.7766283446        0.4018139075       -0.3630736361
        0.7766283446        0.4004248571       -0.3606172836
        1.4493555066        0.7329779262       -0.0797650884
        1.8298992368        0.8638227994       -0.0305246194
        1.3605335050        0.6732042723       -0.1111312837
        1.3605335050        0.6725881421       -0.1104391711
        1.8298992368        0.8638224196       -0.0304817670
        2.1439288816        0.9242283130       -0.0157193555
        2.1439288816        0.9239902206       -0.0157618598
        1.9615532493        0.8958025802       -0.0195763123
        1.5330399052        0.7709463771       -0.0555207565
        1.5330399052        0.7708611802       -0.0545984045
        1.9615532493        0.8955799205       -0.0194694172
        1.4493555066        0.7330541142       -0.0796811060
        0.7766283446        0.4016906754       -0.3600148574
        0.7766283446        0.4016031680       -0.3622880256
        1.4493555066        0.7317013411       -0.0784778365
        2.2013657161        0.9327221570       -0.0133007323
        1.3605335050        0.7028599338       -0.0912341508
        0.5946188857        0.3795807406       -0.4805251100
        0.5946188857        0.3806612299       -0.4824703664
        1.3605335050        0.7027844712       -0.0906966203
        2.2013657161        0.9327014716       -0.0132872582
        1.7603838361        0.8518780155       -0.0297587787
        1.2654925727        0.6404260677       -0.1347284760
        1.2654925727        0.6426636920       -0.1366782503
        1.7603838361        0.8514784301       -0.0296633744
        2.0849103297        0.9170254636       -0.0157844103
        2.0849103297        0.9170443880       -0.0155147681
        1.8968687839        0.8825170288       -0.0229801680
        1.8968687839        0.8822458487       -0.0228581048
        1.8298992368        0.8636334755       -0.0305651852
        1.3605335050        0.6728737919       -0.1106732095
        1.3605335050        0.6730848659       -0.1109140690
        1.8298992368        0.8638233705       -0.0306308118
        1.7603838361        0.8514101137       -0.0298327532
        1.2654925727        0.6423058606       -0.1360661012
        1.2654925727        0.6407741358       -0.1348511322
        1.7603838361        0.8516684288       -0.0299729516
        2.0849103297        0.9136409399       -0.0186113287
        1.6880080817        0.8230207356       -0.0422235664
        1.6880080817        0.8229282713       -0.0422586957
        2.0849103297        0.9136868405       -0.0186877793
        2.1439288816        0.9240184230       -0.0158335326
        2.1439288816        0.9240574788       -0.0157942721
        2.0849103297        0.9169471986       -0.0155140588
        2.0849103297        0.9171372450       -0.0158102195
