#epsqw diagonal term
#1:q+G [au], 2:Re(eps-1), 3:Im(eps-1)
        2.0849103297        1.0013636545       -0.0000040154
        2.0849103297        1.0013638422       -0.0000040156
        2.0241717112        1.0014788891       -0.0000044330
        1.6123868387        1.0025324012       -0.0000083043
        1.6123868387        1.0025322697       -0.0000083015
        2.0241717112        1.0014788196       -0.0000044339
        1.9615532493        1.0016107872       -0.0000048158
        1.5330399052        1.0027955687       -0.0000092174
        1.5330399052        1.0027960792       -0.0000092183
        1.9615532493        1.0016112650       -0.0000048168
        1.8968687839        1.0017540852       -0.0000053662
        1.8968687839        1.0017545050       -0.0000053662
        2.0241717112        1.0014784967       -0.0000044327
        1.6123868387        1.0025315316       -0.0000082975
        1.6123868387        1.0025307742       -0.0000083011
        2.0241717112        1.0014789805       -0.0000044315
        1.5330399052        1.0027934066       -0.0000094492
        0.9234346496        1.0054004247       -0.0000234647
        0.9234346496        1.0053945338       -0.0000234651
        1.5330399052        1.0027930654       -0.0000094485
        1.4493555066        1.0030961457       -0.0000105981
        0.7766283446        1.0060442736       -0.0000282880
        0.7766283446        1.0060413957       -0.0000282853
        1.4493555066        1.0030967739       -0.0000105964
        1.8298992368        1.0019121819       -0.0000059818
        1.3605335050        1.0034366263       -0.0000122597
        1.3605335050        1.0034364999       -0.0000122621
        1.8298992368        1.0019139353       -0.0000059824
        2.1439288816        1.0012625828       -0.0000037182
        2.1439288816        1.0012621217       -0.0000037189
        1.9615532493        1.0016108166       -0.0000048148
        1.5330399052        1.0027949219       -0.0000092145
        1.5330399052        1.0027943845       -0.0000092140
        1.9615532493        1.0016105101       -0.0000048138
        1.4493555066        1.0030968381       -0.0000105955
        0.7766283446        1.0060412063       -0.0000282826
        0.7766283446        1.0060402519       -0.0000282876
        1.4493555066        1.0030951443       -0.0000105969
        2.2013657161        1.0011682438       -0.0000033644
        1.3605335050        1.0034436245       -0.0000118687
        0.5946188857        1.0066678697       -0.0000349946
        0.5946188857        1.0066720665       -0.0000349899
        1.3605335050        1.0034427558       -0.0000118686
        2.2013657161        1.0011679337       -0.0000033642
        1.7603838361        1.0021007273       -0.0000065816
        1.2654925727        1.0038328179       -0.0000139267
        1.2654925727        1.0038317279       -0.0000139234
        1.7603838361        1.0021010773       -0.0000065817
        2.0849103297        1.0013651885       -0.0000040185
        2.0849103297        1.0013650832       -0.0000040183
        1.8968687839        1.0017542782       -0.0000053655
        1.8968687839        1.0017537744       -0.0000053657
        1.8298992368        1.0019139529       -0.0000059836
        1.3605335050        1.0034382267       -0.0000122640
        1.3605335050        1.0034372964       -0.0000122618
        1.8298992368        1.0019127177       -0.0000059823
        1.7603838361        1.0021013141       -0.0000065836
        1.2654925727        1.0038332709       -0.0000139281
        1.2654925727        1.0038340173       -0.0000139290
        1.7603838361        1.0021008330       -0.0000065823
        2.0849103297        1.0013631991       -0.0000040488
        1.6880080817        1.0023013429       -0.0000074209
        1.6880080817        1.0023015231       -0.0000074208
        2.0849103297        1.0013630188       -0.0000040487
        2.1439288816        1.0012630632       -0.0000037206
        2.1439288816        1.0012628127       -0.0000037196
        2.0849103297        1.0013656639       -0.0000040205
        2.0849103297        1.0013656763       -0.0000040203
