#epsqw diagonal term
#1:q+G [au], 2:Re(eps-1), 3:Im(eps-1)
        2.0849103297        1.0319173130       -0.1031848289
        2.0849103297        1.0307273968       -0.1036711379
        2.0241717112        1.0320674940       -0.1185823715
        1.6123868387        1.0694976313       -0.2441312685
        1.6123868387        1.0677062600       -0.2436277939
        2.0241717112        1.0324355912       -0.1183205564
        1.9615532493        1.0365679588       -0.1217671155
        1.5330399052        1.0866204071       -0.2750009447
        1.5330399052        1.0875090665       -0.2728731499
        1.9615532493        1.0380230548       -0.1210620721
        1.8968687839        1.0408983922       -0.1340904742
        1.8968687839        1.0406493834       -0.1335927760
        2.0241717112        1.0331644258       -0.1180372928
        1.6123868387        1.0706501656       -0.2434661648
        1.6123868387        1.0665277337       -0.2450367493
        2.0241717112        1.0305373024       -0.1183093027
        1.5330399052        1.0727106089       -0.2763376918
        0.9234346496        1.4312518021       -0.4955826216
        0.9234346496        1.4242737342       -0.4948163271
        1.5330399052        1.0679760588       -0.2780518193
        1.4493555066        1.0960182579       -0.2997229954
        0.7766283446        1.4590116401       -0.4870893787
        0.7766283446        1.4591749688       -0.4832779961
        1.4493555066        1.0955969578       -0.2974838655
        1.8298992368        1.0371311470       -0.1499073709
        1.3605335050        1.1189604565       -0.3595574637
        1.3605335050        1.1189783116       -0.3525990910
        1.8298992368        1.0389187809       -0.1489395765
        2.1439288816        1.0434042180       -0.0979125674
        2.1439288816        1.0436481168       -0.0977054040
        1.9615532493        1.0377008138       -0.1203882759
        1.5330399052        1.0886438066       -0.2717567765
        1.5330399052        1.0880548430       -0.2740948775
        1.9615532493        1.0361407272       -0.1207959003
        1.4493555066        1.0959445872       -0.2970021185
        0.7766283446        1.4593285206       -0.4821646119
        0.7766283446        1.4607750090       -0.4851112241
        1.4493555066        1.0972166462       -0.2991762274
        2.2013657161        1.0390259260       -0.1006758543
        1.3605335050        1.1271191817       -0.3504881837
        0.5946188857        1.4665313355       -0.4830128618
        0.5946188857        1.4694530038       -0.4840185076
        1.3605335050        1.1293882171       -0.3493053449
        2.2013657161        1.0389346129       -0.1009783406
        1.7603838361        1.0433591278       -0.1630314231
        1.2654925727        1.1374442911       -0.3969587365
        1.2654925727        1.1435872928       -0.3962257146
        1.7603838361        1.0475552760       -0.1632032435
        2.0849103297        1.0520997763       -0.1106803033
        2.0849103297        1.0516441980       -0.1103627902
        1.8968687839        1.0407978757       -0.1335719714
        1.8968687839        1.0412553280       -0.1344290434
        1.8298992368        1.0393277276       -0.1497653543
        1.3605335050        1.1172690561       -0.3541238609
        1.3605335050        1.1141232829       -0.3594130790
        1.8298992368        1.0370293052       -0.1506842789
        1.7603838361        1.0472255572       -0.1643693638
        1.2654925727        1.1393171394       -0.3966061276
        1.2654925727        1.1419349770       -0.3971296639
        1.7603838361        1.0447241908       -0.1641750964
        2.0849103297        1.0328300196       -0.1464574874
        1.6880080817        1.0469022345       -0.1811676509
        1.6880080817        1.0492646751       -0.1807784526
        2.0849103297        1.0361577920       -0.1450860619
        2.1439288816        1.0440121123       -0.0972106436
        2.1439288816        1.0434034267       -0.0980222181
        2.0849103297        1.0525846430       -0.1106953198
        2.0849103297        1.0534703852       -0.1106640061
