#epsqw diagonal term
#1:q+G [au], 2:Re(eps-1), 3:Im(eps-1)
        2.0849103297        0.9060204492       -0.0180311791
        2.0849103297        0.9060182265       -0.0180031845
        2.0241717112        0.8982724340       -0.0209531741
        1.6123868387        0.8181558029       -0.0505420167
        1.6123868387        0.8176443890       -0.0506063221
        2.0241717112        0.8981743081       -0.0211121469
        1.9615532493        0.8852433484       -0.0217070848
        1.5330399052        0.7924307351       -0.0599593907
        1.5330399052        0.7927829386       -0.0592255988
        1.9615532493        0.8854101436       -0.0215627291
        1.8968687839        0.8764807292       -0.0269603516
        1.8968687839        0.8764028291       -0.0269791494
        2.0241717112        0.8982873841       -0.0211216306
        1.6123868387        0.8175104305       -0.0506365053
        1.6123868387        0.8180734873       -0.0505120121
        2.0241717112        0.8983406202       -0.0210044845
        1.5330399052        0.8047365309       -0.0683092250
        0.9234346496        0.7054738618       -0.2499256782
        0.9234346496        0.7055303836       -0.2495718356
        1.5330399052        0.8048256491       -0.0682489215
        1.4493555066        0.7716941547       -0.0750491340
        0.7766283446        0.6530801149       -0.2995115262
        0.7766283446        0.6569115004       -0.2981844342
        1.4493555066        0.7719294083       -0.0743160257
        1.8298992368        0.8698340039       -0.0324948497
        1.3605335050        0.7596915528       -0.1056377393
        1.3605335050        0.7605182251       -0.1052799986
        1.8298992368        0.8702117710       -0.0321812621
        2.1439288816        0.9186260449       -0.0174561868
        2.1439288816        0.9187230072       -0.0173581612
        1.9615532493        0.8854255287       -0.0215285796
        1.5330399052        0.7928219932       -0.0592141488
        1.5330399052        0.7924008046       -0.0598441971
        1.9615532493        0.8852931071       -0.0217783593
        1.4493555066        0.7718975604       -0.0742354843
        0.7766283446        0.6568389330       -0.2981416996
        0.7766283446        0.6530929408       -0.2991365365
        1.4493555066        0.7716873461       -0.0749424601
        2.2013657161        0.9235947740       -0.0137305557
        1.3605335050        0.7485074198       -0.0849032166
        0.5946188857        0.6086625366       -0.3489122159
        0.5946188857        0.6091959209       -0.3481847499
        1.3605335050        0.7485475428       -0.0850265531
        2.2013657161        0.9236294316       -0.0137446357
        1.7603838361        0.8493698137       -0.0332895671
        1.2654925727        0.7262448136       -0.1143109515
        1.2654925727        0.7266212970       -0.1136446923
        1.7603838361        0.8497638547       -0.0332785076
        2.0849103297        0.9101706607       -0.0152968048
        2.0849103297        0.9103173412       -0.0151417532
        1.8968687839        0.8764046347       -0.0269238610
        1.8968687839        0.8764724519       -0.0268942759
        1.8298992368        0.8702507647       -0.0320995150
        1.3605335050        0.7606890715       -0.1052859748
        1.3605335050        0.7597192589       -0.1058118345
        1.8298992368        0.8697937523       -0.0323857509
        1.7603838361        0.8497748181       -0.0333051731
        1.2654925727        0.7265963291       -0.1141977218
        1.2654925727        0.7265186823       -0.1148694519
        1.7603838361        0.8493395812       -0.0333570203
        2.0849103297        0.9081497156       -0.0221558507
        1.6880080817        0.8397103672       -0.0419395771
        1.6880080817        0.8396932087       -0.0419774406
        2.0849103297        0.9081389706       -0.0221118384
        2.1439288816        0.9187361266       -0.0172189147
        2.1439288816        0.9186735769       -0.0173654768
        2.0849103297        0.9103179079       -0.0150971387
        2.0849103297        0.9101569148       -0.0152047210
