#epsqw diagonal term
#1:q+G [au], 2:Re(eps-1), 3:Im(eps-1)
        2.0849103297        0.9162248606       -0.0258959176
        2.0849103297        0.9162047518       -0.0258333558
        2.0241717112        0.9102097399       -0.0267845737
        1.6123868387        0.8180108773       -0.0322464745
        1.6123868387        0.8179014680       -0.0322974891
        2.0241717112        0.9100996287       -0.0270836949
        1.9615532493        0.8969141924       -0.0266419500
        1.5330399052        0.7921928550       -0.0366481029
        1.5330399052        0.7922283266       -0.0365567600
        1.9615532493        0.8964612778       -0.0265106999
        1.8968687839        0.8842484984       -0.0289853673
        1.8968687839        0.8842883241       -0.0287363644
        2.0241717112        0.9101527713       -0.0272641652
        1.6123868387        0.8178437081       -0.0322400582
        1.6123868387        0.8179439657       -0.0322589810
        2.0241717112        0.9101842824       -0.0267398317
        1.5330399052        0.7936677665       -0.0320643343
        0.9234346496        0.4791828266       -0.1242186597
        0.9234346496        0.4789074351       -0.1239536525
        1.5330399052        0.7936176490       -0.0319978225
        1.4493555066        0.7600405073       -0.0421854753
        0.7766283446        0.3558917162       -0.1736526797
        0.7766283446        0.3590372481       -0.1722042740
        1.4493555066        0.7598958188       -0.0418443996
        1.8298992368        0.8738814953       -0.0287023994
        1.3605335050        0.7231238700       -0.0475927272
        1.3605335050        0.7230052464       -0.0474676551
        1.8298992368        0.8741016184       -0.0286029988
        2.1439288816        0.9249102389       -0.0271231775
        2.1439288816        0.9252960095       -0.0268479758
        1.9615532493        0.8966244088       -0.0266090649
        1.5330399052        0.7921637740       -0.0365294323
        1.5330399052        0.7921868267       -0.0365677926
        1.9615532493        0.8968366958       -0.0265202781
        1.4493555066        0.7599591553       -0.0417360039
        0.7766283446        0.3601304948       -0.1721893470
        0.7766283446        0.3577814091       -0.1735619214
        1.4493555066        0.7602088596       -0.0421743261
        2.2013657161        0.9331434268       -0.0264683671
        1.3605335050        0.7268651806       -0.0470005936
        0.5946188857        0.2100426776       -0.2721294344
        0.5946188857        0.2104506240       -0.2715762597
        1.3605335050        0.7269446143       -0.0472888358
        2.2013657161        0.9333021902       -0.0265485664
        1.7603838361        0.8562604323       -0.0288130724
        1.2654925727        0.6776056943       -0.0596070859
        1.2654925727        0.6773747929       -0.0594557044
        1.7603838361        0.8560609020       -0.0286422137
        2.0849103297        0.9189144247       -0.0265662702
        2.0849103297        0.9187898751       -0.0264660986
        1.8968687839        0.8842700321       -0.0287283445
        1.8968687839        0.8842935845       -0.0289516200
        1.8298992368        0.8739792901       -0.0285632993
        1.3605335050        0.7231307677       -0.0473793932
        1.3605335050        0.7230174560       -0.0476174838
        1.8298992368        0.8738901115       -0.0287499608
        1.7603838361        0.8559749504       -0.0284313471
        1.2654925727        0.6773302716       -0.0588154942
        1.2654925727        0.6774326057       -0.0592663441
        1.7603838361        0.8561126656       -0.0286660081
        2.0849103297        0.9161490929       -0.0218782463
        1.6880080817        0.8394855372       -0.0286747541
        1.6880080817        0.8395544055       -0.0287230032
        2.0849103297        0.9161802565       -0.0219201073
        2.1439288816        0.9251162770       -0.0268207978
        2.1439288816        0.9248268684       -0.0271640925
        2.0849103297        0.9187023897       -0.0263061188
        2.0849103297        0.9189525687       -0.0266451837
