#epsqw diagonal term
#1:q+G [au], 2:Re(eps-1), 3:Im(eps-1)
        2.0849103297        1.0074597391       -0.0000254344
        2.0849103297        1.0074597225       -0.0000254343
        2.0241717112        1.0080638098       -0.0000278541
        1.6123868387        1.0135573394       -0.0000501231
        1.6123868387        1.0135576855       -0.0000501193
        2.0241717112        1.0080650689       -0.0000278590
        1.9615532493        1.0087638658       -0.0000301802
        1.5330399052        1.0149085793       -0.0000552572
        1.5330399052        1.0149102482       -0.0000552610
        1.9615532493        1.0087660922       -0.0000301878
        1.8968687839        1.0095108838       -0.0000333591
        1.8968687839        1.0095119149       -0.0000333610
        2.0241717112        1.0080632101       -0.0000278530
        1.6123868387        1.0135535182       -0.0000501062
        1.6123868387        1.0135528534       -0.0000501090
        2.0241717112        1.0080618712       -0.0000278476
        1.5330399052        1.0149049703       -0.0000565255
        0.9234346496        1.0281927789       -0.0001325190
        0.9234346496        1.0281919734       -0.0001325169
        1.5330399052        1.0149048566       -0.0000565247
        1.4493555066        1.0164587972       -0.0000629256
        0.7766283446        1.0314343596       -0.0001581780
        0.7766283446        1.0314373058       -0.0001581814
        1.4493555066        1.0164608500       -0.0000629264
        1.8298992368        1.0103504753       -0.0000369416
        1.3605335050        1.0182012344       -0.0000720758
        1.3605335050        1.0182035556       -0.0000720845
        1.8298992368        1.0103530421       -0.0000369485
        2.1439288816        1.0069093436       -0.0000235928
        2.1439288816        1.0069102374       -0.0000235961
        1.9615532493        1.0087638243       -0.0000301804
        1.5330399052        1.0149057176       -0.0000552475
        1.5330399052        1.0149038272       -0.0000552425
        1.9615532493        1.0087613009       -0.0000301715
        1.4493555066        1.0164608323       -0.0000629253
        0.7766283446        1.0314377014       -0.0001581806
        0.7766283446        1.0314339970       -0.0001581740
        1.4493555066        1.0164581617       -0.0000629218
        2.2013657161        1.0064070520       -0.0000215073
        1.3605335050        1.0182502836       -0.0000700823
        0.5946188857        1.0346457217       -0.0001934082
        0.5946188857        1.0346452682       -0.0001934098
        1.3605335050        1.0182495646       -0.0000700803
        2.2013657161        1.0064068895       -0.0000215068
        1.7603838361        1.0113343569       -0.0000404583
        1.2654925727        1.0202442803       -0.0000812678
        1.2654925727        1.0202453103       -0.0000812646
        1.7603838361        1.0113359650       -0.0000404642
        2.0849103297        1.0074547719       -0.0000254183
        2.0849103297        1.0074556406       -0.0000254212
        1.8968687839        1.0095108832       -0.0000333579
        1.8968687839        1.0095097438       -0.0000333557
        1.8298992368        1.0103551075       -0.0000369553
        1.3605335050        1.0182076148       -0.0000720969
        1.3605335050        1.0182049736       -0.0000720882
        1.8298992368        1.0103523446       -0.0000369479
        1.7603838361        1.0113385922       -0.0000404731
        1.2654925727        1.0202499036       -0.0000812800
        1.2654925727        1.0202494467       -0.0000812852
        1.7603838361        1.0113366872       -0.0000404664
        2.0849103297        1.0074493581       -0.0000255745
        1.6880080817        1.0123829929       -0.0000452493
        1.6880080817        1.0123828702       -0.0000452490
        2.0849103297        1.0074492820       -0.0000255743
        2.1439288816        1.0069127054       -0.0000236032
        2.1439288816        1.0069118491       -0.0000235999
        2.0849103297        1.0074583563       -0.0000254289
        2.0849103297        1.0074576135       -0.0000254264
