#epsqw diagonal term
#1:q+G [au], 2:Re(eps-1), 3:Im(eps-1)
        2.0849103297        0.9235765449       -0.0277634863
        2.0849103297        0.9235396166       -0.0276328626
        2.0241717112        0.9136701067       -0.0277221519
        1.6123868387        0.8170635194       -0.0348846736
        1.6123868387        0.8172364819       -0.0345478136
        2.0241717112        0.9137066850       -0.0275328623
        1.9615532493        0.9058682248       -0.0292384860
        1.5330399052        0.7920799277       -0.0438105305
        1.5330399052        0.7917599358       -0.0440908548
        1.9615532493        0.9060570243       -0.0294694375
        1.8968687839        0.8940917145       -0.0325657676
        1.8968687839        0.8940414626       -0.0325212751
        2.0241717112        0.9137413755       -0.0275916635
        1.6123868387        0.8173948334       -0.0346827907
        1.6123868387        0.8172591702       -0.0348025709
        2.0241717112        0.9138747587       -0.0277434490
        1.5330399052        0.7834616962       -0.0394019424
        0.9234346496        0.5081645861       -0.2025798988
        0.9234346496        0.5085231522       -0.2036164947
        1.5330399052        0.7835078031       -0.0392191611
        1.4493555066        0.7544621833       -0.0539200827
        0.7766283446        0.4188525992       -0.2986873282
        0.7766283446        0.4145321061       -0.2981541149
        1.4493555066        0.7552849648       -0.0540149167
        1.8298992368        0.8779901537       -0.0335363394
        1.3605335050        0.7109346949       -0.0615071256
        1.3605335050        0.7113545366       -0.0619035109
        1.8298992368        0.8777872797       -0.0341644625
        2.1439288816        0.9323185171       -0.0226742434
        2.1439288816        0.9323961696       -0.0226530287
        1.9615532493        0.9060595843       -0.0294324840
        1.5330399052        0.7919131143       -0.0441256756
        1.5330399052        0.7921139364       -0.0437636605
        1.9615532493        0.9057574613       -0.0292586112
        1.4493555066        0.7550033300       -0.0539706451
        0.7766283446        0.4122789970       -0.2974892097
        0.7766283446        0.4179110320       -0.2990033919
        1.4493555066        0.7545496542       -0.0538707094
        2.2013657161        0.9384464545       -0.0215387529
        1.3605335050        0.7252089360       -0.0676028073
        0.5946188857        0.3416905256       -0.3957490678
        0.5946188857        0.3395187234       -0.3946437278
        1.3605335050        0.7252675501       -0.0678200088
        2.2013657161        0.9384619660       -0.0215355571
        1.7603838361        0.8647479854       -0.0388542930
        1.2654925727        0.6727189162       -0.0803989318
        1.2654925727        0.6713705705       -0.0793742006
        1.7603838361        0.8644936159       -0.0389618312
        2.0849103297        0.9250806259       -0.0242294349
        2.0849103297        0.9250089181       -0.0241841260
        1.8968687839        0.8940466221       -0.0326099814
        1.8968687839        0.8941485167       -0.0325607932
        1.8298992368        0.8776888293       -0.0341584684
        1.3605335050        0.7109633325       -0.0618480660
        1.3605335050        0.7107913495       -0.0614844041
        1.8298992368        0.8778944640       -0.0335612010
        1.7603838361        0.8644379060       -0.0387815380
        1.2654925727        0.6712908923       -0.0794173967
        1.2654925727        0.6723722528       -0.0805266081
        1.7603838361        0.8648715663       -0.0389238606
        2.0849103297        0.9191613641       -0.0269053019
        1.6880080817        0.8406087904       -0.0428033157
        1.6880080817        0.8407292609       -0.0429280067
        2.0849103297        0.9191100675       -0.0269173962
        2.1439288816        0.9322060443       -0.0227715996
        2.1439288816        0.9323552759       -0.0227450902
        2.0849103297        0.9249678426       -0.0242076070
        2.0849103297        0.9249051935       -0.0243241377
