#epsqw diagonal term
#1:q+G [au], 2:Re(eps-1), 3:Im(eps-1)
        2.0849103297        0.9021353867       -0.0575900458
        2.0849103297        0.9020752358       -0.0575173342
        2.0241717112        0.8913826657       -0.0614198887
        1.6123868387        0.7761442093       -0.1062144492
        1.6123868387        0.7762025654       -0.1068303506
        2.0241717112        0.8915628979       -0.0612649589
        1.9615532493        0.8778798525       -0.0707737701
        1.5330399052        0.7415295226       -0.1239566451
        1.5330399052        0.7409446946       -0.1245618362
        1.9615532493        0.8786480436       -0.0707658409
        1.8968687839        0.8620583805       -0.0754348072
        1.8968687839        0.8625799430       -0.0756881514
        2.0241717112        0.8917272598       -0.0612582062
        1.6123868387        0.7764019175       -0.1066217449
        1.6123868387        0.7761207531       -0.1062518202
        2.0241717112        0.8915148771       -0.0615498330
        1.5330399052        0.7521434458       -0.1231644971
        0.9234346496        0.5130559338       -0.2232008941
        0.9234346496        0.5129776476       -0.2228563565
        1.5330399052        0.7521160858       -0.1233365576
        1.4493555066        0.7112337567       -0.1503101999
        0.7766283446        0.4549201949       -0.2772638191
        0.7766283446        0.4548516101       -0.2791491806
        1.4493555066        0.7104183830       -0.1494389359
        1.8298992368        0.8460628619       -0.0791685434
        1.3605335050        0.6795010796       -0.1708076331
        1.3605335050        0.6804158764       -0.1715693342
        1.8298992368        0.8461134919       -0.0783278606
        2.1439288816        0.8985889550       -0.0391934151
        2.1439288816        0.8983249373       -0.0390697760
        1.9615532493        0.8787671021       -0.0708753691
        1.5330399052        0.7404280502       -0.1243062150
        1.5330399052        0.7412390165       -0.1233207087
        1.9615532493        0.8780840097       -0.0707901535
        1.4493555066        0.7103679754       -0.1494993715
        0.7766283446        0.4550342641       -0.2776341106
        0.7766283446        0.4555519713       -0.2769061845
        1.4493555066        0.7109841623       -0.1502705448
        2.2013657161        0.9107302744       -0.0457557914
        1.3605335050        0.6686285262       -0.1533948115
        0.5946188857        0.4221261269       -0.3056431545
        0.5946188857        0.4210268329       -0.3051504055
        1.3605335050        0.6683835041       -0.1532563381
        2.2013657161        0.9107260368       -0.0457741382
        1.7603838361        0.8242714865       -0.0948663671
        1.2654925727        0.6275919967       -0.1849695136
        1.2654925727        0.6265874279       -0.1833501903
        1.7603838361        0.8247851558       -0.0942847487
        2.0849103297        0.8893200294       -0.0470964239
        2.0849103297        0.8897999671       -0.0475629003
        1.8968687839        0.8625951333       -0.0757565906
        1.8968687839        0.8624410974       -0.0753755357
        1.8298992368        0.8462348451       -0.0782822252
        1.3605335050        0.6809014275       -0.1713430787
        1.3605335050        0.6798422458       -0.1706077102
        1.8298992368        0.8461430845       -0.0790381016
        1.7603838361        0.8247955065       -0.0942122478
        1.2654925727        0.6266167449       -0.1841537738
        1.2654925727        0.6276342652       -0.1853906853
        1.7603838361        0.8242818384       -0.0949055506
        2.0849103297        0.9036077118       -0.0519348837
        1.6880080817        0.7988334426       -0.1032835864
        1.6880080817        0.7988483027       -0.1032250884
        2.0849103297        0.9036478208       -0.0519454870
        2.1439288816        0.8981996767       -0.0390581593
        2.1439288816        0.8983116409       -0.0393320162
        2.0849103297        0.8895555718       -0.0477225284
        2.0849103297        0.8890809216       -0.0472080660
