#epsqw diagonal term
#1:q+G [au], 2:Re(eps-1), 3:Im(eps-1)
        2.0849103297        0.9142007259       -0.0293977227
        2.0849103297        0.9142434305       -0.0294008018
        2.0241717112        0.9067593448       -0.0323068378
        1.6123868387        0.8205542698       -0.0320634160
        1.6123868387        0.8205448506       -0.0321533848
        2.0241717112        0.9069419299       -0.0322129838
        1.9615532493        0.8957945596       -0.0315640155
        1.5330399052        0.7911349247       -0.0345431586
        1.5330399052        0.7913550702       -0.0347507799
        1.9615532493        0.8959976482       -0.0314025982
        1.8968687839        0.8864004985       -0.0305331122
        1.8968687839        0.8863981792       -0.0304179511
        2.0241717112        0.9069009996       -0.0322545097
        1.6123868387        0.8204088785       -0.0323543113
        1.6123868387        0.8205521820       -0.0321435060
        2.0241717112        0.9067166576       -0.0323107563
        1.5330399052        0.7992231032       -0.0347319842
        0.9234346496        0.4938138595       -0.0966459495
        0.9234346496        0.4935086744       -0.0968714052
        1.5330399052        0.7992524815       -0.0346582631
        1.4493555066        0.7625879632       -0.0395412756
        0.7766283446        0.3765045129       -0.1287600687
        0.7766283446        0.3758537384       -0.1289458160
        1.4493555066        0.7623117207       -0.0397704451
        1.8298992368        0.8743096312       -0.0307640930
        1.3605335050        0.7264424043       -0.0492606065
        1.3605335050        0.7263801703       -0.0496445583
        1.8298992368        0.8744941291       -0.0309412395
        2.1439288816        0.9223959636       -0.0298567965
        2.1439288816        0.9223939545       -0.0298934020
        1.9615532493        0.8960230783       -0.0314673990
        1.5330399052        0.7913618803       -0.0348515790
        1.5330399052        0.7911440884       -0.0344424719
        1.9615532493        0.8956677137       -0.0317494608
        1.4493555066        0.7623232352       -0.0398324129
        0.7766283446        0.3759342451       -0.1299538945
        0.7766283446        0.3764053693       -0.1300322420
        1.4493555066        0.7626732966       -0.0396209598
        2.2013657161        0.9265856199       -0.0314489228
        1.3605335050        0.7300977472       -0.0471253137
        0.5946188857        0.2433142794       -0.1791313438
        0.5946188857        0.2444532256       -0.1791554992
        1.3605335050        0.7301252037       -0.0471723759
        2.2013657161        0.9268740598       -0.0313050714
        1.7603838361        0.8614938679       -0.0313547541
        1.2654925727        0.6822516971       -0.0561046604
        1.2654925727        0.6814548534       -0.0559766198
        1.7603838361        0.8613306921       -0.0316487250
        2.0849103297        0.9153731626       -0.0306069282
        2.0849103297        0.9151421789       -0.0304808850
        1.8968687839        0.8863324678       -0.0304198816
        1.8968687839        0.8863896951       -0.0304884878
        1.8298992368        0.8744992095       -0.0312032860
        1.3605335050        0.7267079945       -0.0495978774
        1.3605335050        0.7267985424       -0.0494296972
        1.8298992368        0.8745040886       -0.0308730491
        1.7603838361        0.8614869602       -0.0317575636
        1.2654925727        0.6819259830       -0.0559779261
        1.2654925727        0.6823679824       -0.0560694075
        1.7603838361        0.8616530467       -0.0314859015
        2.0849103297        0.9198051287       -0.0225378743
        1.6880080817        0.8426744450       -0.0315090157
        1.6880080817        0.8426197782       -0.0314526491
        2.0849103297        0.9198060686       -0.0226007921
        2.1439288816        0.9222830266       -0.0296078908
        2.1439288816        0.9224364155       -0.0296076736
        2.0849103297        0.9153003352       -0.0304882072
        2.0849103297        0.9153807227       -0.0304943782
