#epsqw diagonal term
#1:q+G [au], 2:Re(eps-1), 3:Im(eps-1)
        2.0849103297        0.8988439823       -0.0023108188
        2.0849103297        0.8988297255       -0.0023107060
        2.0241717112        0.8894849286       -0.0026656178
        1.6123868387        0.8138505523       -0.0028190126
        1.6123868387        0.8139074443       -0.0027820062
        2.0241717112        0.8895228231       -0.0026318858
        1.9615532493        0.8829096796       -0.0022792284
        1.5330399052        0.7918540957       -0.0035023519
        1.5330399052        0.7918602343       -0.0034887353
        1.9615532493        0.8828814371       -0.0023012914
        1.8968687839        0.8715008628       -0.0025846942
        1.8968687839        0.8714946765       -0.0025872181
        2.0241717112        0.8895488882       -0.0026361213
        1.6123868387        0.8139395981       -0.0027800055
        1.6123868387        0.8138752836       -0.0028146443
        2.0241717112        0.8894915188       -0.0026684605
        1.5330399052        0.7908932194       -0.0027791602
        0.9234346496        0.5359010391       -0.0056429631
        0.9234346496        0.5358827180       -0.0056391723
        1.5330399052        0.7908933534       -0.0027795764
        1.4493555066        0.7636816177       -0.0037432534
        0.7766283446        0.4494061754       -0.0080918872
        0.7766283446        0.4493153382       -0.0080934313
        1.4493555066        0.7637281055       -0.0037635137
        1.8298992368        0.8598931141       -0.0030364381
        1.3605335050        0.7312719648       -0.0030957154
        1.3605335050        0.7312501426       -0.0030889974
        1.8298992368        0.8599069137       -0.0030289075
        2.1439288816        0.9056569981       -0.0022278663
        2.1439288816        0.9056404876       -0.0022646740
        1.9615532493        0.8828946125       -0.0023035458
        1.5330399052        0.7918862862       -0.0034863801
        1.5330399052        0.7918962210       -0.0035037686
        1.9615532493        0.8829333285       -0.0022838924
        1.4493555066        0.7637172461       -0.0037767341
        0.7766283446        0.4493235635       -0.0081033564
        0.7766283446        0.4494030730       -0.0080952689
        1.4493555066        0.7636999870       -0.0037593627
        2.2013657161        0.9165208155       -0.0014364542
        1.3605335050        0.7326609914       -0.0040923996
        0.5946188857        0.3446472657       -0.0078848792
        0.5946188857        0.3446654041       -0.0078918670
        1.3605335050        0.7326496650       -0.0040951887
        2.2013657161        0.9165176589       -0.0014364453
        1.7603838361        0.8472774461       -0.0025811611
        1.2654925727        0.6934674321       -0.0031976102
        1.2654925727        0.6935006475       -0.0032065768
        1.7603838361        0.8472714201       -0.0025317501
        2.0849103297        0.9014501580       -0.0017962460
        2.0849103297        0.9014465517       -0.0018174099
        1.8968687839        0.8714950308       -0.0025813557
        1.8968687839        0.8715048790       -0.0025803366
        1.8298992368        0.8598899795       -0.0030231915
        1.3605335050        0.7312156346       -0.0030855210
        1.3605335050        0.7312436382       -0.0030930369
        1.8298992368        0.8598726919       -0.0030336090
        1.7603838361        0.8472523062       -0.0025225352
        1.2654925727        0.6934631792       -0.0031979026
        1.2654925727        0.6934374971       -0.0031932822
        1.7603838361        0.8472601778       -0.0025701493
        2.0849103297        0.8969130011       -0.0033172399
        1.6880080817        0.8312160479       -0.0027002356
        1.6880080817        0.8312194997       -0.0026986893
        2.0849103297        0.8969132609       -0.0033192895
        2.1439288816        0.9056258603       -0.0022687901
        2.1439288816        0.9056404479       -0.0022287735
        2.0849103297        0.9014285363       -0.0018190671
        2.0849103297        0.9014347643       -0.0017988000
