#epsqw diagonal term
#1:q+G [au], 2:Re(eps-1), 3:Im(eps-1)
        2.0849103297        0.8961201963       -0.0216655411
        2.0849103297        0.8961097209       -0.0216403571
        2.0241717112        0.8869212558       -0.0244597127
        1.6123868387        0.8062032491       -0.0362229211
        1.6123868387        0.8059905841       -0.0363410151
        2.0241717112        0.8867684361       -0.0245687990
        1.9615532493        0.8833584830       -0.0211491724
        1.5330399052        0.7876526724       -0.0332219606
        1.5330399052        0.7877215306       -0.0330504566
        1.9615532493        0.8832168360       -0.0211688560
        1.8968687839        0.8684630768       -0.0261710986
        1.8968687839        0.8684530036       -0.0262277113
        2.0241717112        0.8868013741       -0.0245859756
        1.6123868387        0.8058931427       -0.0362740570
        1.6123868387        0.8062011468       -0.0361946500
        2.0241717112        0.8869577162       -0.0245767356
        1.5330399052        0.7888171812       -0.0411466659
        0.9234346496        0.5067256962       -0.0490570567
        0.9234346496        0.5067201563       -0.0488466264
        1.5330399052        0.7887004609       -0.0411426383
        1.4493555066        0.7626405232       -0.0360446552
        0.7766283446        0.4271186822       -0.0635031382
        0.7766283446        0.4273974110       -0.0638960880
        1.4493555066        0.7626580028       -0.0358108860
        1.8298992368        0.8581948541       -0.0288943618
        1.3605335050        0.7298613150       -0.0373071253
        1.3605335050        0.7297225599       -0.0376000920
        1.8298992368        0.8583827371       -0.0286589454
        2.1439288816        0.9039144254       -0.0281092566
        2.1439288816        0.9040109421       -0.0282222902
        1.9615532493        0.8831006057       -0.0210763588
        1.5330399052        0.7876018988       -0.0330372584
        1.5330399052        0.7875554180       -0.0332968815
        1.9615532493        0.8833810181       -0.0211796505
        1.4493555066        0.7625894178       -0.0358671172
        0.7766283446        0.4272005336       -0.0638630613
        0.7766283446        0.4267226223       -0.0634617662
        1.4493555066        0.7626186604       -0.0361732907
        2.2013657161        0.9199702401       -0.0161915326
        1.3605335050        0.7351314524       -0.0368496352
        0.5946188857        0.3404282227       -0.1132214155
        0.5946188857        0.3405347307       -0.1134119096
        1.3605335050        0.7352471627       -0.0368237157
        2.2013657161        0.9199463813       -0.0162154262
        1.7603838361        0.8485208448       -0.0249219232
        1.2654925727        0.6943807370       -0.0373824717
        1.2654925727        0.6944205398       -0.0376343687
        1.7603838361        0.8488122260       -0.0244342173
        2.0849103297        0.9014225272       -0.0228980848
        2.0849103297        0.9015176601       -0.0228184031
        1.8968687839        0.8683451277       -0.0261001756
        1.8968687839        0.8683555869       -0.0260342088
        1.8298992368        0.8584207159       -0.0286598253
        1.3605335050        0.7298515856       -0.0377441137
        1.3605335050        0.7299715670       -0.0372122102
        1.8298992368        0.8582173696       -0.0287758052
        1.7603838361        0.8489500148       -0.0243709258
        1.2654925727        0.6944928357       -0.0376090584
        1.2654925727        0.6944550610       -0.0373962878
        1.7603838361        0.8486917290       -0.0248666696
        2.0849103297        0.8960149506       -0.0201082772
        1.6880080817        0.8309417717       -0.0297144001
        1.6880080817        0.8308496299       -0.0298188397
        2.0849103297        0.8960548984       -0.0201033140
        2.1439288816        0.9040290659       -0.0283670545
        2.1439288816        0.9038617469       -0.0280529751
        2.0849103297        0.9015261685       -0.0227612272
        2.0849103297        0.9013842816       -0.0228454102
