#epsqw diagonal term
#1:q+G [au], 2:Re(eps-1), 3:Im(eps-1)
        2.0849103297        0.9035351897       -0.0005503513
        2.0849103297        0.9035349602       -0.0005502921
        2.0241717112        0.8947882478       -0.0005991809
        1.6123868387        0.8200487941       -0.0008132723
        1.6123868387        0.8200924824       -0.0008121146
        2.0241717112        0.8947970626       -0.0005980897
        1.9615532493        0.8877815865       -0.0005943002
        1.5330399052        0.7988606034       -0.0008955975
        1.5330399052        0.7988498477       -0.0008956756
        1.9615532493        0.8877625081       -0.0005946853
        1.8968687839        0.8768911313       -0.0006465843
        1.8968687839        0.8768932714       -0.0006469703
        2.0241717112        0.8948141398       -0.0005981232
        1.6123868387        0.8201244968       -0.0008120808
        1.6123868387        0.8200781885       -0.0008133348
        2.0241717112        0.8948055369       -0.0005991809
        1.5330399052        0.7978178804       -0.0008932292
        0.9234346496        0.5487156561       -0.0015845151
        0.9234346496        0.5487147826       -0.0015843789
        1.5330399052        0.7978211487       -0.0008931946
        1.4493555066        0.7713834020       -0.0009874038
        0.7766283446        0.4662611376       -0.0018716222
        0.7766283446        0.4662302194       -0.0018718123
        1.4493555066        0.7713886512       -0.0009873483
        1.8298992368        0.8658683979       -0.0006983702
        1.3605335050        0.7395938254       -0.0010802657
        1.3605335050        0.7395631333       -0.0010805209
        1.8298992368        0.8658721518       -0.0006984453
        2.1439288816        0.9104885946       -0.0005382530
        2.1439288816        0.9104885167       -0.0005385483
        1.9615532493        0.8877834215       -0.0005947210
        1.5330399052        0.7988848348       -0.0008956270
        1.5330399052        0.7988988078       -0.0008956789
        1.9615532493        0.8878053139       -0.0005944033
        1.4493555066        0.7713931230       -0.0009874821
        0.7766283446        0.4662326968       -0.0018719757
        0.7766283446        0.4662695965       -0.0018716091
        1.4493555066        0.7713920019       -0.0009877241
        2.2013657161        0.9202390908       -0.0004461064
        1.3605335050        0.7418871250       -0.0011107791
        0.5946188857        0.3668387436       -0.0021793142
        0.5946188857        0.3668364244       -0.0021794554
        1.3605335050        0.7418899643       -0.0011106982
        2.2013657161        0.9202402792       -0.0004460856
        1.7603838361        0.8531355383       -0.0007149815
        1.2654925727        0.7030503794       -0.0012089821
        1.2654925727        0.7030597200       -0.0012091169
        1.7603838361        0.8531219142       -0.0007146830
        2.0849103297        0.9060117940       -0.0005271638
        2.0849103297        0.9060137077       -0.0005271404
        1.8968687839        0.8768989987       -0.0006470123
        1.8968687839        0.8768984647       -0.0006466420
        1.8298992368        0.8658540694       -0.0006984693
        1.3605335050        0.7395375559       -0.0010805363
        1.3605335050        0.7395653426       -0.0010803872
        1.8298992368        0.8658517912       -0.0006983950
        1.7603838361        0.8530974037       -0.0007145454
        1.2654925727        0.7030255649       -0.0012090514
        1.2654925727        0.7030155793       -0.0012089366
        1.7603838361        0.8531143866       -0.0007147856
        2.0849103297        0.9026578629       -0.0005982719
        1.6880080817        0.8376113176       -0.0007753664
        1.6880080817        0.8376130648       -0.0007753433
        2.0849103297        0.9026566127       -0.0005983448
        2.1439288816        0.9104716936       -0.0005386398
        2.1439288816        0.9104739611       -0.0005382245
        2.0849103297        0.9059944145       -0.0005271410
        2.0849103297        0.9059923777       -0.0005271573
