#epsqw diagonal term
#1:q+G [au], 2:Re(eps-1), 3:Im(eps-1)
        2.0849103297        1.0036728449       -0.0000114205
        2.0849103297        1.0036727990       -0.0000114205
        2.0241717112        1.0039789522       -0.0000125725
        1.6123868387        1.0067705203       -0.0000232371
        1.6123868387        1.0067711668       -0.0000232350
        2.0241717112        1.0039795930       -0.0000125748
        1.9615532493        1.0043314355       -0.0000136506
        1.5330399052        1.0074643215       -0.0000257362
        1.5330399052        1.0074650690       -0.0000257381
        1.9615532493        1.0043324514       -0.0000136540
        1.8968687839        1.0047090340       -0.0000151685
        1.8968687839        1.0047093507       -0.0000151688
        2.0241717112        1.0039786570       -0.0000125721
        1.6123868387        1.0067690435       -0.0000232299
        1.6123868387        1.0067679705       -0.0000232312
        2.0241717112        1.0039777646       -0.0000125694
        1.5330399052        1.0074612827       -0.0000263618
        0.9234346496        1.0143109096       -0.0000641028
        0.9234346496        1.0143101885       -0.0000640995
        1.5330399052        1.0074613488       -0.0000263616
        1.4493555066        1.0082570344       -0.0000294889
        0.7766283446        1.0159881251       -0.0000769900
        0.7766283446        1.0159884290       -0.0000769880
        1.4493555066        1.0082586417       -0.0000294887
        1.8298992368        1.0051338882       -0.0000168721
        1.3605335050        1.0091515710       -0.0000339903
        1.3605335050        1.0091522508       -0.0000339934
        1.8298992368        1.0051353939       -0.0000168752
        2.1439288816        1.0034003576       -0.0000105839
        2.1439288816        1.0034005960       -0.0000105851
        1.9615532493        1.0043311890       -0.0000136505
        1.5330399052        1.0074625012       -0.0000257327
        1.5330399052        1.0074614096       -0.0000257303
        1.9615532493        1.0043298766       -0.0000136465
        1.4493555066        1.0082583056       -0.0000294884
        0.7766283446        1.0159883356       -0.0000769905
        0.7766283446        1.0159872035       -0.0000769886
        1.4493555066        1.0082565649       -0.0000294873
        2.2013657161        1.0031496682       -0.0000096055
        1.3605335050        1.0091764839       -0.0000329747
        0.5946188857        1.0176555874       -0.0000948282
        0.5946188857        1.0176548161       -0.0000948298
        1.3605335050        1.0091760754       -0.0000329736
        2.2013657161        1.0031495562       -0.0000096051
        1.7603838361        1.0056321678       -0.0000185367
        1.2654925727        1.0102001455       -0.0000385042
        1.2654925727        1.0102011689       -0.0000385012
        1.7603838361        1.0056333473       -0.0000185396
        2.0849103297        1.0036752844       -0.0000114307
        2.0849103297        1.0036758895       -0.0000114319
        1.8968687839        1.0047087785       -0.0000151675
        1.8968687839        1.0047083947       -0.0000151670
        1.8298992368        1.0051363962       -0.0000168783
        1.3605335050        1.0091546679       -0.0000339992
        1.3605335050        1.0091536181       -0.0000339953
        1.8298992368        1.0051350878       -0.0000168753
        1.7603838361        1.0056348995       -0.0000185439
        1.2654925727        1.0102041040       -0.0000385077
        1.2654925727        1.0102033324       -0.0000385112
        1.7603838361        1.0056335600       -0.0000185406
        2.0849103297        1.0036709596       -0.0000115055
        1.6880080817        1.0061653636       -0.0000208426
        1.6880080817        1.0061650792       -0.0000208422
        2.0849103297        1.0036708851       -0.0000115055
        2.1439288816        1.0034019439       -0.0000105880
        2.1439288816        1.0034017714       -0.0000105867
        2.0849103297        1.0036772186       -0.0000114351
        2.0849103297        1.0036769382       -0.0000114341
