#epsqw diagonal term
#1:q+G [au], 2:Re(eps-1), 3:Im(eps-1)
        2.0849103297        0.8967915411       -0.0157985110
        2.0849103297        0.8967898239       -0.0158203941
        2.0241717112        0.8884760010       -0.0155522174
        1.6123868387        0.8073701612       -0.0212367865
        1.6123868387        0.8074657151       -0.0213027689
        2.0241717112        0.8887269742       -0.0156299545
        1.9615532493        0.8832315984       -0.0161775376
        1.5330399052        0.7926774182       -0.0246863601
        1.5330399052        0.7927474615       -0.0247043025
        1.9615532493        0.8835218487       -0.0161541102
        1.8968687839        0.8695871865       -0.0179852570
        1.8968687839        0.8696489584       -0.0180715044
        2.0241717112        0.8888273635       -0.0156484707
        1.6123868387        0.8076406020       -0.0212764556
        1.6123868387        0.8076232197       -0.0212635078
        2.0241717112        0.8886301170       -0.0155590688
        1.5330399052        0.7821260257       -0.0244140693
        0.9234346496        0.5218875847       -0.0406255938
        0.9234346496        0.5219567021       -0.0406956847
        1.5330399052        0.7822436342       -0.0243702201
        1.4493555066        0.7608092783       -0.0244593814
        0.7766283446        0.4431642556       -0.0605874765
        0.7766283446        0.4426692135       -0.0611894752
        1.4493555066        0.7612029310       -0.0246053151
        1.8298992368        0.8579127435       -0.0170446205
        1.3605335050        0.7272194914       -0.0381595775
        1.3605335050        0.7270114240       -0.0385187087
        1.8298992368        0.8579588553       -0.0172218037
        2.1439288816        0.9032763580       -0.0155235521
        2.1439288816        0.9031781869       -0.0154678374
        1.9615532493        0.8836456143       -0.0161805349
        1.5330399052        0.7928066124       -0.0246162294
        1.5330399052        0.7928761549       -0.0246238233
        1.9615532493        0.8833976673       -0.0161721702
        1.4493555066        0.7612144012       -0.0246044799
        0.7766283446        0.4426962909       -0.0611742828
        0.7766283446        0.4432734581       -0.0606671293
        1.4493555066        0.7608226222       -0.0244916107
        2.2013657161        0.9165391647       -0.0130297433
        1.3605335050        0.7351262470       -0.0295061879
        0.5946188857        0.3156250362       -0.1037982005
        0.5946188857        0.3153728307       -0.1034736867
        1.3605335050        0.7350103106       -0.0295253222
        2.2013657161        0.9166004868       -0.0130620563
        1.7603838361        0.8473327866       -0.0188140222
        1.2654925727        0.6908747557       -0.0457276932
        1.2654925727        0.6914026872       -0.0461403125
        1.7603838361        0.8472988559       -0.0190485900
        2.0849103297        0.9010317307       -0.0159001965
        2.0849103297        0.9009910787       -0.0157756185
        1.8968687839        0.8697395659       -0.0180861856
        1.8968687839        0.8696382429       -0.0180042354
        1.8298992368        0.8578654911       -0.0171267227
        1.3605335050        0.7269225525       -0.0385461341
        1.3605335050        0.7268710144       -0.0383341303
        1.8298992368        0.8578109497       -0.0170073892
        1.7603838361        0.8472668167       -0.0189695466
        1.2654925727        0.6912153456       -0.0461545813
        1.2654925727        0.6905887170       -0.0457269384
        1.7603838361        0.8472035669       -0.0187537232
        2.0849103297        0.8997719754       -0.0147127999
        1.6880080817        0.8292534589       -0.0223929116
        1.6880080817        0.8292767720       -0.0223463359
        2.0849103297        0.8997719359       -0.0147140683
        2.1439288816        0.9031407492       -0.0156083771
        2.1439288816        0.9031983683       -0.0155830902
        2.0849103297        0.9008590828       -0.0158060406
        2.0849103297        0.9009503900       -0.0159339851
