#epsqw diagonal term
#1:q+G [au], 2:Re(eps-1), 3:Im(eps-1)
        2.0849103297        0.9147438309       -0.0249907115
        2.0849103297        0.9147691972       -0.0249230515
        2.0241717112        0.9054217235       -0.0248628475
        1.6123868387        0.8290797424       -0.0223708148
        1.6123868387        0.8290341634       -0.0222853181
        2.0241717112        0.9057200166       -0.0245753045
        1.9615532493        0.8961334584       -0.0249547867
        1.5330399052        0.8044223875       -0.0190755547
        1.5330399052        0.8043336978       -0.0191436465
        1.9615532493        0.8965842217       -0.0249817242
        1.8968687839        0.8855119154       -0.0257415185
        1.8968687839        0.8854565644       -0.0259258247
        2.0241717112        0.9057911800       -0.0246459234
        1.6123868387        0.8290066784       -0.0222720519
        1.6123868387        0.8291438290       -0.0222742749
        2.0241717112        0.9055404520       -0.0248743784
        1.5330399052        0.8034398565       -0.0264948679
        0.9234346496        0.5264530824       -0.0641557140
        0.9234346496        0.5264144566       -0.0642375891
        1.5330399052        0.8034839609       -0.0264553290
        1.4493555066        0.7697560932       -0.0268552838
        0.7766283446        0.4256202975       -0.0706990283
        0.7766283446        0.4261104348       -0.0708392266
        1.4493555066        0.7696945622       -0.0267449166
        1.8298992368        0.8758332547       -0.0273883364
        1.3605335050        0.7362054055       -0.0283513101
        1.3605335050        0.7362599816       -0.0281622592
        1.8298992368        0.8756997032       -0.0272787995
        2.1439288816        0.9153071278       -0.0227361378
        2.1439288816        0.9154153781       -0.0226281177
        1.9615532493        0.8966766445       -0.0250444239
        1.5330399052        0.8044214811       -0.0190459715
        1.5330399052        0.8045647605       -0.0190666766
        1.9615532493        0.8962288644       -0.0251114967
        1.4493555066        0.7696856494       -0.0266033806
        0.7766283446        0.4262715667       -0.0707899884
        0.7766283446        0.4256035192       -0.0707350514
        1.4493555066        0.7695884234       -0.0267348566
        2.2013657161        0.9127591010       -0.0220348163
        1.3605335050        0.7362400006       -0.0282283930
        0.5946188857        0.3071547894       -0.0978897128
        0.5946188857        0.3071639533       -0.0978088661
        1.3605335050        0.7362105531       -0.0281354209
        2.2013657161        0.9127437134       -0.0219810894
        1.7603838361        0.8573007422       -0.0302094881
        1.2654925727        0.6950508950       -0.0338583602
        1.2654925727        0.6950649255       -0.0341107429
        1.7603838361        0.8570633196       -0.0296941312
        2.0849103297        0.9076961639       -0.0208293688
        2.0849103297        0.9077165802       -0.0207369693
        1.8968687839        0.8854983890       -0.0256794389
        1.8968687839        0.8856326136       -0.0256057881
        1.8298992368        0.8758566504       -0.0271059588
        1.3605335050        0.7362100339       -0.0281294668
        1.3605335050        0.7361746189       -0.0283223172
        1.8298992368        0.8759543992       -0.0271250375
        1.7603838361        0.8572091328       -0.0294439564
        1.2654925727        0.6948674156       -0.0341197449
        1.2654925727        0.6948994752       -0.0339818749
        1.7603838361        0.8574128544       -0.0299263054
        2.0849103297        0.9183411137       -0.0309516409
        1.6880080817        0.8464114399       -0.0323668816
        1.6880080817        0.8464869129       -0.0323553778
        2.0849103297        0.9183564006       -0.0308805251
        2.1439288816        0.9154144244       -0.0226185791
        2.1439288816        0.9155290178       -0.0227004668
        2.0849103297        0.9077499574       -0.0207678533
        2.0849103297        0.9076913442       -0.0208212523
