#epsqw diagonal term
#1:q+G [au], 2:Re(eps-1), 3:Im(eps-1)
        2.0849103297        0.9006917820       -0.0359936175
        2.0849103297        0.9006002932       -0.0361022073
        2.0241717112        0.8931182580       -0.0359195687
        1.6123868387        0.8278516007       -0.0432008228
        1.6123868387        0.8278692439       -0.0433088854
        2.0241717112        0.8930522245       -0.0357774565
        1.9615532493        0.8823442912       -0.0317769551
        1.5330399052        0.8059009655       -0.0419300386
        1.5330399052        0.8060226090       -0.0423604897
        1.9615532493        0.8825106425       -0.0315603914
        1.8968687839        0.8761530890       -0.0354495625
        1.8968687839        0.8760683750       -0.0353765677
        2.0241717112        0.8929585484       -0.0356890520
        1.6123868387        0.8279805118       -0.0432409711
        1.6123868387        0.8278907139       -0.0432981615
        2.0241717112        0.8928756828       -0.0359117508
        1.5330399052        0.8043596380       -0.0409998773
        0.9234346496        0.5066305819       -0.0999942513
        0.9234346496        0.5064964483       -0.1000952221
        1.5330399052        0.8044189703       -0.0410222935
        1.4493555066        0.7783056840       -0.0411875381
        0.7766283446        0.4411308076       -0.1042486918
        0.7766283446        0.4414605060       -0.1042348344
        1.4493555066        0.7780655963       -0.0411034408
        1.8298992368        0.8663427905       -0.0358519413
        1.3605335050        0.7382285924       -0.0504472742
        1.3605335050        0.7382363793       -0.0499025793
        1.8298992368        0.8660728359       -0.0357844387
        2.1439288816        0.9196327427       -0.0291363565
        2.1439288816        0.9196243129       -0.0296810414
        1.9615532493        0.8823844586       -0.0316019137
        1.5330399052        0.8061364721       -0.0425418454
        1.5330399052        0.8061713294       -0.0418890683
        1.9615532493        0.8822094537       -0.0316770830
        1.4493555066        0.7781396480       -0.0412270702
        0.7766283446        0.4417653663       -0.1043325106
        0.7766283446        0.4416634810       -0.1044328542
        1.4493555066        0.7783325969       -0.0412545131
        2.2013657161        0.9225060182       -0.0147827832
        1.3605335050        0.7550329807       -0.0457092188
        0.5946188857        0.3678514874       -0.0983783182
        0.5946188857        0.3678658256       -0.0982789892
        1.3605335050        0.7550803657       -0.0456931899
        2.2013657161        0.9225177184       -0.0147696641
        1.7603838361        0.8486973886       -0.0321246794
        1.2654925727        0.6991942018       -0.0506771263
        1.2654925727        0.6991204120       -0.0498506555
        1.7603838361        0.8487877862       -0.0323997130
        2.0849103297        0.9146790348       -0.0245565707
        2.0849103297        0.9147397185       -0.0251654603
        1.8968687839        0.8762646356       -0.0354794198
        1.8968687839        0.8761058684       -0.0353939721
        1.8298992368        0.8661658614       -0.0358154529
        1.3605335050        0.7383691525       -0.0499353589
        1.3605335050        0.7380340798       -0.0504391704
        1.8298992368        0.8660811318       -0.0358146700
        1.7603838361        0.8485366077       -0.0324815995
        1.2654925727        0.6987891544       -0.0498514845
        1.2654925727        0.6991240862       -0.0506738217
        1.7603838361        0.8487059660       -0.0322538445
        2.0849103297        0.8996586843       -0.0374344511
        1.6880080817        0.8375102315       -0.0382814865
        1.6880080817        0.8378928771       -0.0383053340
        2.0849103297        0.9000517386       -0.0374645706
        2.1439288816        0.9195318559       -0.0296268516
        2.1439288816        0.9194797973       -0.0291083714
        2.0849103297        0.9146095825       -0.0252097778
        2.0849103297        0.9146185970       -0.0245416052
