#epsqw diagonal term
#1:q+G [au], 2:Re(eps-1), 3:Im(eps-1)
        2.0849103297        0.9041663409       -0.0005117534
        2.0849103297        0.9041659061       -0.0005117421
        2.0241717112        0.8954868983       -0.0005554422
        1.6123868387        0.8209021287       -0.0007661323
        1.6123868387        0.8209429056       -0.0007652782
        2.0241717112        0.8954927421       -0.0005547045
        1.9615532493        0.8884382221       -0.0005550540
        1.5330399052        0.7998175935       -0.0008406479
        1.5330399052        0.7998067378       -0.0008407607
        1.9615532493        0.8884202179       -0.0005553055
        1.8968687839        0.8776129317       -0.0006032556
        1.8968687839        0.8776161804       -0.0006035416
        2.0241717112        0.8955100610       -0.0005546904
        1.6123868387        0.8209749513       -0.0007652397
        1.6123868387        0.8209317309       -0.0007661832
        2.0241717112        0.8955042586       -0.0005554481
        1.5330399052        0.7987614839       -0.0008419478
        0.9234346496        0.5505617190       -0.0014966180
        0.9234346496        0.5505603550       -0.0014965656
        1.5330399052        0.7987646754       -0.0008419200
        1.4493555066        0.7724379195       -0.0009281006
        0.7766283446        0.4686837851       -0.0017506839
        0.7766283446        0.4686531641       -0.0017509834
        1.4493555066        0.7724428850       -0.0009280752
        1.8298992368        0.8666649396       -0.0006488915
        1.3605335050        0.7407324268       -0.0010211981
        1.3605335050        0.7407020166       -0.0010214988
        1.8298992368        0.8666688742       -0.0006489868
        2.1439288816        0.9111253590       -0.0004986114
        2.1439288816        0.9111263333       -0.0004987517
        1.9615532493        0.8884413269       -0.0005553280
        1.5330399052        0.7998416649       -0.0008407383
        1.5330399052        0.7998561898       -0.0008406700
        1.9615532493        0.8884623860       -0.0005550981
        1.4493555066        0.7724477107       -0.0009281814
        0.7766283446        0.4686561458       -0.0017510699
        0.7766283446        0.4686921370       -0.0017507026
        1.4493555066        0.7724474807       -0.0009282814
        2.2013657161        0.9207272520       -0.0004175292
        1.3605335050        0.7431044145       -0.0010426769
        0.5946188857        0.3699822093       -0.0020308072
        0.5946188857        0.3699804136       -0.0020308511
        1.3605335050        0.7431070154       -0.0010426487
        2.2013657161        0.9207283762       -0.0004175241
        1.7603838361        0.8539106127       -0.0006697503
        1.2654925727        0.7043469664       -0.0011431064
        1.2654925727        0.7043565516       -0.0011432459
        1.7603838361        0.8538957508       -0.0006696615
        2.0849103297        0.9066079683       -0.0004914689
        2.0849103297        0.9066100638       -0.0004913706
        1.8968687839        0.8776219921       -0.0006035910
        1.8968687839        0.8776204673       -0.0006032972
        1.8298992368        0.8666507962       -0.0006490069
        1.3605335050        0.7406764130       -0.0010215260
        1.3605335050        0.7407041823       -0.0010212956
        1.8298992368        0.8666483362       -0.0006489222
        1.7603838361        0.8538707747       -0.0006695747
        1.2654925727        0.7043220886       -0.0011432250
        1.2654925727        0.7043119716       -0.0011430757
        1.7603838361        0.8538888318       -0.0006696298
        2.0849103297        0.9034053407       -0.0005474267
        1.6880080817        0.8384547383       -0.0007266005
        1.6880080817        0.8384564428       -0.0007265821
        2.0849103297        0.9034042766       -0.0005474774
        2.1439288816        0.9111096914       -0.0004988139
        2.1439288816        0.9111105651       -0.0004986046
        2.0849103297        0.9065906510       -0.0004913841
        2.0849103297        0.9065884320       -0.0004914713
