#epsqw diagonal term
#1:q+G [au], 2:Re(eps-1), 3:Im(eps-1)
        2.0849103297        1.0316937037       -0.0013639722
        2.0849103297        1.0316937890       -0.0013638782
        2.0241717112        1.0343761697       -0.0014047519
        1.6123868387        1.0590273504       -0.0015689144
        1.6123868387        1.0590554318       -0.0015933878
        2.0241717112        1.0344308745       -0.0014499667
        1.9615532493        1.0376879723       -0.0014005617
        1.5330399052        1.0645441081       -0.0016182569
        1.5330399052        1.0646003709       -0.0016445686
        1.9615532493        1.0377765480       -0.0014304743
        1.8968687839        1.0411810813       -0.0015122150
        1.8968687839        1.0412092432       -0.0014838258
        2.0241717112        1.0344248823       -0.0014499587
        1.6123868387        1.0590363965       -0.0015922789
        1.6123868387        1.0590037728       -0.0015674952
        2.0241717112        1.0343670303       -0.0014043841
        1.5330399052        1.0642759427       -0.0015728869
        0.9234346496        1.1149869152       -0.0014884906
        0.9234346496        1.1149841431       -0.0014882946
        1.5330399052        1.0642720939       -0.0015726202
        1.4493555066        1.0705810480       -0.0015789682
        0.7766283446        1.1266062229       -0.0014992133
        0.7766283446        1.1266848784       -0.0015309103
        1.4493555066        1.0706715521       -0.0016285140
        1.8298992368        1.0448471208       -0.0015030209
        1.3605335050        1.0774289851       -0.0016147803
        1.3605335050        1.0774969134       -0.0016336680
        1.8298992368        1.0449386565       -0.0015113681
        2.1439288816        1.0312042811       -0.0013484673
        2.1439288816        1.0312353116       -0.0013440908
        1.9615532493        1.0377697577       -0.0014307853
        1.5330399052        1.0645788132       -0.0016439225
        1.5330399052        1.0645181549       -0.0016174173
        1.9615532493        1.0376767617       -0.0014007131
        1.4493555066        1.0706735927       -0.0016289828
        0.7766283446        1.1266875934       -0.0015314475
        0.7766283446        1.1266070033       -0.0014996329
        1.4493555066        1.0705782902       -0.0015792847
        2.2013657161        1.0298685070       -0.0012409243
        1.3605335050        1.0776890931       -0.0016441860
        0.5946188857        1.1377951522       -0.0015430742
        0.5946188857        1.1377913628       -0.0015431802
        1.3605335050        1.0776891213       -0.0016443741
        2.2013657161        1.0298684935       -0.0012409927
        1.7603838361        1.0492527656       -0.0015094467
        1.2654925727        1.0853680826       -0.0016280090
        1.2654925727        1.0854072711       -0.0016553146
        1.7603838361        1.0493275952       -0.0015622179
        2.0849103297        1.0341087512       -0.0013572013
        2.0849103297        1.0341480494       -0.0013819838
        1.8968687839        1.0412056412       -0.0014834875
        1.8968687839        1.0411771398       -0.0015118759
        1.8298992368        1.0449459981       -0.0015115174
        1.3605335050        1.0775132213       -0.0016347140
        1.3605335050        1.0774470239       -0.0016159482
        1.8298992368        1.0448558814       -0.0015032867
        1.7603838361        1.0493333707       -0.0015617403
        1.2654925727        1.0854275369       -0.0016558417
        1.2654925727        1.0853942768       -0.0016289110
        1.7603838361        1.0492632851       -0.0015094590
        2.0849103297        1.0311437204       -0.0014089987
        1.6880080817        1.0537536188       -0.0015564025
        1.6880080817        1.0537552332       -0.0015565790
        2.0849103297        1.0311442095       -0.0014091753
        2.1439288816        1.0312445748       -0.0013434630
        2.1439288816        1.0312157204       -0.0013478779
        2.0849103297        1.0341621072       -0.0013809660
        2.0849103297        1.0341241224       -0.0013563457
