#epsqw diagonal term
#1:q+G [au], 2:Re(eps-1), 3:Im(eps-1)
        2.0849103297        0.8933988352       -0.0088998632
        2.0849103297        0.8933928333       -0.0089091832
        2.0241717112        0.8836600282       -0.0104209968
        1.6123868387        0.8054632899       -0.0104048154
        1.6123868387        0.8055188645       -0.0103727413
        2.0241717112        0.8836040882       -0.0103656616
        1.9615532493        0.8767727549       -0.0092429973
        1.5330399052        0.7833981143       -0.0124258906
        1.5330399052        0.7833261420       -0.0124118234
        1.9615532493        0.8767555390       -0.0092184413
        1.8968687839        0.8652190718       -0.0101215947
        1.8968687839        0.8652451114       -0.0102228101
        2.0241717112        0.8836294209       -0.0103565785
        1.6123868387        0.8055146693       -0.0103946630
        1.6123868387        0.8054416314       -0.0104405265
        2.0241717112        0.8836766207       -0.0104439967
        1.5330399052        0.7821943918       -0.0119371412
        0.9234346496        0.5207950264       -0.0172672614
        0.9234346496        0.5208041595       -0.0172573937
        1.5330399052        0.7821955516       -0.0119425802
        1.4493555066        0.7544654766       -0.0135313572
        0.7766283446        0.4300151947       -0.0234293176
        0.7766283446        0.4298399311       -0.0233682192
        1.4493555066        0.7543104710       -0.0134998410
        1.8298992368        0.8535949824       -0.0119723482
        1.3605335050        0.7202582586       -0.0141274809
        1.3605335050        0.7200968593       -0.0139307502
        1.8298992368        0.8533718089       -0.0119432790
        2.1439288816        0.9000168342       -0.0099442846
        2.1439288816        0.9000620117       -0.0098820958
        1.9615532493        0.8767823791       -0.0092054096
        1.5330399052        0.7833629291       -0.0124399972
        1.5330399052        0.7834471351       -0.0124636555
        1.9615532493        0.8768035236       -0.0092196755
        1.4493555066        0.7543194478       -0.0135460681
        0.7766283446        0.4298812561       -0.0233240761
        0.7766283446        0.4300790385       -0.0233712341
        1.4493555066        0.7544683244       -0.0135945122
        2.2013657161        0.9108953684       -0.0075048660
        1.3605335050        0.7204747778       -0.0168513897
        0.5946188857        0.3129232780       -0.0277104893
        0.5946188857        0.3129365164       -0.0277277193
        1.3605335050        0.7204890063       -0.0168541412
        2.2013657161        0.9108962504       -0.0075028242
        1.7603838361        0.8402097702       -0.0113443478
        1.2654925727        0.6798915419       -0.0168003921
        1.2654925727        0.6798355917       -0.0167368302
        1.7603838361        0.8401330792       -0.0113040116
        2.0849103297        0.8954903792       -0.0096277795
        2.0849103297        0.8955451356       -0.0096741010
        1.8968687839        0.8652468459       -0.0102437443
        1.8968687839        0.8652176312       -0.0101666172
        1.8298992368        0.8533440859       -0.0120257077
        1.3605335050        0.7200906261       -0.0139689951
        1.3605335050        0.7202352674       -0.0141428985
        1.8298992368        0.8535506927       -0.0120681435
        1.7603838361        0.8400769512       -0.0112919325
        1.2654925727        0.6797603950       -0.0167817244
        1.2654925727        0.6798366798       -0.0168402872
        1.7603838361        0.8401590748       -0.0113255480
        2.0849103297        0.8926610939       -0.0121292068
        1.6880080817        0.8240770833       -0.0119922499
        1.6880080817        0.8240861280       -0.0119887189
        2.0849103297        0.8926647381       -0.0121272057
        2.1439288816        0.9000562861       -0.0098443123
        2.1439288816        0.9000066495       -0.0098875029
        2.0849103297        0.8955412329       -0.0096378688
        2.0849103297        0.8954846718       -0.0095863389
