#epsqw diagonal term
#1:q+G [au], 2:Re(eps-1), 3:Im(eps-1)
        2.0849103297        1.0231672706       -0.0025909208
        2.0849103297        1.0231559063       -0.0025830141
        2.0241717112        1.0247838858       -0.0024466213
        1.6123868387        1.0387464710       -0.0016705566
        1.6123868387        1.0387406286       -0.0016661197
        2.0241717112        1.0247423545       -0.0024186395
        1.9615532493        1.0266357773       -0.0024130738
        1.5330399052        1.0419630732       -0.0014599389
        1.5330399052        1.0419460474       -0.0014551203
        1.9615532493        1.0265901422       -0.0023608762
        1.8968687839        1.0285941472       -0.0022882271
        1.8968687839        1.0285845661       -0.0022522075
        2.0241717112        1.0247324807       -0.0025079634
        1.6123868387        1.0387100334       -0.0016655333
        1.6123868387        1.0387152230       -0.0016634736
        2.0241717112        1.0247593177       -0.0025120054
        1.5330399052        1.0420930624       -0.0016131731
        0.9234346496        1.0737789508       -0.0015966463
        0.9234346496        1.0737734338       -0.0015932439
        1.5330399052        1.0420936814       -0.0016121456
        1.4493555066        1.0458841666       -0.0015149416
        0.7766283446        1.0814419483       -0.0018655506
        0.7766283446        1.0814814936       -0.0018087850
        1.4493555066        1.0458706632       -0.0015093571
        1.8298992368        1.0308582116       -0.0022049677
        1.3605335050        1.0501830565       -0.0014979937
        1.3605335050        1.0501792386       -0.0014886248
        1.8298992368        1.0308201321       -0.0021602328
        2.1439288816        1.0210907877       -0.0021812758
        2.1439288816        1.0210867999       -0.0021465493
        1.9615532493        1.0265802863       -0.0024643543
        1.5330399052        1.0419313937       -0.0014566245
        1.5330399052        1.0419419157       -0.0014635112
        1.9615532493        1.0266307427       -0.0025048720
        1.4493555066        1.0458779864       -0.0015264585
        0.7766283446        1.0814701047       -0.0018358350
        0.7766283446        1.0814223651       -0.0018867556
        1.4493555066        1.0458953933       -0.0015289508
        2.2013657161        1.0194316109       -0.0019577661
        1.3605335050        1.0501947439       -0.0013338611
        0.5946188857        1.0888735066       -0.0022442964
        0.5946188857        1.0888952444       -0.0022583604
        1.3605335050        1.0501930047       -0.0013336164
        2.2013657161        1.0194350157       -0.0019614555
        1.7603838361        1.0334275183       -0.0022290628
        1.2654925727        1.0551400987       -0.0014211151
        1.2654925727        1.0551380552       -0.0014244121
        1.7603838361        1.0333883468       -0.0022290854
        2.0849103297        1.0224984765       -0.0019889938
        2.0849103297        1.0224897061       -0.0019805044
        1.8968687839        1.0285748451       -0.0022556769
        1.8968687839        1.0285785455       -0.0022939834
        1.8298992368        1.0308293182       -0.0021031463
        1.3605335050        1.0501966776       -0.0015030010
        1.3605335050        1.0502070117       -0.0015082816
        1.8298992368        1.0308590312       -0.0021543515
        1.7603838361        1.0333896701       -0.0021524662
        1.2654925727        1.0551594532       -0.0014254407
        1.2654925727        1.0551550962       -0.0014250282
        1.7603838361        1.0334211185       -0.0021654081
        2.0849103297        1.0230825580       -0.0024370497
        1.6880080817        1.0361183468       -0.0020143748
        1.6880080817        1.0361221740       -0.0020178628
        2.0849103297        1.0230978316       -0.0024511596
        2.1439288816        1.0211236360       -0.0020616566
        2.1439288816        1.0211434202       -0.0020963872
        2.0849103297        1.0225320361       -0.0018860639
        2.0849103297        1.0225547168       -0.0019053358
