#epsqw diagonal term
#1:q+G [au], 2:Re(eps-1), 3:Im(eps-1)
        2.0849103297        0.8966126265       -0.0195108485
        2.0849103297        0.8966344290       -0.0195120424
        2.0241717112        0.8867886068       -0.0198858647
        1.6123868387        0.8047870646       -0.0286844542
        1.6123868387        0.8050877870       -0.0287381782
        2.0241717112        0.8867045250       -0.0196255788
        1.9615532493        0.8816295769       -0.0196029298
        1.5330399052        0.7896954097       -0.0271483528
        1.5330399052        0.7901712932       -0.0275083637
        1.9615532493        0.8816022270       -0.0194108290
        1.8968687839        0.8686677621       -0.0217427054
        1.8968687839        0.8686555884       -0.0217498431
        2.0241717112        0.8867048966       -0.0194894104
        1.6123868387        0.8051398581       -0.0286415364
        1.6123868387        0.8048151376       -0.0284118819
        2.0241717112        0.8867633303       -0.0196404690
        1.5330399052        0.7809562815       -0.0361502426
        0.9234346496        0.5149245742       -0.0418837097
        0.9234346496        0.5149402444       -0.0418631203
        1.5330399052        0.7808904412       -0.0361366137
        1.4493555066        0.7578799592       -0.0346447565
        0.7766283446        0.4338275901       -0.0578842595
        0.7766283446        0.4347690859       -0.0587740711
        1.4493555066        0.7581547394       -0.0345889590
        1.8298992368        0.8561189389       -0.0241000314
        1.3605335050        0.7312760427       -0.0367086520
        1.3605335050        0.7311910619       -0.0367771589
        1.8298992368        0.8564500055       -0.0243221823
        2.1439288816        0.9018380439       -0.0213522312
        2.1439288816        0.9018120478       -0.0217307805
        1.9615532493        0.8817240773       -0.0193063016
        1.5330399052        0.7901345113       -0.0274422628
        1.5330399052        0.7896316069       -0.0269620922
        1.9615532493        0.8816609149       -0.0194132647
        1.4493555066        0.7581766892       -0.0344705855
        0.7766283446        0.4347520210       -0.0586762116
        0.7766283446        0.4340155931       -0.0577520801
        1.4493555066        0.7578550437       -0.0344208526
        2.2013657161        0.9176524261       -0.0176783300
        1.3605335050        0.7319816088       -0.0384860870
        0.5946188857        0.3233669486       -0.1181820414
        0.5946188857        0.3232294918       -0.1184518896
        1.3605335050        0.7320305268       -0.0385497505
        2.2013657161        0.9176614890       -0.0175983862
        1.7603838361        0.8464520322       -0.0236267791
        1.2654925727        0.6999098990       -0.0414271845
        1.2654925727        0.6993534689       -0.0406736354
        1.7603838361        0.8467007648       -0.0238150271
        2.0849103297        0.9011469286       -0.0202069916
        2.0849103297        0.9011187464       -0.0203620574
        1.8968687839        0.8688076883       -0.0217241518
        1.8968687839        0.8688681383       -0.0217246022
        1.8298992368        0.8563619382       -0.0244432719
        1.3605335050        0.7309973161       -0.0365865875
        1.3605335050        0.7313210311       -0.0368494693
        1.8298992368        0.8561012359       -0.0242636783
        1.7603838361        0.8465382809       -0.0239081332
        1.2654925727        0.6993338801       -0.0407338819
        1.2654925727        0.6998786250       -0.0414459710
        1.7603838361        0.8463582845       -0.0237637241
        2.0849103297        0.8981201111       -0.0183278003
        1.6880080817        0.8289093271       -0.0261945787
        1.6880080817        0.8289052415       -0.0261075058
        2.0849103297        0.8981102163       -0.0183262861
        2.1439288816        0.9019079954       -0.0215948557
        2.1439288816        0.9018600966       -0.0214263894
        2.0849103297        0.9012017089       -0.0204388664
        2.0849103297        0.9012130146       -0.0203249374
