#epsqw diagonal term
#1:q+G [au], 2:Re(eps-1), 3:Im(eps-1)
        2.0849103297        0.8978600754       -0.0032284525
        2.0849103297        0.8978515414       -0.0032372082
        2.0241717112        0.8884311873       -0.0038360464
        1.6123868387        0.8124565095       -0.0038130957
        1.6123868387        0.8125211127       -0.0037812031
        2.0241717112        0.8884753024       -0.0037774335
        1.9615532493        0.8817799258       -0.0031529311
        1.5330399052        0.7903370539       -0.0047003534
        1.5330399052        0.7903332939       -0.0046660269
        1.9615532493        0.8817792176       -0.0031967829
        1.8968687839        0.8703725824       -0.0036370105
        1.8968687839        0.8703578763       -0.0036374129
        2.0241717112        0.8885001555       -0.0037747556
        1.6123868387        0.8125505306       -0.0037785504
        1.6123868387        0.8124754418       -0.0038112052
        2.0241717112        0.8884396169       -0.0038447565
        1.5330399052        0.7890686068       -0.0039270408
        0.9234346496        0.5331825352       -0.0074225758
        0.9234346496        0.5331682030       -0.0074309888
        1.5330399052        0.7890694022       -0.0039299426
        1.4493555066        0.7620246292       -0.0050741418
        0.7766283446        0.4461961090       -0.0105137114
        0.7766283446        0.4461835288       -0.0106056745
        1.4493555066        0.7621304764       -0.0050394934
        1.8298992368        0.8586982622       -0.0042862606
        1.3605335050        0.7289228617       -0.0043382180
        1.3605335050        0.7289101445       -0.0043255441
        1.8298992368        0.8587037550       -0.0042630644
        2.1439288816        0.9045125117       -0.0031554941
        2.1439288816        0.9045207761       -0.0032110848
        1.9615532493        0.8817918087       -0.0032034533
        1.5330399052        0.7903570915       -0.0046696495
        1.5330399052        0.7903752787       -0.0046983120
        1.9615532493        0.8818017549       -0.0031569790
        1.4493555066        0.7621284781       -0.0050591963
        0.7766283446        0.4461956358       -0.0106131979
        0.7766283446        0.4461985536       -0.0105263087
        1.4493555066        0.7620432166       -0.0050777400
        2.2013657161        0.9154504274       -0.0020899102
        1.3605335050        0.7305808016       -0.0057798792
        0.5946188857        0.3392412253       -0.0107775943
        0.5946188857        0.3392568631       -0.0107715386
        1.3605335050        0.7305784764       -0.0057898965
        2.2013657161        0.9154491794       -0.0020923684
        1.7603838361        0.8458675384       -0.0036809199
        1.2654925727        0.6905282488       -0.0045918478
        1.2654925727        0.6905674302       -0.0045496414
        1.7603838361        0.8458185065       -0.0036251126
        2.0849103297        0.9001191528       -0.0025908400
        2.0849103297        0.9001281474       -0.0026199799
        1.8968687839        0.8703539340       -0.0036348292
        1.8968687839        0.8703719806       -0.0036346865
        1.8298992368        0.8586822287       -0.0042581628
        1.3605335050        0.7288752652       -0.0043297126
        1.3605335050        0.7288922013       -0.0043373715
        1.8298992368        0.8586771131       -0.0042854440
        1.7603838361        0.8457967467       -0.0036145723
        1.2654925727        0.6905281289       -0.0045454823
        1.2654925727        0.6904968404       -0.0045863332
        1.7603838361        0.8458481198       -0.0036694492
        2.0849103297        0.8960417294       -0.0047824372
        1.6880080817        0.8296412442       -0.0039699264
        1.6880080817        0.8296429907       -0.0039672971
        2.0849103297        0.8960430030       -0.0047836103
        2.1439288816        0.9045092045       -0.0032148303
        2.1439288816        0.9044986002       -0.0031596840
        2.0849103297        0.9001128313       -0.0026221092
        2.0849103297        0.9001064796       -0.0025915678
