#epsqw diagonal term
#1:q+G [au], 2:Re(eps-1), 3:Im(eps-1)
        2.0849103297        1.1993684421       -0.1290934906
        2.0849103297        1.1996421664       -0.1293419738
        2.0241717112        1.2094330572       -0.1314721149
        1.6123868387        1.3889137855       -0.2750763849
        1.6123868387        1.3934142436       -0.2769123371
        2.0241717112        1.2078783209       -0.1320383198
        1.9615532493        1.2476950462       -0.1573781794
        1.5330399052        1.4265375625       -0.2727744161
        1.5330399052        1.4232418652       -0.2725639411
        1.9615532493        1.2468011637       -0.1602644706
        1.8968687839        1.2585619427       -0.1697511974
        1.8968687839        1.2591077569       -0.1727685841
        2.0241717112        1.2078143533       -0.1326012365
        1.6123868387        1.3950424419       -0.2776705206
        1.6123868387        1.3905195179       -0.2761746410
        2.0241717112        1.2097016896       -0.1325764295
        1.5330399052        1.4558171676       -0.3103217924
        0.9234346496        1.8250036542       -0.3582049671
        0.9234346496        1.8251261319       -0.3587159006
        1.5330399052        1.4554177827       -0.3107108826
        1.4493555066        1.4818516800       -0.2908918911
        0.7766283446        1.9990362109       -0.4278100686
        0.7766283446        2.0007847121       -0.4408573055
        1.4493555066        1.4823278238       -0.2920614173
        1.8298992368        1.2941680559       -0.1931625041
        1.3605335050        1.5619266250       -0.3000290976
        1.3605335050        1.5616056156       -0.3005073231
        1.8298992368        1.2920387247       -0.1967375141
        2.1439288816        1.1484026918       -0.1002310237
        2.1439288816        1.1480136675       -0.1005628641
        1.9615532493        1.2474262844       -0.1613000998
        1.5330399052        1.4254985598       -0.2742928624
        1.5330399052        1.4287475582       -0.2740167685
        1.9615532493        1.2479990068       -0.1587405704
        1.4493555066        1.4818424292       -0.2930071690
        0.7766283446        2.0042126746       -0.4426608419
        0.7766283446        2.0019689341       -0.4306262335
        1.4493555066        1.4818041172       -0.2912905992
        2.2013657161        1.1226256695       -0.0880282862
        1.3605335050        1.5409773511       -0.3172556611
        0.5946188857        2.1424258258       -0.5292537199
        0.5946188857        2.1427756225       -0.5277681514
        1.3605335050        1.5409599092       -0.3174336084
        2.2013657161        1.1226066561       -0.0879309816
        1.7603838361        1.3373134725       -0.2317486256
        1.2654925727        1.6321914880       -0.3295618596
        1.2654925727        1.6311810497       -0.3294052709
        1.7603838361        1.3355490992       -0.2323697336
        2.0849103297        1.1585184200       -0.1154508232
        2.0849103297        1.1599478289       -0.1163839947
        1.8968687839        1.2596752179       -0.1735978529
        1.8968687839        1.2590850023       -0.1705789573
        1.8298992368        1.2920226538       -0.1957254568
        1.3605335050        1.5574176038       -0.2993269548
        1.3605335050        1.5591472325       -0.2981269207
        1.8298992368        1.2943308133       -0.1919587185
        1.7603838361        1.3352454545       -0.2316244718
        1.2654925727        1.6283121203       -0.3282078928
        1.2654925727        1.6290113079       -0.3271094290
        1.7603838361        1.3372354017       -0.2302201594
        2.0849103297        1.1918578782       -0.0959424483
        1.6880080817        1.3874251630       -0.2680361615
        1.6880080817        1.3867945114       -0.2676868261
        2.0849103297        1.1915253783       -0.0958891250
        2.1439288816        1.1473276458       -0.1003238448
        2.1439288816        1.1479569359       -0.0999829708
        2.0849103297        1.1593295444       -0.1157097397
        2.0849103297        1.1579242805       -0.1147520308
