#epsqw diagonal term
#1:q+G [au], 2:Re(eps-1), 3:Im(eps-1)
        2.0849103297        1.0187325069       -0.0001869003
        2.0849103297        1.0187305400       -0.0001868568
        2.0241717112        1.0198787770       -0.0001796661
        1.6123868387        1.0308279798       -0.0002043230
        1.6123868387        1.0308263738       -0.0002035860
        2.0241717112        1.0198791571       -0.0001796215
        1.9615532493        1.0214142598       -0.0001943195
        1.5330399052        1.0334391298       -0.0002061970
        1.5330399052        1.0334460560       -0.0002068327
        1.9615532493        1.0214231907       -0.0001953081
        1.8968687839        1.0228753577       -0.0001928381
        1.8968687839        1.0228810603       -0.0001929586
        2.0241717112        1.0198795865       -0.0001801298
        1.6123868387        1.0308161021       -0.0002032047
        1.6123868387        1.0308170814       -0.0002040672
        2.0241717112        1.0198732749       -0.0001799066
        1.5330399052        1.0335075304       -0.0002132661
        0.9234346496        1.0599092803       -0.0003690946
        0.9234346496        1.0599083278       -0.0003690278
        1.5330399052        1.0335067553       -0.0002132074
        1.4493555066        1.0366246143       -0.0002261418
        0.7766283446        1.0664039218       -0.0004279277
        0.7766283446        1.0664115316       -0.0004278344
        1.4493555066        1.0366314806       -0.0002263766
        1.8298992368        1.0245123300       -0.0001882085
        1.3605335050        1.0401170530       -0.0002432924
        1.3605335050        1.0401252812       -0.0002437367
        1.8298992368        1.0245241638       -0.0001888301
        2.1439288816        1.0172459690       -0.0001665015
        2.1439288816        1.0172508698       -0.0001670432
        1.9615532493        1.0214224816       -0.0001960481
        1.5330399052        1.0334358661       -0.0002066716
        1.5330399052        1.0334288783       -0.0002060671
        1.9615532493        1.0214117070       -0.0001952372
        1.4493555066        1.0366319898       -0.0002264752
        0.7766283446        1.0664113045       -0.0004276684
        0.7766283446        1.0664031335       -0.0004278563
        1.4493555066        1.0366237961       -0.0002262835
        2.2013657161        1.0160168455       -0.0001579183
        1.3605335050        1.0401194296       -0.0002311836
        0.5946188857        1.0727872837       -0.0005071300
        0.5946188857        1.0727867475       -0.0005071604
        1.3605335050        1.0401178990       -0.0002311511
        2.2013657161        1.0160173866       -0.0001579186
        1.7603838361        1.0266396800       -0.0002072113
        1.2654925727        1.0441849930       -0.0002589963
        1.2654925727        1.0441856999       -0.0002587643
        1.7603838361        1.0266467937       -0.0002081132
        2.0849103297        1.0182775952       -0.0001631630
        2.0849103297        1.0182779270       -0.0001623754
        1.8968687839        1.0228765035       -0.0001924608
        1.8968687839        1.0228704194       -0.0001922604
        1.8298992368        1.0245261004       -0.0001885167
        1.3605335050        1.0401336372       -0.0002437819
        1.3605335050        1.0401247100       -0.0002434458
        1.8298992368        1.0245144715       -0.0001877828
        1.7603838361        1.0266475014       -0.0002072284
        1.2654925727        1.0441957295       -0.0002588525
        1.2654925727        1.0441950241       -0.0002590948
        1.7603838361        1.0266415646       -0.0002063049
        2.0849103297        1.0184318869       -0.0001558516
        1.6880080817        1.0286839904       -0.0002060575
        1.6880080817        1.0286846102       -0.0002060702
        2.0849103297        1.0184362944       -0.0001562041
        2.1439288816        1.0172673480       -0.0001697305
        2.1439288816        1.0172630161       -0.0001692105
        2.0849103297        1.0182914378       -0.0001643893
        2.0849103297        1.0182924858       -0.0001650064
