#epsqw diagonal term
#1:q+G [au], 2:Re(eps-1), 3:Im(eps-1)
        2.0849103297        1.0110467862       -0.0000416040
        2.0849103297        1.0110467386       -0.0000416035
        2.0241717112        1.0119092405       -0.0000452311
        1.6123868387        1.0197336254       -0.0000784771
        1.6123868387        1.0197340721       -0.0000784717
        2.0241717112        1.0119110005       -0.0000452382
        1.9615532493        1.0129170430       -0.0000488235
        1.5330399052        1.0216404507       -0.0000860030
        1.5330399052        1.0216432432       -0.0000860111
        1.9615532493        1.0129206764       -0.0000488379
        1.8968687839        1.0139853146       -0.0000535896
        1.8968687839        1.0139872903       -0.0000535959
        2.0241717112        1.0119084318       -0.0000452298
        1.6123868387        1.0197278485       -0.0000784512
        1.6123868387        1.0197270473       -0.0000784552
        2.0241717112        1.0119064920       -0.0000452211
        1.5330399052        1.0216402844       -0.0000878994
        0.9234346496        1.0403344933       -0.0001981276
        0.9234346496        1.0403344519       -0.0001981276
        1.5330399052        1.0216401183       -0.0000878984
        1.4493555066        1.0238379193       -0.0000973092
        0.7766283446        1.0448845094       -0.0002350518
        0.7766283446        1.0448904004       -0.0002350633
        1.4493555066        1.0238413625       -0.0000973137
        1.8298992368        1.0151858885       -0.0000589728
        1.3605335050        1.0263002181       -0.0001107101
        1.3605335050        1.0263043471       -0.0001107265
        1.8298992368        1.0151902129       -0.0000589877
        2.1439288816        1.0102323286       -0.0000385711
        2.1439288816        1.0102338019       -0.0000385779
        1.9615532493        1.0129174706       -0.0000488273
        1.5330399052        1.0216367397       -0.0000859903
        1.5330399052        1.0216335611       -0.0000859804
        1.9615532493        1.0129135320       -0.0000488111
        1.4493555066        1.0238413173       -0.0000973126
        0.7766283446        1.0448900322       -0.0002350616
        0.7766283446        1.0448841657       -0.0002350474
        1.4493555066        1.0238369899       -0.0000973046
        2.2013657161        1.0094966466       -0.0000352866
        1.3605335050        1.0263675677       -0.0001078145
        0.5946188857        1.0493762525       -0.0002854146
        0.5946188857        1.0493745881       -0.0002854117
        1.3605335050        1.0263666145       -0.0001078117
        2.2013657161        1.0094963666       -0.0000352860
        1.7603838361        1.0165948575       -0.0000643183
        1.2654925727        1.0291855811       -0.0001241550
        1.2654925727        1.0291864821       -0.0001241494
        1.7603838361        1.0165971553       -0.0000643277
        2.0849103297        1.0110131063       -0.0000413383
        2.0849103297        1.0110141549       -0.0000413427
        1.8968687839        1.0139857207       -0.0000535907
        1.8968687839        1.0139836708       -0.0000535840
        1.8298992368        1.0151931671       -0.0000589976
        1.3605335050        1.0263098220       -0.0001107452
        1.3605335050        1.0263053792       -0.0001107284
        1.8298992368        1.0151884187       -0.0000589818
        1.7603838361        1.0166008695       -0.0000643399
        1.2654925727        1.0291933383       -0.0001241734
        1.2654925727        1.0291926831       -0.0001241803
        1.7603838361        1.0165980174       -0.0000643295
        2.0849103297        1.0110190051       -0.0000417034
        1.6880080817        1.0180880405       -0.0000714447
        1.6880080817        1.0180879772       -0.0000714447
        2.0849103297        1.0110189207       -0.0000417040
        2.1439288816        1.0102375392       -0.0000385907
        2.1439288816        1.0102361398       -0.0000385842
        2.0849103297        1.0110183355       -0.0000413562
        2.0849103297        1.0110173219       -0.0000413524
