#epsqw diagonal term
#1:q+G [au], 2:Re(eps-1), 3:Im(eps-1)
        2.0849103297        1.0275979859       -0.0062446675
        2.0849103297        1.0275153766       -0.0061954318
        2.0241717112        1.0299303461       -0.0061325232
        1.6123868387        1.0503155650       -0.0050773157
        1.6123868387        1.0502409310       -0.0049984656
        2.0241717112        1.0297508638       -0.0059584422
        1.9615532493        1.0326655678       -0.0059384286
        1.5330399052        1.0550177030       -0.0046667927
        1.5330399052        1.0548587049       -0.0044657085
        1.9615532493        1.0322556739       -0.0054817998
        1.8968687839        1.0353572921       -0.0058283761
        1.8968687839        1.0350202277       -0.0054855103
        2.0241717112        1.0297306383       -0.0060280261
        1.6123868387        1.0502570735       -0.0050061003
        1.6123868387        1.0502730990       -0.0050540421
        2.0241717112        1.0297602423       -0.0061194402
        1.5330399052        1.0542226520       -0.0048837011
        0.9234346496        1.0931465580       -0.0033470466
        0.9234346496        1.0931415185       -0.0033441217
        1.5330399052        1.0542041368       -0.0048719628
        1.4493555066        1.0596032528       -0.0047499237
        0.7766283446        1.1020229906       -0.0031938711
        0.7766283446        1.1019702357       -0.0031152485
        1.4493555066        1.0593828631       -0.0044674148
        1.8298992368        1.0384987764       -0.0059581713
        1.3605335050        1.0647123322       -0.0045567005
        1.3605335050        1.0645338275       -0.0043451906
        1.8298992368        1.0379637610       -0.0053921247
        2.1439288816        1.0269009436       -0.0046584727
        2.1439288816        1.0266397811       -0.0043877269
        1.9615532493        1.0321124224       -0.0055072114
        1.5330399052        1.0548247799       -0.0044635009
        1.5330399052        1.0549994438       -0.0046708858
        1.9615532493        1.0325661013       -0.0059939220
        1.4493555066        1.0593556823       -0.0044768956
        0.7766283446        1.1019634753       -0.0031262957
        0.7766283446        1.1020013139       -0.0032104698
        1.4493555066        1.0595855272       -0.0047611024
        2.2013657161        1.0255722040       -0.0038192091
        1.3605335050        1.0654871897       -0.0044010946
        0.5946188857        1.1102949848       -0.0030694774
        0.5946188857        1.1103157985       -0.0030612388
        1.3605335050        1.0654852816       -0.0044037515
        2.2013657161        1.0255823521       -0.0038182246
        1.7603838361        1.0420465254       -0.0057709705
        1.2654925727        1.0713358974       -0.0044401404
        1.2654925727        1.0712774214       -0.0043596883
        1.7603838361        1.0419052842       -0.0055843122
        2.0849103297        1.0295326372       -0.0044206301
        2.0849103297        1.0294600216       -0.0043158002
        1.8968687839        1.0350150227       -0.0054770463
        1.8968687839        1.0353638970       -0.0058288170
        1.8298992368        1.0380559393       -0.0053812976
        1.3605335050        1.0645496431       -0.0043532571
        1.3605335050        1.0647152904       -0.0045601115
        1.8298992368        1.0385461578       -0.0059239075
        1.7603838361        1.0419779182       -0.0055382699
        1.2654925727        1.0712991010       -0.0043519327
        1.2654925727        1.0713664017       -0.0044404782
        1.7603838361        1.0421611257       -0.0057496328
        2.0849103297        1.0271756662       -0.0063020560
        1.6880080817        1.0457797322       -0.0057154722
        1.6880080817        1.0458364419       -0.0057446151
        2.0849103297        1.0272993344       -0.0063731396
        2.1439288816        1.0266871109       -0.0043876081
        2.1439288816        1.0269204941       -0.0046284185
        2.0849103297        1.0294826299       -0.0042862281
        2.0849103297        1.0295970143       -0.0044091605
