#epsqw diagonal term
#1:q+G [au], 2:Re(eps-1), 3:Im(eps-1)
        2.0849103297        0.9022558359       -0.0006572250
        2.0849103297        0.9022566903       -0.0006567680
        2.0241717112        0.8933625695       -0.0007220059
        1.6123868387        0.8183578411       -0.0009368876
        1.6123868387        0.8184087145       -0.0009346864
        2.0241717112        0.8933791705       -0.0007196239
        1.9615532493        0.8864589439       -0.0007013131
        1.5330399052        0.7969437412       -0.0010423714
        1.5330399052        0.7969332965       -0.0010424723
        1.9615532493        0.8864366831       -0.0007023885
        1.8968687839        0.8754335083       -0.0007658993
        1.8968687839        0.8754332061       -0.0007665411
        2.0241717112        0.8933951953       -0.0007199905
        1.6123868387        0.8184406554       -0.0009346615
        1.6123868387        0.8183869251       -0.0009369278
        2.0241717112        0.8933800395       -0.0007218248
        1.5330399052        0.7959560648       -0.0010267454
        0.9234346496        0.5451240947       -0.0018123081
        0.9234346496        0.5451251817       -0.0018115758
        1.5330399052        0.7959595815       -0.0010266445
        1.4493555066        0.7692754179       -0.0011482135
        0.7766283446        0.4614925865       -0.0021933138
        0.7766283446        0.4614627221       -0.0021927180
        1.4493555066        0.7692807332       -0.0011484969
        1.8298992368        0.8642408802       -0.0008400059
        1.3605335050        0.7373671464       -0.0012299015
        1.3605335050        0.7373363652       -0.0012300015
        1.8298992368        0.8642447152       -0.0008399183
        2.1439288816        0.9091999221       -0.0006451389
        2.1439288816        0.9091966860       -0.0006460578
        1.9615532493        0.8864573114       -0.0007023789
        1.5330399052        0.7969688553       -0.0010421632
        1.5330399052        0.7969806495       -0.0010427797
        1.9615532493        0.8864813813       -0.0007016883
        1.4493555066        0.7692846956       -0.0011485369
        0.7766283446        0.4614634326       -0.0021933380
        0.7766283446        0.4615017411       -0.0021930180
        1.4493555066        0.7692809313       -0.0011492680
        2.2013657161        0.9192694907       -0.0005186843
        1.3605335050        0.7394708958       -0.0012859527
        0.5946188857        0.3607693124       -0.0025429195
        0.5946188857        0.3607647240       -0.0025437766
        1.3605335050        0.7394749018       -0.0012854521
        2.2013657161        0.9192710240       -0.0005185360
        1.7603838361        0.8515838059       -0.0008355240
        1.2654925727        0.7005336435       -0.0013684653
        1.2654925727        0.7005426466       -0.0013685608
        1.7603838361        0.8515744642       -0.0008341680
        2.0849103297        0.9048215131       -0.0006186808
        2.0849103297        0.9048222922       -0.0006190250
        1.8968687839        0.8754390258       -0.0007664660
        1.8968687839        0.8754404624       -0.0007659758
        1.8298992368        0.8642265567       -0.0008399899
        1.3605335050        0.7373110987       -0.0012298740
        1.3605335050        0.7373380270       -0.0012301505
        1.8298992368        0.8642244096       -0.0008399551
        1.7603838361        0.8515511076       -0.0008338706
        1.2654925727        0.7005095068       -0.0013682600
        1.2654925727        0.7004991913       -0.0013684224
        1.7603838361        0.8515643216       -0.0008350457
        2.0849103297        0.9010892238       -0.0007522207
        1.6880080817        0.8359248675       -0.0009058584
        1.6880080817        0.8359267025       -0.0009058302
        2.0849103297        0.9010874231       -0.0007524156
        2.1439288816        0.9091792093       -0.0006463314
        2.1439288816        0.9091857675       -0.0006450003
        2.0849103297        0.9048032754       -0.0006189917
        2.0849103297        0.9048022866       -0.0006186866
