#epsqw diagonal term
#1:q+G [au], 2:Re(eps-1), 3:Im(eps-1)
        2.0849103297        0.8988670661       -0.0269392931
        2.0849103297        0.8988748807       -0.0269622057
        2.0241717112        0.8897862686       -0.0300406988
        1.6123868387        0.8182831786       -0.0456517644
        1.6123868387        0.8184174930       -0.0451073648
        2.0241717112        0.8897404067       -0.0299443159
        1.9615532493        0.8816656044       -0.0236130711
        1.5330399052        0.7956966868       -0.0427075788
        1.5330399052        0.7954694125       -0.0423994818
        1.9615532493        0.8815493039       -0.0235834161
        1.8968687839        0.8747176739       -0.0320389113
        1.8968687839        0.8749931064       -0.0318520560
        2.0241717112        0.8896898681       -0.0298966966
        1.6123868387        0.8182275806       -0.0455715760
        1.6123868387        0.8181259455       -0.0461671844
        2.0241717112        0.8897702716       -0.0299089300
        1.5330399052        0.7985747474       -0.0465899396
        0.9234346496        0.4968092942       -0.0710358201
        0.9234346496        0.4967709938       -0.0710753865
        1.5330399052        0.7985166647       -0.0465930131
        1.4493555066        0.7658895515       -0.0438111089
        0.7766283446        0.4199923973       -0.0855310438
        0.7766283446        0.4198291768       -0.0847236427
        1.4493555066        0.7658041510       -0.0443031332
        1.8298992368        0.8643811911       -0.0336815021
        1.3605335050        0.7320921919       -0.0439806203
        1.3605335050        0.7326371279       -0.0441251305
        1.8298992368        0.8645945853       -0.0337714920
        2.1439288816        0.9128841808       -0.0330132877
        2.1439288816        0.9128163481       -0.0324195138
        1.9615532493        0.8815587926       -0.0236124779
        1.5330399052        0.7956082523       -0.0425513380
        1.5330399052        0.7957549738       -0.0428644248
        1.9615532493        0.8817658546       -0.0235585734
        1.4493555066        0.7658176261       -0.0440711204
        0.7766283446        0.4198499134       -0.0850462854
        0.7766283446        0.4198516016       -0.0857534418
        1.4493555066        0.7658942063       -0.0436480680
        2.2013657161        0.9195939636       -0.0171327460
        1.3605335050        0.7335878154       -0.0480317600
        0.5946188857        0.3495198843       -0.1219241377
        0.5946188857        0.3497145332       -0.1218072552
        1.3605335050        0.7335139560       -0.0478563994
        2.2013657161        0.9195833330       -0.0171551617
        1.7603838361        0.8482950025       -0.0273520121
        1.2654925727        0.6924393279       -0.0469835324
        1.2654925727        0.6931559382       -0.0477619816
        1.7603838361        0.8477776570       -0.0274193356
        2.0849103297        0.9069860568       -0.0274354628
        2.0849103297        0.9067074579       -0.0271164893
        1.8968687839        0.8750396086       -0.0318172489
        1.8968687839        0.8748770695       -0.0320005728
        1.8298992368        0.8645223527       -0.0338382184
        1.3605335050        0.7326463018       -0.0441669391
        1.3605335050        0.7322444761       -0.0440388486
        1.8298992368        0.8644494151       -0.0337649036
        1.7603838361        0.8476632438       -0.0273659369
        1.2654925727        0.6932948449       -0.0476514127
        1.2654925727        0.6924650243       -0.0469209295
        1.7603838361        0.8480996852       -0.0273269584
        2.0849103297        0.8954118376       -0.0285278963
        1.6880080817        0.8343297141       -0.0348109843
        1.6880080817        0.8341633052       -0.0348772050
        2.0849103297        0.8952234273       -0.0285524913
        2.1439288816        0.9127828865       -0.0324784355
        2.1439288816        0.9128265964       -0.0330301274
        2.0849103297        0.9068386490       -0.0271022264
        2.0849103297        0.9070773056       -0.0274290869
