#epsqw diagonal term
#1:q+G [au], 2:Re(eps-1), 3:Im(eps-1)
        2.0849103297        0.9108386776       -0.0275372646
        2.0849103297        0.9107012638       -0.0274688074
        2.0241717112        0.9019331775       -0.0316096604
        1.6123868387        0.8204455285       -0.0279430312
        1.6123868387        0.8202655351       -0.0278370621
        2.0241717112        0.9018370093       -0.0311780933
        1.9615532493        0.8919896537       -0.0292602494
        1.5330399052        0.7938132040       -0.0272377038
        1.5330399052        0.7937722212       -0.0272827161
        1.9615532493        0.8921514290       -0.0289428567
        1.8968687839        0.8830884225       -0.0314516288
        1.8968687839        0.8833648683       -0.0315373642
        2.0241717112        0.9019858709       -0.0311046826
        1.6123868387        0.8204127264       -0.0277683711
        1.6123868387        0.8204427992       -0.0278125285
        2.0241717112        0.9019626647       -0.0315266740
        1.5330399052        0.7981594972       -0.0352204339
        0.9234346496        0.5005348324       -0.0770083290
        0.9234346496        0.5004204403       -0.0769512121
        1.5330399052        0.7981395294       -0.0353141580
        1.4493555066        0.7642476471       -0.0367440241
        0.7766283446        0.3889986272       -0.0930629087
        0.7766283446        0.3889507317       -0.0934024832
        1.4493555066        0.7645640976       -0.0366349230
        1.8298992368        0.8741668115       -0.0314618414
        1.3605335050        0.7252487728       -0.0410970211
        1.3605335050        0.7251965058       -0.0413387915
        1.8298992368        0.8741920356       -0.0312972239
        2.1439288816        0.9186324509       -0.0283280936
        2.1439288816        0.9184651220       -0.0283574129
        1.9615532493        0.8922584445       -0.0286752541
        1.5330399052        0.7937671645       -0.0271768557
        1.5330399052        0.7939326013       -0.0271221494
        1.9615532493        0.8921684975       -0.0291542768
        1.4493555066        0.7645076319       -0.0367366254
        0.7766283446        0.3884774371       -0.0936137372
        0.7766283446        0.3888503769       -0.0931183371
        1.4493555066        0.7642730469       -0.0367893582
        2.2013657161        0.9197016222       -0.0319294614
        1.3605335050        0.7297744460       -0.0435852844
        0.5946188857        0.2620999095       -0.1226746713
        0.5946188857        0.2621878092       -0.1228753667
        1.3605335050        0.7298097105       -0.0436611666
        2.2013657161        0.9196410149       -0.0319776366
        1.7603838361        0.8571188938       -0.0353527071
        1.2654925727        0.6825399737       -0.0457610752
        1.2654925727        0.6832694168       -0.0450290857
        1.7603838361        0.8578175370       -0.0357666416
        2.0849103297        0.9090711264       -0.0287692031
        2.0849103297        0.9090965487       -0.0287434341
        1.8968687839        0.8832390645       -0.0315847686
        1.8968687839        0.8829967318       -0.0316192086
        1.8298992368        0.8740552307       -0.0313006853
        1.3605335050        0.7250076516       -0.0414213505
        1.3605335050        0.7250648364       -0.0412996540
        1.8298992368        0.8739603162       -0.0314057307
        1.7603838361        0.8575700001       -0.0358056060
        1.2654925727        0.6830332942       -0.0452620613
        1.2654925727        0.6822833823       -0.0457753999
        1.7603838361        0.8568333477       -0.0353374517
        2.0849103297        0.9210275045       -0.0302343371
        1.6880080817        0.8437572869       -0.0317313637
        1.6880080817        0.8438160110       -0.0317294222
        2.0849103297        0.9209918836       -0.0301869748
        2.1439288816        0.9184737613       -0.0283868202
        2.1439288816        0.9186428257       -0.0283527416
        2.0849103297        0.9090010642       -0.0288688149
        2.0849103297        0.9089783555       -0.0287618869
