#epsqw diagonal term
#1:q+G [au], 2:Re(eps-1), 3:Im(eps-1)
        2.0849103297        0.8847883554       -0.1174059424
        2.0849103297        0.8847869800       -0.1177764454
        2.0241717112        0.8678557303       -0.1187724983
        1.6123868387        0.7461936518       -0.1910649158
        1.6123868387        0.7462556747       -0.1909785052
        2.0241717112        0.8676916949       -0.1177399529
        1.9615532493        0.8648622141       -0.1293606224
        1.5330399052        0.7171775941       -0.2183164038
        1.5330399052        0.7175280730       -0.2185492310
        1.9615532493        0.8643963608       -0.1283456069
        1.8968687839        0.8476793638       -0.1344335281
        1.8968687839        0.8472968132       -0.1348793624
        2.0241717112        0.8675362387       -0.1192209607
        1.6123868387        0.7463043993       -0.1915730359
        1.6123868387        0.7471327030       -0.1913036876
        2.0241717112        0.8686621985       -0.1189310178
        1.5330399052        0.7293375069       -0.1939547673
        0.9234346496        0.5007062233       -0.3155410360
        0.9234346496        0.5019556657       -0.3146162981
        1.5330399052        0.7293796543       -0.1947058640
        1.4493555066        0.6856548935       -0.2309263232
        0.7766283446        0.4520033527       -0.3737916848
        0.7766283446        0.4540133537       -0.3736609412
        1.4493555066        0.6849341715       -0.2320903020
        1.8298992368        0.8282156936       -0.1430518032
        1.3605335050        0.6505442530       -0.2419271689
        1.3605335050        0.6506424748       -0.2413371302
        1.8298992368        0.8269442495       -0.1430051184
        2.1439288816        0.9006509776       -0.1035173342
        2.1439288816        0.9001136126       -0.1031205785
        1.9615532493        0.8647073219       -0.1289966955
        1.5330399052        0.7175744825       -0.2179715921
        1.5330399052        0.7171546758       -0.2192930314
        1.9615532493        0.8656923901       -0.1291662856
        1.4493555066        0.6849661617       -0.2314106508
        0.7766283446        0.4525982214       -0.3729874493
        0.7766283446        0.4530109049       -0.3748679994
        1.4493555066        0.6851434499       -0.2303533623
        2.2013657161        0.9128162782       -0.0934811244
        1.3605335050        0.6486044718       -0.2571844740
        0.5946188857        0.4419627978       -0.4412765579
        0.5946188857        0.4397899777       -0.4411346920
        1.3605335050        0.6489007001       -0.2550685291
        2.2013657161        0.9128568023       -0.0934065690
        1.7603838361        0.8148566376       -0.1540044241
        1.2654925727        0.6004950085       -0.2759338451
        1.2654925727        0.5995469180       -0.2762894521
        1.7603838361        0.8144018805       -0.1541839690
        2.0849103297        0.8921373147       -0.1080652416
        2.0849103297        0.8916553823       -0.1078915819
        1.8968687839        0.8470094747       -0.1348546685
        1.8968687839        0.8473748094       -0.1348986949
        1.8298992368        0.8266563665       -0.1426713671
        1.3605335050        0.6496386281       -0.2422050911
        1.3605335050        0.6500587040       -0.2407547179
        1.8298992368        0.8276839959       -0.1428557760
        1.7603838361        0.8145149419       -0.1525447160
        1.2654925727        0.5990338076       -0.2755871715
        1.2654925727        0.6002585375       -0.2760079730
        1.7603838361        0.8146450499       -0.1538265925
        2.0849103297        0.8989315390       -0.1195604264
        1.6880080817        0.7902282739       -0.1631517393
        1.6880080817        0.7904735941       -0.1630042856
        2.0849103297        0.8988518336       -0.1198997496
        2.1439288816        0.9001608151       -0.1031091636
        2.1439288816        0.9007127019       -0.1031883253
        2.0849103297        0.8920997526       -0.1082932501
        2.0849103297        0.8919175455       -0.1087612096
