#epsqw diagonal term
#1:q+G [au], 2:Re(eps-1), 3:Im(eps-1)
        2.0849103297        0.8940831498       -0.0259505655
        2.0849103297        0.8940963827       -0.0259706835
        2.0241717112        0.8845476033       -0.0281868437
        1.6123868387        0.7947470455       -0.0445277401
        1.6123868387        0.7945067155       -0.0444059575
        2.0241717112        0.8844670073       -0.0282219925
        1.9615532493        0.8717459991       -0.0301762163
        1.5330399052        0.7643755972       -0.0503410740
        1.5330399052        0.7643195914       -0.0495503978
        1.9615532493        0.8714156094       -0.0300165723
        1.8968687839        0.8607482531       -0.0336507888
        1.8968687839        0.8606382640       -0.0333505798
        2.0241717112        0.8844679779       -0.0281784851
        1.6123868387        0.7945018751       -0.0442868428
        1.6123868387        0.7949389663       -0.0444113848
        2.0241717112        0.8846352275       -0.0280993582
        1.5330399052        0.7734266663       -0.0521325328
        0.9234346496        0.5852122516       -0.1202903220
        0.9234346496        0.5850074495       -0.1202712591
        1.5330399052        0.7735139755       -0.0521361038
        1.4493555066        0.7367506188       -0.0611338017
        0.7766283446        0.5150491788       -0.1654090947
        0.7766283446        0.5136914465       -0.1637810774
        1.4493555066        0.7356118959       -0.0607930917
        1.8298992368        0.8500783369       -0.0338837590
        1.3605335050        0.7099958644       -0.0727601230
        1.3605335050        0.7091971137       -0.0721640067
        1.8298992368        0.8501070748       -0.0335474814
        2.1439288816        0.9075305188       -0.0207678931
        2.1439288816        0.9077810130       -0.0206936511
        1.9615532493        0.8715630410       -0.0299718237
        1.5330399052        0.7641870535       -0.0496430148
        1.5330399052        0.7643491261       -0.0503747297
        1.9615532493        0.8717623281       -0.0301798687
        1.4493555066        0.7356628189       -0.0611206852
        0.7766283446        0.5134732324       -0.1644395257
        0.7766283446        0.5152577362       -0.1659291472
        1.4493555066        0.7367243642       -0.0612627852
        2.2013657161        0.9104526975       -0.0190299989
        1.3605335050        0.7046396960       -0.0709999268
        0.5946188857        0.4619038640       -0.2325045993
        0.5946188857        0.4621995905       -0.2324183869
        1.3605335050        0.7045701162       -0.0709111021
        2.2013657161        0.9104494898       -0.0190555128
        1.7603838361        0.8304690152       -0.0376524716
        1.2654925727        0.6701970961       -0.0827591522
        1.2654925727        0.6698623750       -0.0836541529
        1.7603838361        0.8303801104       -0.0376810936
        2.0849103297        0.8964343726       -0.0208722745
        2.0849103297        0.8965201261       -0.0208362531
        1.8968687839        0.8606360684       -0.0333194762
        1.8968687839        0.8607148012       -0.0335978701
        1.8298992368        0.8500875117       -0.0336088323
        1.3605335050        0.7094287828       -0.0719621735
        1.3605335050        0.7100396949       -0.0725952843
        1.8298992368        0.8500334105       -0.0337948112
        1.7603838361        0.8302013910       -0.0374728333
        1.2654925727        0.6701539671       -0.0831011869
        1.2654925727        0.6703542110       -0.0822226799
        1.7603838361        0.8302706518       -0.0375251782
        2.0849103297        0.8984674347       -0.0297145563
        1.6880080817        0.8138620371       -0.0403424264
        1.6880080817        0.8138900436       -0.0404819356
        2.0849103297        0.8984885773       -0.0297179975
        2.1439288816        0.9077425794       -0.0207515369
        2.1439288816        0.9075604513       -0.0208442485
        2.0849103297        0.8965238065       -0.0208835523
        2.0849103297        0.8964949914       -0.0209314262
