#epsqw diagonal term
#1:q+G [au], 2:Re(eps-1), 3:Im(eps-1)
        2.0849103297        1.0026244718       -0.0000079609
        2.0849103297        1.0026244156       -0.0000079609
        2.0241717112        1.0028443764       -0.0000087749
        1.6123868387        1.0048548433       -0.0000163200
        1.6123868387        1.0048546876       -0.0000163191
        2.0241717112        1.0028447695       -0.0000087765
        1.9615532493        1.0030974392       -0.0000095302
        1.5330399052        1.0053553082       -0.0000180954
        1.5330399052        1.0053555305       -0.0000180960
        1.9615532493        1.0030981061       -0.0000095325
        1.8968687839        1.0033696245       -0.0000106031
        1.8968687839        1.0033700496       -0.0000106031
        2.0241717112        1.0028441914       -0.0000087741
        1.6123868387        1.0048530798       -0.0000163149
        1.6123868387        1.0048530884       -0.0000163151
        2.0241717112        1.0028435788       -0.0000087726
        1.5330399052        1.0053520237       -0.0000185411
        0.9234346496        1.0103053169       -0.0000455190
        0.9234346496        1.0103056305       -0.0000455193
        1.5330399052        1.0053517767       -0.0000185410
        1.4493555066        1.0059271022       -0.0000207662
        0.7766283446        1.0115170913       -0.0000547669
        0.7766283446        1.0115179213       -0.0000547657
        1.4493555066        1.0059280645       -0.0000207668
        1.8298992368        1.0036746088       -0.0000118059
        1.3605335050        1.0065724455       -0.0000239742
        1.3605335050        1.0065738360       -0.0000239767
        1.8298992368        1.0036755722       -0.0000118078
        2.1439288816        1.0024293243       -0.0000073745
        2.1439288816        1.0024296652       -0.0000073755
        1.9615532493        1.0030973526       -0.0000095297
        1.5330399052        1.0053539977       -0.0000180916
        1.5330399052        1.0053532780       -0.0000180898
        1.9615532493        1.0030963705       -0.0000095269
        1.4493555066        1.0059279947       -0.0000207659
        0.7766283446        1.0115167377       -0.0000547627
        0.7766283446        1.0115161326       -0.0000547612
        1.4493555066        1.0059266297       -0.0000207648
        2.2013657161        1.0022491664       -0.0000066846
        1.3605335050        1.0065901217       -0.0000232419
        0.5946188857        1.0127256929       -0.0000675932
        0.5946188857        1.0127254408       -0.0000675904
        1.3605335050        1.0065898818       -0.0000232414
        2.2013657161        1.0022490595       -0.0000066844
        1.7603838361        1.0040334125       -0.0000129804
        1.2654925727        1.0073304054       -0.0000271928
        1.2654925727        1.0073309360       -0.0000271919
        1.7603838361        1.0040338256       -0.0000129823
        2.0849103297        1.0026267108       -0.0000079682
        2.0849103297        1.0026269982       -0.0000079693
        1.8968687839        1.0033696644       -0.0000106023
        1.8968687839        1.0033692818       -0.0000106021
        1.8298992368        1.0036764775       -0.0000118105
        1.3605335050        1.0065753015       -0.0000239813
        1.3605335050        1.0065747769       -0.0000239787
        1.8298992368        1.0036754836       -0.0000118087
        1.7603838361        1.0040349733       -0.0000129861
        1.2654925727        1.0073327744       -0.0000271984
        1.2654925727        1.0073328883       -0.0000272001
        1.7603838361        1.0040345972       -0.0000129841
        2.0849103297        1.0026234661       -0.0000080237
        1.6880080817        1.0044178505       -0.0000146148
        1.6880080817        1.0044177278       -0.0000146146
        2.0849103297        1.0026234307       -0.0000080235
        2.1439288816        1.0024305161       -0.0000073777
        2.1439288816        1.0024303964       -0.0000073770
        2.0849103297        1.0026280415       -0.0000079716
        2.0849103297        1.0026277298       -0.0000079708
