#epsqw diagonal term
#1:q+G [au], 2:Re(eps-1), 3:Im(eps-1)
        2.0849103297        0.9422430706       -0.0894637443
        2.0849103297        0.9421598420       -0.0894093558
        2.0241717112        0.9328332098       -0.1001177732
        1.6123868387        0.8602413393       -0.2280108727
        1.6123868387        0.8624224009       -0.2267963878
        2.0241717112        0.9333607390       -0.0995167869
        1.9615532493        0.9254368426       -0.1107995034
        1.5330399052        0.8683577849       -0.2707737776
        1.5330399052        0.8677744988       -0.2677698443
        1.9615532493        0.9272192617       -0.1106201308
        1.8968687839        0.9135226311       -0.1251511433
        1.8968687839        0.9155026929       -0.1250230189
        2.0241717112        0.9335702423       -0.0995873850
        1.6123868387        0.8626020518       -0.2278575441
        1.6123868387        0.8609787281       -0.2281207723
        2.0241717112        0.9329673510       -0.0998617968
        1.5330399052        0.8497660714       -0.2539543498
        0.9234346496        0.4196806288       -0.4926047049
        0.9234346496        0.4193329708       -0.4929830983
        1.5330399052        0.8496249024       -0.2540222115
        1.4493555066        0.8183480824       -0.3003819626
        0.7766283446        0.3501033216       -0.6045731708
        0.7766283446        0.3481850164       -0.6006835916
        1.4493555066        0.8182414665       -0.3016407071
        1.8298992368        0.9073027746       -0.1378139636
        1.3605335050        0.8008199771       -0.3617598210
        1.3605335050        0.8004526548       -0.3640332571
        1.8298992368        0.9077786200       -0.1372782828
        2.1439288816        0.9405991535       -0.0754419083
        2.1439288816        0.9401005400       -0.0749521045
        1.9615532493        0.9275925601       -0.1106652630
        1.5330399052        0.8694934255       -0.2675344008
        1.5330399052        0.8688661398       -0.2713375720
        1.9615532493        0.9256581453       -0.1110412691
        1.4493555066        0.8178918605       -0.3007750908
        0.7766283446        0.3490700283       -0.6003509606
        0.7766283446        0.3497794028       -0.6048926040
        1.4493555066        0.8180708857       -0.2992187719
        2.2013657161        0.9529792410       -0.0631254499
        1.3605335050        0.8204521842       -0.3494640529
        0.5946188857        0.1639512771       -0.6402475266
        0.5946188857        0.1670939835       -0.6419165420
        1.3605335050        0.8207956219       -0.3488807982
        2.2013657161        0.9532329686       -0.0629116884
        1.7603838361        0.8772453966       -0.1584362682
        1.2654925727        0.7533516027       -0.4230041572
        1.2654925727        0.7491116738       -0.4208357887
        1.7603838361        0.8784454604       -0.1580007365
        2.0849103297        0.9405838814       -0.0806245855
        2.0849103297        0.9414986195       -0.0803637057
        1.8968687839        0.9160272688       -0.1252441186
        1.8968687839        0.9140580093       -0.1256420783
        1.8298992368        0.9077704843       -0.1369257749
        1.3605335050        0.7990581783       -0.3641535152
        1.3605335050        0.8001084029       -0.3620033180
        1.8298992368        0.9071662423       -0.1377209309
        1.7603838361        0.8785813350       -0.1572298317
        1.2654925727        0.7486193401       -0.4222972414
        1.2654925727        0.7530411155       -0.4227682384
        1.7603838361        0.8778955379       -0.1578514222
        2.0849103297        0.9268894503       -0.0689722324
        1.6880080817        0.8760213330       -0.1820812486
        1.6880080817        0.8758528137       -0.1818318456
        2.0849103297        0.9266505597       -0.0690373505
        2.1439288816        0.9401766720       -0.0749590144
        2.1439288816        0.9407145987       -0.0757642984
        2.0849103297        0.9411985686       -0.0796596307
        2.0849103297        0.9404514787       -0.0803905877
