#epsqw diagonal term
#1:q+G [au], 2:Re(eps-1), 3:Im(eps-1)
        2.0849103297        0.9810953115       -0.1177018759
        2.0849103297        0.9814092849       -0.1177898182
        2.0241717112        0.9740727106       -0.1353724574
        1.6123868387        0.9879003322       -0.3036315379
        1.6123868387        0.9891094743       -0.3031634938
        2.0241717112        0.9748596524       -0.1351270164
        1.9615532493        0.9825292650       -0.1508187209
        1.5330399052        0.9739946449       -0.3540896976
        1.5330399052        0.9768968201       -0.3520273996
        1.9615532493        0.9828928312       -0.1502437824
        1.8968687839        0.9725097623       -0.1704230357
        1.8968687839        0.9724056911       -0.1714205786
        2.0241717112        0.9751654253       -0.1341654269
        1.6123868387        0.9891563769       -0.3030507524
        1.6123868387        0.9888432820       -0.3034459508
        2.0241717112        0.9743335489       -0.1340178338
        1.5330399052        0.9851412517       -0.3326917162
        0.9234346496        0.7219960033       -1.0225472883
        0.9234346496        0.7185776854       -1.0210801749
        1.5330399052        0.9855754233       -0.3327049209
        1.4493555066        0.9945770731       -0.3909767446
        0.7766283446        0.7403439023       -1.0555386981
        0.7766283446        0.7304683338       -1.0616239970
        1.4493555066        0.9952004911       -0.3920070347
        1.8298992368        0.9539689106       -0.1901486012
        1.3605335050        0.9788741955       -0.4590426742
        1.3605335050        0.9763594166       -0.4615790106
        1.8298992368        0.9547741034       -0.1905636950
        2.1439288816        0.9798303740       -0.1238280496
        2.1439288816        0.9797852209       -0.1241735844
        1.9615532493        0.9834145928       -0.1492185495
        1.5330399052        0.9770279159       -0.3531483245
        1.5330399052        0.9745224121       -0.3551987636
        1.9615532493        0.9828102820       -0.1491040428
        1.4493555066        0.9964569621       -0.3908749212
        0.7766283446        0.7331525484       -1.0609273390
        0.7766283446        0.7433001106       -1.0571773212
        1.4493555066        0.9956522960       -0.3895807820
        2.2013657161        0.9689137691       -0.1058453052
        1.3605335050        0.9588457559       -0.4520519863
        0.5946188857        0.7203003395       -1.1642587567
        0.5946188857        0.7227481204       -1.1683297143
        1.3605335050        0.9588122407       -0.4528834557
        2.2013657161        0.9689207825       -0.1057382081
        1.7603838361        0.9773566374       -0.2280570553
        1.2654925727        0.9713992309       -0.5360168270
        1.2654925727        0.9666371905       -0.5347696369
        1.7603838361        0.9766452594       -0.2282321974
        2.0849103297        0.9612870382       -0.1348067603
        2.0849103297        0.9613814234       -0.1362225069
        1.8968687839        0.9722403147       -0.1706466580
        1.8968687839        0.9722700008       -0.1704798422
        1.8298992368        0.9537858956       -0.1911407559
        1.3605335050        0.9735877398       -0.4624176813
        1.3605335050        0.9767995084       -0.4588501890
        1.8298992368        0.9537540082       -0.1908586626
        1.7603838361        0.9759901721       -0.2292339885
        1.2654925727        0.9665700862       -0.5348776028
        1.2654925727        0.9708364804       -0.5369538246
        1.7603838361        0.9762287489       -0.2290902191
        2.0849103297        0.9572275646       -0.1213496449
        1.6880080817        0.9550234055       -0.2503113728
        1.6880080817        0.9542319104       -0.2503766005
        2.0849103297        0.9569949942       -0.1217359771
        2.1439288816        0.9791091923       -0.1239251696
        2.1439288816        0.9793623221       -0.1231920257
        2.0849103297        0.9609673040       -0.1357441961
        2.0849103297        0.9608539891       -0.1344066946
