#epsqw diagonal term
#1:q+G [au], 2:Re(eps-1), 3:Im(eps-1)
        2.0849103297        0.9042000548       -0.0005098483
        2.0849103297        0.9041996124       -0.0005098385
        2.0241717112        0.8955241447       -0.0005532921
        1.6123868387        0.8209480014       -0.0007637791
        1.6123868387        0.8209886318       -0.0007629386
        2.0241717112        0.8955298427       -0.0005525702
        1.9615532493        0.8884733558       -0.0005531102
        1.5330399052        0.7998688711       -0.0008379269
        1.5330399052        0.7998580116       -0.0008380413
        1.9615532493        0.8884554027       -0.0005533563
        1.8968687839        0.8776515308       -0.0006011140
        1.8968687839        0.8776548365       -0.0006013952
        2.0241717112        0.8955471714       -0.0005525543
        1.6123868387        0.8210206792       -0.0007628999
        1.6123868387        0.8209776155       -0.0007638292
        2.0241717112        0.8955415102       -0.0005532979
        1.5330399052        0.7988122691       -0.0008393794
        0.9234346496        0.5506615794       -0.0014922162
        0.9234346496        0.5506601936       -0.0014921668
        1.5330399052        0.7988154574       -0.0008393518
        1.4493555066        0.7724944825       -0.0009251647
        0.7766283446        0.4688143900       -0.0017446772
        0.7766283446        0.4687837954       -0.0017449804
        1.4493555066        0.7724994323       -0.0009251414
        1.8298992368        0.8667074089       -0.0006464650
        1.3605335050        0.7407938523       -0.0010182259
        1.3605335050        0.7407634607       -0.0010185283
        1.8298992368        0.8667113548       -0.0006465607
        2.1439288816        0.9111593609       -0.0004966471
        2.1439288816        0.9111603834       -0.0004967809
        1.9615532493        0.8884765221       -0.0005533779
        1.5330399052        0.7998929377       -0.0008380196
        1.5330399052        0.7999074862       -0.0008379466
        1.9615532493        0.8884975410       -0.0005531519
        1.4493555066        0.7725042765       -0.0009252461
        0.7766283446        0.4687867997       -0.0017450638
        0.7766283446        0.4688227392       -0.0017446969
        1.4493555066        0.7725040890       -0.0009253399
        2.2013657161        0.9207534426       -0.0004160960
        1.3605335050        0.7431697655       -0.0010392821
        0.5946188857        0.3701524368       -0.0020232870
        0.5946188857        0.3701506629       -0.0020233275
        1.3605335050        0.7431723567       -0.0010392557
        2.2013657161        0.9207545640       -0.0004160915
        1.7603838361        0.8539521413       -0.0006675030
        1.2654925727        0.7044170133       -0.0011397697
        1.2654925727        0.7044266117       -0.0011399092
        1.7603838361        0.8539372234       -0.0006674225
        2.0849103297        0.9066399037       -0.0004896834
        2.0849103297        0.9066420030       -0.0004895824
        1.8968687839        0.8776606544       -0.0006014446
        1.8968687839        0.8776590775       -0.0006011548
        1.8298992368        0.8666932770       -0.0006465807
        1.3605335050        0.7407378566       -0.0010185557
        1.3605335050        0.7407656191       -0.0010183224
        1.8298992368        0.8666908059       -0.0006464958
        1.7603838361        0.8539122243       -0.0006673381
        1.2654925727        0.7043921340       -0.0011398901
        1.2654925727        0.7043820079       -0.0011397397
        1.7603838361        0.8539303293       -0.0006673859
        2.0849103297        0.9034448986       -0.0005449675
        1.6880080817        0.8384999536       -0.0007241762
        1.6880080817        0.8385016557       -0.0007241581
        2.0849103297        0.9034438430       -0.0005450172
        2.1439288816        0.9111437501       -0.0004968420
        2.1439288816        0.9111445595       -0.0004966413
        2.0849103297        0.9066225845       -0.0004895966
        2.0849103297        0.9066203609       -0.0004896864
