#epsqw diagonal term
#1:q+G [au], 2:Re(eps-1), 3:Im(eps-1)
        2.0849103297        0.9349597733       -0.0829216526
        2.0849103297        0.9351035908       -0.0828715263
        2.0241717112        0.9280518918       -0.0956847269
        1.6123868387        0.8852602459       -0.2006581412
        1.6123868387        0.8856421674       -0.1981980109
        2.0241717112        0.9281694930       -0.0964629878
        1.9615532493        0.9171344749       -0.0986754057
        1.5330399052        0.8699374695       -0.2148817776
        1.5330399052        0.8696002430       -0.2143110041
        1.9615532493        0.9165651923       -0.0983543016
        1.8968687839        0.9116281653       -0.1189141294
        1.8968687839        0.9113351545       -0.1176501964
        2.0241717112        0.9279962842       -0.0969730196
        1.6123868387        0.8848189643       -0.1987196768
        1.6123868387        0.8850906759       -0.2006725679
        2.0241717112        0.9283501261       -0.0960348584
        1.5330399052        0.8681992138       -0.2314460989
        0.9234346496        0.5952971473       -0.6497225851
        0.9234346496        0.5959918345       -0.6488102288
        1.5330399052        0.8685124942       -0.2320159672
        1.4493555066        0.8588617056       -0.2669220392
        0.7766283446        0.5654577193       -0.7504297278
        0.7766283446        0.5703656423       -0.7633670437
        1.4493555066        0.8553914438       -0.2658353940
        1.8298992368        0.8995299194       -0.1315125227
        1.3605335050        0.8399206210       -0.3110202498
        1.3605335050        0.8389474497       -0.3090534144
        1.8298992368        0.8985994812       -0.1307243843
        2.1439288816        0.9326780436       -0.0701743380
        2.1439288816        0.9329771129       -0.0702101402
        1.9615532493        0.9167919775       -0.0988027729
        1.5330399052        0.8708033933       -0.2133405021
        1.5330399052        0.8698370293       -0.2151568748
        1.9615532493        0.9172860230       -0.0986934932
        1.4493555066        0.8555321747       -0.2653965069
        0.7766283446        0.5744184160       -0.7638794964
        0.7766283446        0.5678769888       -0.7478907570
        1.4493555066        0.8575254081       -0.2660054338
        2.2013657161        0.9412050060       -0.0618783452
        1.3605335050        0.8340601794       -0.2846382539
        0.5946188857        0.4842378947       -0.9534446412
        0.5946188857        0.4805419031       -0.9563386317
        1.3605335050        0.8344345442       -0.2843274193
        2.2013657161        0.9414050053       -0.0619145756
        1.7603838361        0.8894562183       -0.1512770780
        1.2654925727        0.8261376078       -0.3616541615
        1.2654925727        0.8223593770       -0.3632850019
        1.7603838361        0.8911262733       -0.1522258111
        2.0849103297        0.9262689236       -0.0746283447
        2.0849103297        0.9263939021       -0.0753377552
        1.8968687839        0.9115426567       -0.1175246821
        1.8968687839        0.9115078496       -0.1184625376
        1.8298992368        0.8981158190       -0.1303345753
        1.3605335050        0.8387475106       -0.3109735927
        1.3605335050        0.8390106844       -0.3093539778
        1.8298992368        0.8989627545       -0.1309682261
        1.7603838361        0.8902674798       -0.1515857393
        1.2654925727        0.8221466932       -0.3610237336
        1.2654925727        0.8240964774       -0.3627708058
        1.7603838361        0.8889742313       -0.1515236585
        2.0849103297        0.9271389973       -0.0789497825
        1.6880080817        0.8784244039       -0.1741521801
        1.6880080817        0.8788343615       -0.1742068321
        2.0849103297        0.9272150191       -0.0793636849
        2.1439288816        0.9328606993       -0.0709089601
        2.1439288816        0.9327450470       -0.0705620648
        2.0849103297        0.9261061425       -0.0754499789
        2.0849103297        0.9259156674       -0.0752008890
