#epsqw diagonal term
#1:q+G [au], 2:Re(eps-1), 3:Im(eps-1)
        2.0849103297        0.9036987498       -0.0005397616
        2.0849103297        0.9036984544       -0.0005397190
        2.0241717112        0.8949695626       -0.0005871474
        1.6123868387        0.8202689036       -0.0008004447
        1.6123868387        0.8203118027       -0.0007993752
        2.0241717112        0.8949775600       -0.0005861601
        1.9615532493        0.8879515435       -0.0005835601
        1.5330399052        0.7991080457       -0.0008805634
        1.5330399052        0.7990972564       -0.0008806512
        1.9615532493        0.8879327651       -0.0005839039
        1.8968687839        0.8770780341       -0.0006347086
        1.8968687839        0.8770804680       -0.0006350671
        2.0241717112        0.8949947110       -0.0005861778
        1.6123868387        0.8203438246       -0.0007993402
        1.6123868387        0.8202983495       -0.0008005048
        2.0241717112        0.8949868651       -0.0005871508
        1.5330399052        0.7980610572       -0.0008793072
        0.9234346496        0.5491897263       -0.0015606430
        0.9234346496        0.5491887074       -0.0015605345
        1.5330399052        0.7980643038       -0.0008792750
        1.4493555066        0.7716558650       -0.0009711712
        0.7766283446        0.4668848426       -0.0018385876
        0.7766283446        0.4668539633       -0.0018388149
        1.4493555066        0.7716610415       -0.0009711205
        1.8298992368        0.8660751157       -0.0006847325
        1.3605335050        0.7398867419       -0.0010642873
        1.3605335050        0.7398561063       -0.0010645568
        1.8298992368        0.8660789042       -0.0006848155
        2.1439288816        0.9106536353       -0.0005274109
        2.1439288816        0.9106538564       -0.0005276592
        1.9615532493        0.8879537277       -0.0005839368
        1.5330399052        0.7991322187       -0.0008806121
        1.5330399052        0.7991463620       -0.0008806262
        1.9615532493        0.8879753936       -0.0005836453
        1.4493555066        0.7716656041       -0.0009712482
        0.7766283446        0.4668565868       -0.0018389536
        0.7766283446        0.4668932645       -0.0018385855
        1.4493555066        0.7716647388       -0.0009714480
        2.2013657161        0.9203651645       -0.0004383602
        1.3605335050        0.7422013909       -0.0010922414
        0.5946188857        0.3676451898       -0.0021393205
        0.5946188857        0.3676430297       -0.0021394290
        1.3605335050        0.7422041557       -0.0010921784
        2.2013657161        0.9203663321       -0.0004383448
        1.7603838361        0.8533359370       -0.0007026347
        1.2654925727        0.7033835567       -0.0011912553
        1.2654925727        0.7033929552       -0.0011913921
        1.7603838361        0.8533219498       -0.0007024019
        2.0849103297        0.9061659388       -0.0005174702
        2.0849103297        0.9061679191       -0.0005174227
        1.8968687839        0.8770862115       -0.0006351125
        1.8968687839        0.8770854196       -0.0006347624
        1.8298992368        0.8660608246       -0.0006848381
        1.3605335050        0.7398305178       -0.0010645768
        1.3605335050        0.7398583234       -0.0010644016
        1.8298992368        0.8660585073       -0.0006847598
        1.7603838361        0.8532973128       -0.0007022790
        1.2654925727        0.7033587121       -0.0011913406
        1.2654925727        0.7033487065       -0.0011912134
        1.7603838361        0.8533146125       -0.0007024611
        2.0849103297        0.9028529101       -0.0005841212
        1.6880080817        0.8378293014       -0.0007620582
        1.6880080817        0.8378310375       -0.0007620364
        2.0849103297        0.9028517117       -0.0005841871
        2.1439288816        0.9106370865       -0.0005277412
        2.1439288816        0.9106389567       -0.0005273890
        2.0849103297        0.9061485943       -0.0005174269
        2.0849103297        0.9061464923       -0.0005174657
