#epsqw diagonal term
#1:q+G [au], 2:Re(eps-1), 3:Im(eps-1)
        2.0849103297        0.9040640166       -0.0005176236
        2.0849103297        0.9040636072       -0.0005176070
        2.0241717112        0.8953738115       -0.0005620722
        1.6123868387        0.8207630770       -0.0007733682
        1.6123868387        0.8208043025       -0.0007724711
        2.0241717112        0.8953801051       -0.0005612853
        1.9615532493        0.8883316264       -0.0005610396
        1.5330399052        0.7996620622       -0.0008490281
        1.5330399052        0.7996512169       -0.0008491359
        1.9615532493        0.8883134627       -0.0005613086
        1.8968687839        0.8774958100       -0.0006098527
        1.8968687839        0.8774988840       -0.0006101537
        2.0241717112        0.8953973916       -0.0005612768
        1.6123868387        0.8208363425       -0.0007724334
        1.6123868387        0.8207926440       -0.0007734213
        2.0241717112        0.8953911573       -0.0005620783
        1.5330399052        0.7986075751       -0.0008498403
        0.9234346496        0.5502594034       -0.0015101433
        0.9234346496        0.5502581070       -0.0015100810
        1.5330399052        0.7986107781       -0.0008498118
        1.4493555066        0.7722663935       -0.0009371421
        0.7766283446        0.4682881310       -0.0017691698
        0.7766283446        0.4682574374       -0.0017694571
        1.4493555066        0.7722714052       -0.0009371103
        1.8298992368        0.8665360009       -0.0006563771
        1.3605335050        0.7405463635       -0.0010303243
        1.3605335050        0.7405158968       -0.0010306193
        1.8298992368        0.8665398981       -0.0006564708
        2.1439288816        0.9110221539       -0.0005046600
        2.1439288816        0.9110229756       -0.0005048210
        1.9615532493        0.8883345396       -0.0005613335
        1.5330399052        0.7996861484       -0.0008491109
        1.5330399052        0.7997006021       -0.0008490579
        1.9615532493        0.8883557259       -0.0005610916
        1.4493555066        0.7722761731       -0.0009372215
        0.7766283446        0.4682603473       -0.0017695531
        0.7766283446        0.4682964943       -0.0017691850
        1.4493555066        0.7722758154       -0.0009373409
        2.2013657161        0.9206478267       -0.0004219329
        1.3605335050        0.7429062617       -0.0010531202
        0.5946188857        0.3694669525       -0.0020538692
        0.5946188857        0.3694650874       -0.0020539244
        1.3605335050        0.7429088940       -0.0010530860
        2.2013657161        0.9206489588       -0.0004219261
        1.7603838361        0.8537846473       -0.0006766669
        1.2654925727        0.7041348381       -0.0011533404
        1.2654925727        0.7041443801       -0.0011534798
        1.7603838361        0.8537699586       -0.0006765513
        2.0849103297        0.9065110921       -0.0004969577
        2.0849103297        0.9065131716       -0.0004968686
        1.8968687839        0.8775046788       -0.0006102029
        1.8968687839        0.8775033130       -0.0006098970
        1.8298992368        0.8665218201       -0.0006564913
        1.3605335050        0.7404902943       -0.0010306455
        1.3605335050        0.7405180817       -0.0010304251
        1.8298992368        0.8665193954       -0.0006564073
        1.7603838361        0.8537450535       -0.0006764574
        1.2654925727        0.7041099621       -0.0011534532
        1.2654925727        0.7040998753       -0.0011533072
        1.7603838361        0.8537629622       -0.0006765360
        2.0849103297        0.9032850675       -0.0005550328
        1.6880080817        0.8383176051       -0.0007340608
        1.6880080817        0.8383193162       -0.0007340417
        2.0849103297        0.9032839756       -0.0005550864
        2.1439288816        0.9110063080       -0.0005048868
        2.1439288816        0.9110073836       -0.0005046503
        2.0849103297        0.9064937773       -0.0004968801
        2.0849103297        0.9064915753       -0.0004969585
