#epsqw diagonal term
#1:q+G [au], 2:Re(eps-1), 3:Im(eps-1)
        2.0849103297        0.9027125065       -0.0006124441
        2.0849103297        0.9027128186       -0.0006122141
        2.0241717112        0.8938731274       -0.0006702229
        1.6123868387        0.8189543188       -0.0008865909
        1.6123868387        0.8190024036       -0.0008848498
        2.0241717112        0.8938866345       -0.0006684239
        1.9615532493        0.8869294562       -0.0006567754
        1.5330399052        0.7976233120       -0.0009824732
        1.5330399052        0.7976127703       -0.0009825201
        1.9615532493        0.8869085421       -0.0006574919
        1.8968687839        0.8759528337       -0.0007160100
        1.8968687839        0.8759534271       -0.0007165548
        2.0241717112        0.8939031594       -0.0006686066
        1.6123868387        0.8190343702       -0.0008848215
        1.6123868387        0.8189834842       -0.0008866516
        2.0241717112        0.8938904470       -0.0006701574
        1.5330399052        0.7966114150       -0.0009724017
        0.9234346496        0.5463804422       -0.0017203491
        0.9234346496        0.5463806092       -0.0017199486
        1.5330399052        0.7966148176       -0.0009723403
        1.4493555066        0.7700225567       -0.0010816916
        0.7766283446        0.4631703650       -0.0020622158
        0.7766283446        0.4631397813       -0.0020620516
        1.4493555066        0.7700280190       -0.0010817172
        1.8298992368        0.8648244896       -0.0007795215
        1.3605335050        0.7381470748       -0.0011699928
        1.3605335050        0.7381162568       -0.0011701536
        1.8298992368        0.8648282131       -0.0007795182
        2.1439288816        0.9096590381       -0.0006010437
        2.1439288816        0.9096571124       -0.0006016763
        1.9615532493        0.8869292362       -0.0006575219
        1.5330399052        0.7976480174       -0.0009823633
        1.5330399052        0.7976607884       -0.0009827085
        1.9615532493        0.8869524337       -0.0006570146
        1.4493555066        0.7700320922       -0.0010818420
        0.7766283446        0.4631412824       -0.0020624290
        0.7766283446        0.4631791579       -0.0020620847
        1.4493555066        0.7700294090       -0.0010823664
        2.2013657161        0.9196113656       -0.0004896974
        1.3605335050        0.7403228017       -0.0012159873
        0.5946188857        0.3628812505       -0.0024007332
        0.5946188857        0.3628777458       -0.0024011910
        1.3605335050        0.7403262324       -0.0012157255
        2.2013657161        0.9196127266       -0.0004896215
        1.7603838361        0.8521338060       -0.0007860704
        1.2654925727        0.7014108215       -0.0013065275
        1.2654925727        0.7014199224       -0.0013066439
        1.7603838361        0.8521225858       -0.0007852480
        2.0849103297        0.9052422575       -0.0005819811
        2.0849103297        0.9052435800       -0.0005821486
        1.8968687839        0.8759591551       -0.0007165485
        1.8968687839        0.8759599128       -0.0007160834
        1.8298992368        0.8648101004       -0.0007795600
        1.3605335050        0.7380908177       -0.0011701110
        1.3605335050        0.7381182200       -0.0011701736
        1.8298992368        0.8648079376       -0.0007795154
        1.7603838361        0.8520987850       -0.0007850176
        1.2654925727        0.7013863409       -0.0013064636
        1.2654925727        0.7013762637       -0.0013064720
        1.7603838361        0.8521136581       -0.0007857212
        2.0849103297        0.9016594337       -0.0006848310
        1.6880080817        0.8365224442       -0.0008520842
        1.6880080817        0.8365242501       -0.0008520556
        2.0849103297        0.9016578679       -0.0006849617
        2.1439288816        0.9096399326       -0.0006018519
        2.1439288816        0.9096446801       -0.0006009629
        2.0849103297        0.9052244608       -0.0005821292
        2.0849103297        0.9052229802       -0.0005819736
