#epsqw diagonal term
#1:q+G [au], 2:Re(eps-1), 3:Im(eps-1)
        1.8858723505        0.8712255875       -0.0009431403
        1.8858723505        0.8712224214       -0.0009434003
        1.8858723505        0.8711732416       -0.0009449954
        1.4349337000        0.7608314593       -0.0013522258
        1.4349337000        0.7608661636       -0.0013515091
        1.8858723505        0.8711692461       -0.0009418461
        1.8858723505        0.8711701924       -0.0009452434
        1.4349337000        0.7608632384       -0.0013516612
        1.4349337000        0.7608579887       -0.0013504727
        1.8858723505        0.8711742890       -0.0009392444
        1.8858723505        0.8712180559       -0.0009402753
        1.8858723505        0.8712250044       -0.0009377080
        1.8858723505        0.8711877302       -0.0009424162
        1.4349337000        0.7608987334       -0.0013516776
        1.4349337000        0.7608624156       -0.0013523656
        1.8858723505        0.8711916615       -0.0009457116
        1.4349337000        0.7608494492       -0.0013507802
        0.7493696849        0.4419746216       -0.0025433451
        0.7493696849        0.4419720113       -0.0025433062
        1.4349337000        0.7608520213       -0.0013509441
        1.4349337000        0.7608114702       -0.0013518420
        0.7493696849        0.4419639703       -0.0025439891
        0.7493696849        0.4419215980       -0.0025317828
        1.4349337000        0.7608418360       -0.0013498172
        1.8858723505        0.8711916166       -0.0009457000
        1.4349337000        0.7608989857       -0.0013520010
        1.4349337000        0.7608884352       -0.0013505405
        1.8858723505        0.8711933061       -0.0009400328
        1.8858723505        0.8711909357       -0.0009400279
        1.4349337000        0.7608859453       -0.0013505341
        1.4349337000        0.7608967279       -0.0013519863
        1.8858723505        0.8711917827       -0.0009457022
        1.4349337000        0.7608394881       -0.0013498117
        0.7493696849        0.4419209085       -0.0025317993
        0.7493696849        0.4419645340       -0.0025440024
        1.4349337000        0.7608138149       -0.0013518675
        1.4349337000        0.7608498211       -0.0013509315
        0.7493696849        0.4419724668       -0.0025433188
        0.7493696849        0.4419761797       -0.0025433485
        1.4349337000        0.7608537054       -0.0013507955
        1.8858723505        0.8711917439       -0.0009457147
        1.4349337000        0.7608645642       -0.0013523932
        1.4349337000        0.7609028677       -0.0013516943
        1.8858723505        0.8711901109       -0.0009424256
        1.8858723505        0.8712249704       -0.0009377028
        1.8858723505        0.8712180518       -0.0009402658
        1.8858723505        0.8711742893       -0.0009392377
        1.4349337000        0.7608591876       -0.0013504701
        1.4349337000        0.7608668308       -0.0013516530
        1.8858723505        0.8711723817       -0.0009452434
        1.8858723505        0.8711692197       -0.0009418356
        1.4349337000        0.7608695160       -0.0013515004
        1.4349337000        0.7608347054       -0.0013522027
        1.8858723505        0.8711757903       -0.0009449922
        1.8858723505        0.8712244318       -0.0009433991
        1.8858723505        0.8712280354       -0.0009431388
