#epsqw diagonal term
#1:q+G [au], 2:Re(eps-1), 3:Im(eps-1)
        1.8858723505        0.8644208779       -0.0165823992
        1.8858723505        0.8643568226       -0.0165424500
        1.8858723505        0.8645652825       -0.0167710774
        1.4349337000        0.7469527699       -0.0228876547
        1.4349337000        0.7473140856       -0.0225552932
        1.8858723505        0.8644199962       -0.0169279375
        1.8858723505        0.8645692354       -0.0167381683
        1.4349337000        0.7472616377       -0.0225406324
        1.4349337000        0.7474362351       -0.0229657056
        1.8858723505        0.8648739156       -0.0168389506
        1.8858723505        0.8642835815       -0.0168123707
        1.8858723505        0.8645813058       -0.0167119875
        1.8858723505        0.8645170806       -0.0170648140
        1.4349337000        0.7473759568       -0.0225867480
        1.4349337000        0.7469710199       -0.0228631953
        1.8858723505        0.8646940417       -0.0168435126
        1.4349337000        0.7471297889       -0.0225767321
        0.7493696849        0.4102955100       -0.0448316649
        0.7493696849        0.4101876695       -0.0450368097
        1.4349337000        0.7471943354       -0.0226041884
        1.4349337000        0.7468406133       -0.0229363651
        0.7493696849        0.4101754878       -0.0449269110
        0.7493696849        0.4088037725       -0.0457227034
        1.4349337000        0.7473235342       -0.0230030301
        1.8858723505        0.8647630559       -0.0168411239
        1.4349337000        0.7474088809       -0.0226146881
        1.4349337000        0.7474395623       -0.0229148108
        1.8858723505        0.8649020625       -0.0169036807
        1.8858723505        0.8648996478       -0.0169036863
        1.4349337000        0.7474369344       -0.0229146246
        1.4349337000        0.7474064646       -0.0226146258
        1.8858723505        0.8647633077       -0.0168411546
        1.4349337000        0.7473211072       -0.0230029259
        0.7493696849        0.4088031668       -0.0457226830
        0.7493696849        0.4101758954       -0.0449270759
        1.4349337000        0.7468426876       -0.0229365817
        1.4349337000        0.7471922857       -0.0226041897
        0.7493696849        0.4101879623       -0.0450369777
        0.7493696849        0.4102968907       -0.0448318233
        1.4349337000        0.7471339814       -0.0225769847
        1.8858723505        0.8646940481       -0.0168434837
        1.4349337000        0.7469731909       -0.0228635024
        1.4349337000        0.7473801056       -0.0225870992
        1.8858723505        0.8645195043       -0.0170647253
        1.8858723505        0.8645812352       -0.0167120835
        1.8858723505        0.8642835402       -0.0168125043
        1.8858723505        0.8648737070       -0.0168390169
        1.4349337000        0.7474371616       -0.0229658103
        1.4349337000        0.7472649820       -0.0225408408
        1.8858723505        0.8645713645       -0.0167382108
        1.8858723505        0.8644199753       -0.0169281046
        1.4349337000        0.7473174036       -0.0225555471
        1.4349337000        0.7469559674       -0.0228879194
        1.8858723505        0.8645679194       -0.0167712175
        1.8858723505        0.8643587723       -0.0165425059
        1.8858723505        0.8644232546       -0.0165824840
