#epsqw diagonal term
#1:q+G [au], 2:Re(eps-1), 3:Im(eps-1)
        1.8858723505        0.8684168752       -0.0023538434
        1.8858723505        0.8684139651       -0.0023537683
        1.8858723505        0.8683647541       -0.0023570951
        1.4349337000        0.7567562346       -0.0030467725
        1.4349337000        0.7568300096       -0.0030471559
        1.8858723505        0.8683417111       -0.0023359566
        1.8858723505        0.8683600107       -0.0023579828
        1.4349337000        0.7568242529       -0.0030492328
        1.4349337000        0.7568612673       -0.0030535611
        1.8858723505        0.8683491219       -0.0023012501
        1.8858723505        0.8683913983       -0.0023329773
        1.8858723505        0.8684028808       -0.0022989606
        1.8858723505        0.8683609906       -0.0023399817
        1.4349337000        0.7568560718       -0.0030517067
        1.4349337000        0.7567820791       -0.0030491514
        1.8858723505        0.8683818564       -0.0023610068
        1.4349337000        0.7568045887       -0.0030460538
        0.7493696849        0.4334444634       -0.0059521174
        0.7493696849        0.4334419601       -0.0059515636
        1.4349337000        0.7568073998       -0.0030470728
        1.4349337000        0.7567270263       -0.0030471217
        0.7493696849        0.4334298015       -0.0059568745
        0.7493696849        0.4332997222       -0.0058653337
        1.4349337000        0.7568377635       -0.0030519476
        1.8858723505        0.8683798833       -0.0023619189
        1.4349337000        0.7568537043       -0.0030550654
        1.4349337000        0.7568859498       -0.0030570121
        1.8858723505        0.8683695737       -0.0023049795
        1.8858723505        0.8683671849       -0.0023048269
        1.4349337000        0.7568835570       -0.0030567902
        1.4349337000        0.7568514841       -0.0030547668
        1.8858723505        0.8683800440       -0.0023619363
        1.4349337000        0.7568355063       -0.0030517089
        0.7493696849        0.4332989870       -0.0058657762
        0.7493696849        0.4334303296       -0.0059570534
        1.4349337000        0.7567294117       -0.0030477715
        1.4349337000        0.7568051626       -0.0030467906
        0.7493696849        0.4334423865       -0.0059517422
        0.7493696849        0.4334459800       -0.0059519808
        1.4349337000        0.7568088537       -0.0030463591
        1.8858723505        0.8683819140       -0.0023610387
        1.4349337000        0.7567842013       -0.0030497580
        1.4349337000        0.7568601615       -0.0030520468
        1.8858723505        0.8683633861       -0.0023400919
        1.8858723505        0.8684027772       -0.0022987552
        1.8858723505        0.8683912880       -0.0023329252
        1.8858723505        0.8683490898       -0.0023010731
        1.4349337000        0.7568625188       -0.0030533797
        1.4349337000        0.7568278250       -0.0030489899
        1.8858723505        0.8683621826       -0.0023580219
        1.8858723505        0.8683416342       -0.0023358630
        1.4349337000        0.7568333334       -0.0030468756
        1.4349337000        0.7567594758       -0.0030462082
        1.8858723505        0.8683673218       -0.0023570665
        1.8858723505        0.8684159458       -0.0023538161
        1.8858723505        0.8684193320       -0.0023538140
