#epsqw diagonal term
#1:q+G [au], 2:Re(eps-1), 3:Im(eps-1)
        1.8858723505        0.8702577126       -0.0340226201
        1.8858723505        0.8705046905       -0.0341771139
        1.8858723505        0.8702098936       -0.0337161465
        1.4349337000        0.7728204681       -0.0425949610
        1.4349337000        0.7736492019       -0.0421618182
        1.8858723505        0.8702751761       -0.0337053861
        1.8858723505        0.8701660148       -0.0337134531
        1.4349337000        0.7736328130       -0.0421921823
        1.4349337000        0.7741275784       -0.0421153609
        1.8858723505        0.8700471101       -0.0333698922
        1.8858723505        0.8702084869       -0.0339489998
        1.8858723505        0.8702875835       -0.0338304281
        1.8858723505        0.8700708819       -0.0336252640
        1.4349337000        0.7736869906       -0.0420645662
        1.4349337000        0.7731162228       -0.0427005204
        1.8858723505        0.8702820878       -0.0337008676
        1.4349337000        0.7737446314       -0.0422982851
        0.7493696849        0.4553688499       -0.1152316358
        0.7493696849        0.4554976615       -0.1150164319
        1.4349337000        0.7737853255       -0.0422559430
        1.4349337000        0.7728245282       -0.0426738569
        0.7493696849        0.4554359294       -0.1148468648
        0.7493696849        0.4556878265       -0.1121413457
        1.4349337000        0.7741491584       -0.0422003448
        1.8858723505        0.8699784119       -0.0335575192
        1.4349337000        0.7736952996       -0.0420503848
        1.4349337000        0.7743764209       -0.0422227982
        1.8858723505        0.8700754994       -0.0334212638
        1.8858723505        0.8700728270       -0.0334211428
        1.4349337000        0.7743733668       -0.0422237438
        1.4349337000        0.7736931153       -0.0420504470
        1.8858723505        0.8699786587       -0.0335576247
        1.4349337000        0.7741464005       -0.0422013117
        0.7493696849        0.4556861271       -0.1121385974
        0.7493696849        0.4554353960       -0.1148467917
        1.4349337000        0.7728270970       -0.0426744727
        1.4349337000        0.7737829402       -0.0422561137
        0.7493696849        0.4554970707       -0.1150164460
        0.7493696849        0.4553711354       -0.1152325939
        1.4349337000        0.7737492766       -0.0422984348
        1.8858723505        0.8702822011       -0.0337010782
        1.4349337000        0.7731182808       -0.0427011817
        1.4349337000        0.7736915445       -0.0420646783
        1.8858723505        0.8700735234       -0.0336254968
        1.8858723505        0.8702874001       -0.0338304401
        1.8858723505        0.8702083971       -0.0339488401
        1.8858723505        0.8700469507       -0.0333699533
        1.4349337000        0.7741281819       -0.0421170011
        1.4349337000        0.7736366313       -0.0421930541
        1.8858723505        0.8701683982       -0.0337135068
        1.8858723505        0.8702751349       -0.0337052377
        1.4349337000        0.7736524375       -0.0421628299
        1.4349337000        0.7728239632       -0.0425953901
        1.8858723505        0.8702126094       -0.0337164281
        1.8858723505        0.8705068983       -0.0341770783
        1.8858723505        0.8702602923       -0.0340228441
