#epsqw diagonal term
#1:q+G [au], 2:Re(eps-1), 3:Im(eps-1)
        1.8858723505        0.8678013178       -0.0277953602
        1.8858723505        0.8677528032       -0.0276802264
        1.8858723505        0.8681069934       -0.0272599264
        1.4349337000        0.7488578261       -0.0459236138
        1.4349337000        0.7491768401       -0.0463399185
        1.8858723505        0.8680255319       -0.0270029673
        1.8858723505        0.8681013045       -0.0272330025
        1.4349337000        0.7491499173       -0.0464229333
        1.4349337000        0.7495224476       -0.0466426481
        1.8858723505        0.8682439898       -0.0270187262
        1.8858723505        0.8676652218       -0.0275203120
        1.8858723505        0.8678582884       -0.0274426112
        1.8858723505        0.8675300786       -0.0270909387
        1.4349337000        0.7492214655       -0.0467835524
        1.4349337000        0.7490218313       -0.0460085651
        1.8858723505        0.8676613336       -0.0272092648
        1.4349337000        0.7487794864       -0.0467533355
        0.7493696849        0.3856747186       -0.0774121683
        0.7493696849        0.3858172425       -0.0770445268
        1.4349337000        0.7488061439       -0.0466106264
        1.4349337000        0.7486337077       -0.0461046913
        0.7493696849        0.3861967518       -0.0773980014
        0.7493696849        0.3893147256       -0.0808506006
        1.4349337000        0.7492653610       -0.0468451519
        1.8858723505        0.8676963432       -0.0272849852
        1.4349337000        0.7492090519       -0.0467610423
        1.4349337000        0.7495226539       -0.0468319597
        1.8858723505        0.8676958076       -0.0269820083
        1.8858723505        0.8676932386       -0.0269831109
        1.4349337000        0.7495198214       -0.0468331026
        1.4349337000        0.7492069848       -0.0467619203
        1.8858723505        0.8676962500       -0.0272855923
        1.4349337000        0.7492627097       -0.0468452403
        0.7493696849        0.3893110239       -0.0808526241
        0.7493696849        0.3861964334       -0.0773973562
        1.4349337000        0.7486362082       -0.0461063622
        1.4349337000        0.7488038326       -0.0466100775
        0.7493696849        0.3858170366       -0.0770461847
        0.7493696849        0.3856773263       -0.0774113769
        1.4349337000        0.7487841236       -0.0467539147
        1.8858723505        0.8676613185       -0.0272100532
        1.4349337000        0.7490240810       -0.0460097540
        1.4349337000        0.7492262230       -0.0467845497
        1.8858723505        0.8675320881       -0.0270913712
        1.8858723505        0.8678582635       -0.0274427391
        1.8858723505        0.8676653547       -0.0275201057
        1.8858723505        0.8682438748       -0.0270190199
        1.4349337000        0.7495227344       -0.0466436021
        1.4349337000        0.7491530742       -0.0464240966
        1.8858723505        0.8681030237       -0.0272330270
        1.8858723505        0.8680261327       -0.0270029494
        1.4349337000        0.7491800611       -0.0463405837
        1.4349337000        0.7488610954       -0.0459238670
        1.8858723505        0.8681096690       -0.0272598057
        1.8858723505        0.8677545789       -0.0276805258
        1.8858723505        0.8678038386       -0.0277948653
