#epsqw diagonal term
#1:q+G [au], 2:Re(eps-1), 3:Im(eps-1)
        1.8858723505        0.9202829453       -0.1343180709
        1.8858723505        0.9199941753       -0.1340057694
        1.8858723505        0.9198172041       -0.1339192551
        1.4349337000        0.8232364174       -0.3313360028
        1.4349337000        0.8223895643       -0.3299486413
        1.8858723505        0.9208849556       -0.1330020262
        1.8858723505        0.9199488941       -0.1338404883
        1.4349337000        0.8233390823       -0.3299702911
        1.4349337000        0.8213118797       -0.3311186354
        1.8858723505        0.9226393097       -0.1331790053
        1.8858723505        0.9217812366       -0.1332990056
        1.8858723505        0.9232544241       -0.1331971531
        1.8858723505        0.9214414810       -0.1338649276
        1.4349337000        0.8232649823       -0.3327460637
        1.4349337000        0.8227325702       -0.3332122422
        1.8858723505        0.9197371356       -0.1345148707
        1.4349337000        0.8225164260       -0.3304796332
        0.7493696849        0.2441479603       -0.5644417165
        0.7493696849        0.2433028970       -0.5625513525
        1.4349337000        0.8219484158       -0.3305507776
        1.4349337000        0.8227552960       -0.3321022060
        0.7493696849        0.2436791067       -0.5643227306
        0.7493696849        0.2328605428       -0.5618342869
        1.4349337000        0.8205157546       -0.3318899853
        1.8858723505        0.9201219818       -0.1348246010
        1.4349337000        0.8236154721       -0.3328280830
        1.4349337000        0.8211170474       -0.3329866679
        1.8858723505        0.9230992082       -0.1334432690
        1.8858723505        0.9230942532       -0.1334404586
        1.4349337000        0.8211108533       -0.3329794736
        1.4349337000        0.8236097276       -0.3328216206
        1.8858723505        0.9201206200       -0.1348244633
        1.4349337000        0.8205090177       -0.3318804273
        0.7493696849        0.2328655557       -0.5618310038
        0.7493696849        0.2436726210       -0.5643278075
        1.4349337000        0.8227600379       -0.3321101134
        1.4349337000        0.8219430032       -0.3305416468
        0.7493696849        0.2432973091       -0.5625550396
        0.7493696849        0.2441401388       -0.5644522413
        1.4349337000        0.8225272946       -0.3304870767
        1.8858723505        0.9197360652       -0.1345147463
        1.4349337000        0.8227367760       -0.3332168892
        1.4349337000        0.8232750433       -0.3327524137
        1.8858723505        0.9214484745       -0.1338665665
        1.8858723505        0.9232546517       -0.1331968479
        1.8858723505        0.9217808313       -0.1332989283
        1.8858723505        0.9226394903       -0.1331788432
        1.4349337000        0.8213133952       -0.3311259774
        1.4349337000        0.8233470945       -0.3299784497
        1.8858723505        0.9199543195       -0.1338428707
        1.8858723505        0.9208850439       -0.1330018342
        1.4349337000        0.8223977639       -0.3299559363
        1.4349337000        0.8232430651       -0.3313429832
        1.8858723505        0.9198233200       -0.1339210458
        1.8858723505        0.9199995258       -0.1340084472
        1.8858723505        0.9202884892       -0.1343201835
