#epsqw diagonal term
#1:q+G [au], 2:Re(eps-1), 3:Im(eps-1)
        1.8858723505        1.0096330041       -0.0000337648
        1.8858723505        1.0096326982       -0.0000337640
        1.8858723505        1.0096355881       -0.0000337742
        1.4349337000        1.0167025520       -0.0000640600
        1.4349337000        1.0167028595       -0.0000640550
        1.8858723505        1.0096368618       -0.0000337798
        1.8858723505        1.0096353812       -0.0000337737
        1.4349337000        1.0167029023       -0.0000640545
        1.4349337000        1.0167036602       -0.0000640588
        1.8858723505        1.0096379792       -0.0000337816
        1.8858723505        1.0096342341       -0.0000337703
        1.8858723505        1.0096351874       -0.0000337716
        1.8858723505        1.0096344281       -0.0000337718
        1.4349337000        1.0166978104       -0.0000640380
        1.4349337000        1.0166971735       -0.0000640420
        1.8858723505        1.0096329715       -0.0000337657
        1.4349337000        1.0167046721       -0.0000640588
        0.7493696849        1.0319134838       -0.0001634120
        0.7493696849        1.0319147052       -0.0001634145
        1.4349337000        1.0167045509       -0.0000640589
        1.4349337000        1.0167037923       -0.0000640633
        0.7493696849        1.0319122843       -0.0001634108
        0.7493696849        1.0319175974       -0.0001634172
        1.4349337000        1.0167053384       -0.0000640626
        1.8858723505        1.0096330211       -0.0000337659
        1.4349337000        1.0166975140       -0.0000640371
        1.4349337000        1.0166991814       -0.0000640422
        1.8858723505        1.0096352954       -0.0000337730
        1.8858723505        1.0096357719       -0.0000337744
        1.4349337000        1.0167003351       -0.0000640457
        1.4349337000        1.0166976226       -0.0000640378
        1.8858723505        1.0096331311       -0.0000337662
        1.4349337000        1.0167064236       -0.0000640660
        0.7493696849        1.0319167866       -0.0001634183
        0.7493696849        1.0319135651       -0.0001634125
        1.4349337000        1.0167041453       -0.0000640635
        1.4349337000        1.0167046187       -0.0000640595
        0.7493696849        1.0319154731       -0.0001634162
        0.7493696849        1.0319114914       -0.0001634072
        1.4349337000        1.0167043157       -0.0000640573
        1.8858723505        1.0096330518       -0.0000337660
        1.4349337000        1.0166974122       -0.0000640422
        1.4349337000        1.0166974431       -0.0000640367
        1.8858723505        1.0096343575       -0.0000337716
        1.8858723505        1.0096354216       -0.0000337723
        1.8858723505        1.0096340773       -0.0000337697
        1.8858723505        1.0096381894       -0.0000337822
        1.4349337000        1.0167041923       -0.0000640602
        1.4349337000        1.0167023152       -0.0000640528
        1.8858723505        1.0096353182       -0.0000337734
        1.8858723505        1.0096367011       -0.0000337793
        1.4349337000        1.0167023216       -0.0000640534
        1.4349337000        1.0167014594       -0.0000640572
        1.8858723505        1.0096351899       -0.0000337730
        1.8858723505        1.0096326714       -0.0000337638
        1.8858723505        1.0096326181       -0.0000337636
