#epsqw diagonal term
#1:q+G [au], 2:Re(eps-1), 3:Im(eps-1)
        1.8858723505        0.8737118307       -0.0006922422
        1.8858723505        0.8737095288       -0.0006923412
        1.8858723505        0.8736655938       -0.0006929690
        1.4349337000        0.7642944918       -0.0010474424
        1.4349337000        0.7643230164       -0.0010468010
        1.8858723505        0.8736549935       -0.0006926163
        1.8858723505        0.8736635447       -0.0006930758
        1.4349337000        0.7643207378       -0.0010468586
        1.4349337000        0.7643087976       -0.0010464283
        1.8858723505        0.8736559580       -0.0006926966
        1.8858723505        0.8736984248       -0.0006919580
        1.8858723505        0.8737011323       -0.0006920130
        1.8858723505        0.8736747047       -0.0006926435
        1.4349337000        0.7643566909       -0.0010468445
        1.4349337000        0.7643267825       -0.0010475843
        1.8858723505        0.8736861580       -0.0006931103
        1.4349337000        0.7643054338       -0.0010468339
        0.7493696849        0.4495659087       -0.0019547356
        0.7493696849        0.4495632874       -0.0019547813
        1.4349337000        0.7643084894       -0.0010468661
        1.4349337000        0.7642748799       -0.0010476202
        0.7493696849        0.4495578548       -0.0019550017
        0.7493696849        0.4494944733       -0.0019547955
        1.4349337000        0.7642920070       -0.0010465158
        1.8858723505        0.8736862539       -0.0006931197
        1.4349337000        0.7643580960       -0.0010469358
        1.4349337000        0.7643403609       -0.0010465475
        1.8858723505        0.8736769519       -0.0006928146
        1.8858723505        0.8736745559       -0.0006928168
        1.4349337000        0.7643378305       -0.0010465460
        1.4349337000        0.7643557936       -0.0010469344
        1.8858723505        0.8736864248       -0.0006931199
        1.4349337000        0.7642896199       -0.0010465144
        0.7493696849        0.4494938184       -0.0019547942
        0.7493696849        0.4495584595       -0.0019550068
        1.4349337000        0.7642773011       -0.0010476234
        1.4349337000        0.7643062512       -0.0010468652
        0.7493696849        0.4495637816       -0.0019547858
        0.7493696849        0.4495674862       -0.0019547425
        1.4349337000        0.7643097468       -0.0010468347
        1.8858723505        0.8736862472       -0.0006931108
        1.4349337000        0.7643290092       -0.0010475876
        1.4349337000        0.7643608862       -0.0010468455
        1.8858723505        0.8736771164       -0.0006926416
        1.8858723505        0.8737010796       -0.0006920120
        1.8858723505        0.8736984049       -0.0006919576
        1.8858723505        0.8736559385       -0.0006926956
        1.4349337000        0.7643099868       -0.0010464279
        1.4349337000        0.7643243323       -0.0010468577
        1.8858723505        0.8736657448       -0.0006930735
        1.8858723505        0.8736549471       -0.0006926157
        1.4349337000        0.7643263690       -0.0010468000
        1.4349337000        0.7642977030       -0.0010474397
        1.8858723505        0.8736681500       -0.0006929659
        1.8858723505        0.8737115468       -0.0006923388
        1.8858723505        0.8737142883       -0.0006922391
