#epsqw diagonal term
#1:q+G [au], 2:Re(eps-1), 3:Im(eps-1)
        1.8858723505        0.8477752919       -0.0742302764
        1.8858723505        0.8480278465       -0.0740636076
        1.8858723505        0.8484337470       -0.0737440694
        1.4349337000        0.6889976155       -0.1568350093
        1.4349337000        0.6885436347       -0.1582813555
        1.8858723505        0.8494970455       -0.0738737317
        1.8858723505        0.8481926372       -0.0735833386
        1.4349337000        0.6873402695       -0.1580992157
        1.4349337000        0.6890748726       -0.1573322945
        1.8858723505        0.8483186803       -0.0725438606
        1.8858723505        0.8486782703       -0.0743861223
        1.8858723505        0.8475752261       -0.0729265763
        1.8858723505        0.8497407174       -0.0735868492
        1.4349337000        0.6884233082       -0.1585868517
        1.4349337000        0.6884779668       -0.1567861834
        1.8858723505        0.8483910663       -0.0734240463
        1.4349337000        0.6881606457       -0.1590004620
        0.7493696849        0.4457907255       -0.3000119682
        0.7493696849        0.4450306905       -0.2991765847
        1.4349337000        0.6888769913       -0.1598285200
        1.4349337000        0.6890589787       -0.1575471655
        0.7493696849        0.4468021704       -0.2988457375
        0.7493696849        0.4520603098       -0.2948294013
        1.4349337000        0.6896827773       -0.1576809549
        1.8858723505        0.8483067843       -0.0733100922
        1.4349337000        0.6877820976       -0.1588120621
        1.4349337000        0.6877699819       -0.1565851343
        1.8858723505        0.8485613880       -0.0722383004
        1.8858723505        0.8485577143       -0.0722372242
        1.4349337000        0.6877655555       -0.1565820272
        1.4349337000        0.6877766646       -0.1588068495
        1.8858723505        0.8483053413       -0.0733095515
        1.4349337000        0.6896813358       -0.1576789924
        0.7493696849        0.4520575761       -0.2948294532
        0.7493696849        0.4468012091       -0.2988460723
        1.4349337000        0.6890606583       -0.1575472079
        1.4349337000        0.6888729583       -0.1598252228
        0.7493696849        0.4450271644       -0.2991792683
        0.7493696849        0.4457866507       -0.3000186480
        1.4349337000        0.6881615070       -0.1590027800
        1.8858723505        0.8483903951       -0.0734233179
        1.4349337000        0.6884811561       -0.1567894739
        1.4349337000        0.6884275487       -0.1585890810
        1.8858723505        0.8497437458       -0.0735867032
        1.8858723505        0.8475751229       -0.0729266130
        1.8858723505        0.8486773644       -0.0743863119
        1.8858723505        0.8483194046       -0.0725436836
        1.4349337000        0.6890783784       -0.1573342746
        1.4349337000        0.6873453176       -0.1580990551
        1.8858723505        0.8481945216       -0.0735835790
        1.8858723505        0.8494966453       -0.0738744356
        1.4349337000        0.6885475830       -0.1582829460
        1.4349337000        0.6889988216       -0.1568347208
        1.8858723505        0.8484367313       -0.0737445947
        1.8858723505        0.8480303485       -0.0740639891
        1.8858723505        0.8477787808       -0.0742306888
