#epsqw diagonal term
#1:q+G [au], 2:Re(eps-1), 3:Im(eps-1)
        1.8858723505        0.8698816535       -0.0013217573
        1.8858723505        0.8698782416       -0.0013225159
        1.8858723505        0.8698267382       -0.0013278443
        1.4349337000        0.7590140401       -0.0017484667
        1.4349337000        0.7590558358       -0.0017535473
        1.8858723505        0.8698258194       -0.0013121912
        1.8858723505        0.8698230135       -0.0013282321
        1.4349337000        0.7590521981       -0.0017536613
        1.4349337000        0.7590530206       -0.0017563213
        1.8858723505        0.8698345739       -0.0013013636
        1.8858723505        0.8698772383       -0.0013072369
        1.8858723505        0.8698880077       -0.0012970520
        1.8858723505        0.8698435470       -0.0013153465
        1.4349337000        0.7590871905       -0.0017527951
        1.4349337000        0.7590438969       -0.0017473150
        1.8858723505        0.8698437960       -0.0013307989
        1.4349337000        0.7590390843       -0.0017476383
        0.7493696849        0.4381159216       -0.0033417192
        0.7493696849        0.4381131380       -0.0033414098
        1.4349337000        0.7590414299       -0.0017482169
        1.4349337000        0.7589931740       -0.0017434671
        0.7493696849        0.4381030044       -0.0033431575
        0.7493696849        0.4380689599       -0.0032752872
        1.4349337000        0.7590369443       -0.0017506926
        1.8858723505        0.8698433313       -0.0013304290
        1.4349337000        0.7590864810       -0.0017535082
        1.4349337000        0.7590823630       -0.0017548628
        1.8858723505        0.8698528449       -0.0013051725
        1.8858723505        0.8698505147       -0.0013051460
        1.4349337000        0.7590799294       -0.0017548646
        1.4349337000        0.7590842621       -0.0017534465
        1.8858723505        0.8698435037       -0.0013304383
        1.4349337000        0.7590346583       -0.0017507045
        0.7493696849        0.4380682154       -0.0032753636
        0.7493696849        0.4381035354       -0.0033431976
        1.4349337000        0.7589954283       -0.0017435550
        1.4349337000        0.7590392690       -0.0017481588
        0.7493696849        0.4381135597       -0.0033414481
        0.7493696849        0.4381174847       -0.0033417038
        1.4349337000        0.7590432859       -0.0017477024
        1.8858723505        0.8698438857       -0.0013308121
        1.4349337000        0.7590459741       -0.0017474208
        1.4349337000        0.7590912674       -0.0017528599
        1.8858723505        0.8698459197       -0.0013154084
        1.8858723505        0.8698880345       -0.0012970490
        1.8858723505        0.8698772312       -0.0013071708
        1.8858723505        0.8698346206       -0.0013013444
        1.4349337000        0.7590542548       -0.0017563263
        1.4349337000        0.7590557998       -0.0017536171
        1.8858723505        0.8698252020       -0.0013282351
        1.8858723505        0.8698257944       -0.0013121271
        1.4349337000        0.7590592048       -0.0017535024
        1.4349337000        0.7590173226       -0.0017483618
        1.8858723505        0.8698292729       -0.0013278390
        1.8858723505        0.8698802506       -0.0013225088
        1.8858723505        0.8698840898       -0.0013217650
