#epsqw diagonal term
#1:q+G [au], 2:Re(eps-1), 3:Im(eps-1)
        1.8858723505        0.8608631993       -0.0108595205
        1.8858723505        0.8608603692       -0.0108832818
        1.8858723505        0.8607226718       -0.0108915681
        1.4349337000        0.7459910223       -0.0123580521
        1.4349337000        0.7457368300       -0.0124431738
        1.8858723505        0.8606126166       -0.0107421959
        1.8858723505        0.8607375243       -0.0109138276
        1.4349337000        0.7457323731       -0.0124466979
        1.4349337000        0.7452176704       -0.0123852572
        1.8858723505        0.8604542993       -0.0108767883
        1.8858723505        0.8607454446       -0.0107148910
        1.8858723505        0.8605711443       -0.0108439320
        1.8858723505        0.8606276911       -0.0106906157
        1.4349337000        0.7457786787       -0.0124865204
        1.4349337000        0.7460068130       -0.0124252487
        1.8858723505        0.8607119164       -0.0108768822
        1.4349337000        0.7457390057       -0.0124893922
        0.7493696849        0.4104998797       -0.0202010550
        0.7493696849        0.4105170927       -0.0202086688
        1.4349337000        0.7457566726       -0.0124980569
        1.4349337000        0.7459632032       -0.0124209156
        0.7493696849        0.4104939223       -0.0202053135
        0.7493696849        0.4104629485       -0.0194093013
        1.4349337000        0.7452005921       -0.0124337243
        1.8858723505        0.8607255555       -0.0108779403
        1.4349337000        0.7457931164       -0.0125003334
        1.4349337000        0.7452449645       -0.0124411308
        1.8858723505        0.8604157600       -0.0108566512
        1.8858723505        0.8604134307       -0.0108566222
        1.4349337000        0.7452425569       -0.0124411412
        1.4349337000        0.7457909121       -0.0125002662
        1.8858723505        0.8607257119       -0.0108779341
        1.4349337000        0.7451983266       -0.0124337331
        0.7493696849        0.4104624122       -0.0194092032
        0.7493696849        0.4104944011       -0.0202053515
        1.4349337000        0.7459654964       -0.0124209374
        1.4349337000        0.7457545148       -0.0124979689
        0.7493696849        0.4105174804       -0.0202086966
        0.7493696849        0.4105012722       -0.0202011546
        1.4349337000        0.7457431592       -0.0124895399
        1.8858723505        0.8607119950       -0.0108768700
        1.4349337000        0.7460089185       -0.0124252449
        1.4349337000        0.7457827189       -0.0124866524
        1.8858723505        0.8606300266       -0.0106906477
        1.8858723505        0.8605711143       -0.0108439448
        1.8858723505        0.8607454329       -0.0107149176
        1.8858723505        0.8604542954       -0.0108768119
        1.4349337000        0.7452188074       -0.0123853583
        1.4349337000        0.7457358259       -0.0124468106
        1.8858723505        0.8607396558       -0.0109138759
        1.8858723505        0.8606125850       -0.0107422321
        1.4349337000        0.7457400377       -0.0124432779
        1.4349337000        0.7459941264       -0.0123582040
        1.8858723505        0.8607251787       -0.0108916552
        1.8858723505        0.8608623289       -0.0108833175
        1.8858723505        0.8608656122       -0.0108595967
