#epsqw diagonal term
#1:q+G [au], 2:Re(eps-1), 3:Im(eps-1)
        1.8858723505        0.8610107966       -0.0334569529
        1.8858723505        0.8610281499       -0.0334420020
        1.8858723505        0.8610540624       -0.0334431437
        1.4349337000        0.7373799375       -0.0674613426
        1.4349337000        0.7366711537       -0.0671107127
        1.8858723505        0.8603960816       -0.0334018732
        1.8858723505        0.8609965002       -0.0333556975
        1.4349337000        0.7366402990       -0.0669606238
        1.4349337000        0.7360279104       -0.0666453201
        1.8858723505        0.8607668543       -0.0330723692
        1.8858723505        0.8603636506       -0.0336066399
        1.8858723505        0.8608062101       -0.0332342148
        1.8858723505        0.8603412478       -0.0336043659
        1.4349337000        0.7367845863       -0.0672797386
        1.4349337000        0.7375707214       -0.0676227329
        1.8858723505        0.8609721192       -0.0333820320
        1.4349337000        0.7365411473       -0.0670303973
        0.7493696849        0.5235437832       -0.1657121931
        0.7493696849        0.5231744560       -0.1645057135
        1.4349337000        0.7365460994       -0.0671048426
        1.4349337000        0.7374427512       -0.0674864948
        0.7493696849        0.5235464937       -0.1652820052
        0.7493696849        0.5207195505       -0.1659582556
        1.4349337000        0.7360915954       -0.0666969205
        1.8858723505        0.8609260751       -0.0333894820
        1.4349337000        0.7367548036       -0.0672279326
        1.4349337000        0.7361491617       -0.0665883191
        1.8858723505        0.8607987586       -0.0332129245
        1.8858723505        0.8607957136       -0.0332124477
        1.4349337000        0.7361453203       -0.0665891734
        1.4349337000        0.7367513042       -0.0672276539
        1.8858723505        0.8609265093       -0.0333893098
        1.4349337000        0.7360876855       -0.0666974953
        0.7493696849        0.5207169050       -0.1659606616
        0.7493696849        0.5235473003       -0.1652821104
        1.4349337000        0.7374471431       -0.0674858793
        1.4349337000        0.7365422524       -0.0671044385
        0.7493696849        0.5231758019       -0.1645064858
        0.7493696849        0.5235450079       -0.1657139418
        1.4349337000        0.7365467889       -0.0670312472
        1.8858723505        0.8609722168       -0.0333818312
        1.4349337000        0.7375748020       -0.0676220221
        1.4349337000        0.7367904427       -0.0672804291
        1.8858723505        0.8603440754       -0.0336049107
        1.8858723505        0.8608063811       -0.0332337500
        1.8858723505        0.8603632090       -0.0336068817
        1.8858723505        0.8607671688       -0.0330720891
        1.4349337000        0.7360294527       -0.0666467393
        1.4349337000        0.7366448805       -0.0669617324
        1.8858723505        0.8609994541       -0.0333555886
        1.8858723505        0.8603954940       -0.0334018962
        1.4349337000        0.7366749017       -0.0671117416
        1.4349337000        0.7373833338       -0.0674638622
        1.8858723505        0.8610565454       -0.0334441141
        1.8858723505        0.8610305757       -0.0334416874
        1.8858723505        0.8610129965       -0.0334582806
