#epsqw diagonal term
#1:q+G [au], 2:Re(eps-1), 3:Im(eps-1)
        1.8858723505        0.8672513488       -0.0036858669
        1.8858723505        0.8672457017       -0.0036849715
        1.8858723505        0.8671911994       -0.0036834747
        1.4349337000        0.7552035817       -0.0049419989
        1.4349337000        0.7553051689       -0.0048830756
        1.8858723505        0.8671577297       -0.0036917697
        1.8858723505        0.8671857233       -0.0036848543
        1.4349337000        0.7553050070       -0.0048879631
        1.4349337000        0.7553781402       -0.0048159436
        1.8858723505        0.8671226270       -0.0036364179
        1.8858723505        0.8672139516       -0.0036937930
        1.8858723505        0.8671834496       -0.0036357241
        1.8858723505        0.8671823009       -0.0036993437
        1.4349337000        0.7553410153       -0.0048885890
        1.4349337000        0.7552335505       -0.0049406251
        1.8858723505        0.8672122764       -0.0036911667
        1.4349337000        0.7552814488       -0.0048846223
        0.7493696849        0.4304024231       -0.0094437360
        0.7493696849        0.4303993127       -0.0094390501
        1.4349337000        0.7552832222       -0.0048830184
        1.4349337000        0.7551755296       -0.0049436331
        0.7493696849        0.4303934504       -0.0094511083
        0.7493696849        0.4301435564       -0.0094786091
        1.4349337000        0.7553533810       -0.0048141204
        1.8858723505        0.8672117906       -0.0036932472
        1.4349337000        0.7553428765       -0.0048915273
        1.4349337000        0.7554092674       -0.0048150394
        1.8858723505        0.8671462484       -0.0036408915
        1.8858723505        0.8671437417       -0.0036408630
        1.4349337000        0.7554066582       -0.0048150357
        1.4349337000        0.7553405376       -0.0048916079
        1.8858723505        0.8672119399       -0.0036932603
        1.4349337000        0.7553508794       -0.0048140979
        0.7493696849        0.4301434338       -0.0094787376
        0.7493696849        0.4303941318       -0.0094511163
        1.4349337000        0.7551780019       -0.0049433238
        1.4349337000        0.7552810495       -0.0048833048
        0.7493696849        0.4303998872       -0.0094391025
        0.7493696849        0.4304037845       -0.0094437990
        1.4349337000        0.7552857423       -0.0048844818
        1.8858723505        0.8672123395       -0.0036911510
        1.4349337000        0.7552358969       -0.0049405038
        1.4349337000        0.7553452811       -0.0048885304
        1.8858723505        0.8671847426       -0.0036993297
        1.8858723505        0.8671832352       -0.0036357171
        1.8858723505        0.8672140310       -0.0036939383
        1.8858723505        0.8671224459       -0.0036363580
        1.4349337000        0.7553791990       -0.0048159811
        1.4349337000        0.7553084932       -0.0048880846
        1.8858723505        0.8671878579       -0.0036848274
        1.8858723505        0.8671576622       -0.0036918317
        1.4349337000        0.7553083843       -0.0048833010
        1.4349337000        0.7552065531       -0.0049422347
        1.8858723505        0.8671937220       -0.0036834721
        1.8858723505        0.8672476819       -0.0036849786
        1.8858723505        0.8672538086       -0.0036859075
