#epsqw diagonal term
#1:q+G [au], 2:Re(eps-1), 3:Im(eps-1)
        1.8858723505        0.8851135667       -0.0271976597
        1.8858723505        0.8852027308       -0.0271933838
        1.8858723505        0.8852740135       -0.0272464106
        1.4349337000        0.7548523945       -0.0423724973
        1.4349337000        0.7545775335       -0.0425266587
        1.8858723505        0.8848100217       -0.0269341585
        1.8858723505        0.8853184518       -0.0271594861
        1.4349337000        0.7545322746       -0.0426271602
        1.4349337000        0.7549698842       -0.0420664791
        1.8858723505        0.8849676931       -0.0267524375
        1.8858723505        0.8847007958       -0.0270498875
        1.8858723505        0.8849596934       -0.0268570526
        1.8858723505        0.8850303921       -0.0272641631
        1.4349337000        0.7547426883       -0.0426732110
        1.4349337000        0.7547432852       -0.0426072397
        1.8858723505        0.8854335259       -0.0271524394
        1.4349337000        0.7543314050       -0.0423179394
        0.7493696849        0.3560748571       -0.2040020537
        0.7493696849        0.3561130695       -0.2056953155
        1.4349337000        0.7543659655       -0.0424052363
        1.4349337000        0.7544565964       -0.0422822906
        0.7493696849        0.3560539481       -0.2057422019
        0.7493696849        0.3562186698       -0.2054105650
        1.4349337000        0.7546640419       -0.0418981148
        1.8858723505        0.8854156046       -0.0271395556
        1.4349337000        0.7546523539       -0.0427689625
        1.4349337000        0.7548790652       -0.0423041033
        1.8858723505        0.8851777729       -0.0270669358
        1.8858723505        0.8851751332       -0.0270669127
        1.4349337000        0.7548764038       -0.0423039401
        1.4349337000        0.7546501188       -0.0427688222
        1.8858723505        0.8854157843       -0.0271395614
        1.4349337000        0.7546616508       -0.0418977193
        0.7493696849        0.3562189648       -0.2054108820
        0.7493696849        0.3560542807       -0.2057421448
        1.4349337000        0.7544590981       -0.0422826372
        1.4349337000        0.7543637784       -0.0424048184
        0.7493696849        0.3561132392       -0.2056973150
        0.7493696849        0.3560756278       -0.2040031770
        1.4349337000        0.7543362953       -0.0423184030
        1.8858723505        0.8854336368       -0.0271523994
        1.4349337000        0.7547453792       -0.0426077067
        1.4349337000        0.7547475067       -0.0426737755
        1.8858723505        0.8850330493       -0.0272642021
        1.8858723505        0.8849595377       -0.0268572294
        1.8858723505        0.8847008163       -0.0270497635
        1.8858723505        0.8849677283       -0.0267525143
        1.4349337000        0.7549708092       -0.0420668701
        1.4349337000        0.7545364233       -0.0426276354
        1.8858723505        0.8853210217       -0.0271595575
        1.8858723505        0.8848099752       -0.0269341757
        1.4349337000        0.7545811283       -0.0425272868
        1.4349337000        0.7548559812       -0.0423729196
        1.8858723505        0.8852768737       -0.0272464560
        1.8858723505        0.8852047988       -0.0271935165
        1.8858723505        0.8851163639       -0.0271975823
