#epsqw diagonal term
#1:q+G [au], 2:Re(eps-1), 3:Im(eps-1)
        1.8858723505        1.0290293400       -0.1318797035
        1.8858723505        1.0280311311       -0.1318988805
        1.8858723505        1.0288107371       -0.1322047493
        1.4349337000        1.0921538409       -0.3167954374
        1.4349337000        1.0888726614       -0.3162482401
        1.8858723505        1.0306572638       -0.1333002594
        1.8858723505        1.0289041284       -0.1321625872
        1.4349337000        1.0908938804       -0.3145955023
        1.4349337000        1.0916166970       -0.3119587820
        1.8858723505        1.0310594568       -0.1320603289
        1.8858723505        1.0306623827       -0.1317351014
        1.8858723505        1.0301157316       -0.1306221752
        1.8858723505        1.0308953515       -0.1320604255
        1.4349337000        1.0924914266       -0.3152273946
        1.4349337000        1.0887677824       -0.3185377668
        1.8858723505        1.0282371856       -0.1322279057
        1.4349337000        1.0912646817       -0.3172484278
        0.7493696849        1.5054898471       -0.4444510618
        0.7493696849        1.5016407710       -0.4441248159
        1.4349337000        1.0890891299       -0.3188206288
        1.4349337000        1.0923735327       -0.3194639100
        0.7493696849        1.5047375881       -0.4441027120
        0.7493696849        1.5024110329       -0.4428108992
        1.4349337000        1.0922030708       -0.3143241086
        1.8858723505        1.0292163685       -0.1322288003
        1.4349337000        1.0922896853       -0.3150658134
        1.4349337000        1.0910533592       -0.3124466272
        1.8858723505        1.0305056533       -0.1309713126
        1.8858723505        1.0305123335       -0.1309727873
        1.4349337000        1.0910591937       -0.3124483130
        1.4349337000        1.0922985099       -0.3150676671
        1.8858723505        1.0292176503       -0.1322296385
        1.4349337000        1.0922110294       -0.3143285866
        0.7493696849        1.5024269528       -0.4428198876
        0.7493696849        1.5047236416       -0.4440927654
        1.4349337000        1.0923677495       -0.3194599159
        1.4349337000        1.0890983883       -0.3188256187
        0.7493696849        1.5016292726       -0.4441198740
        0.7493696849        1.5054540913       -0.4444355832
        1.4349337000        1.0912457221       -0.3172374306
        1.8858723505        1.0282390748       -0.1322300831
        1.4349337000        1.0887622708       -0.3185379840
        1.4349337000        1.0924733743       -0.3152166839
        1.8858723505        1.0308839331       -0.1320580926
        1.8858723505        1.0301146217       -0.1306213404
        1.8858723505        1.0306624811       -0.1317362312
        1.8858723505        1.0310595386       -0.1320601474
        1.4349337000        1.0916220400       -0.3119606264
        1.4349337000        1.0908757121       -0.3145893937
        1.8858723505        1.0288966390       -0.1321593279
        1.8858723505        1.0306574974       -0.1333011620
        1.4349337000        1.0888575622       -0.3162417567
        1.4349337000        1.0921459239       -0.3167889945
        1.8858723505        1.0288006616       -0.1322024336
        1.8858723505        1.0280230406       -0.1318980360
        1.8858723505        1.0290187964       -0.1318768877
