#epsqw diagonal term
#1:q+G [au], 2:Re(eps-1), 3:Im(eps-1)
        1.8858723505        0.8813137995       -0.1464255527
        1.8858723505        0.8810735007       -0.1465261568
        1.8858723505        0.8812557665       -0.1462585918
        1.4349337000        0.7514744885       -0.3075645727
        1.4349337000        0.7510109443       -0.3070788009
        1.8858723505        0.8826699709       -0.1464889219
        1.8858723505        0.8810961811       -0.1462201412
        1.4349337000        0.7514014080       -0.3068377893
        1.4349337000        0.7564024652       -0.3111787431
        1.8858723505        0.8841117876       -0.1436916345
        1.8858723505        0.8831562688       -0.1464099156
        1.8858723505        0.8842326899       -0.1437151039
        1.8858723505        0.8832847777       -0.1464325684
        1.4349337000        0.7506796370       -0.3073464849
        1.4349337000        0.7488291322       -0.3085040762
        1.8858723505        0.8811123532       -0.1469485216
        1.4349337000        0.7509447002       -0.3092573572
        0.7493696849        0.3329043220       -0.4763963505
        0.7493696849        0.3340823123       -0.4761366470
        1.4349337000        0.7502331284       -0.3093739341
        1.4349337000        0.7510658009       -0.3102608113
        0.7493696849        0.3328086773       -0.4763617508
        0.7493696849        0.3312471008       -0.4698839918
        1.4349337000        0.7563836399       -0.3131837874
        1.8858723505        0.8812361719       -0.1466728193
        1.4349337000        0.7503439290       -0.3071416199
        1.4349337000        0.7545877543       -0.3119528849
        1.8858723505        0.8842460715       -0.1442512634
        1.8858723505        0.8842427322       -0.1442493247
        1.4349337000        0.7545852061       -0.3119490811
        1.4349337000        0.7503399855       -0.3071368626
        1.8858723505        0.8812361351       -0.1466726284
        1.4349337000        0.7563816056       -0.3131803644
        0.7493696849        0.3312488692       -0.4698822653
        0.7493696849        0.3328063161       -0.4763647732
        1.4349337000        0.7510668029       -0.3102647198
        1.4349337000        0.7502296702       -0.3093700707
        0.7493696849        0.3340805775       -0.4761395208
        0.7493696849        0.3328997886       -0.4764033008
        1.4349337000        0.7509500957       -0.3092602750
        1.8858723505        0.8811118140       -0.1469480400
        1.4349337000        0.7488309863       -0.3085078240
        1.4349337000        0.7506849512       -0.3073503125
        1.8858723505        0.8832891577       -0.1464333247
        1.8858723505        0.8842330434       -0.1437155163
        1.8858723505        0.8831562976       -0.1464097767
        1.8858723505        0.8841119828       -0.1436918660
        1.4349337000        0.7564027235       -0.3111813524
        1.4349337000        0.7514060338       -0.3068425295
        1.8858723505        0.8810992463       -0.1462216398
        1.8858723505        0.8826697933       -0.1464887228
        1.4349337000        0.7510152706       -0.3070827749
        1.4349337000        0.7514760176       -0.3075662861
        1.8858723505        0.8812600611       -0.1462595351
        1.8858723505        0.8810759943       -0.1465276964
        1.8858723505        0.8813180390       -0.1464265348
