#epsqw diagonal term
#1:q+G [au], 2:Re(eps-1), 3:Im(eps-1)
        1.8858723505        1.0356464605       -0.0057254895
        1.8858723505        1.0355746171       -0.0056864582
        1.8858723505        1.0356799689       -0.0056228924
        1.4349337000        1.0600117960       -0.0043169886
        1.4349337000        1.0599424347       -0.0042408389
        1.8858723505        1.0355013996       -0.0054493856
        1.8858723505        1.0356827603       -0.0056267782
        1.4349337000        1.0599479861       -0.0042446759
        1.4349337000        1.0597853575       -0.0040531617
        1.8858723505        1.0352342087       -0.0051595036
        1.8858723505        1.0355017991       -0.0055578721
        1.8858723505        1.0351601209       -0.0052303333
        1.8858723505        1.0354508833       -0.0055047615
        1.4349337000        1.0599381534       -0.0042456589
        1.4349337000        1.0599787332       -0.0043053809
        1.8858723505        1.0355373454       -0.0056306023
        1.4349337000        1.0599514518       -0.0042350040
        0.7493696849        1.1026314431       -0.0029184941
        0.7493696849        1.1026198584       -0.0029210127
        1.4349337000        1.0599454374       -0.0042298790
        1.4349337000        1.0600246612       -0.0043135685
        0.7493696849        1.1026303061       -0.0029163301
        0.7493696849        1.1025867342       -0.0028433263
        1.4349337000        1.0597973381       -0.0040485574
        1.8858723505        1.0356118859       -0.0056735181
        1.4349337000        1.0599370765       -0.0042443710
        1.4349337000        1.0597583810       -0.0040468427
        1.8858723505        1.0351110159       -0.0051761801
        1.8858723505        1.0351119979       -0.0051761899
        1.4349337000        1.0597595301       -0.0040468336
        1.4349337000        1.0599380240       -0.0042443671
        1.8858723505        1.0356117120       -0.0056735228
        1.4349337000        1.0597983791       -0.0040485454
        0.7493696849        1.1025876593       -0.0028433220
        0.7493696849        1.1026299801       -0.0029163413
        1.4349337000        1.0600235127       -0.0043135776
        1.4349337000        1.0599462019       -0.0042298695
        0.7493696849        1.1026196185       -0.0029210204
        0.7493696849        1.1026289972       -0.0029185046
        1.4349337000        1.0599498412       -0.0042350158
        1.8858723505        1.0355371178       -0.0056305929
        1.4349337000        1.0599776771       -0.0043053870
        1.4349337000        1.0599366747       -0.0042456674
        1.8858723505        1.0354503680       -0.0055047653
        1.8858723505        1.0351600591       -0.0052303335
        1.8858723505        1.0355020314       -0.0055578840
        1.8858723505        1.0352340727       -0.0051594982
        1.4349337000        1.0597844960       -0.0040531642
        1.4349337000        1.0599467002       -0.0042446830
        1.8858723505        1.0356820682       -0.0056267803
        1.8858723505        1.0355015652       -0.0054493946
        1.4349337000        1.0599412781       -0.0042408450
        1.4349337000        1.0600103329       -0.0043170008
        1.8858723505        1.0356791757       -0.0056229063
        1.8858723505        1.0355740588       -0.0056864547
        1.8858723505        1.0356457470       -0.0057254937
