#epsqw diagonal term
#1:q+G [au], 2:Re(eps-1), 3:Im(eps-1)
        1.8858723505        0.8743822852       -0.0262382096
        1.8858723505        0.8743126422       -0.0262102157
        1.8858723505        0.8745878795       -0.0258744751
        1.4349337000        0.7744721158       -0.0488007443
        1.4349337000        0.7740750805       -0.0485594284
        1.8858723505        0.8743865159       -0.0257008963
        1.8858723505        0.8744794946       -0.0258924505
        1.4349337000        0.7739966955       -0.0486725161
        1.4349337000        0.7737712611       -0.0490295149
        1.8858723505        0.8743780196       -0.0259430432
        1.8858723505        0.8742219786       -0.0260227101
        1.8858723505        0.8741996450       -0.0262327958
        1.8858723505        0.8746729963       -0.0256832860
        1.4349337000        0.7741540604       -0.0489673206
        1.4349337000        0.7745247248       -0.0489927936
        1.8858723505        0.8747715585       -0.0257952505
        1.4349337000        0.7741700689       -0.0489164859
        0.7493696849        0.4102315097       -0.1206397444
        0.7493696849        0.4104216526       -0.1206227245
        1.4349337000        0.7741934897       -0.0488532016
        1.4349337000        0.7745093887       -0.0489706465
        0.7493696849        0.4102279952       -0.1204416168
        0.7493696849        0.4110887254       -0.1184200456
        1.4349337000        0.7738713387       -0.0490972864
        1.8858723505        0.8747440576       -0.0258437652
        1.4349337000        0.7740910957       -0.0489609508
        1.4349337000        0.7737187148       -0.0491909072
        1.8858723505        0.8745814515       -0.0258822103
        1.8858723505        0.8745789423       -0.0258818475
        1.4349337000        0.7737171350       -0.0491910502
        1.4349337000        0.7740891786       -0.0489607251
        1.8858723505        0.8747440520       -0.0258440426
        1.4349337000        0.7738697943       -0.0490973770
        0.7493696849        0.4110827217       -0.1184184865
        0.7493696849        0.4102274736       -0.1204422707
        1.4349337000        0.7745125601       -0.0489715504
        1.4349337000        0.7741917542       -0.0488530408
        0.7493696849        0.4104207035       -0.1206237254
        0.7493696849        0.4102341549       -0.1206395617
        1.4349337000        0.7741741552       -0.0489167815
        1.8858723505        0.8747716742       -0.0257953317
        1.4349337000        0.7745276159       -0.0489939376
        1.4349337000        0.7741580419       -0.0489673611
        1.8858723505        0.8746751510       -0.0256835007
        1.8858723505        0.8741994161       -0.0262326900
        1.8858723505        0.8742223784       -0.0260225247
        1.8858723505        0.8743778392       -0.0259428183
        1.4349337000        0.7737729822       -0.0490299445
        1.4349337000        0.7740007062       -0.0486730513
        1.8858723505        0.8744815977       -0.0258926408
        1.8858723505        0.8743869104       -0.0257008132
        1.4349337000        0.7740788032       -0.0485604049
        1.4349337000        0.7744746820       -0.0488000684
        1.8858723505        0.8745904615       -0.0258745800
        1.8858723505        0.8743144787       -0.0262106080
        1.8858723505        0.8743849553       -0.0262381653
