#epsqw diagonal term
#1:q+G [au], 2:Re(eps-1), 3:Im(eps-1)
        1.8858723505        0.8750160155       -0.0006129712
        1.8858723505        0.8750140934       -0.0006130343
        1.8858723505        0.8749724462       -0.0006134498
        1.4349337000        0.7661716549       -0.0009444538
        1.4349337000        0.7661975635       -0.0009441286
        1.8858723505        0.8749603722       -0.0006133192
        1.8858723505        0.8749708186       -0.0006135130
        1.4349337000        0.7661955222       -0.0009441599
        1.4349337000        0.7661814278       -0.0009441003
        1.8858723505        0.8749617380       -0.0006135347
        1.8858723505        0.8750014039       -0.0006128810
        1.8858723505        0.8750044043       -0.0006130824
        1.8858723505        0.8749803036       -0.0006133092
        1.4349337000        0.7662316244       -0.0009441194
        1.4349337000        0.7662046658       -0.0009445338
        1.8858723505        0.8749937136       -0.0006135096
        1.4349337000        0.7661800712       -0.0009441819
        0.7493696849        0.4538123624       -0.0017536561
        0.7493696849        0.4538098239       -0.0017537033
        1.4349337000        0.7661832837       -0.0009441925
        1.4349337000        0.7661526896       -0.0009446007
        0.7493696849        0.4538054410       -0.0017538242
        0.7493696849        0.4537404302       -0.0017543202
        1.4349337000        0.7661649028       -0.0009442007
        1.8858723505        0.8749938563       -0.0006135111
        1.4349337000        0.7662334320       -0.0009441619
        1.4349337000        0.7662136114       -0.0009441681
        1.8858723505        0.8749833218       -0.0006135843
        1.8858723505        0.8749809187       -0.0006135875
        1.4349337000        0.7662110655       -0.0009441680
        1.4349337000        0.7662311165       -0.0009441620
        1.8858723505        0.8749940288       -0.0006135112
        1.4349337000        0.7661625006       -0.0009442006
        0.7493696849        0.4537397764       -0.0017543175
        0.7493696849        0.4538060604       -0.0017538280
        1.4349337000        0.7661551312       -0.0009446014
        1.4349337000        0.7661810347       -0.0009441928
        0.7493696849        0.4538103311       -0.0017537066
        0.7493696849        0.4538139595       -0.0017536627
        1.4349337000        0.7661844030       -0.0009441806
        1.8858723505        0.8749938052       -0.0006135100
        1.4349337000        0.7662069132       -0.0009445346
        1.4349337000        0.7662358401       -0.0009441181
        1.8858723505        0.8749827225       -0.0006133061
        1.8858723505        0.8750043475       -0.0006130821
        1.8858723505        0.8750013831       -0.0006128810
        1.8858723505        0.8749617145       -0.0006135344
        1.4349337000        0.7661826175       -0.0009441002
        1.4349337000        0.7661991261       -0.0009441588
        1.8858723505        0.8749730231       -0.0006135102
        1.8858723505        0.8749603235       -0.0006133192
        1.4349337000        0.7662009247       -0.0009441275
        1.4349337000        0.7661748681       -0.0009444522
        1.8858723505        0.8749750066       -0.0006134464
        1.8858723505        0.8750161148       -0.0006130314
        1.8858723505        0.8750184773       -0.0006129677
