#epsqw diagonal term
#1:q+G [au], 2:Re(eps-1), 3:Im(eps-1)
        1.8858723505        0.9049453962       -0.1199027542
        1.8858723505        0.9039505105       -0.1195657578
        1.8858723505        0.9041625775       -0.1199063070
        1.4349337000        0.8549576003       -0.2698861617
        1.4349337000        0.8541210519       -0.2686750178
        1.8858723505        0.9034601664       -0.1205369323
        1.8858723505        0.9041152392       -0.1197670470
        1.4349337000        0.8551820364       -0.2695516159
        1.4349337000        0.8526239457       -0.2682075215
        1.8858723505        0.9042698439       -0.1195001612
        1.8858723505        0.9043685977       -0.1207606276
        1.8858723505        0.9043892149       -0.1194420163
        1.8858723505        0.9045278652       -0.1210121317
        1.4349337000        0.8545814684       -0.2696581522
        1.4349337000        0.8551301825       -0.2684279939
        1.8858723505        0.9045517216       -0.1196319223
        1.4349337000        0.8537761507       -0.2701189795
        0.7493696849        0.4833313583       -0.8118908941
        0.7493696849        0.4896181606       -0.8155460450
        1.4349337000        0.8528486614       -0.2698225194
        1.4349337000        0.8543780225       -0.2706192640
        0.7493696849        0.4863727568       -0.8129875240
        0.7493696849        0.4861670988       -0.8190826547
        1.4349337000        0.8518330827       -0.2684685661
        1.8858723505        0.9054108202       -0.1198735969
        1.4349337000        0.8545441050       -0.2701378471
        1.4349337000        0.8541823253       -0.2668824508
        1.8858723505        0.9047492904       -0.1197190611
        1.8858723505        0.9047426369       -0.1197153121
        1.4349337000        0.8541674698       -0.2668716808
        1.4349337000        0.8545310001       -0.2701241879
        1.8858723505        0.9054084982       -0.1198757797
        1.4349337000        0.8518188479       -0.2684564962
        0.7493696849        0.4861834424       -0.8190540673
        0.7493696849        0.4863527053       -0.8130227885
        1.4349337000        0.8543923154       -0.2706309083
        1.4349337000        0.8528375593       -0.2698097220
        0.7493696849        0.4896040941       -0.8155788045
        0.7493696849        0.4833005913       -0.8119354621
        1.4349337000        0.8537912103       -0.2701298613
        1.8858723505        0.9045505931       -0.1196332036
        1.4349337000        0.8551457107       -0.2684396372
        1.4349337000        0.8545961948       -0.2696696038
        1.8858723505        0.9045384748       -0.1210139953
        1.8858723505        0.9043899796       -0.1194420904
        1.8858723505        0.9043677232       -0.1207614845
        1.8858723505        0.9042702010       -0.1194983198
        1.4349337000        0.8526382541       -0.2682192658
        1.4349337000        0.8551953947       -0.2695663981
        1.8858723505        0.9041235073       -0.1197681124
        1.8858723505        0.9034594525       -0.1205380474
        1.4349337000        0.8541338550       -0.2686910294
        1.4349337000        0.8549728569       -0.2698989243
        1.8858723505        0.9041723476       -0.1199093478
        1.8858723505        0.9039588352       -0.1195687190
        1.8858723505        0.9049539087       -0.1199048323
