#epsqw diagonal term
#1:q+G [au], 2:Re(eps-1), 3:Im(eps-1)
        1.8858723505        1.0047741975       -0.0000153815
        1.8858723505        1.0047740540       -0.0000153819
        1.8858723505        1.0047755116       -0.0000153866
        1.4349337000        1.0083887296       -0.0000300888
        1.4349337000        1.0083868198       -0.0000300874
        1.8858723505        1.0047760955       -0.0000153888
        1.8858723505        1.0047752117       -0.0000153867
        1.4349337000        1.0083868850       -0.0000300881
        1.4349337000        1.0083866940       -0.0000300890
        1.8858723505        1.0047760492       -0.0000153885
        1.8858723505        1.0047748228       -0.0000153842
        1.8858723505        1.0047748253       -0.0000153842
        1.8858723505        1.0047750668       -0.0000153844
        1.4349337000        1.0083840212       -0.0000300819
        1.4349337000        1.0083866477       -0.0000300825
        1.8858723505        1.0047741783       -0.0000153827
        1.4349337000        1.0083875333       -0.0000300909
        0.7493696849        1.0162421023       -0.0000797607
        0.7493696849        1.0162433295       -0.0000797612
        1.4349337000        1.0083872959       -0.0000300899
        1.4349337000        1.0083897976       -0.0000300923
        0.7493696849        1.0162402299       -0.0000797649
        0.7493696849        1.0162484208       -0.0000797599
        1.4349337000        1.0083873563       -0.0000300913
        1.8858723505        1.0047740666       -0.0000153824
        1.4349337000        1.0083839322       -0.0000300817
        1.4349337000        1.0083845227       -0.0000300834
        1.8858723505        1.0047747408       -0.0000153849
        1.8858723505        1.0047748753       -0.0000153860
        1.4349337000        1.0083847218       -0.0000300859
        1.4349337000        1.0083840185       -0.0000300821
        1.8858723505        1.0047742688       -0.0000153824
        1.4349337000        1.0083874804       -0.0000300939
        0.7493696849        1.0162489643       -0.0000797682
        0.7493696849        1.0162426678       -0.0000797616
        1.4349337000        1.0083894514       -0.0000300915
        1.4349337000        1.0083875480       -0.0000300903
        0.7493696849        1.0162454380       -0.0000797574
        0.7493696849        1.0162393428       -0.0000797629
        1.4349337000        1.0083872471       -0.0000300901
        1.8858723505        1.0047743675       -0.0000153826
        1.4349337000        1.0083861290       -0.0000300819
        1.4349337000        1.0083838545       -0.0000300813
        1.8858723505        1.0047747439       -0.0000153848
        1.8858723505        1.0047748915       -0.0000153850
        1.8858723505        1.0047750351       -0.0000153835
        1.8858723505        1.0047760161       -0.0000153893
        1.4349337000        1.0083866260       -0.0000300906
        1.4349337000        1.0083866335       -0.0000300873
        1.8858723505        1.0047753347       -0.0000153863
        1.8858723505        1.0047763164       -0.0000153880
        1.4349337000        1.0083865714       -0.0000300865
        1.4349337000        1.0083887030       -0.0000300884
        1.8858723505        1.0047751504       -0.0000153863
        1.8858723505        1.0047741610       -0.0000153815
        1.8858723505        1.0047738772       -0.0000153812
