#epsqw diagonal term
#1:q+G [au], 2:Re(eps-1), 3:Im(eps-1)
        1.8858723505        0.8749111345       -0.0006186811
        1.8858723505        0.8749091828       -0.0006187467
        1.8858723505        0.8748673624       -0.0006191770
        1.4349337000        0.7660194326       -0.0009519574
        1.4349337000        0.7660455233       -0.0009516119
        1.8858723505        0.8748553837       -0.0006190348
        1.8858723505        0.8748657033       -0.0006192431
        1.4349337000        0.7660434662       -0.0009516449
        1.4349337000        0.7660295039       -0.0009515630
        1.8858723505        0.8748566884       -0.0006192475
        1.8858723505        0.8748965990       -0.0006185811
        1.8858723505        0.8748995458       -0.0006187789
        1.8858723505        0.8748753021       -0.0006190265
        1.4349337000        0.7660795601       -0.0009516060
        1.4349337000        0.7660523898       -0.0009520420
        1.8858723505        0.8748885783       -0.0006192418
        1.4349337000        0.7660280206       -0.0009516649
        0.7493696849        0.4534646078       -0.0017684690
        0.7493696849        0.4534620606       -0.0017685162
        1.4349337000        0.7660312228       -0.0009516768
        1.4349337000        0.7660004145       -0.0009521075
        0.7493696849        0.4534575999       -0.0017686436
        0.7493696849        0.4533926122       -0.0017691093
        1.4349337000        0.7660129540       -0.0009516639
        1.8858723505        0.8748887183       -0.0006192437
        1.4349337000        0.7660813400       -0.0009516515
        1.4349337000        0.7660616426       -0.0009516346
        1.8858723505        0.8748782297       -0.0006193011
        1.8858723505        0.8748758267       -0.0006193043
        1.4349337000        0.7660590987       -0.0009516345
        1.4349337000        0.7660790245       -0.0009516515
        1.8858723505        0.8748888913       -0.0006192438
        1.4349337000        0.7660105538       -0.0009516637
        0.7493696849        0.4533919606       -0.0017691067
        0.7493696849        0.4534582182       -0.0017686475
        1.4349337000        0.7660028553       -0.0009521083
        1.4349337000        0.7660289732       -0.0009516771
        0.7493696849        0.4534625668       -0.0017685196
        0.7493696849        0.4534662030       -0.0017684755
        1.4349337000        0.7660323524       -0.0009516638
        1.8858723505        0.8748886699       -0.0006192421
        1.4349337000        0.7660546357       -0.0009520428
        1.4349337000        0.7660837750       -0.0009516049
        1.8858723505        0.8748777202       -0.0006190234
        1.8858723505        0.8748994888       -0.0006187786
        1.8858723505        0.8748965786       -0.0006185811
        1.8858723505        0.8748566647       -0.0006192472
        1.4349337000        0.7660306945       -0.0009515630
        1.4349337000        0.7660470683       -0.0009516438
        1.8858723505        0.8748679081       -0.0006192404
        1.8858723505        0.8748553355       -0.0006190348
        1.4349337000        0.7660488832       -0.0009516109
        1.4349337000        0.7660226456       -0.0009519558
        1.8858723505        0.8748699223       -0.0006191736
        1.8858723505        0.8749112046       -0.0006187439
        1.8858723505        0.8749135954       -0.0006186777
