#epsqw diagonal term
#1:q+G [au], 2:Re(eps-1), 3:Im(eps-1)
        1.8858723505        1.0714615801       -0.0300250806
        1.8858723505        1.0717269717       -0.0299677706
        1.8858723505        1.0708554223       -0.0298598525
        1.4349337000        1.1191935699       -0.0415729637
        1.4349337000        1.1190823315       -0.0415950256
        1.8858723505        1.0711286411       -0.0297871796
        1.8858723505        1.0708599807       -0.0298657088
        1.4349337000        1.1185915817       -0.0416991629
        1.4349337000        1.1185378048       -0.0417991412
        1.8858723505        1.0707817412       -0.0300520432
        1.8858723505        1.0711356104       -0.0300922560
        1.8858723505        1.0710503974       -0.0302941458
        1.8858723505        1.0704872806       -0.0296807752
        1.4349337000        1.1190110601       -0.0423777741
        1.4349337000        1.1198129342       -0.0422234640
        1.8858723505        1.0710958699       -0.0295917348
        1.4349337000        1.1189606098       -0.0428375752
        0.7493696849        1.1749630969       -0.0187278633
        0.7493696849        1.1753199989       -0.0186694788
        1.4349337000        1.1194678242       -0.0427588211
        1.4349337000        1.1195718185       -0.0427309836
        0.7493696849        1.1749702308       -0.0187383583
        0.7493696849        1.1747764920       -0.0188325824
        1.4349337000        1.1188963909       -0.0429495209
        1.8858723505        1.0708370595       -0.0296503865
        1.4349337000        1.1190271509       -0.0423942984
        1.4349337000        1.1186214046       -0.0425623627
        1.8858723505        1.0704069906       -0.0298882791
        1.8858723505        1.0704115752       -0.0298885528
        1.4349337000        1.1186263477       -0.0425504180
        1.4349337000        1.1190301381       -0.0423856796
        1.8858723505        1.0708352364       -0.0296509363
        1.4349337000        1.1189003019       -0.0429372316
        0.7493696849        1.1747781951       -0.0188317552
        0.7493696849        1.1749682318       -0.0187394296
        1.4349337000        1.1195666062       -0.0427436112
        1.4349337000        1.1194701849       -0.0427463670
        0.7493696849        1.1753181746       -0.0186703366
        0.7493696849        1.1749585913       -0.0187299632
        1.4349337000        1.1189556114       -0.0428440221
        1.8858723505        1.0710945325       -0.0295882420
        1.4349337000        1.1198077548       -0.0422360799
        1.4349337000        1.1190054608       -0.0423877161
        1.8858723505        1.0704840571       -0.0296969937
        1.8858723505        1.0710503452       -0.0302885211
        1.8858723505        1.0711354227       -0.0300982971
        1.8858723505        1.0707810292       -0.0300458645
        1.4349337000        1.1185342102       -0.0418146302
        1.4349337000        1.1185867351       -0.0417047011
        1.8858723505        1.0708554145       -0.0298716613
        1.8858723505        1.0711276919       -0.0297923002
        1.4349337000        1.1190773591       -0.0416031948
        1.4349337000        1.1191871091       -0.0415872762
        1.8858723505        1.0708502498       -0.0298675140
        1.8858723505        1.0717216684       -0.0299771578
        1.8858723505        1.0714558207       -0.0300365107
