#epsqw diagonal term
#1:q+G [au], 2:Re(eps-1), 3:Im(eps-1)
        1.8858723505        1.2460764588       -0.1404365164
        1.8858723505        1.2464364877       -0.1408093728
        1.8858723505        1.2465737037       -0.1395511737
        1.4349337000        1.4485905540       -0.2308644533
        1.4349337000        1.4524905932       -0.2323979297
        1.8858723505        1.2434347690       -0.1390735676
        1.8858723505        1.2463532845       -0.1395839199
        1.4349337000        1.4528021409       -0.2322077767
        1.4349337000        1.4496841228       -0.2303992281
        1.8858723505        1.2444006186       -0.1415305034
        1.8858723505        1.2434263791       -0.1397316261
        1.8858723505        1.2442995224       -0.1426356662
        1.8858723505        1.2434630615       -0.1392510735
        1.4349337000        1.4542756250       -0.2325649505
        1.4349337000        1.4500522590       -0.2313973767
        1.8858723505        1.2466804832       -0.1403732640
        1.4349337000        1.4513480542       -0.2331162759
        0.7493696849        1.8707680749       -0.2703924846
        0.7493696849        1.8709026585       -0.2707618189
        1.4349337000        1.4512312075       -0.2331384571
        1.4349337000        1.4473311273       -0.2318211209
        0.7493696849        1.8705583137       -0.2705170201
        0.7493696849        1.8729179856       -0.2782753823
        1.4349337000        1.4483070789       -0.2313540221
        1.8858723505        1.2462104791       -0.1402437016
        1.4349337000        1.4545297363       -0.2326519281
        1.4349337000        1.4513995057       -0.2307150883
        1.8858723505        1.2443572378       -0.1422790579
        1.8858723505        1.2444013039       -0.1422734631
        1.4349337000        1.4513424410       -0.2307461931
        1.4349337000        1.4545454565       -0.2326551917
        1.8858723505        1.2462053851       -0.1402397813
        1.4349337000        1.4482553126       -0.2313838638
        0.7493696849        1.8729466740       -0.2782729641
        0.7493696849        1.8705315436       -0.2705204379
        1.4349337000        1.4473903175       -0.2317915675
        1.4349337000        1.4512578424       -0.2331427303
        0.7493696849        1.8708684240       -0.2707632137
        0.7493696849        1.8706493614       -0.2703412835
        1.4349337000        1.4513648970       -0.2331074803
        1.8858723505        1.2466768602       -0.1403709183
        1.4349337000        1.4501026098       -0.2313693453
        1.4349337000        1.4542947883       -0.2325547017
        1.8858723505        1.2434862645       -0.1392311838
        1.8858723505        1.2442717503       -0.1426499979
        1.8858723505        1.2434482424       -0.1397191905
        1.8858723505        1.2443762592       -0.1415441846
        1.4349337000        1.4497290039       -0.2303726532
        1.4349337000        1.4527917141       -0.2322027471
        1.8858723505        1.2463444128       -0.1395767214
        1.8858723505        1.2434591436       -0.1390596323
        1.4349337000        1.4524791978       -0.2323938941
        1.4349337000        1.4486820797       -0.2308319166
        1.8858723505        1.2465743306       -0.1395416963
        1.8858723505        1.2464197315       -0.1408025048
        1.8858723505        1.2460677257       -0.1404305983
