#epsqw diagonal term
#1:q+G [au], 2:Re(eps-1), 3:Im(eps-1)
        1.8858723505        1.0017799522       -0.0000054423
        1.8858723505        1.0017799743       -0.0000054415
        1.8858723505        1.0017804336       -0.0000054447
        1.4349337000        1.0031504652       -0.0000108208
        1.4349337000        1.0031520341       -0.0000108090
        1.8858723505        1.0017825469       -0.0000054457
        1.8858723505        1.0017810889       -0.0000054439
        1.4349337000        1.0031539592       -0.0000108141
        1.4349337000        1.0031524844       -0.0000108111
        1.8858723505        1.0017814441       -0.0000054443
        1.8858723505        1.0017832260       -0.0000054463
        1.8858723505        1.0017817889       -0.0000054444
        1.8858723505        1.0017820772       -0.0000054485
        1.4349337000        1.0031526538       -0.0000108184
        1.4349337000        1.0031517651       -0.0000108247
        1.8858723505        1.0017803041       -0.0000054419
        1.4349337000        1.0031529004       -0.0000108184
        0.7493696849        1.0061994722       -0.0000293315
        0.7493696849        1.0062025025       -0.0000293094
        1.4349337000        1.0031517817       -0.0000108119
        1.4349337000        1.0031519114       -0.0000108228
        0.7493696849        1.0062019691       -0.0000293144
        0.7493696849        1.0062046772       -0.0000293428
        1.4349337000        1.0031513929       -0.0000108137
        1.8858723505        1.0017808156       -0.0000054420
        1.4349337000        1.0031531739       -0.0000108171
        1.4349337000        1.0031537908       -0.0000108193
        1.8858723505        1.0017813121       -0.0000054442
        1.8858723505        1.0017808953       -0.0000054437
        1.4349337000        1.0031527809       -0.0000108210
        1.4349337000        1.0031531388       -0.0000108189
        1.8858723505        1.0017801872       -0.0000054427
        1.4349337000        1.0031501491       -0.0000108142
        0.7493696849        1.0062101091       -0.0000293566
        0.7493696849        1.0061989432       -0.0000293297
        1.4349337000        1.0031506966       -0.0000108247
        1.4349337000        1.0031514850       -0.0000108135
        0.7493696849        1.0062022652       -0.0000293252
        0.7493696849        1.0062010690       -0.0000293156
        1.4349337000        1.0031529979       -0.0000108161
        1.8858723505        1.0017796316       -0.0000054422
        1.4349337000        1.0031511910       -0.0000108254
        1.4349337000        1.0031525710       -0.0000108162
        1.8858723505        1.0017826509       -0.0000054460
        1.8858723505        1.0017812235       -0.0000054438
        1.8858723505        1.0017825729       -0.0000054484
        1.8858723505        1.0017810265       -0.0000054434
        1.4349337000        1.0031509145       -0.0000108115
        1.4349337000        1.0031537442       -0.0000108157
        1.8858723505        1.0017803964       -0.0000054446
        1.8858723505        1.0017819149       -0.0000054481
        1.4349337000        1.0031519594       -0.0000108109
        1.4349337000        1.0031513134       -0.0000108197
        1.8858723505        1.0017810508       -0.0000054440
        1.8858723505        1.0017793262       -0.0000054419
        1.8858723505        1.0017804887       -0.0000054416
