#epsqw diagonal term
#1:q+G [au], 2:Re(eps-1), 3:Im(eps-1)
        1.8858723505        0.8861609456       -0.0342553065
        1.8858723505        0.8861795097       -0.0340084627
        1.8858723505        0.8855387213       -0.0338686699
        1.4349337000        0.7824797136       -0.0300345709
        1.4349337000        0.7820906799       -0.0298334372
        1.8858723505        0.8857645201       -0.0337463744
        1.8858723505        0.8856137654       -0.0340146326
        1.4349337000        0.7820892569       -0.0298319684
        1.4349337000        0.7821082463       -0.0302347179
        1.8858723505        0.8857249539       -0.0343523159
        1.8858723505        0.8863529942       -0.0341087189
        1.8858723505        0.8862561109       -0.0342895614
        1.8858723505        0.8858519420       -0.0340754714
        1.4349337000        0.7822623053       -0.0301089109
        1.4349337000        0.7825314196       -0.0299557999
        1.8858723505        0.8854596843       -0.0339013733
        1.4349337000        0.7820470060       -0.0300947425
        0.7493696849        0.4384861656       -0.0564805609
        0.7493696849        0.4384772304       -0.0564831100
        1.4349337000        0.7820612138       -0.0300725544
        1.4349337000        0.7824459209       -0.0303435936
        0.7493696849        0.4383618367       -0.0566184244
        0.7493696849        0.4395515270       -0.0576979494
        1.4349337000        0.7820180548       -0.0305527748
        1.8858723505        0.8856400186       -0.0342531863
        1.4349337000        0.7823198150       -0.0300725930
        1.4349337000        0.7821580231       -0.0301321839
        1.8858723505        0.8858563596       -0.0343946557
        1.8858723505        0.8858533684       -0.0343945655
        1.4349337000        0.7821552752       -0.0301320276
        1.4349337000        0.7823174549       -0.0300723132
        1.8858723505        0.8856401640       -0.0342533731
        1.4349337000        0.7820155331       -0.0305525501
        0.7493696849        0.4395509429       -0.0576980172
        0.7493696849        0.4383623332       -0.0566188625
        1.4349337000        0.7824488280       -0.0303440007
        1.4349337000        0.7820588691       -0.0300723382
        0.7493696849        0.4384775490       -0.0564835019
        0.7493696849        0.4384876823       -0.0564808738
        1.4349337000        0.7820519146       -0.0300952289
        1.8858723505        0.8854598294       -0.0339014941
        1.4349337000        0.7825340985       -0.0299561243
        1.4349337000        0.7822670390       -0.0301092817
        1.8858723505        0.8858545709       -0.0340756118
        1.8858723505        0.8862561179       -0.0342896842
        1.8858723505        0.8863528717       -0.0341088441
        1.8858723505        0.8857249911       -0.0343522479
        1.4349337000        0.7821096001       -0.0302350493
        1.4349337000        0.7820932783       -0.0298322736
        1.8858723505        0.8856164640       -0.0340147242
        1.8858723505        0.8857644540       -0.0337465182
        1.4349337000        0.7820944703       -0.0298337962
        1.4349337000        0.7824834038       -0.0300349497
        1.8858723505        0.8855415348       -0.0338689638
        1.8858723505        0.8861818267       -0.0340084860
        1.8858723505        0.8861635640       -0.0342554474
