#epsqw diagonal term
#1:q+G [au], 2:Re(eps-1), 3:Im(eps-1)
        1.8858723505        1.0403714602       -0.0341084803
        1.8858723505        1.0403617822       -0.0341461411
        1.8858723505        1.0407449522       -0.0341052201
        1.4349337000        1.1040427843       -0.0355270821
        1.4349337000        1.1041693065       -0.0358098844
        1.8858723505        1.0408827912       -0.0343089924
        1.8858723505        1.0407330558       -0.0340755374
        1.4349337000        1.1042486780       -0.0358987480
        1.4349337000        1.1041093018       -0.0355512394
        1.8858723505        1.0406808566       -0.0337578054
        1.8858723505        1.0405312750       -0.0342421260
        1.8858723505        1.0403143190       -0.0337648630
        1.8858723505        1.0407912040       -0.0341416969
        1.4349337000        1.1039269398       -0.0366259800
        1.4349337000        1.1036666317       -0.0362482855
        1.8858723505        1.0406262916       -0.0339865924
        1.4349337000        1.1036650817       -0.0366901297
        0.7493696849        1.2054908887       -0.0239702099
        0.7493696849        1.2054283259       -0.0238967411
        1.4349337000        1.1035586871       -0.0365161355
        1.4349337000        1.1033960071       -0.0362125964
        0.7493696849        1.2054430563       -0.0238867927
        0.7493696849        1.2055297256       -0.0235894698
        1.4349337000        1.1035170302       -0.0363130148
        1.8858723505        1.0406183295       -0.0339233742
        1.4349337000        1.1038988258       -0.0365420794
        1.4349337000        1.1038896951       -0.0364435277
        1.8858723505        1.0405691582       -0.0336298684
        1.8858723505        1.0405682808       -0.0336312706
        1.4349337000        1.1038869747       -0.0364468263
        1.4349337000        1.1039028538       -0.0365412002
        1.8858723505        1.0406199350       -0.0339213341
        1.4349337000        1.1035141696       -0.0363170285
        0.7493696849        1.2055309740       -0.0235896743
        0.7493696849        1.2054411828       -0.0238865342
        1.4349337000        1.1033985566       -0.0362083361
        1.4349337000        1.1035631303       -0.0365161819
        0.7493696849        1.2054268072       -0.0238963576
        0.7493696849        1.2054854016       -0.0239698201
        1.4349337000        1.1036654255       -0.0366884447
        1.8858723505        1.0406266767       -0.0339876444
        1.4349337000        1.1036695186       -0.0362442952
        1.4349337000        1.1039266818       -0.0366242318
        1.8858723505        1.0407879086       -0.0341423524
        1.8858723505        1.0403153639       -0.0337640706
        1.8858723505        1.0405289380       -0.0342438099
        1.8858723505        1.0406825230       -0.0337577407
        1.4349337000        1.1041116840       -0.0355477504
        1.4349337000        1.1042446715       -0.0358997549
        1.8858723505        1.0407312020       -0.0340753189
        1.8858723505        1.0408815375       -0.0343099477
        1.4349337000        1.1041649327       -0.0358097087
        1.4349337000        1.1040488793       -0.0355214592
        1.8858723505        1.0407430340       -0.0341057862
        1.8858723505        1.0403613892       -0.0341433229
        1.8858723505        1.0403703431       -0.0341078417
