#epsqw diagonal term
#1:q+G [au], 2:Re(eps-1), 3:Im(eps-1)
        1.8858723505        0.8750078566       -0.0006134118
        1.8858723505        0.8750059321       -0.0006134751
        1.8858723505        0.8749642735       -0.0006138917
        1.4349337000        0.7661598053       -0.0009450332
        1.4349337000        0.7661857262       -0.0009447064
        1.8858723505        0.8749522059       -0.0006137603
        1.8858723505        0.8749626437       -0.0006139552
        1.4349337000        0.7661836868       -0.0009447380
        1.4349337000        0.7661695992       -0.0009446766
        1.8858723505        0.8749535673       -0.0006139756
        1.8858723505        0.8749932520       -0.0006133208
        1.8858723505        0.8749962479       -0.0006135221
        1.8858723505        0.8749721367       -0.0006137504
        1.4349337000        0.7662197903       -0.0009446976
        1.4349337000        0.7661928156       -0.0009451137
        1.8858723505        0.8749855352       -0.0006139519
        1.4349337000        0.7661682387       -0.0009447599
        0.7493696849        0.4537852738       -0.0017548012
        0.7493696849        0.4537827330       -0.0017548483
        1.4349337000        0.7661714491       -0.0009447705
        1.4349337000        0.7661408409       -0.0009451804
        0.7493696849        0.4537783477       -0.0017549698
        0.7493696849        0.4537133358       -0.0017554635
        1.4349337000        0.7661530765       -0.0009447771
        1.8858723505        0.8749856781       -0.0006139535
        1.4349337000        0.7662215968       -0.0009447404
        1.4349337000        0.7662017845       -0.0009447448
        1.8858723505        0.8749751476       -0.0006140255
        1.8858723505        0.8749727440       -0.0006140287
        1.4349337000        0.7661992382       -0.0009447447
        1.4349337000        0.7662192800       -0.0009447404
        1.8858723505        0.8749858504       -0.0006139535
        1.4349337000        0.7661506739       -0.0009447770
        0.7493696849        0.4537126855       -0.0017554609
        0.7493696849        0.4537789649       -0.0017549736
        1.4349337000        0.7661432813       -0.0009451811
        1.4349337000        0.7661691985       -0.0009447708
        0.7493696849        0.4537832380       -0.0017548516
        0.7493696849        0.4537868727       -0.0017548078
        1.4349337000        0.7661725721       -0.0009447586
        1.8858723505        0.8749856265       -0.0006139523
        1.4349337000        0.7661950614       -0.0009451144
        1.4349337000        0.7662240070       -0.0009446964
        1.8858723505        0.8749745556       -0.0006137473
        1.8858723505        0.8749961904       -0.0006135217
        1.8858723505        0.8749932310       -0.0006133209
        1.8858723505        0.8749535431       -0.0006139753
        1.4349337000        0.7661707886       -0.0009446766
        1.4349337000        0.7661872893       -0.0009447368
        1.8858723505        0.8749648481       -0.0006139523
        1.8858723505        0.8749521572       -0.0006137603
        1.4349337000        0.7661890862       -0.0009447054
        1.4349337000        0.7661630200       -0.0009450317
        1.8858723505        0.8749668342       -0.0006138883
        1.8858723505        0.8750079533       -0.0006134722
        1.8858723505        0.8750103186       -0.0006134083
