#epsqw diagonal term
#1:q+G [au], 2:Re(eps-1), 3:Im(eps-1)
        1.8858723505        1.0024592886       -0.0000076196
        1.8858723505        1.0024583787       -0.0000076198
        1.8858723505        1.0024599201       -0.0000076236
        1.4349337000        1.0043452841       -0.0000150982
        1.4349337000        1.0043452290       -0.0000150942
        1.8858723505        1.0024597035       -0.0000076239
        1.8858723505        1.0024591542       -0.0000076227
        1.4349337000        1.0043446805       -0.0000150943
        1.4349337000        1.0043436254       -0.0000150918
        1.8858723505        1.0024604394       -0.0000076226
        1.8858723505        1.0024588355       -0.0000076224
        1.8858723505        1.0024596809       -0.0000076217
        1.8858723505        1.0024596287       -0.0000076222
        1.4349337000        1.0043433548       -0.0000150945
        1.4349337000        1.0043441984       -0.0000150946
        1.8858723505        1.0024585281       -0.0000076202
        1.4349337000        1.0043440037       -0.0000150947
        0.7493696849        1.0084638576       -0.0000407275
        0.7493696849        1.0084771292       -0.0000407222
        1.4349337000        1.0043454239       -0.0000150963
        1.4349337000        1.0043446388       -0.0000150979
        0.7493696849        1.0084726259       -0.0000407394
        0.7493696849        1.0084685299       -0.0000407145
        1.4349337000        1.0043439267       -0.0000150943
        1.8858723505        1.0024583508       -0.0000076192
        1.4349337000        1.0043434567       -0.0000150965
        1.4349337000        1.0043432699       -0.0000150919
        1.8858723505        1.0024591467       -0.0000076216
        1.8858723505        1.0024591523       -0.0000076226
        1.4349337000        1.0043448792       -0.0000150964
        1.4349337000        1.0043430807       -0.0000150944
        1.8858723505        1.0024591438       -0.0000076199
        1.4349337000        1.0043457581       -0.0000150986
        0.7493696849        1.0084796405       -0.0000407343
        0.7493696849        1.0084641472       -0.0000407280
        1.4349337000        1.0043456772       -0.0000151010
        1.4349337000        1.0043445591       -0.0000150942
        0.7493696849        1.0084699620       -0.0000407087
        0.7493696849        1.0084715738       -0.0000407381
        1.4349337000        1.0043447547       -0.0000150963
        1.8858723505        1.0024591103       -0.0000076209
        1.4349337000        1.0043453734       -0.0000150976
        1.4349337000        1.0043434930       -0.0000150965
        1.8858723505        1.0024584593       -0.0000076223
        1.8858723505        1.0024594934       -0.0000076224
        1.8858723505        1.0024599677       -0.0000076221
        1.8858723505        1.0024603895       -0.0000076233
        1.4349337000        1.0043451485       -0.0000150957
        1.4349337000        1.0043438692       -0.0000150916
        1.8858723505        1.0024598336       -0.0000076233
        1.8858723505        1.0024607665       -0.0000076238
        1.4349337000        1.0043446372       -0.0000150914
        1.4349337000        1.0043442321       -0.0000150947
        1.8858723505        1.0024592933       -0.0000076226
        1.8858723505        1.0024591303       -0.0000076203
        1.8858723505        1.0024584022       -0.0000076188
