#epsqw diagonal term
#1:q+G [au], 2:Re(eps-1), 3:Im(eps-1)
        1.8858723505        0.8711574020       -0.0247278491
        1.8858723505        0.8710853368       -0.0247897039
        1.8858723505        0.8708047109       -0.0247403353
        1.4349337000        0.7662894230       -0.0690233177
        1.4349337000        0.7640046527       -0.0683440945
        1.8858723505        0.8708889920       -0.0249246100
        1.8858723505        0.8708155642       -0.0247314284
        1.4349337000        0.7639230576       -0.0685214190
        1.4349337000        0.7649716508       -0.0686251308
        1.8858723505        0.8708478100       -0.0246220015
        1.8858723505        0.8713811972       -0.0248070272
        1.8858723505        0.8712278400       -0.0245180906
        1.8858723505        0.8712449007       -0.0248883970
        1.4349337000        0.7640200716       -0.0683765619
        1.4349337000        0.7662585327       -0.0692471498
        1.8858723505        0.8709279627       -0.0249046612
        1.4349337000        0.7641320621       -0.0684792237
        0.7493696849        0.6404806660       -0.2536945388
        0.7493696849        0.6400228448       -0.2535881146
        1.4349337000        0.7642865046       -0.0684054418
        1.4349337000        0.7665964257       -0.0689338700
        0.7493696849        0.6401505555       -0.2531067267
        0.7493696849        0.6489846173       -0.2537343871
        1.4349337000        0.7653049555       -0.0684145644
        1.8858723505        0.8709863252       -0.0248699305
        1.4349337000        0.7640250067       -0.0685197932
        1.4349337000        0.7648886223       -0.0689034451
        1.8858723505        0.8710660439       -0.0246272962
        1.8858723505        0.8710648250       -0.0246266711
        1.4349337000        0.7648855561       -0.0689028795
        1.4349337000        0.7640213988       -0.0685184791
        1.8858723505        0.8709869983       -0.0248690993
        1.4349337000        0.7653024939       -0.0684138238
        0.7493696849        0.6489828620       -0.2537326993
        0.7493696849        0.6401511288       -0.2531084186
        1.4349337000        0.7665986429       -0.0689346930
        1.4349337000        0.7642839222       -0.0684038789
        0.7493696849        0.6400229637       -0.2535894847
        0.7493696849        0.6404839478       -0.2536956936
        1.4349337000        0.7641366448       -0.0684804685
        1.8858723505        0.8709290412       -0.0249043562
        1.4349337000        0.7662610495       -0.0692477209
        1.4349337000        0.7640249645       -0.0683776663
        1.8858723505        0.8712473642       -0.0248884662
        1.8858723505        0.8712287618       -0.0245179758
        1.8858723505        0.8713809536       -0.0248056864
        1.8858723505        0.8708487358       -0.0246219542
        1.4349337000        0.7649728327       -0.0686254219
        1.4349337000        0.7639263269       -0.0685216864
        1.8858723505        0.8708179469       -0.0247307493
        1.8858723505        0.8708890513       -0.0249238105
        1.4349337000        0.7640082176       -0.0683439083
        1.4349337000        0.7662923298       -0.0690232309
        1.8858723505        0.8708070230       -0.0247398469
        1.8858723505        0.8710878498       -0.0247899613
        1.8858723505        0.8711597137       -0.0247275379
