#epsqw diagonal term
#1:q+G [au], 2:Re(eps-1), 3:Im(eps-1)
        1.8858723505        0.8452036689       -0.1409903730
        1.8858723505        0.8452626430       -0.1409852171
        1.8858723505        0.8446157415       -0.1414502081
        1.4349337000        0.6782847812       -0.2480936406
        1.4349337000        0.6760982155       -0.2482992154
        1.8858723505        0.8456940265       -0.1401600230
        1.8858723505        0.8447766249       -0.1416270875
        1.4349337000        0.6756349519       -0.2475275370
        1.4349337000        0.6764904580       -0.2496634029
        1.8858723505        0.8441017549       -0.1410731035
        1.8858723505        0.8454493780       -0.1412028121
        1.8858723505        0.8442794163       -0.1417289865
        1.8858723505        0.8451956982       -0.1415330057
        1.4349337000        0.6768527292       -0.2481797653
        1.4349337000        0.6787196005       -0.2483702427
        1.8858723505        0.8452543001       -0.1417133723
        1.4349337000        0.6760534940       -0.2465309113
        0.7493696849        0.4534045731       -0.3652383005
        0.7493696849        0.4512616254       -0.3660832734
        1.4349337000        0.6773957570       -0.2473616023
        1.4349337000        0.6779378817       -0.2469297206
        0.7493696849        0.4524268097       -0.3661357191
        0.7493696849        0.4554597629       -0.3725701376
        1.4349337000        0.6761844134       -0.2482324148
        1.8858723505        0.8454722449       -0.1418130374
        1.4349337000        0.6776051567       -0.2483220970
        1.4349337000        0.6756307458       -0.2490803520
        1.8858723505        0.8438670020       -0.1426243249
        1.8858723505        0.8438644484       -0.1426215487
        1.4349337000        0.6756273210       -0.2490801344
        1.4349337000        0.6776033459       -0.2483205311
        1.8858723505        0.8454719607       -0.1418131239
        1.4349337000        0.6761796271       -0.2482323303
        0.7493696849        0.4554556195       -0.3725688684
        0.7493696849        0.4524289193       -0.3661397452
        1.4349337000        0.6779419532       -0.2469304186
        1.4349337000        0.6773920871       -0.2473594441
        0.7493696849        0.4512611341       -0.3660840670
        0.7493696849        0.4534064803       -0.3652407367
        1.4349337000        0.6760619447       -0.2465314032
        1.8858723505        0.8452541511       -0.1417131703
        1.4349337000        0.6787224193       -0.2483695838
        1.4349337000        0.6768591493       -0.2481802380
        1.8858723505        0.8451993781       -0.1415343993
        1.8858723505        0.8442808003       -0.1417288734
        1.8858723505        0.8454494778       -0.1412030299
        1.8858723505        0.8441035183       -0.1410719368
        1.4349337000        0.6764917979       -0.2496670440
        1.4349337000        0.6756417755       -0.2475318469
        1.8858723505        0.8447806066       -0.1416289125
        1.8858723505        0.8456944786       -0.1401608173
        1.4349337000        0.6761050080       -0.2483030028
        1.4349337000        0.6782907586       -0.2480956829
        1.8858723505        0.8446197932       -0.1414521674
        1.8858723505        0.8452661063       -0.1409872568
        1.8858723505        0.8452063463       -0.1409922905
