#epsqw diagonal term
#1:q+G [au], 2:Re(eps-1), 3:Im(eps-1)
        1.8858723505        0.8740149910       -0.0006720229
        1.8858723505        0.8740127817       -0.0006721125
        1.8858723505        0.8739694015       -0.0006726848
        1.4349337000        0.7647276884       -0.0010214189
        1.4349337000        0.7647555433       -0.0010208636
        1.8858723505        0.8739583966       -0.0006724030
        1.8858723505        0.8739674572       -0.0006727799
        1.4349337000        0.7647533252       -0.0010209138
        1.4349337000        0.7647407880       -0.0010205889
        1.8858723505        0.8739593692       -0.0006725395
        1.8858723505        0.8740012467       -0.0006718018
        1.8858723505        0.8740039356       -0.0006719158
        1.8858723505        0.8739781715       -0.0006724174
        1.4349337000        0.7647893219       -0.0010208923
        1.4349337000        0.7647601534       -0.0010215457
        1.8858723505        0.8739901458       -0.0006728025
        1.4349337000        0.7647379699       -0.0010209057
        0.7493696849        0.4505377027       -0.0019043159
        0.7493696849        0.4505350982       -0.0019043626
        1.4349337000        0.7647410663       -0.0010209318
        1.4349337000        0.7647082205       -0.0010215925
        0.7493696849        0.4505299248       -0.0019045557
        0.7493696849        0.4504658642       -0.0019045944
        1.4349337000        0.7647240449       -0.0010206844
        1.8858723505        0.8739902551       -0.0006728095
        1.4349337000        0.7647908305       -0.0010209697
        1.4349337000        0.7647725016       -0.0010206956
        1.8858723505        0.8739805148       -0.0006726371
        1.8858723505        0.8739781161       -0.0006726396
        1.4349337000        0.7647699657       -0.0010206945
        1.4349337000        0.7647885247       -0.0010209688
        1.8858723505        0.8739904262       -0.0006728097
        1.4349337000        0.7647216524       -0.0010206833
        0.7493696849        0.4504652115       -0.0019045927
        0.7493696849        0.4505305319       -0.0019045604
        1.4349337000        0.7647106466       -0.0010215950
        1.4349337000        0.7647388255       -0.0010209312
        0.7493696849        0.4505355944       -0.0019043667
        0.7493696849        0.4505392855       -0.0019043228
        1.4349337000        0.7647422874       -0.0010209059
        1.8858723505        0.8739902355       -0.0006728029
        1.4349337000        0.7647623853       -0.0010215482
        1.4349337000        0.7647935225       -0.0010208926
        1.8858723505        0.8739805854       -0.0006724151
        1.8858723505        0.8740038811       -0.0006719150
        1.8858723505        0.8740012265       -0.0006718016
        1.8858723505        0.8739593478       -0.0006725388
        1.4349337000        0.7647419754       -0.0010205886
        1.4349337000        0.7647569214       -0.0010209128
        1.8858723505        0.8739696582       -0.0006727775
        1.8858723505        0.8739583493       -0.0006724026
        1.4349337000        0.7647588973       -0.0010208627
        1.4349337000        0.7647308998       -0.0010214167
        1.8858723505        0.8739719588       -0.0006726817
        1.8858723505        0.8740148005       -0.0006721100
        1.8858723505        0.8740174497       -0.0006720197
