#epsqw diagonal term
#1:q+G [au], 2:Re(eps-1), 3:Im(eps-1)
        1.8858723505        1.0798517495       -0.0530457600
        1.8858723505        1.0798175977       -0.0531815582
        1.8858723505        1.0797726879       -0.0529847601
        1.4349337000        1.1798791592       -0.0839234536
        1.4349337000        1.1790584033       -0.0843473384
        1.8858723505        1.0793746336       -0.0528948523
        1.8858723505        1.0797438484       -0.0529358846
        1.4349337000        1.1792056683       -0.0837817871
        1.4349337000        1.1783320554       -0.0834014511
        1.8858723505        1.0792222095       -0.0521213221
        1.8858723505        1.0797206948       -0.0524500361
        1.8858723505        1.0795658926       -0.0518630341
        1.8858723505        1.0798904431       -0.0525029143
        1.4349337000        1.1798945347       -0.0840905133
        1.4349337000        1.1805306474       -0.0842091317
        1.8858723505        1.0800155059       -0.0530832539
        1.4349337000        1.1792444754       -0.0842968359
        0.7493696849        1.3780255097       -0.1246016386
        0.7493696849        1.3778656113       -0.1253682195
        1.4349337000        1.1792003897       -0.0846233442
        1.4349337000        1.1799687575       -0.0841528375
        0.7493696849        1.3781740623       -0.1241092407
        0.7493696849        1.3737555289       -0.1239502347
        1.4349337000        1.1783144526       -0.0838666653
        1.8858723505        1.0800207484       -0.0529001349
        1.4349337000        1.1799982374       -0.0838545348
        1.4349337000        1.1790283388       -0.0833529337
        1.8858723505        1.0796979491       -0.0518622639
        1.8858723505        1.0797012326       -0.0518627267
        1.4349337000        1.1790371873       -0.0833539390
        1.4349337000        1.1800032981       -0.0838550796
        1.8858723505        1.0800192763       -0.0529000700
        1.4349337000        1.1783221703       -0.0838674577
        0.7493696849        1.3737591475       -0.1239513332
        0.7493696849        1.3781702534       -0.1241082692
        1.4349337000        1.1799598877       -0.0841519988
        1.4349337000        1.1792041775       -0.0846235852
        0.7493696849        1.3778622849       -0.1253672099
        0.7493696849        1.3780118146       -0.1245967202
        1.4349337000        1.1792366132       -0.0842963868
        1.8858723505        1.0800140498       -0.0530832728
        1.4349337000        1.1805224843       -0.0842083830
        1.4349337000        1.1798872087       -0.0840901917
        1.8858723505        1.0798853213       -0.0525026752
        1.8858723505        1.0795679211       -0.0518632115
        1.8858723505        1.0797188086       -0.0524499604
        1.8858723505        1.0792239866       -0.0521215019
        1.4349337000        1.1783258147       -0.0834006513
        1.4349337000        1.1791993376       -0.0837815536
        1.8858723505        1.0797398882       -0.0529354956
        1.8858723505        1.0793728818       -0.0528947050
        1.4349337000        1.1790525065       -0.0843471607
        1.4349337000        1.1798684155       -0.0839224992
        1.8858723505        1.0797675970       -0.0529845283
        1.8858723505        1.0798144423       -0.0531812050
        1.8858723505        1.0798471126       -0.0530456543
