#epsqw diagonal term
#1:q+G [au], 2:Re(eps-1), 3:Im(eps-1)
        1.8858723505        0.8443498841       -0.0450019467
        1.8858723505        0.8443204039       -0.0449544382
        1.8858723505        0.8441567830       -0.0449621673
        1.4349337000        0.6985207929       -0.0867330912
        1.4349337000        0.6990862595       -0.0874719539
        1.8858723505        0.8435733216       -0.0447272098
        1.8858723505        0.8441675940       -0.0450127649
        1.4349337000        0.6991323010       -0.0875280160
        1.4349337000        0.6993832108       -0.0874776234
        1.8858723505        0.8438581636       -0.0450449366
        1.8858723505        0.8438802910       -0.0446776092
        1.8858723505        0.8440486482       -0.0449677528
        1.8858723505        0.8436180474       -0.0447094591
        1.4349337000        0.6994320782       -0.0868207693
        1.4349337000        0.6987709539       -0.0862674921
        1.8858723505        0.8440381608       -0.0449134806
        1.4349337000        0.6989715443       -0.0871671167
        0.7493696849        0.4363531645       -0.2605541882
        0.7493696849        0.4369723652       -0.2603587171
        1.4349337000        0.6990387718       -0.0871124575
        1.4349337000        0.6982045902       -0.0863933255
        0.7493696849        0.4364984471       -0.2602722909
        0.7493696849        0.4402122829       -0.2611609867
        1.4349337000        0.6990693985       -0.0871426934
        1.8858723505        0.8440851367       -0.0450279788
        1.4349337000        0.6994781843       -0.0867838586
        1.4349337000        0.6997053152       -0.0870713066
        1.8858723505        0.8437716907       -0.0450056080
        1.8858723505        0.8437686916       -0.0450052183
        1.4349337000        0.6997037988       -0.0870722860
        1.4349337000        0.6994775142       -0.0867833813
        1.8858723505        0.8440854674       -0.0450280240
        1.4349337000        0.6990676723       -0.0871438244
        0.7493696849        0.4402120489       -0.2611604923
        0.7493696849        0.4364989009       -0.2602726440
        1.4349337000        0.6982057827       -0.0863934458
        1.4349337000        0.6990370565       -0.0871134761
        0.7493696849        0.4369715886       -0.2603593339
        0.7493696849        0.4363540618       -0.2605552736
        1.4349337000        0.6989753353       -0.0871668432
        1.8858723505        0.8440383259       -0.0449132560
        1.4349337000        0.6987710310       -0.0862684265
        1.4349337000        0.6994356465       -0.0868207643
        1.8858723505        0.8436211882       -0.0447095175
        1.8858723505        0.8440485270       -0.0449674656
        1.8858723505        0.8438803165       -0.0446778788
        1.8858723505        0.8438582013       -0.0450445036
        1.4349337000        0.6993845449       -0.0874786541
        1.4349337000        0.6991366270       -0.0875288589
        1.8858723505        0.8441698381       -0.0450131887
        1.8858723505        0.8435733771       -0.0447269636
        1.4349337000        0.6990896432       -0.0874733354
        1.4349337000        0.6985254379       -0.0867324940
        1.8858723505        0.8441604472       -0.0449624980
        1.8858723505        0.8443224752       -0.0449547302
        1.8858723505        0.8443535024       -0.0450018625
