#epsqw diagonal term
#1:q+G [au], 2:Re(eps-1), 3:Im(eps-1)
        1.8858723505        0.9774943120       -0.1700170258
        1.8858723505        0.9779429324       -0.1699016012
        1.8858723505        0.9780953612       -0.1709862191
        1.4349337000        0.9968784883       -0.3808991144
        1.4349337000        0.9946780127       -0.3740165524
        1.8858723505        0.9794006821       -0.1716792018
        1.8858723505        0.9779319813       -0.1711691687
        1.4349337000        0.9935544345       -0.3747771114
        1.4349337000        1.0028925369       -0.3761314429
        1.8858723505        0.9794828496       -0.1707172663
        1.8858723505        0.9791470350       -0.1711523079
        1.8858723505        0.9794780320       -0.1698599214
        1.8858723505        0.9794680847       -0.1703899978
        1.4349337000        0.9960029140       -0.3734634072
        1.4349337000        0.9991100354       -0.3786479538
        1.8858723505        0.9783775438       -0.1692470537
        1.4349337000        0.9932874615       -0.3727282980
        0.7493696849        0.7249870969       -1.0332109511
        0.7493696849        0.7248984048       -1.0292689168
        1.4349337000        0.9958454220       -0.3726086494
        1.4349337000        0.9977761711       -0.3796887194
        0.7493696849        0.7270327901       -1.0317892143
        0.7493696849        0.7123925895       -1.0519680967
        1.4349337000        1.0035309677       -0.3739920556
        1.8858723505        0.9778167238       -0.1693931262
        1.4349337000        0.9969412232       -0.3740854867
        1.4349337000        1.0044029148       -0.3736120915
        1.8858723505        0.9797838294       -0.1694320081
        1.8858723505        0.9797456949       -0.1694391360
        1.4349337000        1.0042678361       -0.3736855450
        1.4349337000        0.9969600490       -0.3741672749
        1.8858723505        0.9778030902       -0.1693867509
        1.4349337000        1.0034155426       -0.3740409626
        0.7493696849        0.7123198721       -1.0518449234
        0.7493696849        0.7271054209       -1.0318867458
        1.4349337000        0.9978989526       -0.3796164828
        1.4349337000        0.9958655006       -0.3726755964
        0.7493696849        0.7249790377       -1.0293729753
        0.7493696849        0.7252675061       -1.0335886783
        1.4349337000        0.9934383032       -0.3726630983
        1.8858723505        0.9783655574       -0.1692471138
        1.4349337000        0.9992484741       -0.3785744906
        1.4349337000        0.9961460969       -0.3734125324
        1.8858723505        0.9795257203       -0.1703671482
        1.8858723505        0.9794742444       -0.1698637260
        1.8858723505        0.9791383175       -0.1711502298
        1.8858723505        0.9794870784       -0.1707204448
        1.4349337000        1.0028905021       -0.3760918545
        1.4349337000        0.9936492000       -0.3746798922
        1.8858723505        0.9779774095       -0.1711658884
        1.8858723505        0.9793944886       -0.1716747606
        1.4349337000        0.9947781835       -0.3739280297
        1.4349337000        0.9970630202       -0.3808630379
        1.8858723505        0.9781443044       -0.1709606780
        1.8858723505        0.9779992070       -0.1698849903
        1.8858723505        0.9775472434       -0.1699911137
