#epsqw diagonal term
#1:q+G [au], 2:Re(eps-1), 3:Im(eps-1)
        1.8858723505        0.8745866839       -0.0006370043
        1.8858723505        0.8745846421       -0.0006370780
        1.8858723505        0.8745422710       -0.0006375564
        1.4349337000        0.7655498837       -0.0009759478
        1.4349337000        0.7655765755       -0.0009755341
        1.8858723505        0.8745306129       -0.0006373729
        1.8858723505        0.8745405132       -0.0006376321
        1.4349337000        0.7655744626       -0.0009755726
        1.4349337000        0.7655609592       -0.0009754142
        1.8858723505        0.8745317515       -0.0006375701
        1.8858723505        0.8745724057       -0.0006368691
        1.8858723505        0.8745752120       -0.0006370488
        1.8858723505        0.8745504847       -0.0006373708
        1.4349337000        0.7656105258       -0.0009755392
        1.4349337000        0.7655826663       -0.0009760470
        1.8858723505        0.8745633252       -0.0006376379
        1.4349337000        0.7655590413       -0.0009755852
        0.7493696849        0.4523956692       -0.0018156319
        0.7493696849        0.4523930987       -0.0018156791
        1.4349337000        0.7655622073       -0.0009756017
        1.4349337000        0.7655307006       -0.0009761076
        0.7493696849        0.4523883886       -0.0018158282
        0.7493696849        0.4523235784       -0.0018161783
        1.4349337000        0.7655443319       -0.0009755153
        1.8858723505        0.8745634560       -0.0006376414
        1.4349337000        0.7656122131       -0.0009755950
        1.4349337000        0.7655929462       -0.0009754980
        1.8858723505        0.8745531571       -0.0006376374
        1.8858723505        0.8745507562       -0.0006376404
        1.4349337000        0.7655904057       -0.0009754976
        1.4349337000        0.7656099013       -0.0009755947
        1.8858723505        0.8745636273       -0.0006376415
        1.4349337000        0.7655419349       -0.0009755148
        0.7493696849        0.4523229253       -0.0018161759
        0.7493696849        0.4523890036       -0.0018158323
        1.4349337000        0.7655331347       -0.0009761089
        1.4349337000        0.7655599616       -0.0009756016
        0.7493696849        0.4523936020       -0.0018156828
        0.7493696849        0.4523972592       -0.0018156385
        1.4349337000        0.7655633673       -0.0009755845
        1.8858723505        0.8745634158       -0.0006376383
        1.4349337000        0.7655849068       -0.0009760484
        1.4349337000        0.7656147357       -0.0009755386
        1.8858723505        0.8745529027       -0.0006373680
        1.8858723505        0.8745751565       -0.0006370483
        1.8858723505        0.8745723839       -0.0006368690
        1.8858723505        0.8745317292       -0.0006375696
        1.4349337000        0.7655621491       -0.0009754141
        1.4349337000        0.7655780629       -0.0009755716
        1.8858723505        0.8745427156       -0.0006376294
        1.8858723505        0.8745305637       -0.0006373727
        1.4349337000        0.7655799331       -0.0009755332
        1.4349337000        0.7655530963       -0.0009759461
        1.8858723505        0.8745448303       -0.0006375531
        1.8858723505        0.8745866619       -0.0006370753
        1.8858723505        0.8745891449       -0.0006370009
