#epsqw diagonal term
#1:q+G [au], 2:Re(eps-1), 3:Im(eps-1)
        1.8858723505        0.8744398424       -0.0006456471
        1.8858723505        0.8744377585       -0.0006457247
        1.8858723505        0.8743951326       -0.0006462260
        1.4349337000        0.7653380639       -0.0009872168
        1.4349337000        0.7653650397       -0.0009867694
        1.8858723505        0.8743836320       -0.0006460207
        1.8858723505        0.8743933280       -0.0006463064
        1.4349337000        0.7653629010       -0.0009868106
        1.4349337000        0.7653496221       -0.0009866133
        1.8858723505        0.8743847084       -0.0006462070
        1.8858723505        0.8744256916       -0.0006454931
        1.8858723505        0.8744284483       -0.0006456605
        1.8858723505        0.8744034811       -0.0006460222
        1.4349337000        0.7653989467       -0.0009867800
        1.4349337000        0.7653707640       -0.0009873229
        1.8858723505        0.8744161110       -0.0006463159
        1.4349337000        0.7653474916       -0.0009868189
        0.7493696849        0.4519153127       -0.0018376902
        0.7493696849        0.4519127324       -0.0018377374
        1.4349337000        0.7653506415       -0.0009868376
        1.4349337000        0.7653188044       -0.0009873806
        0.7493696849        0.4519079060       -0.0018378970
        0.7493696849        0.4518432324       -0.0018381820
        1.4349337000        0.7653329615       -0.0009867139
        1.8858723505        0.8744162363       -0.0006463202
        1.4349337000        0.7654005908       -0.0009868409
        1.4349337000        0.7653815391       -0.0009867028
        1.8858723505        0.8744060504       -0.0006462812
        1.8858723505        0.8744036502       -0.0006462841
        1.4349337000        0.7653790005       -0.0009867023
        1.4349337000        0.7653982796       -0.0009868404
        1.8858723505        0.8744164079       -0.0006463204
        1.4349337000        0.7653305663       -0.0009867133
        0.7493696849        0.4518425798       -0.0018381798
        0.7493696849        0.4519085197       -0.0018379012
        1.4349337000        0.7653212382       -0.0009873822
        1.4349337000        0.7653483959       -0.0009868375
        0.7493696849        0.4519132346       -0.0018377412
        0.7493696849        0.4519169001       -0.0018376969
        1.4349337000        0.7653518165       -0.0009868184
        1.8858723505        0.8744162014       -0.0006463163
        1.4349337000        0.7653730035       -0.0009873245
        1.4349337000        0.7654031550       -0.0009867796
        1.8858723505        0.8744058983       -0.0006460195
        1.8858723505        0.8744283931       -0.0006456600
        1.8858723505        0.8744256699       -0.0006454930
        1.8858723505        0.8743846864       -0.0006462065
        1.4349337000        0.7653508120       -0.0009866132
        1.4349337000        0.7653664994       -0.0009868096
        1.8858723505        0.8743955304       -0.0006463038
        1.8858723505        0.8743835829       -0.0006460206
        1.4349337000        0.7653683957       -0.0009867684
        1.4349337000        0.7653412749       -0.0009872150
        1.8858723505        0.8743976913       -0.0006462227
        1.8858723505        0.8744397783       -0.0006457220
        1.8858723505        0.8744423026       -0.0006456438
