#epsqw diagonal term
#1:q+G [au], 2:Re(eps-1), 3:Im(eps-1)
        1.8858723505        0.8638024235       -0.0191776892
        1.8858723505        0.8638042031       -0.0191777466
        1.8858723505        0.8636357281       -0.0194372389
        1.4349337000        0.7459025379       -0.0226751821
        1.4349337000        0.7460540417       -0.0228077173
        1.8858723505        0.8636057581       -0.0193947596
        1.8858723505        0.8636661611       -0.0194452881
        1.4349337000        0.7460883099       -0.0228042595
        1.4349337000        0.7461567237       -0.0232541687
        1.8858723505        0.8636478615       -0.0196785865
        1.8858723505        0.8637342762       -0.0191189225
        1.8858723505        0.8637888891       -0.0194306010
        1.8858723505        0.8635191184       -0.0192211216
        1.4349337000        0.7462083133       -0.0228892643
        1.4349337000        0.7460171288       -0.0227480990
        1.8858723505        0.8635983070       -0.0193357346
        1.4349337000        0.7461253951       -0.0228145395
        0.7493696849        0.4047207883       -0.0365728701
        0.7493696849        0.4047506778       -0.0364802008
        1.4349337000        0.7461225269       -0.0228204977
        1.4349337000        0.7459361938       -0.0226880910
        0.7493696849        0.4047142340       -0.0366138958
        0.7493696849        0.4044569700       -0.0364739344
        1.4349337000        0.7461781766       -0.0232504592
        1.8858723505        0.8636090599       -0.0193367491
        1.4349337000        0.7462253120       -0.0228750178
        1.4349337000        0.7462873329       -0.0233202766
        1.8858723505        0.8636192032       -0.0196205561
        1.8858723505        0.8636168426       -0.0196204074
        1.4349337000        0.7462848730       -0.0233201542
        1.4349337000        0.7462231509       -0.0228747816
        1.8858723505        0.8636091564       -0.0193366821
        1.4349337000        0.7461759566       -0.0232503620
        0.7493696849        0.4044564325       -0.0364738082
        0.7493696849        0.4047146584       -0.0366140477
        1.4349337000        0.7459385665       -0.0226883151
        1.4349337000        0.7461203809       -0.0228203756
        0.7493696849        0.4047510651       -0.0364803074
        0.7493696849        0.4047222445       -0.0365730270
        1.4349337000        0.7461295691       -0.0228148641
        1.8858723505        0.8635983709       -0.0193357523
        1.4349337000        0.7460193315       -0.0227483220
        1.4349337000        0.7462125346       -0.0228895860
        1.8858723505        0.8635214777       -0.0192212063
        1.8858723505        0.8637889179       -0.0194305620
        1.8858723505        0.8637343045       -0.0191188854
        1.8858723505        0.8636479554       -0.0196786600
        1.4349337000        0.7461577020       -0.0232542702
        1.4349337000        0.7460918526       -0.0228045124
        1.8858723505        0.8636684657       -0.0194454354
        1.8858723505        0.8636056555       -0.0193947594
        1.4349337000        0.7460571348       -0.0228079828
        1.4349337000        0.7459056769       -0.0226753930
        1.8858723505        0.8636381959       -0.0194373101
        1.8858723505        0.8638062162       -0.0191779121
        1.8858723505        0.8638049039       -0.0191778194
