#epsqw diagonal term
#1:q+G [au], 2:Re(eps-1), 3:Im(eps-1)
        1.8858723505        1.0898871070       -0.0447367662
        1.8858723505        1.0899787754       -0.0446416973
        1.8858723505        1.0899818357       -0.0446961205
        1.4349337000        1.1666385412       -0.0461583283
        1.4349337000        1.1666097386       -0.0465765718
        1.8858723505        1.0904325824       -0.0441973229
        1.8858723505        1.0900047127       -0.0446037166
        1.4349337000        1.1666005579       -0.0465065013
        1.4349337000        1.1669091224       -0.0456558326
        1.8858723505        1.0905040680       -0.0425808696
        1.8858723505        1.0903534540       -0.0441119406
        1.8858723505        1.0904610743       -0.0425059053
        1.8858723505        1.0908149223       -0.0445348123
        1.4349337000        1.1667240516       -0.0473960771
        1.4349337000        1.1666794949       -0.0468999142
        1.8858723505        1.0901079070       -0.0449102023
        1.4349337000        1.1668231278       -0.0475176307
        0.7493696849        1.3109532341       -0.0429448662
        0.7493696849        1.3110925402       -0.0429777015
        1.4349337000        1.1666401860       -0.0475724239
        1.4349337000        1.1667135053       -0.0470214533
        0.7493696849        1.3109206714       -0.0429149454
        0.7493696849        1.3118962833       -0.0426476371
        1.4349337000        1.1671311298       -0.0465616523
        1.8858723505        1.0900387528       -0.0449140518
        1.4349337000        1.1665296936       -0.0473819863
        1.4349337000        1.1670718780       -0.0463776919
        1.8858723505        1.0908822415       -0.0428587655
        1.8858723505        1.0908841136       -0.0428585772
        1.4349337000        1.1670761392       -0.0463777912
        1.4349337000        1.1665328649       -0.0473819173
        1.8858723505        1.0900378686       -0.0449138208
        1.4349337000        1.1671351900       -0.0465617172
        0.7493696849        1.3119002280       -0.0426480543
        0.7493696849        1.3109173220       -0.0429146689
        1.4349337000        1.1667088338       -0.0470213047
        1.4349337000        1.1666428763       -0.0475725082
        0.7493696849        1.3110896423       -0.0429774426
        0.7493696849        1.3109439994       -0.0429437986
        1.4349337000        1.1668177134       -0.0475176954
        1.8858723505        1.0901067809       -0.0449103439
        1.4349337000        1.1666753377       -0.0468999890
        1.4349337000        1.1667195758       -0.0473961323
        1.8858723505        1.0908111041       -0.0445348591
        1.8858723505        1.0904624525       -0.0425062802
        1.8858723505        1.0903519740       -0.0441119516
        1.8858723505        1.0905056213       -0.0425811227
        1.4349337000        1.1669064311       -0.0456560264
        1.4349337000        1.1665961051       -0.0465066838
        1.8858723505        1.0900021550       -0.0446037837
        1.8858723505        1.0904316642       -0.0441972887
        1.4349337000        1.1666061669       -0.0465766986
        1.4349337000        1.1666333320       -0.0461582028
        1.8858723505        1.0899781443       -0.0446960861
        1.8858723505        1.0899772187       -0.0446417328
        1.8858723505        1.0898841717       -0.0447366664
