#epsqw diagonal term
#1:q+G [au], 2:Re(eps-1), 3:Im(eps-1)
        1.8858723505        0.8747015321       -0.0006304004
        1.8858723505        0.8746995229       -0.0006304711
        1.8858723505        0.8746573487       -0.0006309321
        1.4349337000        0.7657158554       -0.0009673169
        1.4349337000        0.7657423286       -0.0009669283
        1.8858723505        0.8746455734       -0.0006307642
        1.8858723505        0.8746556269       -0.0006310043
        1.4349337000        0.7657402366       -0.0009669648
        1.4349337000        0.7657265616       -0.0009668348
        1.8858723505        0.8746467643       -0.0006309682
        1.8858723505        0.8746871597       -0.0006302785
        1.8858723505        0.8746900090       -0.0006304659
        1.8858723505        0.8746654622       -0.0006307597
        1.4349337000        0.7657763108       -0.0009669293
        1.4349337000        0.7657487004       -0.0009674108
        1.8858723505        0.8746784615       -0.0006310075
        1.4349337000        0.7657248062       -0.0009669803
        0.7493696849        0.4527728590       -0.0017986974
        0.7493696849        0.4527702972       -0.0017987447
        1.4349337000        0.7657279848       -0.0009669951
        1.4349337000        0.7656967316       -0.0009674734
        0.7493696849        0.4527656766       -0.0017988858
        0.7493696849        0.4527007833       -0.0017992810
        1.4349337000        0.7657099616       -0.0009669361
        1.8858723505        0.8746785958       -0.0006310103
        1.4349337000        0.7657780318       -0.0009669814
        1.4349337000        0.7657586025       -0.0009669143
        1.8858723505        0.8746682190       -0.0006310304
        1.8858723505        0.8746658169       -0.0006310334
        1.4349337000        0.7657560597       -0.0009669139
        1.4349337000        0.7657757184       -0.0009669812
        1.8858723505        0.8746787673       -0.0006310104
        1.4349337000        0.7657075623       -0.0009669358
        0.7493696849        0.4527001310       -0.0017992785
        0.7493696849        0.4527662918       -0.0017988899
        1.4349337000        0.7656991674       -0.0009674745
        1.4349337000        0.7657257374       -0.0009669952
        0.7493696849        0.4527708006       -0.0017987482
        0.7493696849        0.4527744518       -0.0017987040
        1.4349337000        0.7657291346       -0.0009669795
        1.8858723505        0.8746785520       -0.0006310078
        1.4349337000        0.7657509421       -0.0009674120
        1.4349337000        0.7657805227       -0.0009669285
        1.8858723505        0.8746678808       -0.0006307568
        1.8858723505        0.8746899524       -0.0006304655
        1.8858723505        0.8746871377       -0.0006302785
        1.8858723505        0.8746467409       -0.0006309678
        1.4349337000        0.7657277505       -0.0009668348
        1.4349337000        0.7657438373       -0.0009669638
        1.8858723505        0.8746578297       -0.0006310016
        1.8858723505        0.8746455238       -0.0006307641
        1.4349337000        0.7657456867       -0.0009669274
        1.4349337000        0.7657190687       -0.0009673152
        1.8858723505        0.8746599086       -0.0006309288
        1.8858723505        0.8747015429       -0.0006304684
        1.8858723505        0.8747039935       -0.0006303970
