#epsqw diagonal term
#1:q+G [au], 2:Re(eps-1), 3:Im(eps-1)
        1.8858723505        1.0230311652       -0.0001896678
        1.8858723505        1.0230300332       -0.0001896803
        1.8858723505        1.0230341896       -0.0001886424
        1.4349337000        1.0369510984       -0.0002221013
        1.4349337000        1.0369495791       -0.0002215724
        1.8858723505        1.0230375033       -0.0001891318
        1.8858723505        1.0230339446       -0.0001885929
        1.4349337000        1.0369499964       -0.0002215993
        1.4349337000        1.0369575521       -0.0002221994
        1.8858723505        1.0230443658       -0.0001895343
        1.8858723505        1.0230366709       -0.0001901178
        1.8858723505        1.0230421977       -0.0001902101
        1.8858723505        1.0230378821       -0.0001899476
        1.4349337000        1.0369405646       -0.0002214330
        1.4349337000        1.0369412391       -0.0002220385
        1.8858723505        1.0230304785       -0.0001893456
        1.4349337000        1.0369547847       -0.0002216680
        0.7493696849        1.0671885890       -0.0004372493
        0.7493696849        1.0671859738       -0.0004371980
        1.4349337000        1.0369538290       -0.0002216421
        1.4349337000        1.0369560100       -0.0002221768
        0.7493696849        1.0671877969       -0.0004371108
        0.7493696849        1.0671955752       -0.0004368072
        1.4349337000        1.0369614260       -0.0002222054
        1.8858723505        1.0230312891       -0.0001892912
        1.4349337000        1.0369396934       -0.0002214231
        1.4349337000        1.0369471689       -0.0002220774
        1.8858723505        1.0230431141       -0.0001900947
        1.8858723505        1.0230432935       -0.0001901102
        1.4349337000        1.0369477810       -0.0002220949
        1.4349337000        1.0369405307       -0.0002214717
        1.8858723505        1.0230312893       -0.0001893177
        1.4349337000        1.0369620015       -0.0002222222
        0.7493696849        1.0671947006       -0.0004367894
        0.7493696849        1.0671871467       -0.0004371274
        1.4349337000        1.0369548389       -0.0002221591
        1.4349337000        1.0369545610       -0.0002216893
        0.7493696849        1.0671854097       -0.0004372167
        0.7493696849        1.0671875414       -0.0004372996
        1.4349337000        1.0369535919       -0.0002216789
        1.8858723505        1.0230303969       -0.0001893652
        1.4349337000        1.0369402087       -0.0002220216
        1.4349337000        1.0369394720       -0.0002214461
        1.8858723505        1.0230373618       -0.0001899428
        1.8858723505        1.0230423102       -0.0001901976
        1.8858723505        1.0230366241       -0.0001901310
        1.8858723505        1.0230444484       -0.0001895220
        1.4349337000        1.0369567336       -0.0002221509
        1.4349337000        1.0369491501       -0.0002215821
        1.8858723505        1.0230334247       -0.0001885642
        1.8858723505        1.0230373658       -0.0001891397
        1.4349337000        1.0369488201       -0.0002215574
        1.4349337000        1.0369503709       -0.0002221167
        1.8858723505        1.0230338488       -0.0001886509
        1.8858723505        1.0230296672       -0.0001896543
        1.8858723505        1.0230310254       -0.0001896860
