#epsqw diagonal term
#1:q+G [au], 2:Re(eps-1), 3:Im(eps-1)
        1.8858723505        0.9016003315       -0.1566915175
        1.8858723505        0.9014913971       -0.1569528095
        1.8858723505        0.9013845197       -0.1568620685
        1.4349337000        0.8371702021       -0.3032109438
        1.4349337000        0.8417863694       -0.3055719044
        1.8858723505        0.9008689237       -0.1578173600
        1.8858723505        0.9014245415       -0.1567806048
        1.4349337000        0.8417863067       -0.3053647131
        1.4349337000        0.8398656492       -0.3046480064
        1.8858723505        0.9025252575       -0.1570202253
        1.8858723505        0.9014802737       -0.1576915963
        1.8858723505        0.9030537642       -0.1572827371
        1.8858723505        0.9004787239       -0.1582384660
        1.4349337000        0.8423672407       -0.3049333063
        1.4349337000        0.8369610930       -0.3027829091
        1.8858723505        0.9005924756       -0.1576675022
        1.4349337000        0.8408309424       -0.3057326203
        0.7493696849        0.8025472331       -0.9211511062
        0.7493696849        0.8040520202       -0.9231938327
        1.4349337000        0.8410734523       -0.3061708519
        1.4349337000        0.8363132723       -0.3035579394
        0.7493696849        0.8045165637       -0.9217545454
        0.7493696849        0.8000510858       -0.9299612506
        1.4349337000        0.8385301067       -0.3050961148
        1.8858723505        0.9008540464       -0.1571052689
        1.4349337000        0.8425838670       -0.3051366106
        1.4349337000        0.8388889046       -0.3041221046
        1.8858723505        0.9020806669       -0.1578507514
        1.8858723505        0.9020678539       -0.1578375582
        1.4349337000        0.8388859780       -0.3041150169
        1.4349337000        0.8425589288       -0.3051132232
        1.8858723505        0.9008522984       -0.1571030710
        1.4349337000        0.8385254325       -0.3050894559
        0.7493696849        0.8000604473       -0.9299502770
        0.7493696849        0.8045076411       -0.9217595051
        1.4349337000        0.8363155779       -0.3035676141
        1.4349337000        0.8410455678       -0.3061542033
        0.7493696849        0.8040450142       -0.9231967713
        0.7493696849        0.8025354083       -0.9211892364
        1.4349337000        0.8408621149       -0.3057620532
        1.8858723505        0.9005907329       -0.1576640456
        1.4349337000        0.8369635691       -0.3027952226
        1.4349337000        0.8423990349       -0.3049615191
        1.8858723505        0.9004945527       -0.1582541048
        1.8858723505        0.9030517183       -0.1572827160
        1.8858723505        0.9014806916       -0.1576924261
        1.8858723505        0.9025261324       -0.1570198918
        1.4349337000        0.8398682664       -0.3046525311
        1.4349337000        0.8418147039       -0.3053904084
        1.8858723505        0.9014382869       -0.1567964643
        1.8858723505        0.9008694455       -0.1578167547
        1.4349337000        0.8418138731       -0.3055994603
        1.4349337000        0.8371767206       -0.3032277720
        1.8858723505        0.9013977969       -0.1568744513
        1.8858723505        0.9015046357       -0.1569690027
        1.8858723505        0.9016157620       -0.1567037774
