#epsqw diagonal term
#1:q+G [au], 2:Re(eps-1), 3:Im(eps-1)
        1.8355733566        0.8713867563       -0.1415843411
        1.7662812859        0.8539243345       -0.1679720768
        2.0898922014        0.9252126454       -0.0955708813
        2.1487739248        0.9351404677       -0.0992009199
        1.6941574940        0.8381606148       -0.1912448504
        1.6188235383        0.8138800282       -0.2213902734
        1.9668475997        0.9061814371       -0.1273059986
        1.9668475997        0.9062361900       -0.1144318199
        1.9023431641        0.8871535030       -0.1347016518
        2.2060846191        0.9446751115       -0.0741504134
        1.8355733566        0.8703974104       -0.1421338071
        1.7662812859        0.8559845450       -0.1680303370
        2.0898922014        0.9250859931       -0.0951932003
        1.7662812859        0.8549542281       -0.1618568119
        1.1716184599        0.6537714916       -0.3221774237
        1.0597687716        0.5860088982       -0.4408290844
        1.5398083263        0.8003860465       -0.2524370120
        1.6188235383        0.8242422152       -0.2105217501
        0.9346282056        0.5123996455       -0.5006664163
        0.7899050046        0.3572265412       -0.4980726347
        1.3681556010        0.7531452722       -0.3267002450
        2.1487739248        0.9334662582       -0.0893857776
        1.9023431641        0.8961274631       -0.1248621487
        1.3681556010        0.7455387367       -0.3240096128
        1.2736835487        0.6920612102       -0.3633008052
        1.6941574940        0.8576349322       -0.1748515832
        2.0898922014        0.9214982172       -0.0967959942
        2.0293026997        0.9170105194       -0.1049036836
        2.1487739248        0.9376996350       -0.0997528906
        1.6941574940        0.8401453127       -0.1906302438
        1.6188235383        0.8164849579       -0.2226874871
        1.9668475997        0.9058039162       -0.1257404285
        1.6188235383        0.8229916426       -0.2102559433
        0.9346282056        0.5132716640       -0.5003845831
        0.7899050046        0.3583056161       -0.5038407145
        1.3681556010        0.7517512318       -0.3257273763
        2.1487739248        0.9333214080       -0.0892923374
        1.4565128613        0.7732176666       -0.2609971099
        0.6118577855        0.2472016235       -0.5380474780
        0.3532562572        0.1982799441       -0.5240976549
        1.1716184599        0.6257089098       -0.3535921117
        2.0293026997        0.9276732614       -0.1093763367
        1.7662812859        0.8572255239       -0.1603622452
        1.1716184599        0.6411567422       -0.4344293523
        1.0597687716        0.5336085701       -0.4211240953
        1.5398083263        0.8110939312       -0.2101887401
        1.9668475997        0.9042221087       -0.1142074848
        1.9023431641        0.8930175750       -0.1332284359
        2.2060846191        0.9469506699       -0.0878603893
        1.9668475997        0.9071145223       -0.1139191150
        1.9023431641        0.8893284980       -0.1344449036
        2.2060846191        0.9448014884       -0.0740687692
        1.9023431641        0.8979339421       -0.1256398660
        1.3681556010        0.7474315384       -0.3206618779
        1.2736835487        0.6937472360       -0.3628428844
        1.6941574940        0.8543717033       -0.1758169918
        1.7662812859        0.8593196573       -0.1614142376
        1.1716184599        0.6411522270       -0.4306030801
        1.0597687716        0.5343424382       -0.4147288259
        1.5398083263        0.8087063481       -0.2103045629
        2.0293026997        0.9238529474       -0.0977495980
        1.5398083263        0.8133327307       -0.2362088807
        1.4565128613        0.7765648639       -0.2582574666
        1.8355733566        0.8976029911       -0.1186504954
        2.2060846191        0.9399938220       -0.0813802783
        2.1487739248        0.9346037811       -0.0907099183
        2.0898922014        0.9217454010       -0.0967025425
        2.0293026997        0.9156724014       -0.1047045119
        1.9668475997        0.9033872773       -0.1147226847
        1.9023431641        0.8910641498       -0.1331022309
        2.2060846191        0.9465441863       -0.0877448521
        2.2060846191        0.9397973200       -0.0815938831
        2.1487739248        0.9347067598       -0.0903662454
