#epsqw diagonal term
#1:q+G [au], 2:Re(eps-1), 3:Im(eps-1)
        1.8355733566        0.8675953629       -0.0006691128
        1.7662812859        0.8555255181       -0.0006867534
        2.0898922014        0.9042162283       -0.0005562797
        2.1487739248        0.9134076089       -0.0004596874
        1.6941574940        0.8416613311       -0.0007058931
        1.6188235383        0.8259694074       -0.0007446933
        1.9668475997        0.8904229554       -0.0005441221
        1.9668475997        0.8883412821       -0.0006006329
        1.9023431641        0.8794137678       -0.0006041052
        2.2060846191        0.9167845114       -0.0005237791
        1.8355733566        0.8676991703       -0.0006664798
        1.7662812859        0.8555214839       -0.0006879082
        2.0898922014        0.9041786374       -0.0005589943
        1.7662812859        0.8544933649       -0.0007334748
        1.1716184599        0.6698082730       -0.0012366718
        1.0597687716        0.6127101974       -0.0014015405
        1.5398083263        0.7995560521       -0.0008929027
        1.6188235383        0.8222973196       -0.0007929183
        0.9346282056        0.5502066695       -0.0015838963
        0.7899050046        0.4786327909       -0.0018067246
        1.3681556010        0.7456300124       -0.0010241901
        2.1487739248        0.9135137520       -0.0004949189
        1.9023431641        0.8779720371       -0.0006635198
        1.3681556010        0.7424379961       -0.0010633837
        1.2736835487        0.7075175702       -0.0011494278
        1.6941574940        0.8391673482       -0.0007808692
        2.0898922014        0.9038770234       -0.0005626849
        2.0293026997        0.8986987862       -0.0005576605
        2.1487739248        0.9134157260       -0.0004595736
        1.6941574940        0.8416810289       -0.0007062423
        1.6188235383        0.8260041527       -0.0007448731
        1.9668475997        0.8904725764       -0.0005438043
        1.6188235383        0.8223204577       -0.0007923006
        0.9346282056        0.5502250534       -0.0015839561
        0.7899050046        0.4786203265       -0.0018074791
        1.3681556010        0.7456329215       -0.0010244445
        2.1487739248        0.9135007346       -0.0004950206
        1.4565128613        0.7830594126       -0.0008997622
        0.6118577855        0.3830616835       -0.0021102300
        0.3532562572        0.2484528450       -0.0024480508
        1.1716184599        0.6771259703       -0.0012568022
        2.0293026997        0.9039724904       -0.0004548938
        1.7662812859        0.8560903107       -0.0006756522
        1.1716184599        0.6658626922       -0.0012641366
        1.0597687716        0.6193375365       -0.0014258327
        1.5398083263        0.8033684300       -0.0008303990
        1.9668475997        0.8921293341       -0.0005493976
        1.9023431641        0.8847080599       -0.0005384136
        2.2060846191        0.9199092608       -0.0004498277
        1.9668475997        0.8883528725       -0.0006012417
        1.9023431641        0.8794363648       -0.0006037089
        2.2060846191        0.9168076222       -0.0005230672
        1.9023431641        0.8780056732       -0.0006626896
        1.3681556010        0.7423765018       -0.0010650705
        1.2736835487        0.7075358683       -0.0011482439
        1.6941574940        0.8391522063       -0.0007797397
        1.7662812859        0.8560713726       -0.0006747631
        1.1716184599        0.6658666727       -0.0012633535
        1.0597687716        0.6193208585       -0.0014250422
        1.5398083263        0.8033470146       -0.0008302549
        2.0293026997        0.8959091007       -0.0006089847
        1.5398083263        0.7993004328       -0.0008814828
        1.4565128613        0.7764571466       -0.0009244317
        1.8355733566        0.8669933845       -0.0007014044
        2.2060846191        0.9173200598       -0.0005074055
        2.1487739248        0.9128574895       -0.0004964289
        2.0898922014        0.9038378982       -0.0005639350
        2.0293026997        0.8986846923       -0.0005568331
        1.9668475997        0.8921150822       -0.0005490576
        1.9023431641        0.8846749521       -0.0005385630
        2.2060846191        0.9198842447       -0.0004505175
        2.2060846191        0.9173423580       -0.0005063235
        2.1487739248        0.9128227907       -0.0004970874
