#epsqw diagonal term
#1:q+G [au], 2:Re(eps-1), 3:Im(eps-1)
        1.8355733566        0.8671720866       -0.0007019496
        1.7662812859        0.8551050615       -0.0007195758
        2.0898922014        0.9038273351       -0.0005895730
        2.1487739248        0.9131429012       -0.0004773316
        1.6941574940        0.8412706478       -0.0007303395
        1.6188235383        0.8255666978       -0.0007691171
        1.9668475997        0.8901140545       -0.0005641165
        1.9668475997        0.8879534961       -0.0006303507
        1.9023431641        0.8790485141       -0.0006304205
        2.2060846191        0.9163963781       -0.0005580170
        1.8355733566        0.8672803842       -0.0006988142
        1.7662812859        0.8550982901       -0.0007213225
        2.0898922014        0.9037838102       -0.0005933754
        1.7662812859        0.8539975951       -0.0007754423
        1.1716184599        0.6690722128       -0.0012840253
        1.0597687716        0.6118488183       -0.0014562516
        1.5398083263        0.7989904206       -0.0009382471
        1.6188235383        0.8218218638       -0.0008284197
        0.9346282056        0.5492141978       -0.0016383454
        0.7899050046        0.4774236826       -0.0018693844
        1.3681556010        0.7450388968       -0.0010634820
        2.1487739248        0.9131815777       -0.0005211592
        1.9023431641        0.8775048880       -0.0007046324
        1.3681556010        0.7417954510       -0.0011090142
        1.2736835487        0.7068346206       -0.0011954127
        1.6941574940        0.8386473893       -0.0008247050
        2.0898922014        0.9034919439       -0.0005940096
        2.0293026997        0.8983269142       -0.0005882017
        2.1487739248        0.9131507204       -0.0004773588
        1.6941574940        0.8412894969       -0.0007308828
        1.6188235383        0.8256009016       -0.0007693459
        1.9668475997        0.8901641223       -0.0005637463
        1.6188235383        0.8218461639       -0.0008276802
        0.9346282056        0.5492320920       -0.0016384568
        0.7899050046        0.4774096406       -0.0018703173
        1.3681556010        0.7450415725       -0.0010637271
        2.1487739248        0.9131687926       -0.0005212055
        1.4565128613        0.7825657470       -0.0009291524
        0.6118577855        0.3814622418       -0.0021926302
        0.3532562572        0.2462306523       -0.0025579111
        1.1716184599        0.6764202334       -0.0012933267
        2.0293026997        0.9037337671       -0.0004692640
        1.7662812859        0.8556893172       -0.0007041094
        1.1716184599        0.6651406429       -0.0013043202
        1.0597687716        0.6185024814       -0.0014684316
        1.5398083263        0.8028992237       -0.0008608132
        1.9668475997        0.8917999163       -0.0005715978
        1.9023431641        0.8844179541       -0.0005558624
        2.2060846191        0.9196296230       -0.0004696678
        1.9668475997        0.8879632405       -0.0006313977
        1.9023431641        0.8790717644       -0.0006299820
        2.2060846191        0.9164211563       -0.0005569882
        1.9023431641        0.8775393586       -0.0007038074
        1.3681556010        0.7417307083       -0.0011110909
        1.2736835487        0.7068558932       -0.0011935084
        1.6941574940        0.8386355148       -0.0008228149
        1.7662812859        0.8556725627       -0.0007028362
        1.1716184599        0.6651463188       -0.0013032675
        1.0597687716        0.6184869070       -0.0014676109
        1.5398083263        0.8028779758       -0.0008606372
        2.0293026997        0.8954700424       -0.0006469876
        1.5398083263        0.7987741111       -0.0009183733
        1.4565128613        0.7759290039       -0.0009584658
        1.8355733566        0.8665185495       -0.0007394401
        2.2060846191        0.9169642851       -0.0005361912
        2.1487739248        0.9125334704       -0.0005209289
        2.0898922014        0.9034503649       -0.0005955336
        2.0293026997        0.8983155491       -0.0005866617
        1.9668475997        0.8917863108       -0.0005711478
        1.9023431641        0.8843847124       -0.0005560341
        2.2060846191        0.9196035176       -0.0004704779
        2.2060846191        0.9169884433       -0.0005348211
        2.1487739248        0.9124978385       -0.0005216671
