#epsqw diagonal term
#1:q+G [au], 2:Re(eps-1), 3:Im(eps-1)
        1.8355733566        1.0071996070       -0.0000244802
        1.7662812859        1.0078517958       -0.0000267462
        2.0898922014        1.0051567617       -0.0000168102
        2.1487739248        1.0047730102       -0.0000150640
        1.6941574940        1.0085890237       -0.0000293885
        1.6188235383        1.0094413030       -0.0000321749
        1.9668475997        1.0060758470       -0.0000197761
        1.9668475997        1.0060689737       -0.0000201547
        1.9023431641        1.0065990128       -0.0000218988
        2.2060846191        1.0044178627       -0.0000141697
        1.8355733566        1.0071982836       -0.0000244730
        1.7662812859        1.0078486701       -0.0000267394
        2.0898922014        1.0051545613       -0.0000168039
        1.7662812859        1.0078635845       -0.0000271979
        1.1716184599        1.0158020718       -0.0000651600
        1.0597687716        1.0177055631       -0.0000757998
        1.5398083263        1.0104047491       -0.0000380755
        1.6188235383        1.0094426623       -0.0000330250
        0.9346282056        1.0198488098       -0.0000894543
        0.7899050046        1.0221995209       -0.0001056535
        1.3681556010        1.0127743679       -0.0000481386
        2.1487739248        1.0047742692       -0.0000153221
        1.9023431641        1.0065959505       -0.0000222004
        1.3681556010        1.0127294018       -0.0000489395
        1.2736835487        1.0141839361       -0.0000556862
        1.6941574940        1.0086028515       -0.0000302712
        2.0898922014        1.0051693740       -0.0000168828
        2.0293026997        1.0055930679       -0.0000182859
        2.1487739248        1.0047732226       -0.0000150653
        1.6941574940        1.0085876916       -0.0000293844
        1.6188235383        1.0094367528       -0.0000321641
        1.9668475997        1.0060721751       -0.0000197646
        1.6188235383        1.0094440373       -0.0000330260
        0.9346282056        1.0198493546       -0.0000894529
        0.7899050046        1.0221948459       -0.0001056505
        1.3681556010        1.0127716045       -0.0000481353
        2.1487739248        1.0047739831       -0.0000153207
        1.4565128613        1.0115317502       -0.0000404131
        0.6118577855        1.0245507566       -0.0001289315
        0.3532562572        1.0264473616       -0.0001662973
        1.1716184599        1.0159370798       -0.0000614789
        2.0293026997        1.0055881170       -0.0000178242
        1.7662812859        1.0078711447       -0.0000266168
        1.1716184599        1.0158377719       -0.0000638979
        1.0597687716        1.0177669056       -0.0000731004
        1.5398083263        1.0104613989       -0.0000374538
        1.9668475997        1.0060624861       -0.0000198542
        1.9023431641        1.0065843815       -0.0000214518
        2.2060846191        1.0044192565       -0.0000140112
        1.9668475997        1.0060687912       -0.0000201529
        1.9023431641        1.0065968010       -0.0000218929
        2.2060846191        1.0044157770       -0.0000141641
        1.9023431641        1.0065986179       -0.0000222063
        1.3681556010        1.0127324207       -0.0000489492
        1.2736835487        1.0141838591       -0.0000556872
        1.6941574940        1.0086016428       -0.0000302708
        1.7662812859        1.0078738085       -0.0000266248
        1.1716184599        1.0158415539       -0.0000639024
        1.0597687716        1.0177703230       -0.0000731119
        1.5398083263        1.0104626450       -0.0000374589
        2.0293026997        1.0055874642       -0.0000183891
        1.5398083263        1.0104074447       -0.0000380275
        1.4565128613        1.0115321955       -0.0000426518
        1.8355733566        1.0071883493       -0.0000245135
        2.2060846191        1.0044257847       -0.0000142412
        2.1487739248        1.0047734770       -0.0000153475
        2.0898922014        1.0051719232       -0.0000168903
        2.0293026997        1.0055946142       -0.0000182902
        1.9668475997        1.0060655470       -0.0000198624
        1.9023431641        1.0065866698       -0.0000214576
        2.2060846191        1.0044197874       -0.0000140122
        2.2060846191        1.0044272277       -0.0000142450
        2.1487739248        1.0047746422       -0.0000153514
