#epsqw diagonal term
#1:q+G [au], 2:Re(eps-1), 3:Im(eps-1)
        1.8355733566        1.0036547310       -0.0000117538
        1.7662812859        1.0039934819       -0.0000128842
        2.0898922014        1.0026066988       -0.0000079987
        2.1487739248        1.0024090926       -0.0000071383
        1.6941574940        1.0043752543       -0.0000141975
        1.6188235383        1.0048145078       -0.0000155643
        1.9668475997        1.0030765316       -0.0000094327
        1.9668475997        1.0030731015       -0.0000096262
        1.9023431641        1.0033463521       -0.0000104836
        2.2060846191        1.0022284092       -0.0000067131
        1.8355733566        1.0036545328       -0.0000117503
        1.7662812859        1.0039924998       -0.0000128816
        2.0898922014        1.0026061061       -0.0000079959
        1.7662812859        1.0039954659       -0.0000130911
        1.1716184599        1.0081180374       -0.0000321921
        1.0597687716        1.0091093804       -0.0000375925
        1.5398083263        1.0053097550       -0.0000185084
        1.6188235383        1.0048158482       -0.0000160091
        0.9346282056        1.0102223898       -0.0000444998
        0.7899050046        1.0114496380       -0.0000527561
        1.3681556010        1.0065405907       -0.0000235682
        2.1487739248        1.0024115587       -0.0000072736
        1.9023431641        1.0033441904       -0.0000106314
        1.3681556010        1.0065183488       -0.0000239783
        1.2736835487        1.0072748483       -0.0000273859
        1.6941574940        1.0043768701       -0.0000146153
        2.0898922014        1.0026134779       -0.0000080346
        2.0293026997        1.0028303792       -0.0000087132
        2.1487739248        1.0024091921       -0.0000071386
        1.6941574940        1.0043748898       -0.0000141956
        1.6188235383        1.0048126984       -0.0000155598
        1.9668475997        1.0030749077       -0.0000094271
        1.6188235383        1.0048164947       -0.0000160088
        0.9346282056        1.0102179328       -0.0000444952
        0.7899050046        1.0114457401       -0.0000527548
        1.3681556010        1.0065390133       -0.0000235660
        2.1487739248        1.0024112896       -0.0000072728
        1.4565128613        1.0058912001       -0.0000196390
        0.6118577855        1.0126812379       -0.0000647309
        0.3532562572        1.0136858799       -0.0000841289
        1.1716184599        1.0081731719       -0.0000301999
        2.0293026997        1.0028283757       -0.0000084772
        1.7662812859        1.0040021512       -0.0000128068
        1.1716184599        1.0081340767       -0.0000315199
        1.0597687716        1.0091314433       -0.0000361303
        1.5398083263        1.0053381643       -0.0000181827
        1.9668475997        1.0030717823       -0.0000094772
        1.9023431641        1.0033409813       -0.0000102581
        2.2060846191        1.0022283116       -0.0000066277
        1.9668475997        1.0030732070       -0.0000096252
        1.9023431641        1.0033454584       -0.0000104814
        2.2060846191        1.0022275337       -0.0000067106
        1.9023431641        1.0033452256       -0.0000106341
        1.3681556010        1.0065186072       -0.0000239824
        1.2736835487        1.0072748241       -0.0000273875
        1.6941574940        1.0043764753       -0.0000146158
        1.7662812859        1.0040028029       -0.0000128110
        1.1716184599        1.0081349722       -0.0000315218
        1.0597687716        1.0091338601       -0.0000361388
        1.5398083263        1.0053384934       -0.0000181864
        2.0293026997        1.0028270056       -0.0000087657
        1.5398083263        1.0053108401       -0.0000184807
        1.4565128613        1.0058931949       -0.0000207933
        1.8355733566        1.0036478728       -0.0000117676
        2.2060846191        1.0022322395       -0.0000067466
        2.1487739248        1.0024093441       -0.0000072783
        2.0898922014        1.0026144413       -0.0000080379
        2.0293026997        1.0028307168       -0.0000087149
        1.9668475997        1.0030728816       -0.0000094808
        1.9023431641        1.0033418933       -0.0000102609
        2.2060846191        1.0022284589       -0.0000066283
        2.2060846191        1.0022327317       -0.0000067483
        2.1487739248        1.0024098435       -0.0000072802
