#epsqw diagonal term
#1:q+G [au], 2:Re(eps-1), 3:Im(eps-1)
        1.8355733566        0.8761734042       -0.0294389235
        1.7662812859        0.8554330238       -0.0300016717
        2.0898922014        0.9176721612       -0.0265549188
        2.1487739248        0.9191015719       -0.0263744032
        1.6941574940        0.8370231242       -0.0313106325
        1.6188235383        0.8156288631       -0.0283855152
        1.9668475997        0.8943195416       -0.0282610296
        1.9668475997        0.8987548891       -0.0277982984
        1.9023431641        0.8840479186       -0.0294624466
        2.2060846191        0.9322364186       -0.0245100917
        1.8355733566        0.8759425721       -0.0289800471
        1.7662812859        0.8556705937       -0.0295993604
        2.0898922014        0.9175812740       -0.0264322006
        1.7662812859        0.8629291307       -0.0305118378
        1.1716184599        0.6445005005       -0.0599328249
        1.0597687716        0.5565435838       -0.0781294635
        1.5398083263        0.7983542536       -0.0313549818
        1.6188235383        0.8170860652       -0.0365310042
        0.9346282056        0.4775981968       -0.0904789737
        0.7899050046        0.4024324577       -0.1375769565
        1.3681556010        0.7321617038       -0.0421074594
        2.1487739248        0.9202597287       -0.0243447782
        1.9023431641        0.8893065244       -0.0301278182
        1.3681556010        0.7279869809       -0.0444672392
        1.2736835487        0.6831243768       -0.0530254689
        1.6941574940        0.8449141495       -0.0282696775
        2.0898922014        0.9157816388       -0.0261817928
        2.0293026997        0.9052125542       -0.0267085003
        2.1487739248        0.9189204596       -0.0263922937
        1.6941574940        0.8369277941       -0.0308255315
        1.6188235383        0.8162623037       -0.0281612028
        1.9668475997        0.8941824589       -0.0281176311
        1.6188235383        0.8168362252       -0.0368508327
        0.9346282056        0.4777555119       -0.0910407869
        0.7899050046        0.4044222837       -0.1361712485
        1.3681556010        0.7321003583       -0.0418735184
        2.1487739248        0.9205584715       -0.0243585888
        1.4565128613        0.7676811019       -0.0395223546
        0.6118577855        0.2872156087       -0.1518328446
        0.3532562572        0.0768774134       -0.2452943746
        1.1716184599        0.6657970415       -0.0644739078
        2.0293026997        0.9000677759       -0.0281278725
        1.7662812859        0.8587408987       -0.0312534667
        1.1716184599        0.6304367421       -0.0603095036
        1.0597687716        0.5855826295       -0.0813774008
        1.5398083263        0.8031245774       -0.0335308804
        1.9668475997        0.8969159260       -0.0266014209
        1.9023431641        0.8863691445       -0.0254953773
        2.2060846191        0.9273626432       -0.0236415261
        1.9668475997        0.8987559031       -0.0274099785
        1.9023431641        0.8840153536       -0.0293256014
        2.2060846191        0.9322038365       -0.0241751020
        1.9023431641        0.8891175302       -0.0300661189
        1.3681556010        0.7280140527       -0.0445626671
        1.2736835487        0.6830393212       -0.0532195902
        1.6941574940        0.8448287830       -0.0279296840
        1.7662812859        0.8589306933       -0.0309065395
        1.1716184599        0.6303128020       -0.0606293930
        1.0597687716        0.5862529486       -0.0825339834
        1.5398083263        0.8031520303       -0.0333822699
        2.0293026997        0.9116860493       -0.0268667165
        1.5398083263        0.7954686084       -0.0322535544
        1.4565128613        0.7715392948       -0.0372150542
        1.8355733566        0.8795029306       -0.0241940992
        2.2060846191        0.9295673547       -0.0233244417
        2.1487739248        0.9218354953       -0.0255858241
        2.0898922014        0.9157628803       -0.0262234510
        2.0293026997        0.9052012514       -0.0268159373
        1.9668475997        0.8968852361       -0.0267694213
        1.9023431641        0.8861996986       -0.0256640753
        2.2060846191        0.9272966470       -0.0236924743
        2.2060846191        0.9296721838       -0.0234376415
        2.1487739248        0.9220799456       -0.0257161097
