#epsqw diagonal term
#1:q+G [au], 2:Re(eps-1), 3:Im(eps-1)
        1.8355733566        0.8630192138       -0.0027079981
        1.7662812859        0.8510993133       -0.0026482912
        2.0898922014        0.9001302247       -0.0028034204
        2.1487739248        0.9102852108       -0.0013321283
        1.6941574940        0.8366077451       -0.0016750645
        1.6188235383        0.8205962266       -0.0015412743
        1.9668475997        0.8866336464       -0.0014366662
        1.9668475997        0.8838859525       -0.0025178687
        1.9023431641        0.8751221068       -0.0021593056
        2.2060846191        0.9126611944       -0.0029721201
        1.8355733566        0.8631929129       -0.0026424724
        1.7662812859        0.8511124716       -0.0026548080
        2.0898922014        0.9001139558       -0.0028582024
        1.7662812859        0.8491991529       -0.0037167060
        1.1716184599        0.6614377323       -0.0038312040
        1.0597687716        0.6020998623       -0.0042858617
        1.5398083263        0.7938735057       -0.0039036404
        1.6188235383        0.8168288335       -0.0030325284
        0.9346282056        0.5374331957       -0.0037490367
        0.7899050046        0.4626132196       -0.0037967809
        1.3681556010        0.7389353239       -0.0031820909
        2.1487739248        0.9094969451       -0.0020238212
        1.9023431641        0.8732039769       -0.0036994123
        1.3681556010        0.7354606450       -0.0037889043
        1.2736835487        0.6997958008       -0.0035623897
        1.6941574940        0.8339139483       -0.0037401392
        2.0898922014        0.8997601261       -0.0024460704
        2.0293026997        0.8947327593       -0.0022631040
        2.1487739248        0.9103431420       -0.0013283803
        1.6941574940        0.8366726450       -0.0016615663
        1.6188235383        0.8206122438       -0.0015385890
        1.9668475997        0.8867173108       -0.0014387830
        1.6188235383        0.8169047052       -0.0029742197
        0.9346282056        0.5374792597       -0.0037079487
        0.7899050046        0.4625573684       -0.0038155372
        1.3681556010        0.7389336190       -0.0031918526
        2.1487739248        0.9094950713       -0.0020239570
        1.4565128613        0.7764847845       -0.0019618682
        0.6118577855        0.3614963034       -0.0046980974
        0.3532562572        0.2199375910       -0.0050952446
        1.1716184599        0.6682930342       -0.0022310245
        2.0293026997        0.9008194539       -0.0009388695
        1.7662812859        0.8511969737       -0.0023209063
        1.1716184599        0.6566124361       -0.0027948813
        1.0597687716        0.6087442178       -0.0025341243
        1.5398083263        0.7976816721       -0.0024278927
        1.9668475997        0.8878247763       -0.0014978716
        1.9023431641        0.8809375893       -0.0010572175
        2.2060846191        0.9165066636       -0.0014563631
        1.9668475997        0.8839322811       -0.0025246081
        1.9023431641        0.8751501207       -0.0021370970
        2.2060846191        0.9126618649       -0.0029400659
        1.9023431641        0.8732931972       -0.0036395941
        1.3681556010        0.7353751390       -0.0038121948
        1.2736835487        0.6997625166       -0.0035817794
        1.6941574940        0.8338500815       -0.0037314830
        1.7662812859        0.8511352264       -0.0022828580
        1.1716184599        0.6565818640       -0.0027957909
        1.0597687716        0.6087355992       -0.0025389504
        1.5398083263        0.7976140010       -0.0024012507
        2.0293026997        0.8909352310       -0.0034068250
        1.5398083263        0.7930661331       -0.0031657808
        1.4565128613        0.7702238332       -0.0028219129
        1.8355733566        0.8614112027       -0.0032610277
        2.2060846191        0.9132305125       -0.0022872683
        2.1487739248        0.9090167107       -0.0018655081
        2.0898922014        0.8996958083       -0.0024927727
        2.0293026997        0.8946957877       -0.0022637771
        1.9668475997        0.8877729631       -0.0014971659
        1.9023431641        0.8809147593       -0.0010576804
        2.2060846191        0.9164289233       -0.0014591400
        2.2060846191        0.9132614431       -0.0022754043
        2.1487739248        0.9089725466       -0.0018798227
