#epsqw diagonal term
#1:q+G [au], 2:Re(eps-1), 3:Im(eps-1)
        1.8355733566        0.9510612283       -0.1993801090
        1.7662812859        0.9544555332       -0.2297918143
        2.0898922014        0.9614680949       -0.1127433578
        2.1487739248        0.9783079238       -0.1016810661
        1.6941574940        0.9620133552       -0.2633678973
        1.6188235383        0.9481710466       -0.3031254272
        1.9668475997        0.9726526799       -0.1459780391
        1.9668475997        0.9550873128       -0.1487469936
        1.9023431641        0.9618566666       -0.1726367140
        2.2060846191        0.9671889572       -0.0910973600
        1.8355733566        0.9518807146       -0.2001819049
        1.7662812859        0.9545559940       -0.2299810023
        2.0898922014        0.9619862548       -0.1120446261
        1.7662812859        0.9593016514       -0.2182609823
        1.1716184599        0.7314614362       -0.8121343662
        1.0597687716        0.8399296259       -0.8312018390
        1.5398083263        0.9691552510       -0.3284573342
        1.6188235383        0.9490679726       -0.3002191970
        0.9346282056        0.8229007871       -0.9280536039
        0.7899050046        0.6895737908       -1.0819367308
        1.3681556010        0.9552319388       -0.4786709775
        2.1487739248        0.9665073007       -0.1182445215
        1.9023431641        0.9522228538       -0.1671556606
        1.3681556010        0.9468168931       -0.4665479133
        1.2736835487        0.9546610227       -0.5608848726
        1.6941574940        0.9423504107       -0.2574349358
        2.0898922014        0.9740382802       -0.1380668329
        2.0293026997        0.9625235292       -0.1484022213
        2.1487739248        0.9776400284       -0.1011805438
        1.6941574940        0.9632768452       -0.2636674657
        1.6188235383        0.9488113331       -0.3047878817
        1.9668475997        0.9712996181       -0.1452269791
        1.6188235383        0.9515472379       -0.2986386025
        0.9346282056        0.8262303892       -0.9253745695
        0.7899050046        0.7125979147       -1.0837259714
        1.3681556010        0.9525250769       -0.4674050599
        2.1487739248        0.9671069617       -0.1175412804
        1.4565128613        0.8963271737       -0.3925459211
        0.6118577855        0.7592168048       -1.2563313672
        0.3532562572        0.9604900696       -1.5216925975
        1.1716184599        0.8856636979       -0.5978371836
        2.0293026997        0.9403402162       -0.1372574463
        1.7662812859        0.9551393659       -0.2266062942
        1.1716184599        0.9285688169       -0.6501658404
        1.0597687716        0.8760439542       -0.7702423703
        1.5398083263        0.9511836183       -0.3618572510
        1.9668475997        0.9577442445       -0.1651170592
        1.9023431641        0.9470885678       -0.1822274112
        2.2060846191        0.9777115904       -0.0936004507
        1.9668475997        0.9562599373       -0.1482954901
        1.9023431641        0.9629600842       -0.1733723150
        2.2060846191        0.9680754580       -0.0909205121
        1.9023431641        0.9521576096       -0.1684641934
        1.3681556010        0.9437754004       -0.4701133661
        1.2736835487        0.9476776983       -0.5613175447
        1.6941574940        0.9420512631       -0.2554314934
        1.7662812859        0.9588083887       -0.2297049419
        1.1716184599        0.9233968337       -0.6534464790
        1.0597687716        0.8696088860       -0.7749221483
        1.5398083263        0.9470104912       -0.3616843569
        2.0293026997        0.9562803184       -0.1344355557
        1.5398083263        0.9515570321       -0.3306991202
        1.4565128613        0.9667315409       -0.4011318855
        1.8355733566        0.9277419706       -0.2117124019
        2.2060846191        0.9771620725       -0.1064717673
        2.1487739248        0.9739343374       -0.1159378611
        2.0898922014        0.9737456675       -0.1384091706
        2.0293026997        0.9621364770       -0.1477809088
        1.9668475997        0.9569739872       -0.1664950689
        1.9023431641        0.9471540756       -0.1821016766
        2.2060846191        0.9776712063       -0.0942910964
        2.2060846191        0.9770160089       -0.1070151139
        2.1487739248        0.9740674742       -0.1160232848
