#epsqw diagonal term
#1:q+G [au], 2:Re(eps-1), 3:Im(eps-1)
        1.8355733566        0.8677826592       -0.0006561903
        1.7662812859        0.8557113622       -0.0006739292
        2.0898922014        0.9043869129       -0.0005433853
        2.1487739248        0.9135262064       -0.0004524403
        1.6941574940        0.8418371009       -0.0006956315
        1.6188235383        0.8261509855       -0.0007343110
        1.9668475997        0.8905616483       -0.0005358183
        1.9668475997        0.8885131776       -0.0005887959
        1.9023431641        0.8795764242       -0.0005934982
        2.2060846191        0.9169544742       -0.0005105048
        1.8355733566        0.8678845476       -0.0006537695
        1.7662812859        0.8557083463       -0.0006749140
        2.0898922014        0.9043516328       -0.0005457482
        1.7662812859        0.8547110692       -0.0007171925
        1.1716184599        0.6701376345       -0.0012176789
        1.0597687716        0.6130958257       -0.0013794315
        1.5398083263        0.7998052933       -0.0008753418
        1.6188235383        0.8225082630       -0.0007787534
        0.9346282056        0.5506551926       -0.0015609305
        0.7899050046        0.4791810412       -0.0017797963
        1.3681556010        0.7458942358       -0.0010082990
        2.1487739248        0.9136608226       -0.0004843749
        1.9023431641        0.8781764709       -0.0006476641
        1.3681556010        0.7427237679       -0.0010453042
        1.2736835487        0.7078223575       -0.0011310677
        1.6941574940        0.8393956392       -0.0007639558
        2.0898922014        0.9040469334       -0.0005503929
        2.0293026997        0.8988626903       -0.0005457438
        2.1487739248        0.9135343900       -0.0004522921
        1.6941574940        0.8418571076       -0.0006959262
        1.6188235383        0.8261859700       -0.0007344715
        1.9668475997        0.8906110781       -0.0005355222
        1.6188235383        0.8225308986       -0.0007781915
        0.9346282056        0.5506737859       -0.0015609762
        0.7899050046        0.4791692488       -0.0017804832
        1.3681556010        0.7458972622       -0.0010085526
        2.1487739248        0.9136477183       -0.0004844988
        1.4565128613        0.7832821535       -0.0008872751
        0.6118577855        0.3837872958       -0.0020746278
        0.3532562572        0.2494636198       -0.0024000574
        1.1716184599        0.6774465521       -0.0012409959
        2.0293026997        0.9040802355       -0.0004487706
        1.7662812859        0.8562690768       -0.0006640950
        1.1716184599        0.6661890883       -0.0012471191
        1.0597687716        0.6197169341       -0.0014073629
        1.5398083263        0.8035787728       -0.0008178998
        1.9668475997        0.8922770023       -0.0005401311
        1.9023431641        0.8848390477       -0.0005309521
        2.2060846191        0.9200341040       -0.0004417030
        1.9668475997        0.8885254317       -0.0005892796
        1.9023431641        0.8795987276       -0.0005931298
        2.2060846191        0.9169769453       -0.0005098954
        1.9023431641        0.8782096935       -0.0006468495
        1.3681556010        0.7426636440       -0.0010468317
        1.2736835487        0.7078395932       -0.0011300797
        1.6941574940        0.8393793117       -0.0007630471
        1.7662812859        0.8562492807       -0.0006633343
        1.1716184599        0.6661923905       -0.0012464266
        1.0597687716        0.6196997328       -0.0014065946
        1.5398083263        0.8035572926       -0.0008177657
        2.0293026997        0.8961017170       -0.0005941528
        1.5398083263        0.7995350290       -0.0008666324
        1.4565128613        0.7766938524       -0.0009105392
        1.8355733566        0.8672031321       -0.0006863111
        2.2060846191        0.9174771865       -0.0004960154
        2.1487739248        0.9130014040       -0.0004865864
        2.0898922014        0.9040088577       -0.0005515181
        2.0293026997        0.8988476461       -0.0005451126
        1.9668475997        0.8922624992       -0.0005398237
        1.9023431641        0.8848059925       -0.0005310957
        2.2060846191        0.9200095574       -0.0004423429
        2.2060846191        0.9174987318       -0.0004950293
        2.1487739248        0.9129671175       -0.0004872069
