#epsqw diagonal term
#1:q+G [au], 2:Re(eps-1), 3:Im(eps-1)
        1.8355733566        0.8650706534       -0.0013337162
        1.7662812859        0.8530335658       -0.0013952308
        2.0898922014        0.9018464767       -0.0012896664
        2.1487739248        0.9118658351       -0.0007162518
        1.6941574940        0.8394276613       -0.0009767410
        1.6188235383        0.8236813874       -0.0009708252
        1.9668475997        0.8886348593       -0.0008029548
        1.9668475997        0.8860271424       -0.0011326851
        1.9023431641        0.8772662567       -0.0010400201
        2.2060846191        0.9143705883       -0.0012472934
        1.8355733566        0.8652309382       -0.0013220967
        1.7662812859        0.8530358621       -0.0014205731
        2.0898922014        0.9017771666       -0.0013329666
        1.7662812859        0.8514382986       -0.0016215058
        1.1716184599        0.6655503111       -0.0020821300
        1.0597687716        0.6077420719       -0.0022853848
        1.5398083263        0.7961280283       -0.0018968269
        1.6188235383        0.8194063066       -0.0014022754
        0.9346282056        0.5445860864       -0.0021479819
        0.7899050046        0.4718736261       -0.0023004161
        1.3681556010        0.7421349375       -0.0016599080
        2.1487739248        0.9114873605       -0.0009179646
        1.9023431641        0.8750440921       -0.0015603343
        1.3681556010        0.7386558321       -0.0019407647
        1.2736835487        0.7035920673       -0.0019925264
        1.6941574940        0.8359907770       -0.0017495383
        2.0898922014        0.9015817721       -0.0012043472
        2.0293026997        0.8965168309       -0.0012073039
        2.1487739248        0.9118734381       -0.0007264723
        1.6941574940        0.8394461508       -0.0009891444
        1.6188235383        0.8237176598       -0.0009702620
        1.9668475997        0.8886899364       -0.0008014497
        1.6188235383        0.8194427258       -0.0014042993
        0.9346282056        0.5446084759       -0.0021527933
        0.7899050046        0.4718535712       -0.0023039235
        1.3681556010        0.7421398437       -0.0016572080
        2.1487739248        0.9114790080       -0.0009173509
        1.4565128613        0.7802533045       -0.0011699780
        0.6118577855        0.3741391354       -0.0027011533
        0.3532562572        0.2361934761       -0.0031865319
        1.1716184599        0.6732142214       -0.0015521762
        2.0293026997        0.9026189430       -0.0005855402
        1.7662812859        0.8537106000       -0.0010998435
        1.1716184599        0.6617903076       -0.0016668360
        1.0597687716        0.6147148240       -0.0017511452
        1.5398083263        0.8006365006       -0.0012510301
        1.9668475997        0.8902203273       -0.0008045356
        1.9023431641        0.8830693045       -0.0006940251
        2.2060846191        0.9182620323       -0.0007355688
        1.9668475997        0.8860365563       -0.0011558631
        1.9023431641        0.8773047932       -0.0010404301
        2.2060846191        0.9144098252       -0.0012322265
        1.9023431641        0.8750761738       -0.0015734743
        1.3681556010        0.7385474932       -0.0019556839
        1.2736835487        0.7035994059       -0.0019532777
        1.6941574940        0.8359793137       -0.0017105888
        1.7662812859        0.8537076009       -0.0010861630
        1.1716184599        0.6618051714       -0.0016563386
        1.0597687716        0.6147018136       -0.0017534910
        1.5398083263        0.8006150796       -0.0012517315
        2.0293026997        0.8932024340       -0.0013626192
        1.5398083263        0.7962161535       -0.0014884420
        1.4565128613        0.7734160917       -0.0014376184
        1.8355733566        0.8641169734       -0.0013793929
        2.2060846191        0.9152035103       -0.0010515286
        2.1487739248        0.9109604471       -0.0009145597
        2.0898922014        0.9014971633       -0.0012105629
        2.0293026997        0.8964919119       -0.0011710865
        1.9668475997        0.8902103438       -0.0007982756
        1.9023431641        0.8830340631       -0.0006967258
        2.2060846191        0.9182286209       -0.0007378928
        2.2060846191        0.9152342595       -0.0010401214
        2.1487739248        0.9109138547       -0.0009152606
