#epsqw diagonal term
#1:q+G [au], 2:Re(eps-1), 3:Im(eps-1)
        1.8355733566        1.0026326468       -0.0000083304
        1.7662812859        1.0028769407       -0.0000091395
        2.0898922014        1.0018743646       -0.0000056555
        2.1487739248        1.0017323781       -0.0000050418
        1.6941574940        1.0031541830       -0.0000100781
        1.6188235383        1.0034692784       -0.0000110502
        1.9668475997        1.0022130229       -0.0000066725
        1.9668475997        1.0022114197       -0.0000068130
        1.9023431641        1.0024082964       -0.0000074235
        2.2060846191        1.0016015199       -0.0000047408
        1.8355733566        1.0026322603       -0.0000083281
        1.7662812859        1.0028758531       -0.0000091367
        2.0898922014        1.0018738351       -0.0000056528
        1.7662812859        1.0028793493       -0.0000092840
        1.1716184599        1.0058680230       -0.0000229931
        1.0597687716        1.0065808494       -0.0000268807
        1.5398083263        1.0038273124       -0.0000131575
        1.6188235383        1.0034730407       -0.0000113737
        0.9346282056        1.0073877959       -0.0000318455
        0.7899050046        1.0082730309       -0.0000377847
        1.3681556010        1.0047190777       -0.0000167867
        2.1487739248        1.0017341715       -0.0000051385
        1.9023431641        1.0024066353       -0.0000075296
        1.3681556010        1.0047030125       -0.0000170868
        1.2736835487        1.0052530867       -0.0000195347
        1.6941574940        1.0031536709       -0.0000103726
        2.0898922014        1.0018797040       -0.0000056816
        2.0293026997        1.0020362564       -0.0000061624
        2.1487739248        1.0017325519       -0.0000050418
        1.6941574940        1.0031527856       -0.0000100764
        1.6188235383        1.0034683280       -0.0000110472
        1.9668475997        1.0022118676       -0.0000066685
        1.6188235383        1.0034729639       -0.0000113728
        0.9346282056        1.0073871182       -0.0000318401
        0.7899050046        1.0082702991       -0.0000377890
        1.3681556010        1.0047180290       -0.0000167878
        2.1487739248        1.0017339486       -0.0000051381
        1.4565128613        1.0042499220       -0.0000139561
        0.6118577855        1.0091771038       -0.0000464319
        0.3532562572        1.0099130728       -0.0000604855
        1.1716184599        1.0059045028       -0.0000215283
        2.0293026997        1.0020360029       -0.0000059902
        1.7662812859        1.0028808810       -0.0000090797
        1.1716184599        1.0058692578       -0.0000225015
        1.0597687716        1.0065927725       -0.0000258097
        1.5398083263        1.0038487873       -0.0000129241
        1.9668475997        1.0022105556       -0.0000067056
        1.9023431641        1.0024052648       -0.0000072610
        2.2060846191        1.0016020262       -0.0000046793
        1.9668475997        1.0022115152       -0.0000068117
        1.9023431641        1.0024081121       -0.0000074221
        2.2060846191        1.0016011384       -0.0000047396
        1.9023431641        1.0024074128       -0.0000075306
        1.3681556010        1.0047045524       -0.0000170876
        1.2736835487        1.0052528746       -0.0000195343
        1.6941574940        1.0031539874       -0.0000103736
        1.7662812859        1.0028826016       -0.0000090823
        1.1716184599        1.0058739653       -0.0000225034
        1.0597687716        1.0065998718       -0.0000258153
        1.5398083263        1.0038510356       -0.0000129262
        2.0293026997        1.0020330300       -0.0000062000
        1.5398083263        1.0038274884       -0.0000131383
        1.4565128613        1.0042514739       -0.0000147977
        1.8355733566        1.0026276325       -0.0000083396
        2.2060846191        1.0016046173       -0.0000047652
        2.1487739248        1.0017325872       -0.0000051423
        2.0898922014        1.0018803564       -0.0000056832
        2.0293026997        1.0020365728       -0.0000061635
        1.9668475997        1.0022110617       -0.0000067077
        1.9023431641        1.0024059705       -0.0000072626
        2.2060846191        1.0016021249       -0.0000046793
        2.2060846191        1.0016050935       -0.0000047664
        2.1487739248        1.0017330788       -0.0000051435
