#epsqw diagonal term
#1:q+G [au], 2:Re(eps-1), 3:Im(eps-1)
        1.8355733566        0.8850755231       -0.0213679748
        1.7662812859        0.8666531871       -0.0202872849
        2.0898922014        0.9179310490       -0.0257428290
        2.1487739248        0.9190006511       -0.0211261367
        1.6941574940        0.8475600193       -0.0168745323
        1.6188235383        0.8277591953       -0.0140570278
        1.9668475997        0.8956460882       -0.0237471469
        1.9668475997        0.9020485157       -0.0229810165
        1.9023431641        0.8891880312       -0.0228162390
        2.2060846191        0.9337158692       -0.0265655206
        1.8355733566        0.8852048243       -0.0214546295
        1.7662812859        0.8666707187       -0.0205628897
        2.0898922014        0.9177574613       -0.0259931728
        1.7662812859        0.8669855964       -0.0244933727
        1.1716184599        0.6736198960       -0.0448071436
        1.0597687716        0.5813746289       -0.0442669895
        1.5398083263        0.8090806270       -0.0305870634
        1.6188235383        0.8237326349       -0.0240884824
        0.9346282056        0.5137544042       -0.0569071117
        0.7899050046        0.4199386424       -0.0781643073
        1.3681556010        0.7449748887       -0.0365462030
        2.1487739248        0.9182158478       -0.0201796202
        1.9023431641        0.8892101074       -0.0255014527
        1.3681556010        0.7441540447       -0.0308726523
        1.2736835487        0.6985554865       -0.0353671258
        1.6941574940        0.8546232524       -0.0295905779
        2.0898922014        0.9193475927       -0.0196028037
        2.0293026997        0.9105085333       -0.0180804496
        2.1487739248        0.9194050576       -0.0210717995
        1.6941574940        0.8475346262       -0.0169833624
        1.6188235383        0.8279613037       -0.0140442146
        1.9668475997        0.8954875343       -0.0239069301
        1.6188235383        0.8240922202       -0.0242085748
        0.9346282056        0.5140143394       -0.0569670218
        0.7899050046        0.4199127782       -0.0782094708
        1.3681556010        0.7449974831       -0.0366325836
        2.1487739248        0.9182778563       -0.0203409646
        1.4565128613        0.7797055967       -0.0209133778
        0.6118577855        0.3319997293       -0.0961202641
        0.3532562572        0.1709998773       -0.1205663945
        1.1716184599        0.6795991159       -0.0445470869
        2.0293026997        0.8991624725       -0.0141988334
        1.7662812859        0.8599626456       -0.0257270235
        1.1716184599        0.6521152295       -0.0411173741
        1.0597687716        0.6048362856       -0.0485013346
        1.5398083263        0.8102869082       -0.0336624066
        1.9668475997        0.8987855882       -0.0162543956
        1.9023431641        0.8862131651       -0.0143068589
        2.2060846191        0.9269052088       -0.0187465025
        1.9668475997        0.9019348639       -0.0230458831
        1.9023431641        0.8889148910       -0.0226952851
        2.2060846191        0.9335358316       -0.0266428990
        1.9023431641        0.8893341917       -0.0253815835
        1.3681556010        0.7440126764       -0.0308087446
        1.2736835487        0.6983579102       -0.0350580423
        1.6941574940        0.8546875280       -0.0296759355
        1.7662812859        0.8598602779       -0.0256714540
        1.1716184599        0.6518065995       -0.0411655169
        1.0597687716        0.6041003310       -0.0486300831
        1.5398083263        0.8102262256       -0.0336661873
        2.0293026997        0.9107757066       -0.0277141553
        1.5398083263        0.8111020313       -0.0273053323
        1.4565128613        0.7806276268       -0.0306058842
        1.8355733566        0.8871977692       -0.0302289030
        2.2060846191        0.9314861119       -0.0185703358
        2.1487739248        0.9229900383       -0.0174735362
        2.0898922014        0.9190321804       -0.0195651271
        2.0293026997        0.9103968154       -0.0181418310
        1.9668475997        0.8986341025       -0.0162091026
        1.9023431641        0.8862414431       -0.0142406072
        2.2060846191        0.9268829847       -0.0187532511
        2.2060846191        0.9315061970       -0.0186360589
        2.1487739248        0.9232870640       -0.0175441340
