#epsqw diagonal term
#1:q+G [au], 2:Re(eps-1), 3:Im(eps-1)
        1.8355733566        0.8241201888       -0.0765105458
        1.7662812859        0.8094503267       -0.0866539283
        2.0898922014        0.8882997464       -0.0506845794
        2.1487739248        0.8944861341       -0.0523451238
        1.6941574940        0.7914230460       -0.1031669923
        1.6188235383        0.7678018983       -0.1257424864
        1.9668475997        0.8670903795       -0.0652672037
        1.9668475997        0.8624875710       -0.0625484206
        1.9023431641        0.8499254959       -0.0706539581
        2.2060846191        0.9051828932       -0.0455439846
        1.8355733566        0.8237434075       -0.0759803552
        1.7662812859        0.8100154829       -0.0867994240
        2.0898922014        0.8877671100       -0.0509581271
        1.7662812859        0.8093590924       -0.0860970789
        1.1716184599        0.6114963355       -0.2038238316
        1.0597687716        0.5391101735       -0.2465764235
        1.5398083263        0.7372763723       -0.1329328201
        1.6188235383        0.7694346933       -0.1151255236
        0.9346282056        0.4953190962       -0.2844639932
        0.7899050046        0.4543393444       -0.3001124383
        1.3681556010        0.6771227049       -0.1626127472
        2.1487739248        0.8881951168       -0.0512845596
        1.9023431641        0.8499241231       -0.0709255037
        1.3681556010        0.6751123935       -0.1798769086
        1.2736835487        0.6366058002       -0.1910269515
        1.6941574940        0.7900429038       -0.1024006271
        2.0898922014        0.8742062832       -0.0539288119
        2.0293026997        0.8677081890       -0.0592429036
        2.1487739248        0.8948636165       -0.0520993097
        1.6941574940        0.7910542786       -0.1026668376
        1.6188235383        0.7682852333       -0.1269803786
        1.9668475997        0.8662399283       -0.0654760875
        1.6188235383        0.7687822346       -0.1150422337
        0.9346282056        0.4983058270       -0.2866173550
        0.7899050046        0.4544774386       -0.3018846076
        1.3681556010        0.6766559115       -0.1635410459
        2.1487739248        0.8880105470       -0.0512734445
        1.4565128613        0.7242082183       -0.1573294926
        0.6118577855        0.4054894781       -0.3717154623
        0.3532562572        0.3614201667       -0.4078066542
        1.1716184599        0.6044506009       -0.2219223866
        2.0293026997        0.8675134757       -0.0670533038
        1.7662812859        0.8245376980       -0.0874888604
        1.1716184599        0.6014036439       -0.2136006298
        1.0597687716        0.5581792579       -0.2335754133
        1.5398083263        0.7569280784       -0.1275598579
        1.9668475997        0.8529459240       -0.0669614192
        1.9023431641        0.8431670593       -0.0779399108
        2.2060846191        0.9016192843       -0.0458550132
        1.9668475997        0.8629968790       -0.0625475103
        1.9023431641        0.8500657275       -0.0703156779
        2.2060846191        0.9048782614       -0.0458429486
        1.9023431641        0.8506797168       -0.0702065022
        1.3681556010        0.6771698160       -0.1802769590
        1.2736835487        0.6373215860       -0.1925484720
        1.6941574940        0.7910272151       -0.1038629231
        1.7662812859        0.8256504100       -0.0871138971
        1.1716184599        0.6010636364       -0.2124712725
        1.0597687716        0.5614800886       -0.2338746441
        1.5398083263        0.7563548539       -0.1258942338
        2.0293026997        0.8751110358       -0.0597002047
        1.5398083263        0.7430771800       -0.1397529147
        1.4565128613        0.7195474176       -0.1501686621
        1.8355733566        0.8271941117       -0.0768690521
        2.2060846191        0.9007872920       -0.0452300582
        2.1487739248        0.8925027016       -0.0492186052
        2.0898922014        0.8742667773       -0.0540098949
        2.0293026997        0.8672583895       -0.0594766055
        1.9668475997        0.8529080391       -0.0674792708
        1.9023431641        0.8428067593       -0.0774780026
        2.2060846191        0.9014446195       -0.0463325928
        2.2060846191        0.9006952311       -0.0452991385
        2.1487739248        0.8920030565       -0.0492060747
