#epsqw diagonal term
#1:q+G [au], 2:Re(eps-1), 3:Im(eps-1)
        1.8355733566        0.8555104465       -0.0323181027
        1.7662812859        0.8336487438       -0.0323418217
        2.0898922014        0.8981382252       -0.0254955434
        2.1487739248        0.9020462726       -0.0238166495
        1.6941574940        0.8122699154       -0.0357646839
        1.6188235383        0.7846080531       -0.0418482355
        1.9668475997        0.8703053686       -0.0278289592
        1.9668475997        0.8782471620       -0.0289906836
        1.9023431641        0.8602107994       -0.0300746014
        2.2060846191        0.9140806624       -0.0238970498
        1.8355733566        0.8554295925       -0.0325239358
        1.7662812859        0.8336515215       -0.0321187144
        2.0898922014        0.8980148394       -0.0254336568
        1.7662812859        0.8382042274       -0.0390717344
        1.1716184599        0.6849921673       -0.0855473239
        1.0597687716        0.6183747381       -0.1085503902
        1.5398083263        0.7751443119       -0.0534125801
        1.6188235383        0.7889739381       -0.0414813347
        0.9346282056        0.5650342285       -0.1405997613
        0.7899050046        0.5194882952       -0.1664336230
        1.3681556010        0.7088182128       -0.0676078789
        2.1487739248        0.9061360688       -0.0198563636
        1.9023431641        0.8652863531       -0.0335268659
        1.3681556010        0.7209547279       -0.0738898489
        1.2736835487        0.6831868130       -0.0827967825
        1.6941574940        0.8213469119       -0.0394706087
        2.0898922014        0.9029930194       -0.0222338867
        2.0293026997        0.8901622375       -0.0218484585
        2.1487739248        0.9018947313       -0.0238874522
        1.6941574940        0.8122461142       -0.0359300795
        1.6188235383        0.7845587038       -0.0424148246
        1.9668475997        0.8702902067       -0.0279597518
        1.6188235383        0.7886933324       -0.0420249492
        0.9346282056        0.5653136991       -0.1419583634
        0.7899050046        0.5190459936       -0.1689120540
        1.3681556010        0.7098052229       -0.0675402751
        2.1487739248        0.9058094532       -0.0197344953
        1.4565128613        0.7508218942       -0.0516981137
        0.6118577855        0.4767148575       -0.2083062763
        0.3532562572        0.4367387587       -0.3226100435
        1.1716184599        0.6594008292       -0.0789515381
        2.0293026997        0.8858084603       -0.0215171752
        1.7662812859        0.8297719265       -0.0350471469
        1.1716184599        0.6456388548       -0.1008798674
        1.0597687716        0.6071363762       -0.1130022663
        1.5398083263        0.7694524293       -0.0465037485
        1.9668475997        0.8783052525       -0.0233322856
        1.9023431641        0.8606100533       -0.0243258985
        2.2060846191        0.9120711749       -0.0208675614
        1.9668475997        0.8783452123       -0.0290205020
        1.9023431641        0.8600055996       -0.0299458234
        2.2060846191        0.9141014571       -0.0238731342
        1.9023431641        0.8655577597       -0.0332685096
        1.3681556010        0.7202397117       -0.0733845400
        1.2736835487        0.6833999475       -0.0826855866
        1.6941574940        0.8212293089       -0.0396964439
        1.7662812859        0.8298160849       -0.0343103630
        1.1716184599        0.6449956838       -0.0997294283
        1.0597687716        0.6065766323       -0.1110189453
        1.5398083263        0.7699410869       -0.0465702882
        2.0293026997        0.8877485848       -0.0292241037
        1.5398083263        0.7725726929       -0.0556032716
        1.4565128613        0.7435280055       -0.0564791957
        1.8355733566        0.8581606489       -0.0362085368
        2.2060846191        0.9169130397       -0.0206110057
        2.1487739248        0.9048848410       -0.0207541796
        2.0898922014        0.9029613299       -0.0219649403
        2.0293026997        0.8900259828       -0.0215246768
        1.9668475997        0.8782717646       -0.0231201373
        1.9023431641        0.8605521937       -0.0240480468
        2.2060846191        0.9120414968       -0.0209947263
        2.2060846191        0.9165540968       -0.0203557067
        2.1487739248        0.9049556570       -0.0206358148
