#epsqw diagonal term
#1:q+G [au], 2:Re(eps-1), 3:Im(eps-1)
        1.8355733566        0.8582626668       -0.0143598859
        1.7662812859        0.8458196322       -0.0161061111
        2.0898922014        0.8980372412       -0.0136250562
        2.1487739248        0.9070239013       -0.0102541610
        1.6941574940        0.8343392962       -0.0195390348
        1.6188235383        0.8170281765       -0.0216229674
        1.9668475997        0.8829146535       -0.0135981053
        1.9668475997        0.8818266728       -0.0147174554
        1.9023431641        0.8702923805       -0.0152883525
        2.2060846191        0.9114953485       -0.0143879490
        1.8355733566        0.8580769797       -0.0142407681
        1.7662812859        0.8456743206       -0.0163284565
        2.0898922014        0.8982961031       -0.0136640292
        1.7662812859        0.8450735996       -0.0159026322
        1.1716184599        0.6492588132       -0.0210446419
        1.0597687716        0.5914400421       -0.0324631886
        1.5398083263        0.7867567978       -0.0174730063
        1.6188235383        0.8159794446       -0.0181304873
        0.9346282056        0.5206570159       -0.0441881585
        0.7899050046        0.4405263206       -0.0597801492
        1.3681556010        0.7323166764       -0.0218161285
        2.1487739248        0.9107895174       -0.0141252099
        1.9023431641        0.8725760823       -0.0163504628
        1.3681556010        0.7252835595       -0.0236575375
        1.2736835487        0.6857419094       -0.0300989542
        1.6941574940        0.8315506012       -0.0188021943
        2.0898922014        0.8958940369       -0.0142023230
        2.0293026997        0.8914406421       -0.0149705190
        2.1487739248        0.9070389752       -0.0103002215
        1.6941574940        0.8344696522       -0.0192219098
        1.6188235383        0.8171528384       -0.0213902461
        1.9668475997        0.8831568260       -0.0135757524
        1.6188235383        0.8160937832       -0.0177745484
        0.9346282056        0.5216365785       -0.0448557386
        0.7899050046        0.4406202848       -0.0596470173
        1.3681556010        0.7327121953       -0.0216724196
        2.1487739248        0.9105737195       -0.0141737359
        1.4565128613        0.7725573470       -0.0217039046
        0.6118577855        0.3163350755       -0.0789933694
        0.3532562572        0.1294134300       -0.1062220579
        1.1716184599        0.6547374985       -0.0291935153
        2.0293026997        0.8992690206       -0.0118423469
        1.7662812859        0.8491455228       -0.0168813535
        1.1716184599        0.6448921523       -0.0335047839
        1.0597687716        0.5875995344       -0.0457016580
        1.5398083263        0.7930492937       -0.0186863067
        1.9668475997        0.8870478162       -0.0163565962
        1.9023431641        0.8772882784       -0.0153834295
        2.2060846191        0.9143297470       -0.0120052217
        1.9668475997        0.8818034520       -0.0146539075
        1.9023431641        0.8703670959       -0.0151901787
        2.2060846191        0.9117091009       -0.0141833613
        1.9023431641        0.8724855387       -0.0163591289
        1.3681556010        0.7256675427       -0.0237315813
        1.2736835487        0.6858844822       -0.0301748739
        1.6941574940        0.8315573848       -0.0185998728
        1.7662812859        0.8487338858       -0.0169004602
        1.1716184599        0.6445715369       -0.0337228900
        1.0597687716        0.5879333312       -0.0460075634
        1.5398083263        0.7929251607       -0.0186553837
        2.0293026997        0.8909049785       -0.0168837799
        1.5398083263        0.7873880778       -0.0205973609
        1.4565128613        0.7578348507       -0.0229775951
        1.8355733566        0.8601344495       -0.0196663069
        2.2060846191        0.9119584372       -0.0139743971
        2.1487739248        0.9060570131       -0.0140446797
        2.0898922014        0.8961260959       -0.0142402479
        2.0293026997        0.8916705057       -0.0151274534
        1.9668475997        0.8872206489       -0.0164428958
        1.9023431641        0.8774128219       -0.0158093371
        2.2060846191        0.9142810806       -0.0120332142
        2.2060846191        0.9119656083       -0.0139250574
        2.1487739248        0.9062383311       -0.0142007429
