#epsqw diagonal term
#1:q+G [au], 2:Re(eps-1), 3:Im(eps-1)
        1.8355733566        0.8551037637       -0.0176523721
        1.7662812859        0.8477560131       -0.0156741078
        2.0898922014        0.8961946893       -0.0145834675
        2.1487739248        0.9067257584       -0.0132617055
        1.6941574940        0.8349358903       -0.0148597534
        1.6188235383        0.8266945107       -0.0169646250
        1.9668475997        0.8845918087       -0.0148078615
        1.9668475997        0.8785223455       -0.0146683490
        1.9023431641        0.8731272112       -0.0154828018
        2.2060846191        0.9125712469       -0.0146683552
        1.8355733566        0.8552324767       -0.0176052654
        1.7662812859        0.8477826865       -0.0155724278
        2.0898922014        0.8962686730       -0.0144925693
        1.7662812859        0.8446503169       -0.0204685942
        1.1716184599        0.6461419583       -0.0270531794
        1.0597687716        0.5991093720       -0.0281320829
        1.5398083263        0.7861578855       -0.0234578961
        1.6188235383        0.8150127921       -0.0164078588
        0.9346282056        0.5415893464       -0.0353615362
        0.7899050046        0.4735776802       -0.0434721287
        1.3681556010        0.7344047863       -0.0279008216
        2.1487739248        0.9090468932       -0.0127147968
        1.9023431641        0.8704691632       -0.0156308081
        1.3681556010        0.7319140132       -0.0258166008
        1.2736835487        0.7039736556       -0.0279043242
        1.6941574940        0.8298513677       -0.0181120761
        2.0898922014        0.8936810469       -0.0172290082
        2.0293026997        0.8922021875       -0.0153246248
        2.1487739248        0.9070659713       -0.0131293885
        1.6941574940        0.8351254470       -0.0149458919
        1.6188235383        0.8264957880       -0.0167047598
        1.9668475997        0.8846348512       -0.0147070546
        1.6188235383        0.8149792008       -0.0166250152
        0.9346282056        0.5423016850       -0.0353884669
        0.7899050046        0.4737427087       -0.0424216270
        1.3681556010        0.7342095298       -0.0276595114
        2.1487739248        0.9093492981       -0.0128003556
        1.4565128613        0.7781505106       -0.0251797179
        0.6118577855        0.3682445155       -0.0689919564
        0.3532562572        0.2264219366       -0.1680550838
        1.1716184599        0.6603865713       -0.0421114378
        2.0293026997        0.9006069757       -0.0111688267
        1.7662812859        0.8504913311       -0.0155018179
        1.1716184599        0.6615059688       -0.0307545687
        1.0597687716        0.6202523468       -0.0365149105
        1.5398083263        0.7941914709       -0.0213335290
        1.9668475997        0.8869051786       -0.0143960474
        1.9023431641        0.8837987323       -0.0150256866
        2.2060846191        0.9141861357       -0.0124508018
        1.9668475997        0.8785818695       -0.0148468454
        1.9023431641        0.8730245799       -0.0153739759
        2.2060846191        0.9126329648       -0.0146165604
        1.9023431641        0.8705830378       -0.0157265170
        1.3681556010        0.7317125422       -0.0257199935
        1.2736835487        0.7036697880       -0.0276002705
        1.6941574940        0.8296759175       -0.0179181893
        1.7662812859        0.8502718463       -0.0156454817
        1.1716184599        0.6613403097       -0.0309610627
        1.0597687716        0.6194863085       -0.0371480726
        1.5398083263        0.7937333581       -0.0212966928
        2.0293026997        0.8921958772       -0.0149207740
        1.5398083263        0.7890886602       -0.0209426450
        1.4565128613        0.7710562725       -0.0245653055
        1.8355733566        0.8622328721       -0.0173249638
        2.2060846191        0.9085616586       -0.0143929924
        2.1487739248        0.9071208520       -0.0139387351
        2.0898922014        0.8937155940       -0.0172295423
        2.0293026997        0.8921458583       -0.0152684746
        1.9668475997        0.8868348691       -0.0142800139
        1.9023431641        0.8837523987       -0.0149607748
        2.2060846191        0.9140829828       -0.0124912993
        2.2060846191        0.9086761142       -0.0143273480
        2.1487739248        0.9070353118       -0.0139642175
