#epsqw diagonal term
#1:q+G [au], 2:Re(eps-1), 3:Im(eps-1)
        1.8355733566        0.8412791089       -0.0372916094
        1.7662812859        0.8160618727       -0.0432520129
        2.0898922014        0.8918184723       -0.0316327684
        2.1487739248        0.8949485234       -0.0321240695
        1.6941574940        0.7929757491       -0.0470585304
        1.6188235383        0.7631669029       -0.0562523735
        1.9668475997        0.8587991766       -0.0377111271
        1.9668475997        0.8683951062       -0.0354261614
        1.9023431641        0.8467919619       -0.0402515658
        2.2060846191        0.9095375142       -0.0303074127
        1.8355733566        0.8411728209       -0.0371176428
        1.7662812859        0.8158214785       -0.0431297078
        2.0898922014        0.8918728448       -0.0313594593
        1.7662812859        0.8220490832       -0.0435995378
        1.1716184599        0.6263742035       -0.1076820273
        1.0597687716        0.5499979956       -0.1421974756
        1.5398083263        0.7480183463       -0.0643474728
        1.6188235383        0.7635400439       -0.0579401007
        0.9346282056        0.5093466743       -0.1834420943
        0.7899050046        0.4497684528       -0.2078448484
        1.3681556010        0.6754785398       -0.0871448051
        2.1487739248        0.8967728158       -0.0258424589
        1.9023431641        0.8540910785       -0.0388491317
        1.3681556010        0.6805389474       -0.0910741072
        1.2736835487        0.6410991937       -0.1034355301
        1.6941574940        0.7999205578       -0.0518557956
        2.0898922014        0.8948216862       -0.0266932411
        2.0293026997        0.8799506302       -0.0292228636
        2.1487739248        0.8952263119       -0.0322519128
        1.6941574940        0.7926170221       -0.0477053666
        1.6188235383        0.7635958745       -0.0566459503
        1.9668475997        0.8589547343       -0.0377721517
        1.6188235383        0.7637321343       -0.0586135986
        0.9346282056        0.5079892797       -0.1844716966
        0.7899050046        0.4476333082       -0.2104052072
        1.3681556010        0.6751539514       -0.0870054748
        2.1487739248        0.8969204041       -0.0260605058
        1.4565128613        0.7171507621       -0.0638581814
        0.6118577855        0.4043334214       -0.2833514613
        0.3532562572        0.4521784560       -0.3873673247
        1.1716184599        0.6202123946       -0.0932304300
        2.0293026997        0.8730136426       -0.0314011864
        1.7662812859        0.8100605405       -0.0476031900
        1.1716184599        0.6010703513       -0.1209527277
        1.0597687716        0.5631960931       -0.1268121516
        1.5398083263        0.7435932731       -0.0614332750
        1.9668475997        0.8657445486       -0.0305231193
        1.9023431641        0.8452453882       -0.0345727989
        2.2060846191        0.9002613520       -0.0272737140
        1.9668475997        0.8683394193       -0.0359269087
        1.9023431641        0.8466516345       -0.0403430758
        2.2060846191        0.9098659507       -0.0305488557
        1.9023431641        0.8541205892       -0.0392656885
        1.3681556010        0.6800386315       -0.0911400232
        1.2736835487        0.6402157819       -0.1026318571
        1.6941574940        0.7994645192       -0.0518718614
        1.7662812859        0.8101468647       -0.0479827813
        1.1716184599        0.6004404809       -0.1207048417
        1.0597687716        0.5635822154       -0.1260662251
        1.5398083263        0.7436074250       -0.0629182334
        2.0293026997        0.8815042004       -0.0365775132
        1.5398083263        0.7442816182       -0.0692806572
        1.4565128613        0.7125579956       -0.0752456652
        1.8355733566        0.8444595282       -0.0447660665
        2.2060846191        0.9094367557       -0.0256592803
        2.1487739248        0.8949750934       -0.0280394927
        2.0898922014        0.8944348915       -0.0266296692
        2.0293026997        0.8801948816       -0.0293830961
        1.9668475997        0.8660111036       -0.0302985037
        1.9023431641        0.8451910294       -0.0345068833
        2.2060846191        0.9006481959       -0.0274702602
        2.2060846191        0.9094713939       -0.0256197817
        2.1487739248        0.8948658997       -0.0281638114
