#epsqw diagonal term
#1:q+G [au], 2:Re(eps-1), 3:Im(eps-1)
        1.8355733566        0.8666339880       -0.0007554607
        1.7662812859        0.8545689708       -0.0007740240
        2.0898922014        0.9033253924       -0.0006453964
        2.1487739248        0.9128148854       -0.0005035629
        1.6941574940        0.8407912452       -0.0007647902
        1.6188235383        0.8250751028       -0.0008023997
        1.9668475997        0.8897331825       -0.0005930382
        1.9668475997        0.8874628885       -0.0006774308
        1.9023431641        0.8785905175       -0.0006711334
        2.2060846191        0.9158939031       -0.0006150210
        1.8355733566        0.8667480601       -0.0007518988
        1.7662812859        0.8545573117       -0.0007775385
        2.0898922014        0.9032723543       -0.0006517541
        1.7662812859        0.8533587537       -0.0008451906
        1.1716184599        0.6681556961       -0.0013583828
        1.0597687716        0.6107786728       -0.0015404452
        1.5398083263        0.7982651133       -0.0010142999
        1.6188235383        0.8212218236       -0.0008839354
        0.9346282056        0.5480057348       -0.0017140633
        0.7899050046        0.4759620778       -0.0019525675
        1.3681556010        0.7443027123       -0.0011235779
        2.1487739248        0.9127613807       -0.0005615681
        1.9023431641        0.8768991342       -0.0007736824
        1.3681556010        0.7409861966       -0.0011824650
        1.2736835487        0.7059799011       -0.0012687382
        1.6941574940        0.8379763492       -0.0008988614
        2.0898922014        0.9029998012       -0.0006455399
        2.0293026997        0.8978502815       -0.0006393181
        2.1487739248        0.9128218714       -0.0005040413
        1.6941574940        0.8408085340       -0.0007659041
        1.6188235383        0.8251086034       -0.0008027413
        1.9668475997        0.8897838354       -0.0005926150
        1.6188235383        0.8212475584       -0.0008831341
        0.9346282056        0.5480228994       -0.0017143836
        0.7899050046        0.4759458995       -0.0019538301
        1.3681556010        0.7443051896       -0.0011237796
        2.1487739248        0.9127489482       -0.0005615509
        1.4565128613        0.7819637197       -0.0009692085
        0.6118577855        0.3795313982       -0.0023005707
        0.3532562572        0.2435605743       -0.0026989919
        1.1716184599        0.6755695932       -0.0013414409
        2.0293026997        0.9034428248       -0.0004887610
        1.7662812859        0.8551881799       -0.0007470907
        1.1716184599        0.6642620642       -0.0013598021
        1.0597687716        0.6174966041       -0.0015241926
        1.5398083263        0.8023187187       -0.0009057295
        1.9668475997        0.8913931906       -0.0006031913
        1.9023431641        0.8840647106       -0.0005793959
        2.2060846191        0.9192811659       -0.0004992102
        1.9668475997        0.8874692114       -0.0006797365
        1.9023431641        0.8786144428       -0.0006708356
        2.2060846191        0.9159213800       -0.0006133106
        1.9023431641        0.8769343386       -0.0007730038
        1.3681556010        0.7409171717       -0.0011849013
        1.2736835487        0.7060068587       -0.0012645622
        1.6941574940        0.8379704360       -0.0008948307
        1.7662812859        0.8551748322       -0.0007449918
        1.1716184599        0.6642703137       -0.0013581595
        1.0597687716        0.6174822152       -0.0015233920
        1.5398083263        0.8022977432       -0.0009054689
        2.0293026997        0.8949040253       -0.0007093113
        1.5398083263        0.7981151107       -0.0009755687
        1.4565128613        0.7752745166       -0.0010098740
        1.8355733566        0.8659144705       -0.0007998096
        2.2060846191        0.9165109721       -0.0005825908
        2.1487739248        0.9121251711       -0.0005592586
        2.0898922014        0.9029551844       -0.0006470960
        2.0293026997        0.8978442499       -0.0006355799
        1.9668475997        0.8913806341       -0.0006024545
        1.9023431641        0.8840312409       -0.0005796273
        2.2060846191        0.9192536456       -0.0005001733
        2.2060846191        0.9165379441       -0.0005805582
        2.1487739248        0.9120884218       -0.0005600133
