#epsqw diagonal term
#1:q+G [au], 2:Re(eps-1), 3:Im(eps-1)
        1.8355733566        0.9533459962       -0.0973349708
        1.7662812859        0.9432173824       -0.1214879332
        2.0898922014        0.9610714728       -0.0801686884
        2.1487739248        0.9654503627       -0.0670314775
        1.6941574940        0.9422939288       -0.1433585500
        1.6188235383        0.9447574868       -0.1497108698
        1.9668475997        0.9502608281       -0.0872187094
        1.9668475997        0.9551954209       -0.0876804550
        1.9023431641        0.9480104062       -0.0976838021
        2.2060846191        0.9739731213       -0.0697330607
        1.8355733566        0.9532762602       -0.0981749081
        1.7662812859        0.9430674828       -0.1230061609
        2.0898922014        0.9611247954       -0.0799998869
        1.7662812859        0.9525014907       -0.1090530608
        1.1716184599        1.0414559034       -0.3198449033
        1.0597687716        1.0389673856       -0.3225928754
        1.5398083263        0.9444411866       -0.1658785582
        1.6188235383        0.9353474640       -0.1652226731
        0.9346282056        1.0553885800       -0.3044394356
        0.7899050046        1.0650449787       -0.3096537888
        1.3681556010        0.9383743318       -0.2290603037
        2.1487739248        0.9730003360       -0.0660606726
        1.9023431641        0.9519388592       -0.0943182982
        1.3681556010        0.9593865396       -0.2335640231
        1.2736835487        0.9555573469       -0.2705902874
        1.6941574940        0.9392833903       -0.1282315925
        2.0898922014        0.9670662720       -0.0694980459
        2.0293026997        0.9645468196       -0.0773824864
        2.1487739248        0.9650669506       -0.0677399786
        1.6941574940        0.9433470785       -0.1446070076
        1.6188235383        0.9437169168       -0.1499644462
        1.9668475997        0.9488726063       -0.0869502961
        1.6188235383        0.9366757582       -0.1651780657
        0.9346282056        1.0531158125       -0.3051149210
        0.7899050046        1.0661513730       -0.3093848063
        1.3681556010        0.9357913901       -0.2270609249
        2.1487739248        0.9715291046       -0.0652444250
        1.4565128613        0.9347579775       -0.1971214174
        0.6118577855        1.1126659173       -0.3107670724
        0.3532562572        1.1459778250       -0.2522786520
        1.1716184599        0.9481686359       -0.2785952981
        2.0293026997        0.9628102536       -0.0744607940
        1.7662812859        0.9358574113       -0.1250562428
        1.1716184599        0.9550868169       -0.2866307146
        1.0597687716        0.9736371551       -0.2912965118
        1.5398083263        0.9287919282       -0.1781475805
        1.9668475997        0.9612540783       -0.0842443991
        1.9023431641        0.9578323454       -0.0914016907
        2.2060846191        0.9680389707       -0.0614049000
        1.9668475997        0.9549673034       -0.0879155503
        1.9023431641        0.9475401810       -0.0972038484
        2.2060846191        0.9742585090       -0.0695812285
        1.9023431641        0.9516077783       -0.0953591170
        1.3681556010        0.9569653459       -0.2353499764
        1.2736835487        0.9554782459       -0.2672602736
        1.6941574940        0.9404015612       -0.1263768636
        1.7662812859        0.9363706262       -0.1261165397
        1.1716184599        0.9561325489       -0.2858066617
        1.0597687716        0.9760552515       -0.2915665738
        1.5398083263        0.9304308058       -0.1767856559
        2.0293026997        0.9644471490       -0.0889730575
        1.5398083263        0.9349061497       -0.1647101955
        1.4565128613        0.9316047710       -0.1963743541
        1.8355733566        0.9576918209       -0.1192333759
        2.2060846191        0.9725811101       -0.0619873957
        2.1487739248        0.9675714561       -0.0657334199
        2.0898922014        0.9667499580       -0.0698493618
        2.0293026997        0.9631233501       -0.0764678346
        1.9668475997        0.9610394530       -0.0847709551
        1.9023431641        0.9576687064       -0.0910577168
        2.2060846191        0.9685893647       -0.0602236709
        2.2060846191        0.9715400998       -0.0619112050
        2.1487739248        0.9672773187       -0.0656866287
