#epsqw diagonal term
#1:q+G [au], 2:Re(eps-1), 3:Im(eps-1)
        1.8355733566        1.0885797720       -0.0640336599
        1.7662812859        1.0988528528       -0.0675695699
        2.0898922014        1.0521116743       -0.0395423503
        2.1487739248        1.0445311182       -0.0433106526
        1.6941574940        1.1130213582       -0.0707483163
        1.6188235383        1.1309223591       -0.0784980659
        1.9668475997        1.0637384778       -0.0548721520
        1.9668475997        1.0660017727       -0.0496465571
        1.9023431641        1.0735091753       -0.0560997863
        2.2060846191        1.0424854298       -0.0306180494
        1.8355733566        1.0889324388       -0.0639319047
        1.7662812859        1.0996480853       -0.0676447162
        2.0898922014        1.0523440142       -0.0397154738
        1.7662812859        1.1023125612       -0.0697819222
        1.1716184599        1.2484532687       -0.1004724521
        1.0597687716        1.2853038468       -0.1239581215
        1.5398083263        1.1487168620       -0.0855484711
        1.6188235383        1.1287774567       -0.0798933537
        0.9346282056        1.3345854077       -0.1513970976
        0.7899050046        1.3861597430       -0.1569488011
        1.3681556010        1.1892845211       -0.1028622777
        2.1487739248        1.0455469467       -0.0406695226
        1.9023431641        1.0768632484       -0.0533743603
        1.3681556010        1.1933452512       -0.0953362133
        1.2736835487        1.2160230992       -0.1033670211
        1.6941574940        1.1123725708       -0.0659731031
        2.0898922014        1.0512427710       -0.0425268521
        2.0293026997        1.0581549679       -0.0471191414
        2.1487739248        1.0452214692       -0.0424384381
        1.6941574940        1.1137140778       -0.0702727863
        1.6188235383        1.1319251154       -0.0788182223
        1.9668475997        1.0641736307       -0.0556269802
        1.6188235383        1.1285138318       -0.0790916985
        0.9346282056        1.3321373883       -0.1506810179
        0.7899050046        1.3900462622       -0.1580424336
        1.3681556010        1.1915075746       -0.1034097184
        2.1487739248        1.0453519800       -0.0412218417
        1.4565128613        1.1784121230       -0.1006679191
        0.6118577855        1.4284066960       -0.1689863510
        0.3532562572        1.4597804492       -0.1843798388
        1.1716184599        1.2650167552       -0.1335659581
        2.0293026997        1.0616595522       -0.0531537268
        1.7662812859        1.0968978483       -0.0705396147
        1.1716184599        1.2513727717       -0.1182257935
        1.0597687716        1.2969382129       -0.1365590135
        1.5398083263        1.1457425863       -0.0922829421
        1.9668475997        1.0662176843       -0.0525925261
        1.9023431641        1.0769591267       -0.0573413607
        2.2060846191        1.0389302515       -0.0378134012
        1.9668475997        1.0663903771       -0.0489172975
        1.9023431641        1.0738349790       -0.0565245403
        2.2060846191        1.0423583725       -0.0313706735
        1.9023431641        1.0766448281       -0.0523132954
        1.3681556010        1.1917036943       -0.0941403451
        1.2736835487        1.2164783805       -0.1038740429
        1.6941574940        1.1129591243       -0.0671607856
        1.7662812859        1.0961226257       -0.0701291252
        1.1716184599        1.2485497764       -0.1177990896
        1.0597687716        1.2972888007       -0.1363298935
        1.5398083263        1.1460547829       -0.0929696446
        2.0293026997        1.0591518394       -0.0403537840
        1.5398083263        1.1468091348       -0.0843146140
        1.4565128613        1.1668796621       -0.0943986972
        1.8355733566        1.0857041385       -0.0493163055
        2.2060846191        1.0396377859       -0.0353417007
        2.1487739248        1.0432622084       -0.0398852613
        2.0898922014        1.0510622543       -0.0419954754
        2.0293026997        1.0575498907       -0.0474696074
        1.9668475997        1.0656250823       -0.0522765418
        1.9023431641        1.0762576378       -0.0575869310
        2.2060846191        1.0382414819       -0.0384305316
        2.2060846191        1.0394537443       -0.0352477905
        2.1487739248        1.0429422768       -0.0399518629
