#epsqw diagonal term
#1:q+G [au], 2:Re(eps-1), 3:Im(eps-1)
        1.8355733566        0.8581910247       -0.0082344241
        1.7662812859        0.8458929824       -0.0082342686
        2.0898922014        0.8967007153       -0.0081227699
        2.1487739248        0.9056805270       -0.0054516282
        1.6941574940        0.8293955454       -0.0100932684
        1.6188235383        0.8128504820       -0.0113635434
        1.9668475997        0.8811320881       -0.0069310530
        1.9668475997        0.8790717570       -0.0084716896
        1.9023431641        0.8702449564       -0.0076378914
        2.2060846191        0.9095806810       -0.0086842576
        1.8355733566        0.8582138603       -0.0081566205
        1.7662812859        0.8459949243       -0.0082698038
        2.0898922014        0.8967075838       -0.0082827184
        1.7662812859        0.8455300558       -0.0100987460
        1.1716184599        0.6535272266       -0.0128417907
        1.0597687716        0.5934767823       -0.0167658974
        1.5398083263        0.7883060943       -0.0111416804
        1.6188235383        0.8112932385       -0.0112806138
        0.9346282056        0.5217765153       -0.0210020841
        0.7899050046        0.4420232994       -0.0257211318
        1.3681556010        0.7302123930       -0.0127673974
        2.1487739248        0.9057586015       -0.0090896537
        1.9023431641        0.8693633672       -0.0102075240
        1.3681556010        0.7268980583       -0.0126505277
        1.2736835487        0.6897989850       -0.0126114023
        1.6941574940        0.8284729419       -0.0110356556
        2.0898922014        0.8951412490       -0.0083460038
        2.0293026997        0.8901719352       -0.0086627336
        2.1487739248        0.9055863833       -0.0054571851
        1.6941574940        0.8291767911       -0.0102094252
        1.6188235383        0.8128358018       -0.0115433746
        1.9668475997        0.8810339344       -0.0070050429
        1.6188235383        0.8111872089       -0.0113801767
        0.9346282056        0.5214172578       -0.0211168492
        0.7899050046        0.4415988565       -0.0260086079
        1.3681556010        0.7300729331       -0.0128391932
        2.1487739248        0.9055694203       -0.0090414701
        1.4565128613        0.7674189286       -0.0127455559
        0.6118577855        0.3329204656       -0.0285826834
        0.3532562572        0.1704106150       -0.0347949162
        1.1716184599        0.6526354233       -0.0148589334
        2.0293026997        0.8958291978       -0.0061342735
        1.7662812859        0.8455808430       -0.0093700207
        1.1716184599        0.6426312778       -0.0155473856
        1.0597687716        0.5882616154       -0.0163484211
        1.5398083263        0.7901820877       -0.0101784329
        1.9668475997        0.8821558190       -0.0091258603
        1.9023431641        0.8746538723       -0.0081608182
        2.2060846191        0.9120696323       -0.0066031596
        1.9668475997        0.8789623300       -0.0085104595
        1.9023431641        0.8701499379       -0.0077582656
        2.2060846191        0.9096188471       -0.0088343290
        1.9023431641        0.8692959035       -0.0101326205
        1.3681556010        0.7265405874       -0.0127436577
        1.2736835487        0.6897444763       -0.0125885464
        1.6941574940        0.8286106081       -0.0110706159
        1.7662812859        0.8457168197       -0.0092728191
        1.1716184599        0.6426192759       -0.0154581590
        1.0597687716        0.5885763226       -0.0160714928
        1.5398083263        0.7904474594       -0.0102080524
        2.0293026997        0.8876305125       -0.0101894171
        1.5398083263        0.7860136085       -0.0108558036
        1.4565128613        0.7615669916       -0.0093434651
        1.8355733566        0.8566259668       -0.0109693914
        2.2060846191        0.9089998865       -0.0083423588
        2.1487739248        0.9045031788       -0.0075405107
        2.0898922014        0.8951546322       -0.0083806453
        2.0293026997        0.8899709515       -0.0086624693
        1.9668475997        0.8822028836       -0.0091236968
        1.9023431641        0.8744137432       -0.0081222537
        2.2060846191        0.9122061553       -0.0066867989
        2.2060846191        0.9090880572       -0.0082810422
        2.1487739248        0.9044427038       -0.0076607641
