#epsqw diagonal term
#1:q+G [au], 2:Re(eps-1), 3:Im(eps-1)
        1.8355733566        0.8656625464       -0.0009751098
        1.7662812859        0.8535962785       -0.0010104828
        2.0898922014        0.9023939218       -0.0008872309
        2.1487739248        0.9122515485       -0.0005871617
        1.6941574940        0.8399877595       -0.0008573337
        1.6188235383        0.8242603996       -0.0008796653
        1.9668475997        0.8890859060       -0.0006769757
        1.9668475997        0.8865888316       -0.0008559362
        1.9023431641        0.8777874676       -0.0008176191
        2.2060846191        0.9149595488       -0.0008517006
        1.8355733566        0.8657932349       -0.0009788256
        1.7662812859        0.8535784637       -0.0010342654
        2.0898922014        0.9023214594       -0.0009140941
        1.7662812859        0.8521749130       -0.0011342934
        1.1716184599        0.6665619256       -0.0016404790
        1.0597687716        0.6089338419       -0.0018418259
        1.5398083263        0.7969305529       -0.0013425128
        1.6188235383        0.8201526362       -0.0010759041
        0.9346282056        0.5460045084       -0.0019034325
        0.7899050046        0.4735812147       -0.0021233629
        1.3681556010        0.7430218071       -0.0013247016
        2.1487739248        0.9120122156       -0.0006962357
        1.9023431641        0.8757668675       -0.0010625326
        1.3681556010        0.7395533184       -0.0014767678
        1.2736835487        0.7044921405       -0.0015673185
        1.6941574940        0.8367389502       -0.0012255489
        2.0898922014        0.9021089413       -0.0008652241
        2.0293026997        0.8969886600       -0.0008725094
        2.1487739248        0.9122560494       -0.0005923470
        1.6941574940        0.8400016204       -0.0008644333
        1.6188235383        0.8242937299       -0.0008816236
        1.9668475997        0.8891381349       -0.0006771602
        1.6188235383        0.8201813722       -0.0010775202
        0.9346282056        0.5460209624       -0.0019072860
        0.7899050046        0.4735615096       -0.0021267905
        1.3681556010        0.7430246470       -0.0013249101
        2.1487739248        0.9120008083       -0.0006967482
        1.4565128613        0.7809664466       -0.0010610033
        0.6118577855        0.3763973624       -0.0025080522
        0.3532562572        0.2392639187       -0.0029580498
        1.1716184599        0.6741896733       -0.0014426962
        2.0293026997        0.9029615595       -0.0005333383
        1.7662812859        0.8543140783       -0.0008857743
        1.1716184599        0.6628105350       -0.0014976897
        1.0597687716        0.6158689934       -0.0016374278
        1.5398083263        0.8013244028       -0.0010433375
        1.9668475997        0.8907035692       -0.0006894855
        1.9023431641        0.8834821483       -0.0006329561
        2.2060846191        0.9186767657       -0.0005923983
        1.9668475997        0.8865886008       -0.0008712425
        1.9023431641        0.8778148427       -0.0008221972
        2.2060846191        0.9149946179       -0.0008461309
        1.9023431641        0.8758000350       -0.0010631154
        1.3681556010        0.7394700209       -0.0014733270
        1.2736835487        0.7045275438       -0.0015363202
        1.6941574940        0.8367445460       -0.0011995038
        1.7662812859        0.8543084766       -0.0008782443
        1.1716184599        0.6628243155       -0.0014918810
        1.0597687716        0.6158555419       -0.0016369713
        1.5398083263        0.8013036384       -0.0010421409
        2.0293026997        0.8938599685       -0.0009599016
        1.5398083263        0.7969632603       -0.0011826319
        1.4565128613        0.7741526396       -0.0011860373
        1.8355733566        0.8648263687       -0.0010248317
        2.2060846191        0.9156954154       -0.0007707852
        2.1487739248        0.9114061305       -0.0007052097
        2.0898922014        0.9020527610       -0.0008573673
        2.0293026997        0.8969905546       -0.0008432940
        1.9668475997        0.8906935330       -0.0006863456
        1.9023431641        0.8834477565       -0.0006335164
        2.2060846191        0.9186464396       -0.0005932192
        2.2060846191        0.9157277671       -0.0007633058
        2.1487739248        0.9113663706       -0.0007037746
