#epsqw diagonal term
#1:q+G [au], 2:Re(eps-1), 3:Im(eps-1)
        1.8355733566        0.8291628282       -0.1397634904
        1.7662812859        0.8059487521       -0.1496075513
        2.0898922014        0.8826146368       -0.1044483571
        2.1487739248        0.8965547228       -0.1050630253
        1.6941574940        0.7720373319       -0.1724751534
        1.6188235383        0.7519794663       -0.1855236403
        1.9668475997        0.8637836846       -0.1242153094
        1.9668475997        0.8648176622       -0.1215524093
        1.9023431641        0.8513136200       -0.1299987815
        2.2060846191        0.9067669329       -0.0956988491
        1.8355733566        0.8288412043       -0.1412266207
        1.7662812859        0.8056463427       -0.1513528800
        2.0898922014        0.8833115470       -0.1046882299
        1.7662812859        0.8202703702       -0.1523078801
        1.1716184599        0.6098433313       -0.2652150514
        1.0597687716        0.5265326994       -0.3240551574
        1.5398083263        0.7399266855       -0.2114499922
        1.6188235383        0.7616341236       -0.1839507243
        0.9346282056        0.4791561163       -0.3822225048
        0.7899050046        0.4457559250       -0.3698124895
        1.3681556010        0.6532203664       -0.2474771897
        2.1487739248        0.8996178755       -0.1006236166
        1.9023431641        0.8523411509       -0.1332008410
        1.3681556010        0.6668347656       -0.2478614092
        1.2736835487        0.6058922568       -0.2661406226
        1.6941574940        0.7893324510       -0.1805700990
        2.0898922014        0.8869634646       -0.1033044454
        2.0293026997        0.8768136794       -0.1194874052
        2.1487739248        0.8950982356       -0.1056472057
        1.6941574940        0.7712871462       -0.1725198623
        1.6188235383        0.7509555932       -0.1852652887
        1.9668475997        0.8641195575       -0.1242835951
        1.6188235383        0.7633134063       -0.1844999772
        0.9346282056        0.4776965692       -0.3816291360
        0.7899050046        0.4449965430       -0.3697473763
        1.3681556010        0.6537858740       -0.2470681123
        2.1487739248        0.8996333463       -0.1012007984
        1.4565128613        0.6982070664       -0.1988128304
        0.6118577855        0.3697570477       -0.4109017546
        0.3532562572        0.4262953402       -0.5569273193
        1.1716184599        0.5656372073       -0.2417667439
        2.0293026997        0.8805794040       -0.1137180663
        1.7662812859        0.8139333349       -0.1471040342
        1.1716184599        0.5560465447       -0.2927205433
        1.0597687716        0.5228783830       -0.2976084508
        1.5398083263        0.7334848234       -0.1889644100
        1.9668475997        0.8653775030       -0.1258205700
        1.9023431641        0.8473375588       -0.1355200878
        2.2060846191        0.8994043064       -0.0967509644
        1.9668475997        0.8640545867       -0.1225679915
        1.9023431641        0.8513684605       -0.1310197479
        2.2060846191        0.9081526247       -0.0964385073
        1.9023431641        0.8519424656       -0.1329947820
        1.3681556010        0.6667604411       -0.2494417277
        1.2736835487        0.6076969720       -0.2662185478
        1.6941574940        0.7905356178       -0.1795560861
        1.7662812859        0.8136103627       -0.1458115987
        1.1716184599        0.5542396686       -0.2910761726
        1.0597687716        0.5226508994       -0.2992442213
        1.5398083263        0.7338743211       -0.1907584082
        2.0293026997        0.8823675981       -0.1221524617
        1.5398083263        0.7353634269       -0.2110764376
        1.4565128613        0.7030958224       -0.2194669135
        1.8355733566        0.8346261947       -0.1597784373
        2.2060846191        0.9063970219       -0.0905590909
        2.1487739248        0.8983807507       -0.1030384009
        2.0898922014        0.8872826919       -0.1019567976
        2.0293026997        0.8773436631       -0.1187597447
        1.9668475997        0.8666552791       -0.1252026424
        1.9023431641        0.8476027118       -0.1361557438
        2.2060846191        0.9004267425       -0.0970176151
        2.2060846191        0.9057008294       -0.0895044905
        2.1487739248        0.8982378371       -0.1025169558
