#epsqw diagonal term
#1:q+G [au], 2:Re(eps-1), 3:Im(eps-1)
        1.8355733566        1.0305867656       -0.0020256994
        1.7662812859        1.0327473230       -0.0018719189
        2.0898922014        1.0229724568       -0.0024693823
        2.1487739248        1.0214949664       -0.0026277617
        1.6941574940        1.0352296766       -0.0016468963
        1.6188235383        1.0382465917       -0.0013844214
        1.9668475997        1.0265185625       -0.0023965632
        1.9668475997        1.0265172848       -0.0023382359
        1.9023431641        1.0283871772       -0.0022486432
        2.2060846191        1.0200953673       -0.0024885570
        1.8355733566        1.0305389134       -0.0020395452
        1.7662812859        1.0327131832       -0.0018794372
        2.0898922014        1.0229685394       -0.0025600469
        1.7662812859        1.0331067210       -0.0019877041
        1.1716184599        1.0598885583       -0.0013942518
        1.0597687716        1.0664008598       -0.0015788932
        1.5398083263        1.0422263229       -0.0017149334
        1.6188235383        1.0383219101       -0.0017095204
        0.9346282056        1.0737841205       -0.0017769465
        0.7899050046        1.0814878008       -0.0018060027
        1.3681556010        1.0500812402       -0.0016420391
        2.1487739248        1.0209465558       -0.0021677279
        1.9023431641        1.0285379378       -0.0022834288
        1.3681556010        1.0499790502       -0.0015292743
        1.2736835487        1.0548209849       -0.0015741652
        1.6941574940        1.0359414024       -0.0019366613
        2.0898922014        1.0227523059       -0.0023365869
        2.0293026997        1.0243232394       -0.0021520858
        2.1487739248        1.0214340586       -0.0026938672
        1.6941574940        1.0351886268       -0.0016678213
        1.6188235383        1.0382384732       -0.0014007482
        1.9668475997        1.0265506536       -0.0025418751
        1.6188235383        1.0383118482       -0.0017421168
        0.9346282056        1.0738111472       -0.0017519317
        0.7899050046        1.0814099754       -0.0019084791
        1.3681556010        1.0501090849       -0.0016630850
        2.1487739248        1.0209853865       -0.0022522691
        1.4565128613        1.0457142075       -0.0012298010
        0.6118577855        1.0887735066       -0.0022887609
        0.3532562572        1.0943662775       -0.0027842635
        1.1716184599        1.0610950896       -0.0013492717
        2.0293026997        1.0238672774       -0.0017148611
        1.7662812859        1.0330684136       -0.0021857905
        1.1716184599        1.0604927255       -0.0015734411
        1.0597687716        1.0671287223       -0.0015009254
        1.5398083263        1.0423254768       -0.0019450210
        1.9668475997        1.0260430356       -0.0020120437
        1.9023431641        1.0277936059       -0.0016958310
        2.2060846191        1.0199671543       -0.0026614346
        1.9668475997        1.0264830026       -0.0023099200
        1.9023431641        1.0283672283       -0.0022846499
        2.2060846191        1.0200885349       -0.0026380742
        1.9023431641        1.0285107424       -0.0021887407
        1.3681556010        1.0499817255       -0.0015267396
        1.2736835487        1.0548385209       -0.0015878142
        1.6941574940        1.0359725485       -0.0019524299
        1.7662812859        1.0330208566       -0.0021046914
        1.1716184599        1.0605057894       -0.0015734880
        1.0597687716        1.0671480157       -0.0014790414
        1.5398083263        1.0423418272       -0.0019010649
        2.0293026997        1.0247516299       -0.0024485825
        1.5398083263        1.0423407822       -0.0017911827
        1.4565128613        1.0460895103       -0.0018035621
        1.8355733566        1.0308762975       -0.0021733668
        2.2060846191        1.0200148662       -0.0026178287
        2.1487739248        1.0213947924       -0.0025522095
        2.0898922014        1.0227782340       -0.0022220772
        2.0293026997        1.0243697129       -0.0021251724
        1.9668475997        1.0260579594       -0.0019173649
        1.9023431641        1.0278405845       -0.0016474126
        2.2060846191        1.0200507370       -0.0025706456
        2.2060846191        1.0200578287       -0.0025487944
        2.1487739248        1.0214495135       -0.0025112823
