#epsqw diagonal term
#1:q+G [au], 2:Re(eps-1), 3:Im(eps-1)
        1.8355733566        0.8925934128       -0.1406945211
        1.7662812859        0.8876252524       -0.1604851345
        2.0898922014        0.9303979022       -0.0810599257
        2.1487739248        0.9458783074       -0.0703160683
        1.6941574940        0.8819455759       -0.1917917561
        1.6188235383        0.9171836703       -0.2257660224
        1.9668475997        0.9241134756       -0.1066219800
        1.9668475997        0.9172920455       -0.1028386053
        1.9023431641        0.9132116926       -0.1173967378
        2.2060846191        0.9445399766       -0.0616489187
        1.8355733566        0.8948526987       -0.1412438627
        1.7662812859        0.8857665207       -0.1596853546
        2.0898922014        0.9303774936       -0.0808336379
        1.7662812859        0.8806305043       -0.1555487070
        1.1716184599        0.6632332316       -0.3438528103
        1.0597687716        0.6147981953       -0.5203766157
        1.5398083263        0.8635493692       -0.2426201464
        1.6188235383        0.8507547845       -0.2033717628
        0.9346282056        0.5370335572       -0.5839597877
        0.7899050046        0.4238504982       -0.6943392469
        1.3681556010        0.7783254432       -0.3313328672
        2.1487739248        0.9450247639       -0.0732447662
        1.9023431641        0.9073944821       -0.1148586100
        1.3681556010        0.8474076332       -0.3272028216
        1.2736835487        0.7703878781       -0.4118033403
        1.6941574940        0.8845867452       -0.1714515317
        2.0898922014        0.9298177467       -0.0850037841
        2.0293026997        0.9296945164       -0.0914805402
        2.1487739248        0.9469279604       -0.0695746697
        1.6941574940        0.8817858800       -0.1907785336
        1.6188235383        0.9172636660       -0.2256065431
        1.9668475997        0.9230812723       -0.1075481656
        1.6188235383        0.8524891601       -0.2026689567
        0.9346282056        0.5346262378       -0.5769209246
        0.7899050046        0.4269522043       -0.7052316304
        1.3681556010        0.7781993896       -0.3312105807
        2.1487739248        0.9436229725       -0.0726262121
        1.4565128613        0.8573556430       -0.2565844175
        0.6118577855        0.2716415081       -0.7366028339
        0.3532562572       -0.0430697064       -0.7345752674
        1.1716184599        0.6682268372       -0.4236999927
        2.0293026997        0.9399500413       -0.0830899734
        1.7662812859        0.8815148056       -0.1506929475
        1.1716184599        0.7076798953       -0.4627061127
        1.0597687716        0.6244768534       -0.5492197645
        1.5398083263        0.8133188992       -0.2365280611
        1.9668475997        0.9259307680       -0.1012922450
        1.9023431641        0.9285262008       -0.1182480568
        2.2060846191        0.9530596423       -0.0700069804
        1.9668475997        0.9194459637       -0.1026584399
        1.9023431641        0.9121045457       -0.1171312620
        2.2060846191        0.9441805203       -0.0612376534
        1.9023431641        0.9076079212       -0.1138026893
        1.3681556010        0.8491708835       -0.3272746219
        1.2736835487        0.7704086957       -0.4124926151
        1.6941574940        0.8843557652       -0.1701854506
        1.7662812859        0.8815181489       -0.1485527526
        1.1716184599        0.7088345425       -0.4636586051
        1.0597687716        0.6319500571       -0.5512756337
        1.5398083263        0.8138559128       -0.2365277624
        2.0293026997        0.9223280259       -0.0813692375
        1.5398083263        0.8660821144       -0.2404596560
        1.4565128613        0.8046694197       -0.2810941713
        1.8355733566        0.8886004379       -0.1068928924
        2.2060846191        0.9429505066       -0.0665340034
        2.1487739248        0.9437936943       -0.0757588998
        2.0898922014        0.9284114633       -0.0849730500
        2.0293026997        0.9297776145       -0.0916817351
        1.9668475997        0.9253410469       -0.1013923140
        1.9023431641        0.9294445300       -0.1201302261
        2.2060846191        0.9521915865       -0.0697211892
        2.2060846191        0.9427971478       -0.0659686234
        2.1487739248        0.9436867398       -0.0758049778
