#epsqw diagonal term
#1:q+G [au], 2:Re(eps-1), 3:Im(eps-1)
        1.8355733566        1.1028171975       -0.0507117074
        1.7662812859        1.1129541018       -0.0505601846
        2.0898922014        1.0663477776       -0.0383744491
        2.1487739248        1.0619788863       -0.0403377081
        1.6941574940        1.1228893335       -0.0478390857
        1.6188235383        1.1370773098       -0.0499381835
        1.9668475997        1.0845080763       -0.0468591883
        1.9668475997        1.0820623771       -0.0458896107
        1.9023431641        1.0920299412       -0.0470175331
        2.2060846191        1.0535741460       -0.0306972254
        1.8355733566        1.1028607659       -0.0518777421
        1.7662812859        1.1129575260       -0.0516767707
        2.0898922014        1.0662000854       -0.0391154657
        1.7662812859        1.1138411586       -0.0543621374
        1.1716184599        1.2256681201       -0.0529115225
        1.0597687716        1.2582516837       -0.0590281569
        1.5398083263        1.1534818517       -0.0604905719
        1.6188235383        1.1379219704       -0.0520679920
        0.9346282056        1.2978655216       -0.0624248252
        0.7899050046        1.3332417546       -0.0566263615
        1.3681556010        1.1911682244       -0.0582237825
        2.1487739248        1.0600527311       -0.0352951640
        1.9023431641        1.0904985328       -0.0489815419
        1.3681556010        1.1873016277       -0.0585941316
        1.2736835487        1.2092868532       -0.0585554455
        1.6941574940        1.1240038287       -0.0547157154
        2.0898922014        1.0665421046       -0.0398565971
        2.0293026997        1.0740186399       -0.0415099417
        2.1487739248        1.0629804370       -0.0393480014
        1.6941574940        1.1230792532       -0.0481200995
        1.6188235383        1.1364405092       -0.0518276488
        1.9668475997        1.0839388463       -0.0491546510
        1.6188235383        1.1386667584       -0.0506795292
        0.9346282056        1.2994440408       -0.0620396369
        0.7899050046        1.3325065253       -0.0569960044
        1.3681556010        1.1904117892       -0.0589032115
        2.1487739248        1.0598439526       -0.0358606130
        1.4565128613        1.1743660227       -0.0543741579
        0.6118577855        1.3635911624       -0.0505178196
        0.3532562572        1.3870741657       -0.0470488979
        1.1716184599        1.2459929026       -0.0591500037
        2.0293026997        1.0760765297       -0.0388027451
        1.7662812859        1.1146061824       -0.0541563206
        1.1716184599        1.2351480750       -0.0617782025
        1.0597687716        1.2689665488       -0.0612766574
        1.5398083263        1.1591157942       -0.0584679601
        1.9668475997        1.0811721899       -0.0431305749
        1.9023431641        1.0902538075       -0.0434003168
        2.2060846191        1.0554025542       -0.0361733131
        1.9668475997        1.0823880598       -0.0449746032
        1.9023431641        1.0917899724       -0.0491203575
        2.2060846191        1.0533170444       -0.0329551214
        1.9023431641        1.0911614570       -0.0468073237
        1.3681556010        1.1880801251       -0.0567529097
        1.2736835487        1.2087086799       -0.0590475789
        1.6941574940        1.1228290408       -0.0569051414
        1.7662812859        1.1150912770       -0.0533696209
        1.1716184599        1.2356138019       -0.0613519229
        1.0597687716        1.2688405188       -0.0606368117
        1.5398083263        1.1579030425       -0.0593521833
        2.0293026997        1.0718982675       -0.0419712269
        1.5398083263        1.1524493736       -0.0605233873
        1.4565128613        1.1712648561       -0.0607662961
        1.8355733566        1.0966714864       -0.0500693811
        2.2060846191        1.0539058040       -0.0349285421
        2.1487739248        1.0593974050       -0.0387546174
        2.0898922014        1.0670048846       -0.0375804226
        2.0293026997        1.0742243567       -0.0409590567
        1.9668475997        1.0819341500       -0.0415000144
        1.9023431641        1.0908504580       -0.0418614461
        2.2060846191        1.0549575690       -0.0362174174
        2.2060846191        1.0539803532       -0.0342280928
        2.1487739248        1.0595595489       -0.0377394154
