#epsqw diagonal term
#1:q+G [au], 2:Re(eps-1), 3:Im(eps-1)
        1.8355733566        0.8878174773       -0.0412717150
        1.7662812859        0.8698380533       -0.0360586292
        2.0898922014        0.9164888230       -0.0369853810
        2.1487739248        0.9194744678       -0.0301624018
        1.6941574940        0.8536617674       -0.0318902677
        1.6188235383        0.8347388346       -0.0278843180
        1.9668475997        0.8933135347       -0.0305846111
        1.9668475997        0.9037969915       -0.0370014022
        1.9023431641        0.8893703518       -0.0333149695
        2.2060846191        0.9290773101       -0.0374849994
        1.8355733566        0.8874947441       -0.0407372266
        1.7662812859        0.8695733226       -0.0359563495
        2.0898922014        0.9164622541       -0.0369672678
        1.7662812859        0.8720255696       -0.0362828625
        1.1716184599        0.6699587430       -0.0726368449
        1.0597687716        0.5929229787       -0.0517933025
        1.5398083263        0.8111062664       -0.0390279553
        1.6188235383        0.8275424162       -0.0308621906
        0.9346282056        0.5197138814       -0.0644148263
        0.7899050046        0.4435831880       -0.0745986348
        1.3681556010        0.7411630512       -0.0440745643
        2.1487739248        0.9220463851       -0.0213117435
        1.9023431641        0.8922292809       -0.0350519049
        1.3681556010        0.7501868082       -0.0458825748
        1.2736835487        0.7045130536       -0.0469255252
        1.6941574940        0.8526183866       -0.0395085126
        2.0898922014        0.9240749156       -0.0344825364
        2.0293026997        0.9126871720       -0.0291960159
        2.1487739248        0.9192994877       -0.0310161462
        1.6941574940        0.8534030410       -0.0315174316
        1.6188235383        0.8347747989       -0.0279736935
        1.9668475997        0.8931869596       -0.0303328457
        1.6188235383        0.8274664898       -0.0309433669
        0.9346282056        0.5192034068       -0.0646272314
        0.7899050046        0.4435112568       -0.0747531444
        1.3681556010        0.7411383901       -0.0443116042
        2.1487739248        0.9220831495       -0.0213274447
        1.4565128613        0.7915706570       -0.0277359263
        0.6118577855        0.3649341254       -0.0939050111
        0.3532562572        0.2123016178       -0.1216716298
        1.1716184599        0.6881947418       -0.0622819306
        2.0293026997        0.9020091799       -0.0143675212
        1.7662812859        0.8606379433       -0.0309157099
        1.1716184599        0.6550794665       -0.0508132371
        1.0597687716        0.6156355943       -0.0645759820
        1.5398083263        0.8032918704       -0.0421337970
        1.9668475997        0.9050956971       -0.0275118454
        1.9023431641        0.8904013358       -0.0205680349
        2.2060846191        0.9281332253       -0.0243754001
        1.9668475997        0.9040845940       -0.0366905338
        1.9023431641        0.8896531812       -0.0330827747
        2.2060846191        0.9292220635       -0.0373304543
        1.9023431641        0.8921632885       -0.0350254364
        1.3681556010        0.7500898576       -0.0457809544
        1.2736835487        0.7049024157       -0.0467491603
        1.6941574940        0.8526286959       -0.0397059388
        1.7662812859        0.8605449396       -0.0311226949
        1.1716184599        0.6549789629       -0.0504882780
        1.0597687716        0.6159438619       -0.0640619747
        1.5398083263        0.8035505228       -0.0421938971
        2.0293026997        0.9083104229       -0.0366186837
        1.5398083263        0.8136798329       -0.0408110384
        1.4565128613        0.7847219760       -0.0434669679
        1.8355733566        0.8829843170       -0.0422536875
        2.2060846191        0.9358691813       -0.0290960027
        2.1487739248        0.9260537693       -0.0255695692
        2.0898922014        0.9243817355       -0.0345874274
        2.0293026997        0.9129452920       -0.0295438519
        1.9668475997        0.9051091321       -0.0274642969
        1.9023431641        0.8904508429       -0.0206278072
        2.2060846191        0.9280258858       -0.0244793936
        2.2060846191        0.9357004544       -0.0291778403
        2.1487739248        0.9259292013       -0.0258191838
