#epsqw diagonal term
#1:q+G [au], 2:Re(eps-1), 3:Im(eps-1)
        1.8355733566        0.8678149557       -0.0006540421
        1.7662812859        0.8557433996       -0.0006718017
        2.0898922014        0.9044162653       -0.0005412532
        2.1487739248        0.9135467354       -0.0004512198
        1.6941574940        0.8418675641       -0.0006938929
        1.6188235383        0.8261824757       -0.0007325460
        1.9668475997        0.8905856714       -0.0005344156
        1.9668475997        0.8885428309       -0.0005868215
        1.9023431641        0.8796045254       -0.0005917224
        2.2060846191        0.9169836771       -0.0005083100
        1.8355733566        0.8679165175       -0.0006516568
        1.7662812859        0.8557405495       -0.0006727610
        2.0898922014        0.9043813677       -0.0005435612
        1.7662812859        0.8547485117       -0.0007144996
        1.1716184599        0.6701946387       -0.0012145025
        1.0597687716        0.6131625728       -0.0013757273
        1.5398083263        0.7998482161       -0.0008724378
        1.6188235383        0.8225446596       -0.0007763910
        0.9346282056        0.5507330485       -0.0015570343
        0.7899050046        0.4792763053       -0.0017752032
        1.3681556010        0.7459399436       -0.0010056361
        2.1487739248        0.9136861784       -0.0004826127
        1.9023431641        0.8782115907       -0.0006450470
        1.3681556010        0.7427731276       -0.0010422922
        1.2736835487        0.7078750603       -0.0011280008
        1.6941574940        0.8394349046       -0.0007611622
        2.0898922014        0.9040762029       -0.0005483510
        2.0293026997        0.8988909159       -0.0005437672
        2.1487739248        0.9135549271       -0.0004510669
        1.6941574940        0.8418876197       -0.0006941796
        1.6188235383        0.8262174995       -0.0007327032
        1.9668475997        0.8906350695       -0.0005341230
        1.6188235383        0.8225672109       -0.0007758385
        0.9346282056        0.5507516768       -0.0015570777
        0.7899050046        0.4792646270       -0.0017758790
        1.3681556010        0.7459429916       -0.0010058894
        2.1487739248        0.9136730603       -0.0004827403
        1.4565128613        0.7833207913       -0.0008851525
        0.6118577855        0.3839133935       -0.0020685456
        0.3532562572        0.2496394257       -0.0023918281
        1.1716184599        0.6775022910       -0.0012382926
        2.0293026997        0.9040989274       -0.0004477287
        1.7662812859        0.8562999701       -0.0006621566
        1.1716184599        0.6662457501       -0.0012442282
        1.0597687716        0.6197829008       -0.0014042029
        1.5398083263        0.8036151902       -0.0008157954
        1.9668475997        0.8923025631       -0.0005385641
        1.9023431641        0.8848617739       -0.0005296810
        2.2060846191        0.9200556872       -0.0004403365
        1.9668475997        0.8885551909       -0.0005872866
        1.9023431641        0.8796267776       -0.0005913589
        2.2060846191        0.9170060433       -0.0005077164
        1.9023431641        0.8782447406       -0.0006442359
        1.3681556010        0.7427132356       -0.0010437934
        1.2736835487        0.7078921262       -0.0011270416
        1.6941574940        0.8394183855       -0.0007602867
        1.7662812859        0.8562800323       -0.0006614162
        1.1716184599        0.6662489392       -0.0012435500
        1.0597687716        0.6197656094       -0.0014034389
        1.5398083263        0.8035936986       -0.0008156628
        2.0293026997        0.8961348311       -0.0005916958
        1.5398083263        0.7995755740       -0.0008641473
        1.4565128613        0.7767348355       -0.0009082039
        1.8355733566        0.8672392709       -0.0006837976
        2.2060846191        0.9175042596       -0.0004941190
        2.1487739248        0.9130262458       -0.0004849399
        2.0898922014        0.9040383049       -0.0005494552
        2.0293026997        0.8988757210       -0.0005431650
        1.9668475997        0.8922880178       -0.0005382616
        1.9023431641        0.8848287275       -0.0005298238
        2.2060846191        0.9200312209       -0.0004409681
        2.2060846191        0.9175256787       -0.0004931482
        2.1487739248        0.9129920301       -0.0004855539
