#epsqw diagonal term
#1:q+G [au], 2:Re(eps-1), 3:Im(eps-1)
        1.8355733566        1.0435304906       -0.1057580007
        1.7662812859        1.0504564663       -0.1214547833
        2.0898922014        1.0026350408       -0.0646206543
        2.1487739248        0.9986692233       -0.0556645038
        1.6941574940        1.0542212602       -0.1298828655
        1.6188235383        1.0634829296       -0.1256427827
        1.9668475997        1.0204464209       -0.0805297156
        1.9668475997        1.0212661399       -0.0818573198
        1.9023431641        1.0312082152       -0.0911182700
        2.2060846191        0.9888598047       -0.0525197945
        1.8355733566        1.0448659646       -0.1054902956
        1.7662812859        1.0498312232       -0.1178942216
        2.0898922014        1.0021928963       -0.0647687323
        1.7662812859        1.0474826880       -0.1124213189
        1.1716184599        1.3064027251       -0.3406708216
        1.0597687716        1.3303940648       -0.3417639340
        1.5398083263        1.0985424751       -0.1323416397
        1.6188235383        1.0798036190       -0.1562795027
        0.9346282056        1.4262735303       -0.3996315254
        0.7899050046        1.5542295118       -0.5098864264
        1.3681556010        1.1535905868       -0.2220663214
        2.1487739248        1.0035744319       -0.0677803809
        1.9023431641        1.0251088236       -0.0920441911
        1.3681556010        1.1458781208       -0.1740763276
        1.2736835487        1.1820902113       -0.2377132861
        1.6941574940        1.0696031433       -0.1123277963
        2.0898922014        1.0094831569       -0.0669137491
        2.0293026997        1.0136478998       -0.0793761494
        2.1487739248        0.9986252056       -0.0558986950
        1.6941574940        1.0535527449       -0.1284141079
        1.6188235383        1.0628827799       -0.1250664631
        1.9668475997        1.0182658487       -0.0792235227
        1.6188235383        1.0800039404       -0.1574290330
        0.9346282056        1.4256277847       -0.3993281815
        0.7899050046        1.5557973910       -0.5098757659
        1.3681556010        1.1527551597       -0.2202994997
        2.1487739248        1.0036106031       -0.0686515306
        1.4565128613        1.0805823466       -0.1675357798
        0.6118577855        1.6525806580       -0.5773509485
        0.3532562572        1.7869501883       -0.4971782859
        1.1716184599        1.1705403356       -0.2918717280
        2.0293026997        0.9944556737       -0.0720647874
        1.7662812859        1.0512561469       -0.1165305793
        1.1716184599        1.2471592056       -0.2934159929
        1.0597687716        1.3100361428       -0.3502190717
        1.5398083263        1.1031305934       -0.1704126754
        1.9668475997        1.0173180883       -0.0853809081
        1.9023431641        1.0151500166       -0.0858686564
        2.2060846191        0.9938720764       -0.0589874597
        1.9668475997        1.0212683719       -0.0825906853
        1.9023431641        1.0294889706       -0.0895988164
        2.2060846191        0.9882103269       -0.0527347053
        1.9023431641        1.0249331275       -0.0924240850
        1.3681556010        1.1475466068       -0.1745120568
        1.2736835487        1.1815790149       -0.2364108131
        1.6941574940        1.0683567748       -0.1144334035
        1.7662812859        1.0520597696       -0.1158419110
        1.1716184599        1.2486697340       -0.2956162279
        1.0597687716        1.3112115292       -0.3456175569
        1.5398083263        1.1044925912       -0.1724950593
        2.0293026997        1.0021081317       -0.0746381772
        1.5398083263        1.1009242146       -0.1368478341
        1.4565128613        1.1170433913       -0.1843315325
        1.8355733566        1.0367707720       -0.0951540480
        2.2060846191        0.9991080996       -0.0554579253
        2.1487739248        1.0029181979       -0.0647340234
        2.0898922014        1.0098385212       -0.0664788632
        2.0293026997        1.0139497832       -0.0792875819
        1.9668475997        1.0180644355       -0.0843084489
        1.9023431641        1.0163659983       -0.0849753216
        2.2060846191        0.9943725943       -0.0585502542
        2.2060846191        0.9998160289       -0.0550368914
        2.1487739248        1.0035006217       -0.0643963787
