#epsqw diagonal term
#1:q+G [au], 2:Re(eps-1), 3:Im(eps-1)
        1.8355733566        1.0452750123       -0.0014982414
        1.7662812859        1.0492878999       -0.0015028322
        2.0898922014        1.0315047367       -0.0014126008
        2.1487739248        1.0292423370       -0.0012772786
        1.6941574940        1.0538353296       -0.0015244823
        1.6188235383        1.0595026692       -0.0016376919
        1.9668475997        1.0379930751       -0.0014577133
        1.9668475997        1.0378495548       -0.0015065145
        1.9023431641        1.0413520631       -0.0014890009
        2.2060846191        1.0263964011       -0.0012849994
        1.8355733566        1.0452957135       -0.0015255196
        1.7662812859        1.0492482679       -0.0014855223
        2.0898922014        1.0314472603       -0.0013712658
        1.7662812859        1.0493402739       -0.0015553563
        1.1716184599        1.0928207736       -0.0014756865
        1.0597687716        1.1031953403       -0.0014940630
        1.5398083263        1.0642370922       -0.0016383275
        1.6188235383        1.0584296060       -0.0014753247
        0.9346282056        1.1150101269       -0.0015264344
        0.7899050046        1.1265669543       -0.0015736521
        1.3681556010        1.0771855077       -0.0016040442
        2.1487739248        1.0310500582       -0.0013069718
        1.9023431641        1.0409427190       -0.0014919118
        1.3681556010        1.0768838354       -0.0016054092
        1.2736835487        1.0847503417       -0.0016053653
        1.6941574940        1.0534572024       -0.0016115297
        2.0898922014        1.0327986630       -0.0014111893
        2.0293026997        1.0360683955       -0.0014411294
        2.1487739248        1.0293190307       -0.0013105543
        1.6941574940        1.0538793347       -0.0015557661
        1.6188235383        1.0594366359       -0.0016174554
        1.9668475997        1.0378916766       -0.0014187708
        1.6188235383        1.0585169264       -0.0015230386
        0.9346282056        1.1150898674       -0.0015649819
        0.7899050046        1.1265017508       -0.0015525832
        1.3681556010        1.0770908377       -0.0015526318
        2.1487739248        1.0309891818       -0.0012792391
        1.4565128613        1.0714090797       -0.0016464602
        0.6118577855        1.1370936526       -0.0015591088
        0.3532562572        1.1451891783       -0.0016035507
        1.1716184599        1.0950697181       -0.0017231536
        2.0293026997        1.0374207061       -0.0013555072
        1.7662812859        1.0489877344       -0.0014600117
        1.1716184599        1.0937208132       -0.0016019305
        1.0597687716        1.1044795881       -0.0016981075
        1.5398083263        1.0643183094       -0.0015690896
        1.9668475997        1.0393482863       -0.0014579186
        1.9023431641        1.0430851270       -0.0015091923
        2.2060846191        1.0275587393       -0.0013232378
        1.9668475997        1.0378761813       -0.0014728399
        1.9023431641        1.0413201905       -0.0015042222
        2.2060846191        1.0263545354       -0.0013347066
        1.9023431641        1.0410341675       -0.0014913525
        1.3681556010        1.0769737599       -0.0016197319
        1.2736835487        1.0847090913       -0.0015927716
        1.6941574940        1.0533672793       -0.0016087230
        1.7662812859        1.0490679673       -0.0015098165
        1.1716184599        1.0937913537       -0.0016393287
        1.0597687716        1.1044699246       -0.0016768374
        1.5398083263        1.0642515740       -0.0015144650
        2.0293026997        1.0341336639       -0.0014725904
        1.5398083263        1.0641557583       -0.0016441480
        1.4565128613        1.0705158985       -0.0015639972
        1.8355733566        1.0444073165       -0.0015920674
        2.2060846191        1.0274174294       -0.0013071323
        2.1487739248        1.0301163888       -0.0013525736
        2.0898922014        1.0328439923       -0.0013963287
        2.0293026997        1.0360585711       -0.0014469514
        1.9668475997        1.0394193596       -0.0014913030
        1.9023431641        1.0430764416       -0.0014894686
        2.2060846191        1.0274923048       -0.0012774568
        2.2060846191        1.0274476295       -0.0013286089
        2.1487739248        1.0301086026       -0.0013403987
