#epsqw diagonal term
#1:q+G [au], 2:Re(eps-1), 3:Im(eps-1)
        1.8355733566        0.8582395360       -0.0146528418
        1.7662812859        0.8490177735       -0.0170481263
        2.0898922014        0.8987233518       -0.0130751103
        2.1487739248        0.9062856971       -0.0116196532
        1.6941574940        0.8391246800       -0.0182159922
        1.6188235383        0.8235555221       -0.0251371763
        1.9668475997        0.8846738339       -0.0149463515
        1.9668475997        0.8824750665       -0.0133843772
        1.9023431641        0.8737584090       -0.0163996707
        2.2060846191        0.9130174678       -0.0144584849
        1.8355733566        0.8581989778       -0.0148311454
        1.7662812859        0.8493352539       -0.0171913133
        2.0898922014        0.8987933401       -0.0130065929
        1.7662812859        0.8460262707       -0.0180333342
        1.1716184599        0.6501426283       -0.0251696767
        1.0597687716        0.6013451669       -0.0349841838
        1.5398083263        0.7876402883       -0.0210082926
        1.6188235383        0.8174370402       -0.0174191305
        0.9346282056        0.5370710921       -0.0561632562
        0.7899050046        0.4651213380       -0.0718514853
        1.3681556010        0.7327449661       -0.0244132527
        2.1487739248        0.9116296324       -0.0121678727
        1.9023431641        0.8735732318       -0.0148931178
        1.3681556010        0.7306676778       -0.0302005064
        1.2736835487        0.6983395060       -0.0388325783
        1.6941574940        0.8329658000       -0.0175648252
        2.0898922014        0.8964001347       -0.0146183896
        2.0293026997        0.8938149443       -0.0153598539
        2.1487739248        0.9064310720       -0.0116189636
        1.6941574940        0.8387923405       -0.0183250392
        1.6188235383        0.8238134078       -0.0252213334
        1.9668475997        0.8847363332       -0.0147969160
        1.6188235383        0.8170334371       -0.0172728228
        0.9346282056        0.5368914814       -0.0545895399
        0.7899050046        0.4657923058       -0.0727154667
        1.3681556010        0.7328188110       -0.0241429354
        2.1487739248        0.9115077799       -0.0125112164
        1.4565128613        0.7735914996       -0.0249106850
        0.6118577855        0.3589760841       -0.1101380120
        0.3532562572        0.1745392919       -0.1790624441
        1.1716184599        0.6536661524       -0.0345251952
        2.0293026997        0.9012468038       -0.0124997267
        1.7662812859        0.8517437996       -0.0170503919
        1.1716184599        0.6533330836       -0.0432682305
        1.0597687716        0.6074811857       -0.0624723921
        1.5398083263        0.7936853556       -0.0200936006
        1.9668475997        0.8896943075       -0.0150320948
        1.9023431641        0.8806914560       -0.0178526797
        2.2060846191        0.9154025447       -0.0122754280
        1.9668475997        0.8824840558       -0.0134257893
        1.9023431641        0.8739510446       -0.0163684496
        2.2060846191        0.9128474106       -0.0143442486
        1.9023431641        0.8735532234       -0.0150126508
        1.3681556010        0.7308581619       -0.0296021778
        1.2736835487        0.6985767644       -0.0383965745
        1.6941574940        0.8328255339       -0.0176692692
        1.7662812859        0.8517221092       -0.0171690392
        1.1716184599        0.6536888166       -0.0431985616
        1.0597687716        0.6068836185       -0.0606733943
        1.5398083263        0.7936768635       -0.0197973261
        2.0293026997        0.8933185229       -0.0161881830
        1.5398083263        0.7905214398       -0.0221208723
        1.4565128613        0.7663182667       -0.0312285609
        1.8355733566        0.8633277137       -0.0194868109
        2.2060846191        0.9123963159       -0.0124014588
        2.1487739248        0.9085842775       -0.0142326814
        2.0898922014        0.8962765097       -0.0144643530
        2.0293026997        0.8938172289       -0.0151139215
        1.9668475997        0.8896839425       -0.0148781125
        1.9023431641        0.8808655871       -0.0176671783
        2.2060846191        0.9154310423       -0.0121319490
        2.2060846191        0.9123665353       -0.0124569131
        2.1487739248        0.9086578554       -0.0140555058
