#epsqw diagonal term
#1:q+G [au], 2:Re(eps-1), 3:Im(eps-1)
        1.8355733566        0.8794929054       -0.0279942332
        1.7662812859        0.8640454773       -0.0311147485
        2.0898922014        0.9236794742       -0.0261217488
        2.1487739248        0.9330803929       -0.0289347916
        1.6941574940        0.8455749479       -0.0340004279
        1.6188235383        0.8173357829       -0.0394473207
        1.9668475997        0.9079030727       -0.0294787440
        1.9668475997        0.9056502830       -0.0291408173
        1.9023431641        0.8956693146       -0.0317347313
        2.2060846191        0.9368887903       -0.0235559918
        1.8355733566        0.8793414696       -0.0277922341
        1.7662812859        0.8643761978       -0.0309969457
        2.0898922014        0.9241679599       -0.0261491624
        1.7662812859        0.8579733864       -0.0299424027
        1.1716184599        0.6042303402       -0.0961375546
        1.0597687716        0.5351047858       -0.1454174697
        1.5398083263        0.7749880811       -0.0424745537
        1.6188235383        0.8191565879       -0.0395025288
        0.9346282056        0.4695318166       -0.2124590778
        0.7899050046        0.3720884572       -0.2825320899
        1.3681556010        0.7131629761       -0.0659385194
        2.1487739248        0.9306897725       -0.0222955118
        1.9023431641        0.8915808034       -0.0307275793
        1.3681556010        0.6950049108       -0.0638987148
        1.2736835487        0.6561098696       -0.0809293843
        1.6941574940        0.8334649563       -0.0353182320
        2.0898922014        0.9250751249       -0.0234214306
        2.0293026997        0.9159261485       -0.0237679107
        2.1487739248        0.9333837681       -0.0292171014
        1.6941574940        0.8456285558       -0.0342886984
        1.6188235383        0.8175458554       -0.0393217837
        1.9668475997        0.9077511700       -0.0294971769
        1.6188235383        0.8187896593       -0.0395314633
        0.9346282056        0.4718894247       -0.2148791679
        0.7899050046        0.3702610121       -0.2842047110
        1.3681556010        0.7127947234       -0.0658986509
        2.1487739248        0.9307564527       -0.0222656261
        1.4565128613        0.7684581410       -0.0547987616
        0.6118577855        0.2356887675       -0.3895280310
        0.3532562572        0.1513986363       -0.5250785387
        1.1716184599        0.6444128860       -0.0949398464
        2.0293026997        0.9133079374       -0.0265019676
        1.7662812859        0.8654313656       -0.0378024989
        1.1716184599        0.6118893796       -0.1120384644
        1.0597687716        0.5533701811       -0.1329847882
        1.5398083263        0.7906540296       -0.0490578534
        1.9668475997        0.9075903320       -0.0255223017
        1.9023431641        0.8915835876       -0.0275851900
        2.2060846191        0.9356198197       -0.0222584950
        1.9668475997        0.9057313094       -0.0292028280
        1.9023431641        0.8956061057       -0.0316714169
        2.2060846191        0.9372203282       -0.0234910772
        1.9023431641        0.8909287606       -0.0308138111
        1.3681556010        0.6949302934       -0.0636087240
        1.2736835487        0.6547124132       -0.0822679694
        1.6941574940        0.8337108354       -0.0349838220
        1.7662812859        0.8654589963       -0.0376078709
        1.1716184599        0.6108435168       -0.1128736989
        1.0597687716        0.5535770445       -0.1324858942
        1.5398083263        0.7905578526       -0.0488125951
        2.0293026997        0.9129999962       -0.0277249471
        1.5398083263        0.7768760677       -0.0448484445
        1.4565128613        0.7455412336       -0.0530749528
        1.8355733566        0.8726069078       -0.0325816903
        2.2060846191        0.9385056027       -0.0225403283
        2.1487739248        0.9314412213       -0.0230835516
        2.0898922014        0.9249228301       -0.0233238692
        2.0293026997        0.9161054380       -0.0240666599
        1.9668475997        0.9076609338       -0.0257609515
        1.9023431641        0.8915191010       -0.0277799064
        2.2060846191        0.9355984404       -0.0220421428
        2.2060846191        0.9384197811       -0.0225435901
        2.1487739248        0.9313487238       -0.0231940515
