#epsqw diagonal term
#1:q+G [au], 2:Re(eps-1), 3:Im(eps-1)
        1.8355733566        0.8771767291       -0.0329098426
        1.7662812859        0.8616469054       -0.0344179441
        2.0898922014        0.9188775783       -0.0264605794
        2.1487739248        0.9199809852       -0.0289967595
        1.6941574940        0.8394179734       -0.0375982238
        1.6188235383        0.8148162662       -0.0365676077
        1.9668475997        0.8963115764       -0.0321527540
        1.9668475997        0.9004173483       -0.0320934395
        1.9023431641        0.8864149732       -0.0332591813
        2.2060846191        0.9319749767       -0.0247028107
        1.8355733566        0.8771950761       -0.0328753193
        1.7662812859        0.8613598360       -0.0348187723
        2.0898922014        0.9188662000       -0.0267289383
        1.7662812859        0.8585494899       -0.0308869131
        1.1716184599        0.6258671740       -0.0788346755
        1.0597687716        0.5441857293       -0.1183310108
        1.5398083263        0.7842602299       -0.0348425767
        1.6188235383        0.8186453999       -0.0393430300
        0.9346282056        0.4420443485       -0.1725641716
        0.7899050046        0.3874612546       -0.2112677054
        1.3681556010        0.7185079547       -0.0580493643
        2.1487739248        0.9277180049       -0.0258987069
        1.9023431641        0.8875563230       -0.0306121710
        1.3681556010        0.7138361290       -0.0525941818
        1.2736835487        0.6694499848       -0.0688450178
        1.6941574940        0.8367010916       -0.0305166279
        2.0898922014        0.9191152001       -0.0293854859
        2.0293026997        0.9115950105       -0.0303923476
        2.1487739248        0.9197011443       -0.0287481613
        1.6941574940        0.8387502389       -0.0383549204
        1.6188235383        0.8150565037       -0.0367996375
        1.9668475997        0.8965277896       -0.0322435277
        1.6188235383        0.8187320660       -0.0389011722
        0.9346282056        0.4425484303       -0.1708501075
        0.7899050046        0.3855853498       -0.2123818136
        1.3681556010        0.7180259536       -0.0573873832
        2.1487739248        0.9275366383       -0.0258323410
        1.4565128613        0.7696733364       -0.0546612017
        0.6118577855        0.2980022065       -0.3085452768
        0.3532562572        0.1855143312       -0.4493694636
        1.1716184599        0.6521984616       -0.0904266956
        2.0293026997        0.9114986772       -0.0295869031
        1.7662812859        0.8576454413       -0.0367128471
        1.1716184599        0.6137023156       -0.0958015458
        1.0597687716        0.5754375847       -0.1116444930
        1.5398083263        0.7920338299       -0.0411541802
        1.9668475997        0.8992678184       -0.0299448889
        1.9023431641        0.8866851774       -0.0280861926
        2.2060846191        0.9297511678       -0.0248531522
        1.9668475997        0.9001633605       -0.0321063223
        1.9023431641        0.8864735908       -0.0335208532
        2.2060846191        0.9319923569       -0.0245544857
        1.9023431641        0.8877205078       -0.0303605425
        1.3681556010        0.7138555315       -0.0525379460
        1.2736835487        0.6697436719       -0.0679669332
        1.6941574940        0.8368958454       -0.0306449949
        1.7662812859        0.8578493098       -0.0367531916
        1.1716184599        0.6145433365       -0.0951663193
        1.0597687716        0.5746821249       -0.1135004840
        1.5398083263        0.7918389057       -0.0413738672
        2.0293026997        0.9076366160       -0.0276378547
        1.5398083263        0.7840808935       -0.0373489669
        1.4565128613        0.7571842274       -0.0422985770
        1.8355733566        0.8702281990       -0.0285229976
        2.2060846191        0.9316490260       -0.0257810349
        2.1487739248        0.9250768832       -0.0274310455
        2.0898922014        0.9191768200       -0.0295932285
        2.0293026997        0.9115494901       -0.0299899010
        1.9668475997        0.8992421643       -0.0295530542
        1.9023431641        0.8870122305       -0.0277914452
        2.2060846191        0.9298931878       -0.0250822494
        2.2060846191        0.9316454556       -0.0258244476
        2.1487739248        0.9250715987       -0.0269952847
