#epsqw diagonal term
#1:q+G [au], 2:Re(eps-1), 3:Im(eps-1)
        1.8355733566        0.9094463174       -0.1322503586
        1.7662812859        0.8906335902       -0.1456857724
        2.0898922014        0.9345034979       -0.0856589525
        2.1487739248        0.9355957009       -0.0707869542
        1.6941574940        0.8828600169       -0.1701432556
        1.6188235383        0.8785518959       -0.1763551375
        1.9668475997        0.9214306158       -0.1008709797
        1.9668475997        0.9218716544       -0.1053482004
        1.9023431641        0.9104203931       -0.1151755788
        2.2060846191        0.9443448545       -0.0667169037
        1.8355733566        0.9093813796       -0.1311089219
        1.7662812859        0.8915542115       -0.1454026415
        2.0898922014        0.9347572170       -0.0851881406
        1.7662812859        0.8994010677       -0.1516361757
        1.1716184599        0.6701510028       -0.4096597595
        1.0597687716        0.7164421360       -0.5084975934
        1.5398083263        0.8701734377       -0.2166924489
        1.6188235383        0.8712481632       -0.1934213157
        0.9346282056        0.7003298496       -0.5928517092
        0.7899050046        0.6408695383       -0.6962202431
        1.3681556010        0.8402719191       -0.3064127424
        2.1487739248        0.9351725342       -0.0697885006
        1.9023431641        0.9114891841       -0.1161342782
        1.3681556010        0.8313810419       -0.2810549227
        1.2736835487        0.8115817662       -0.3520643580
        1.6941574940        0.8797705755       -0.1635807687
        2.0898922014        0.9299490561       -0.0815104303
        2.0293026997        0.9227518756       -0.0875030878
        2.1487739248        0.9355311994       -0.0715035141
        1.6941574940        0.8848278136       -0.1688846487
        1.6188235383        0.8787259481       -0.1758159387
        1.9668475997        0.9217498095       -0.0997234471
        1.6188235383        0.8710606142       -0.1916144942
        0.9346282056        0.7032079366       -0.5919935186
        0.7899050046        0.6465522080       -0.6976165267
        1.3681556010        0.8401245871       -0.3053803725
        2.1487739248        0.9348701305       -0.0700663057
        1.4565128613        0.8387210075       -0.2244781585
        0.6118577855        0.5465131283       -0.9068445040
        0.3532562572        0.4845464629       -1.2952244433
        1.1716184599        0.7559735496       -0.4163934470
        2.0293026997        0.9300214247       -0.0752936053
        1.7662812859        0.8906554979       -0.1425205027
        1.1716184599        0.7949068638       -0.4220928076
        1.0597687716        0.7397615486       -0.5013894659
        1.5398083263        0.8754070211       -0.2241999404
        1.9668475997        0.9136212467       -0.0953490705
        1.9023431641        0.9096830001       -0.1069547295
        2.2060846191        0.9473407245       -0.0677000163
        1.9668475997        0.9219559755       -0.1052626768
        1.9023431641        0.9119745391       -0.1147177979
        2.2060846191        0.9442952261       -0.0662546804
        1.9023431641        0.9110960678       -0.1157060910
        1.3681556010        0.8316180401       -0.2800420107
        1.2736835487        0.8127733193       -0.3509042507
        1.6941574940        0.8800461536       -0.1634731836
        1.7662812859        0.8921552876       -0.1431921529
        1.1716184599        0.7934599211       -0.4234895953
        1.0597687716        0.7461053038       -0.4981966871
        1.5398083263        0.8711712482       -0.2234095865
        2.0293026997        0.9224889558       -0.0897656877
        1.5398083263        0.8655814758       -0.2211153937
        1.4565128613        0.8528202974       -0.2628943158
        1.8355733566        0.8906825326       -0.1272748438
        2.2060846191        0.9425148515       -0.0689669080
        2.1487739248        0.9387235534       -0.0742735451
        2.0898922014        0.9299957533       -0.0813167084
        2.0293026997        0.9224475321       -0.0875127911
        1.9668475997        0.9132761965       -0.0957132659
        1.9023431641        0.9084339619       -0.1055822549
        2.2060846191        0.9469892076       -0.0680481030
        2.2060846191        0.9428869927       -0.0691135960
        2.1487739248        0.9385097677       -0.0746140348
