#epsqw diagonal term
#1:q+G [au], 2:Re(eps-1), 3:Im(eps-1)
        1.8355733566        0.8625890444       -0.0390902469
        1.7662812859        0.8490746076       -0.0343308644
        2.0898922014        0.8994450218       -0.0314578459
        2.1487739248        0.9075974375       -0.0212418322
        1.6941574940        0.8363800027       -0.0305505640
        1.6188235383        0.8232248114       -0.0281421392
        1.9668475997        0.8870858735       -0.0245815139
        1.9668475997        0.8830749684       -0.0358169240
        1.9023431641        0.8742715403       -0.0317714590
        2.2060846191        0.9108877647       -0.0292968284
        1.8355733566        0.8625658798       -0.0392436252
        1.7662812859        0.8489007709       -0.0344276906
        2.0898922014        0.8991728549       -0.0313146752
        1.7662812859        0.8509265079       -0.0375863393
        1.1716184599        0.6454034547       -0.0602452062
        1.0597687716        0.5889291146       -0.0501404150
        1.5398083263        0.7980587702       -0.0426400370
        1.6188235383        0.8163108842       -0.0328876218
        0.9346282056        0.5269098307       -0.0585354802
        0.7899050046        0.4434085269       -0.0731120865
        1.3681556010        0.7380256896       -0.0379846730
        2.1487739248        0.9127514260       -0.0246600008
        1.9023431641        0.8726685904       -0.0346384354
        1.3681556010        0.7328861036       -0.0460848129
        1.2736835487        0.6942598496       -0.0392354167
        1.6941574940        0.8357135863       -0.0402764000
        2.0898922014        0.9039957059       -0.0356104828
        2.0293026997        0.8979150156       -0.0305008341
        2.1487739248        0.9077476667       -0.0209577975
        1.6941574940        0.8364893758       -0.0304484444
        1.6188235383        0.8233028191       -0.0282406088
        1.9668475997        0.8867285872       -0.0243428370
        1.6188235383        0.8164047291       -0.0332193300
        0.9346282056        0.5266573905       -0.0581898435
        0.7899050046        0.4436708318       -0.0743413809
        1.3681556010        0.7380604746       -0.0383233131
        2.1487739248        0.9132998269       -0.0243425451
        1.4565128613        0.7821942453       -0.0418171881
        0.6118577855        0.3591629172       -0.1153120858
        0.3532562572        0.2633441049       -0.1351973393
        1.1716184599        0.6586042490       -0.0707412121
        2.0293026997        0.9019227651       -0.0173769332
        1.7662812859        0.8507320485       -0.0300548466
        1.1716184599        0.6515172342       -0.0456270402
        1.0597687716        0.5948094636       -0.0610677562
        1.5398083263        0.7961443676       -0.0353915911
        1.9668475997        0.8904856018       -0.0246897976
        1.9023431641        0.8825785580       -0.0214446246
        2.2060846191        0.9200551207       -0.0248441784
        1.9668475997        0.8829133995       -0.0357707448
        1.9023431641        0.8738100496       -0.0317448546
        2.2060846191        0.9104325074       -0.0289495815
        1.9023431641        0.8725380139       -0.0349450144
        1.3681556010        0.7331464665       -0.0461930761
        1.2736835487        0.6940078746       -0.0396027491
        1.6941574940        0.8355614995       -0.0404122222
        1.7662812859        0.8504036034       -0.0299606932
        1.1716184599        0.6515584499       -0.0450498672
        1.0597687716        0.5946591889       -0.0608421247
        1.5398083263        0.7963311741       -0.0348876329
        2.0293026997        0.8895865326       -0.0338446051
        1.5398083263        0.7913628133       -0.0454165845
        1.4565128613        0.7667585733       -0.0388653003
        1.8355733566        0.8604903946       -0.0385854578
        2.2060846191        0.9176299632       -0.0344248359
        2.1487739248        0.9120668643       -0.0296048603
        2.0898922014        0.9039648453       -0.0358614235
        2.0293026997        0.8975625197       -0.0303008281
        1.9668475997        0.8901969535       -0.0246794319
        1.9023431641        0.8824379023       -0.0211150707
        2.2060846191        0.9197397338       -0.0248225107
        2.2060846191        0.9174978088       -0.0345219206
        2.1487739248        0.9122132270       -0.0297062397
