#epsqw diagonal term
#1:q+G [au], 2:Re(eps-1), 3:Im(eps-1)
        1.8355733566        0.8757479036       -0.0257485905
        1.7662812859        0.8572382142       -0.0252834607
        2.0898922014        0.9157559221       -0.0284328993
        2.1487739248        0.9165641160       -0.0241943647
        1.6941574940        0.8378414886       -0.0235782533
        1.6188235383        0.8175059677       -0.0203736162
        1.9668475997        0.8929506074       -0.0265112621
        1.9668475997        0.8963795625       -0.0277778217
        1.9023431641        0.8823967030       -0.0264702444
        2.2060846191        0.9311883949       -0.0257504901
        1.8355733566        0.8753633048       -0.0256028958
        1.7662812859        0.8576915285       -0.0254855033
        2.0898922014        0.9160789456       -0.0283923214
        1.7662812859        0.8620066092       -0.0285473525
        1.1716184599        0.6517199260       -0.0495784049
        1.0597687716        0.5625114151       -0.0642378019
        1.5398083263        0.8034540464       -0.0296025664
        1.6188235383        0.8171995016       -0.0300017275
        0.9346282056        0.4928150983       -0.0699594914
        0.7899050046        0.4029913154       -0.1113488789
        1.3681556010        0.7363128850       -0.0391388817
        2.1487739248        0.9187919748       -0.0244514332
        1.9023431641        0.8869532917       -0.0299898512
        1.3681556010        0.7315010714       -0.0363043020
        1.2736835487        0.6864427780       -0.0450002790
        1.6941574940        0.8490054896       -0.0256487009
        2.0898922014        0.9131999249       -0.0238940311
        2.0293026997        0.9037273888       -0.0229648261
        2.1487739248        0.9167139487       -0.0236735680
        1.6941574940        0.8381231815       -0.0233219138
        1.6188235383        0.8173152435       -0.0203820333
        1.9668475997        0.8933399893       -0.0263849071
        1.6188235383        0.8171867863       -0.0296899458
        0.9346282056        0.4922517721       -0.0694001585
        0.7899050046        0.4020416322       -0.1111646161
        1.3681556010        0.7369299487       -0.0388741007
        2.1487739248        0.9184766142       -0.0248233379
        1.4565128613        0.7699805761       -0.0276781854
        0.6118577855        0.3097448226       -0.1200063044
        0.3532562572        0.1185303603       -0.1733777507
        1.1716184599        0.6648195325       -0.0545280113
        2.0293026997        0.8951042756       -0.0222446716
        1.7662812859        0.8567014455       -0.0296968025
        1.1716184599        0.6373750364       -0.0485122628
        1.0597687716        0.5861032290       -0.0657968109
        1.5398083263        0.8044785586       -0.0326992808
        1.9668475997        0.8927116844       -0.0226372255
        1.9023431641        0.8804693809       -0.0224405476
        2.2060846191        0.9251020890       -0.0217203592
        1.9668475997        0.8965191867       -0.0276182425
        1.9023431641        0.8824583137       -0.0267570913
        2.2060846191        0.9311862921       -0.0260230957
        1.9023431641        0.8868699368       -0.0301536540
        1.3681556010        0.7314494268       -0.0363877459
        1.2736835487        0.6859937424       -0.0450606148
        1.6941574940        0.8489861718       -0.0259590498
        1.7662812859        0.8568173277       -0.0299505992
        1.1716184599        0.6368001096       -0.0488119012
        1.0597687716        0.5855444272       -0.0656128929
        1.5398083263        0.8045947514       -0.0327188520
        2.0293026997        0.9077484521       -0.0290502792
        1.5398083263        0.8003255824       -0.0271148471
        1.4565128613        0.7733856811       -0.0350582955
        1.8355733566        0.8814238193       -0.0255672531
        2.2060846191        0.9271661692       -0.0223283008
        2.1487739248        0.9178543840       -0.0225578373
        2.0898922014        0.9135448782       -0.0239189414
        2.0293026997        0.9035855210       -0.0230734255
        1.9668475997        0.8926339863       -0.0226052388
        1.9023431641        0.8800930686       -0.0221411534
        2.2060846191        0.9253280467       -0.0215806032
        2.2060846191        0.9272367902       -0.0222635109
        2.1487739248        0.9174973992       -0.0224060346
