#epsqw diagonal term
#1:q+G [au], 2:Re(eps-1), 3:Im(eps-1)
        1.8355733566        0.8753334834       -0.0292814004
        1.7662812859        0.8576708066       -0.0347034925
        2.0898922014        0.9172614825       -0.0273052231
        2.1487739248        0.9184008776       -0.0245778080
        1.6941574940        0.8387591129       -0.0322030383
        1.6188235383        0.8153685796       -0.0323391055
        1.9668475997        0.8948250250       -0.0286522358
        1.9668475997        0.8968805911       -0.0287470805
        1.9023431641        0.8844174165       -0.0307757216
        2.2060846191        0.9312589703       -0.0227034378
        1.8355733566        0.8752244984       -0.0297203084
        1.7662812859        0.8578028942       -0.0344739573
        2.0898922014        0.9173564993       -0.0271417193
        1.7662812859        0.8623066792       -0.0278343138
        1.1716184599        0.6336345949       -0.0720015956
        1.0597687716        0.5515801625       -0.0984872634
        1.5398083263        0.7949821359       -0.0315738321
        1.6188235383        0.8204629624       -0.0373078043
        0.9346282056        0.4628069160       -0.1139573395
        0.7899050046        0.3866089596       -0.1669287404
        1.3681556010        0.7266409296       -0.0465791086
        2.1487739248        0.9233001794       -0.0264093587
        1.9023431641        0.8885100419       -0.0287559447
        1.3681556010        0.7230343932       -0.0466680750
        1.2736835487        0.6791776071       -0.0587248282
        1.6941574940        0.8431323273       -0.0283055633
        2.0898922014        0.9163131117       -0.0272780981
        2.0293026997        0.9077208206       -0.0270713389
        2.1487739248        0.9188698374       -0.0246811908
        1.6941574940        0.8388243164       -0.0318443615
        1.6188235383        0.8154536042       -0.0321120041
        1.9668475997        0.8950640804       -0.0289101475
        1.6188235383        0.8204052662       -0.0371734934
        0.9346282056        0.4621751444       -0.1127532551
        0.7899050046        0.3877281405       -0.1668692753
        1.3681556010        0.7263400941       -0.0469511932
        2.1487739248        0.9231923941       -0.0266098276
        1.4565128613        0.7651791501       -0.0447847206
        0.6118577855        0.2492652915       -0.2014599854
        0.3532562572        0.0612747509       -0.3900959319
        1.1716184599        0.6599900432       -0.0631826785
        2.0293026997        0.9058314136       -0.0294947660
        1.7662812859        0.8573373780       -0.0328227273
        1.1716184599        0.6217853398       -0.0700966694
        1.0597687716        0.5806246033       -0.0917870716
        1.5398083263        0.7969306572       -0.0340064377
        1.9668475997        0.8976227195       -0.0269973497
        1.9023431641        0.8863057172       -0.0250323280
        2.2060846191        0.9292111175       -0.0220864196
        1.9668475997        0.8970794809       -0.0287785532
        1.9023431641        0.8844004044       -0.0307626899
        2.2060846191        0.9312568131       -0.0232852185
        1.9023431641        0.8886040716       -0.0286391033
        1.3681556010        0.7235384475       -0.0463695678
        1.2736835487        0.6790135873       -0.0591175332
        1.6941574940        0.8428890917       -0.0283795527
        1.7662812859        0.8572844121       -0.0322509704
        1.1716184599        0.6217049618       -0.0712422598
        1.0597687716        0.5810512457       -0.0910236300
        1.5398083263        0.7964987102       -0.0338216230
        2.0293026997        0.9093854063       -0.0255043711
        1.5398083263        0.7923902190       -0.0334275625
        1.4565128613        0.7667090086       -0.0378595341
        1.8355733566        0.8749402452       -0.0244842668
        2.2060846191        0.9296266036       -0.0241095561
        2.1487739248        0.9229803717       -0.0234781065
        2.0898922014        0.9161875438       -0.0268440764
        2.0293026997        0.9075203176       -0.0271975130
        1.9668475997        0.8976864904       -0.0270398656
        1.9023431641        0.8860558530       -0.0250673487
        2.2060846191        0.9290317594       -0.0221663890
        2.2060846191        0.9295484158       -0.0237484414
        2.1487739248        0.9230043375       -0.0235003068
