#epsqw diagonal term
#1:q+G [au], 2:Re(eps-1), 3:Im(eps-1)
        1.8355733566        0.8535883636       -0.0248208244
        1.7662812859        0.8437206857       -0.0204808634
        2.0898922014        0.8950271184       -0.0195975405
        2.1487739248        0.9070805908       -0.0155159390
        1.6941574940        0.8322514303       -0.0209107711
        1.6188235383        0.8217568899       -0.0180962026
        1.9668475997        0.8836045086       -0.0173551664
        1.9668475997        0.8766344168       -0.0207356563
        1.9023431641        0.8706777255       -0.0184034587
        2.2060846191        0.9107619701       -0.0167318046
        1.8355733566        0.8536259984       -0.0245631863
        1.7662812859        0.8437764737       -0.0206000535
        2.0898922014        0.8949510385       -0.0196938413
        1.7662812859        0.8444386872       -0.0253841487
        1.1716184599        0.6416369348       -0.0350416574
        1.0597687716        0.5917898150       -0.0332037700
        1.5398083263        0.7855483228       -0.0311215370
        1.6188235383        0.8117473033       -0.0211693857
        0.9346282056        0.5291498351       -0.0383692855
        0.7899050046        0.4516185788       -0.0420579995
        1.3681556010        0.7342655823       -0.0309564422
        2.1487739248        0.9076112951       -0.0167356734
        1.9023431641        0.8677371404       -0.0211149008
        1.3681556010        0.7277329526       -0.0305509751
        1.2736835487        0.6971139185       -0.0277311166
        1.6941574940        0.8261133226       -0.0246720271
        2.0898922014        0.8931420739       -0.0242402196
        2.0293026997        0.8903249843       -0.0208050212
        2.1487739248        0.9067845260       -0.0153290822
        1.6941574940        0.8321853215       -0.0209484397
        1.6188235383        0.8216078565       -0.0182222856
        1.9668475997        0.8835631790       -0.0174283833
        1.6188235383        0.8116214395       -0.0212410984
        0.9346282056        0.5287517410       -0.0384421277
        0.7899050046        0.4511570461       -0.0421049964
        1.3681556010        0.7340799767       -0.0311850997
        2.1487739248        0.9075982046       -0.0166400728
        1.4565128613        0.7748258381       -0.0257916857
        0.6118577855        0.3469956721       -0.0807207211
        0.3532562572        0.2396373891       -0.1492301263
        1.1716184599        0.6592942226       -0.0442933015
        2.0293026997        0.9005226298       -0.0134313144
        1.7662812859        0.8474056701       -0.0187823417
        1.1716184599        0.6535617385       -0.0310882390
        1.0597687716        0.6046926695       -0.0330870042
        1.5398083263        0.7928323709       -0.0246382347
        1.9668475997        0.8861161165       -0.0192339751
        1.9023431641        0.8817139159       -0.0152494765
        2.2060846191        0.9125519823       -0.0170962724
        1.9668475997        0.8767426583       -0.0207030178
        1.9023431641        0.8708062131       -0.0185415484
        2.2060846191        0.9107980430       -0.0166217999
        1.9023431641        0.8678530233       -0.0210765499
        1.3681556010        0.7275406776       -0.0306979516
        1.2736835487        0.6971058614       -0.0277906115
        1.6941574940        0.8260604623       -0.0245196816
        1.7662812859        0.8475801200       -0.0187352459
        1.1716184599        0.6536461598       -0.0310455750
        1.0597687716        0.6047455494       -0.0337349059
        1.5398083263        0.7924709107       -0.0246106303
        2.0293026997        0.8884975125       -0.0169814919
        1.5398083263        0.7851872479       -0.0255607710
        1.4565128613        0.7666899569       -0.0257160752
        1.8355733566        0.8579425632       -0.0201993059
        2.2060846191        0.9070907846       -0.0212920083
        2.1487739248        0.9048413681       -0.0185632818
        2.0898922014        0.8931215546       -0.0243353871
        2.0293026997        0.8903003644       -0.0208160677
        1.9668475997        0.8861053391       -0.0191757515
        1.9023431641        0.8816285711       -0.0152608560
        2.2060846191        0.9124724523       -0.0170530010
        2.2060846191        0.9071346366       -0.0211039472
        2.1487739248        0.9048430079       -0.0185567135
