#epsqw diagonal term
#1:q+G [au], 2:Re(eps-1), 3:Im(eps-1)
        2.1195375431        0.9229263399       -0.0246799861
        2.0598202422        0.9108750755       -0.0260554099
        2.1195375431        0.9229879304       -0.0246575808
        1.6569187160        0.8324997240       -0.0286981167
        1.5798100091        0.8084133859       -0.0351860265
        1.9348642064        0.8935876743       -0.0277274057
        2.0598202422        0.9110550208       -0.0259069615
        1.5798100091        0.8083059666       -0.0353825691
        1.4987393697        0.7802802193       -0.0381934016
        1.8692564112        0.8785096271       -0.0283800432
        1.9348642064        0.8934608872       -0.0278070010
        1.8692564112        0.8784615734       -0.0283455651
        2.1776178184        0.9281016398       -0.0219190266
        2.1195375431        0.9229826551       -0.0247366451
        1.6569187160        0.8324336673       -0.0285309398
        1.5798100091        0.8084246398       -0.0351538921
        1.9348642064        0.8933401512       -0.0278158788
        1.6569187160        0.8324107773       -0.0284997335
        0.9991595798        0.5366615164       -0.1003311073
        0.8652975786        0.4240324395       -0.1396831227
        1.4130250288        0.7462203748       -0.0401942963
        2.1776178184        0.9294464781       -0.0261229695
        1.5798100091        0.8081553400       -0.0355097003
        0.8652975786        0.4241108343       -0.1397564452
        0.7065125144        0.3064224391       -0.2024939444
        1.3217638841        0.7042744359       -0.0513575441
        2.1195375431        0.9220978696       -0.0265656238
        1.9348642064        0.8932634635       -0.0280070303
        1.4130250288        0.7459878539       -0.0403746775
        1.3217638841        0.7039611879       -0.0512503563
        1.7305951571        0.8507264372       -0.0298125130
        2.1776178184        0.9292945918       -0.0262419451
        2.1195375431        0.9221057310       -0.0265005943
        2.0598202422        0.9110148955       -0.0261689844
        1.5798100091        0.8083318172       -0.0352104445
        1.4987393697        0.7807111265       -0.0381881493
        1.8692564112        0.8788062530       -0.0287803029
        1.5798100091        0.8081298776       -0.0354649076
        0.8652975786        0.4230421352       -0.1371860285
        0.7065125144        0.3071546446       -0.2016342627
        1.3217638841        0.7043265343       -0.0514243733
        2.1195375431        0.9218174213       -0.0265455267
        1.4987393697        0.7803789671       -0.0385020675
        0.7065125144        0.3092666362       -0.2017035027
        0.4995797899        0.1553380089       -0.3526967055
        1.2237155711        0.6660717642       -0.0628725544
        2.0598202422        0.9142308933       -0.0252640498
        1.8692564112        0.8786101515       -0.0288481568
        1.3217638841        0.7043466727       -0.0510556531
        1.2237155711        0.6654752185       -0.0622976031
        1.6569187160        0.8322283070       -0.0280418432
        2.1195375431        0.9218423917       -0.0265823646
        2.0598202422        0.9141501095       -0.0254203254
        1.9348642064        0.8931004361       -0.0275031111
        1.8692564112        0.8784509016       -0.0283504413
        2.1776178184        0.9280684337       -0.0217869856
        1.9348642064        0.8931158954       -0.0276552462
        1.4130250288        0.7464642805       -0.0404698857
        1.3217638841        0.7042949265       -0.0516669471
        1.7305951571        0.8502290502       -0.0295424723
        1.8692564112        0.8782923218       -0.0284404994
        1.3217638841        0.7046730414       -0.0512884124
        1.2237155711        0.6654488918       -0.0623390575
        1.6569187160        0.8319890454       -0.0277982341
        2.1776178184        0.9281558583       -0.0218584107
        1.7305951571        0.8502315792       -0.0294184130
        1.6569187160        0.8319427287       -0.0278335172
        1.9983191596        0.9034107044       -0.0230555683
        2.1776178184        0.9291800515       -0.0264944507
        2.1195375431        0.9217052974       -0.0267498190
        2.1195375431        0.9217180695       -0.0267070037
        2.0598202422        0.9139326613       -0.0259750181
