#epsqw diagonal term
#1:q+G [au], 2:Re(eps-1), 3:Im(eps-1)
        2.1195375431        1.0013011941       -0.0000038329
        2.0598202422        1.0014108720       -0.0000041422
        2.1195375431        1.0013014473       -0.0000038338
        1.6569187160        1.0023928349       -0.0000078057
        1.5798100091        1.0026369278       -0.0000086640
        1.9348642064        1.0016667139       -0.0000050941
        2.0598202422        1.0014117292       -0.0000041435
        1.5798100091        1.0026372864       -0.0000086637
        1.4987393697        1.0029210613       -0.0000096103
        1.8692564112        1.0018227682       -0.0000055638
        1.9348642064        1.0016664399       -0.0000050928
        1.8692564112        1.0018225186       -0.0000055624
        2.1776178184        1.0012028912       -0.0000035190
        2.1195375431        1.0013014385       -0.0000038348
        1.6569187160        1.0023938781       -0.0000078043
        1.5798100091        1.0026358167       -0.0000086599
        1.9348642064        1.0016659327       -0.0000050908
        1.6569187160        1.0023948793       -0.0000078077
        0.9991595798        1.0050410964       -0.0000211817
        0.8652975786        1.0056591531       -0.0000252933
        1.4130250288        1.0032298166       -0.0000113871
        2.1776178184        1.0012072099       -0.0000035504
        1.5798100091        1.0026380975       -0.0000086639
        0.8652975786        1.0056619184       -0.0000252936
        0.7065125144        1.0063269735       -0.0000307168
        1.3217638841        1.0036001875       -0.0000129304
        2.1195375431        1.0013046932       -0.0000038395
        1.9348642064        1.0016661891       -0.0000050914
        1.4130250288        1.0032282144       -0.0000113849
        1.3217638841        1.0035980278       -0.0000129278
        1.7305951571        1.0021757918       -0.0000069858
        2.1776178184        1.0012067835       -0.0000035496
        2.1195375431        1.0013040185       -0.0000038384
        2.0598202422        1.0014119123       -0.0000041437
        1.5798100091        1.0026390277       -0.0000086609
        1.4987393697        1.0029188333       -0.0000095993
        1.8692564112        1.0018209607       -0.0000055586
        1.5798100091        1.0026400313       -0.0000086637
        0.8652975786        1.0056709535       -0.0000253021
        0.7065125144        1.0063126919       -0.0000306581
        1.3217638841        1.0035991519       -0.0000129221
        2.1195375431        1.0013037668       -0.0000038379
        1.4987393697        1.0029203442       -0.0000096021
        0.7065125144        1.0063148219       -0.0000306643
        0.4995797899        1.0068958674       -0.0000387480
        1.2237155711        1.0040248689       -0.0000146621
        2.0598202422        1.0014121485       -0.0000041455
        1.8692564112        1.0018210444       -0.0000055592
        1.3217638841        1.0035979244       -0.0000129192
        1.2237155711        1.0040216471       -0.0000146555
        1.6569187160        1.0023981498       -0.0000077437
        2.1195375431        1.0013031692       -0.0000038368
        2.0598202422        1.0014116683       -0.0000041438
        1.9348642064        1.0016671294       -0.0000050917
        1.8692564112        1.0018218836       -0.0000055616
        2.1776178184        1.0012016808       -0.0000035171
        1.9348642064        1.0016675574       -0.0000050933
        1.4130250288        1.0032337540       -0.0000113861
        1.3217638841        1.0035962710       -0.0000129204
        1.7305951571        1.0021749488       -0.0000069829
        1.8692564112        1.0018224878       -0.0000055638
        1.3217638841        1.0035962776       -0.0000129200
        1.2237155711        1.0040230227       -0.0000146654
        1.6569187160        1.0023989644       -0.0000077444
        2.1776178184        1.0012016801       -0.0000035173
        1.7305951571        1.0021744391       -0.0000069811
        1.6569187160        1.0023979242       -0.0000077417
        1.9983191596        1.0015286016       -0.0000046247
        2.1776178184        1.0012081095       -0.0000035520
        2.1195375431        1.0013042027       -0.0000038389
        2.1195375431        1.0013041516       -0.0000038389
        2.0598202422        1.0014115954       -0.0000041455
