#epsqw diagonal term
#1:q+G [au], 2:Re(eps-1), 3:Im(eps-1)
        2.1195375431        1.0482326385       -0.0393336847
        2.0598202422        1.0534745241       -0.0473631307
        2.1195375431        1.0481680545       -0.0392738924
        1.6569187160        1.1238453273       -0.0746173569
        1.5798100091        1.1382530533       -0.0810162791
        1.9348642064        1.0703167906       -0.0515271380
        2.0598202422        1.0534717542       -0.0471856225
        1.5798100091        1.1383540587       -0.0806044950
        1.4987393697        1.1613694023       -0.0898269572
        1.8692564112        1.0781121678       -0.0595503721
        1.9348642064        1.0705358818       -0.0512376276
        1.8692564112        1.0785140468       -0.0593286400
        2.1776178184        1.0453228958       -0.0306848659
        2.1195375431        1.0485152580       -0.0388697814
        1.6569187160        1.1241227653       -0.0746221523
        1.5798100091        1.1393453307       -0.0810997607
        1.9348642064        1.0707598045       -0.0517356324
        1.6569187160        1.1234917161       -0.0747402656
        0.9991595798        1.2990165473       -0.1122976734
        0.8652975786        1.3501731834       -0.1406000758
        1.4130250288        1.1807521495       -0.0928257332
        2.1776178184        1.0426884074       -0.0384325965
        1.5798100091        1.1386924440       -0.0810076454
        0.8652975786        1.3501118598       -0.1396445648
        0.7065125144        1.3978633195       -0.1533144703
        1.3217638841        1.2046036054       -0.1029641978
        2.1195375431        1.0486978919       -0.0416676306
        1.9348642064        1.0706436856       -0.0516211615
        1.4130250288        1.1814874259       -0.0920449549
        1.3217638841        1.2056182169       -0.1023553131
        1.7305951571        1.1055950675       -0.0650127626
        2.1776178184        1.0429853277       -0.0382808092
        2.1195375431        1.0490868486       -0.0415259105
        2.0598202422        1.0541337520       -0.0461974912
        1.5798100091        1.1388001869       -0.0800338659
        1.4987393697        1.1625909055       -0.0903225937
        1.8692564112        1.0787423871       -0.0603790983
        1.5798100091        1.1381538530       -0.0803187589
        0.8652975786        1.3468649869       -0.1387982173
        0.7065125144        1.4018811483       -0.1544717956
        1.3217638841        1.2067387958       -0.1035446578
        2.1195375431        1.0484459536       -0.0422491955
        1.4987393697        1.1616013885       -0.0907769390
        0.7065125144        1.4010551798       -0.1554701883
        0.4995797899        1.4432252901       -0.1714140463
        1.2237155711        1.2409801611       -0.1141039840
        2.0598202422        1.0561192839       -0.0476137509
        1.8692564112        1.0785486304       -0.0605806045
        1.3217638841        1.2071836184       -0.1037510257
        1.2237155711        1.2416502151       -0.1140480331
        1.6569187160        1.1198476744       -0.0802010989
        2.1195375431        1.0487804930       -0.0421476541
        2.0598202422        1.0565634018       -0.0475242358
        1.9348642064        1.0708047329       -0.0504814695
        1.8692564112        1.0786767610       -0.0598071720
        2.1776178184        1.0451383142       -0.0314795956
        1.9348642064        1.0704645211       -0.0506610095
        1.4130250288        1.1798309784       -0.0910234930
        1.3217638841        1.2056596919       -0.1028385836
        1.7305951571        1.1057628452       -0.0662524534
        1.8692564112        1.0780612064       -0.0602502671
        1.3217638841        1.2051995624       -0.1036018315
        1.2237155711        1.2415805075       -0.1138275213
        1.6569187160        1.1197554138       -0.0807288143
        2.1776178184        1.0450864704       -0.0315861249
        1.7305951571        1.1058853112       -0.0665707538
        1.6569187160        1.1199071001       -0.0808514942
        1.9983191596        1.0648609422       -0.0379807133
        2.1776178184        1.0428896216       -0.0378809478
        2.1195375431        1.0484726868       -0.0418957690
        2.1195375431        1.0484683352       -0.0419341488
        2.0598202422        1.0559111231       -0.0477725216
