#epsqw diagonal term
#1:q+G [au], 2:Re(eps-1), 3:Im(eps-1)
        2.1195375431        0.9432669250       -0.0818139394
        2.0598202422        0.9415383594       -0.0881868266
        2.1195375431        0.9424116696       -0.0816393204
        1.6569187160        0.8686098317       -0.2000607292
        1.5798100091        0.8650797497       -0.2331096159
        1.9348642064        0.9207879887       -0.1126561500
        2.0598202422        0.9412548650       -0.0882785126
        1.5798100091        0.8636298874       -0.2337401216
        1.4987393697        0.8876627423       -0.2791813145
        1.8692564112        0.9102182483       -0.1292604862
        1.9348642064        0.9210790813       -0.1128421806
        1.8692564112        0.9108224348       -0.1293061682
        2.1776178184        0.9416112378       -0.0617274497
        2.1195375431        0.9424863420       -0.0804496902
        1.6569187160        0.8712336589       -0.2012286022
        1.5798100091        0.8637550647       -0.2340741877
        1.9348642064        0.9217139014       -0.1127486221
        1.6569187160        0.8713520148       -0.2010256837
        0.9991595798        0.4765752735       -0.4330218064
        0.8652975786        0.4316047138       -0.5685234654
        1.4130250288        0.8372272606       -0.3256605239
        2.1776178184        0.9418923807       -0.0714984947
        1.5798100091        0.8636520708       -0.2351594080
        0.8652975786        0.4313520268       -0.5717641834
        0.7065125144        0.3171361559       -0.6685907313
        1.3217638841        0.7781154983       -0.3754809433
        2.1195375431        0.9418578578       -0.0759956229
        1.9348642064        0.9219704682       -0.1131425722
        1.4130250288        0.8381212063       -0.3281161155
        1.3217638841        0.7781341511       -0.3762262638
        1.7305951571        0.8930073699       -0.1649243535
        2.1776178184        0.9419378124       -0.0712082186
        2.1195375431        0.9419151589       -0.0760278190
        2.0598202422        0.9423716974       -0.0870368888
        1.5798100091        0.8636552599       -0.2335457815
        1.4987393697        0.8868642190       -0.2843706341
        1.8692564112        0.9095705502       -0.1296218975
        1.5798100091        0.8647634233       -0.2337401171
        0.8652975786        0.4307616458       -0.5622180833
        0.7065125144        0.3127463919       -0.6694168000
        1.3217638841        0.7802247751       -0.3765092236
        2.1195375431        0.9408186442       -0.0757785828
        1.4987393697        0.8874630585       -0.2830764905
        0.7065125144        0.3112144011       -0.6721227482
        0.4995797899        0.0402843599       -0.6743712812
        1.2237155711        0.7412146853       -0.4362056630
        2.0598202422        0.9419689007       -0.0832548548
        1.8692564112        0.9092894469       -0.1292996819
        1.3217638841        0.7797150029       -0.3769708232
        1.2237155711        0.7406281191       -0.4376650358
        1.6569187160        0.8520880330       -0.1905764364
        2.1195375431        0.9407460575       -0.0756418013
        2.0598202422        0.9419455836       -0.0833242622
        1.9348642064        0.9233653267       -0.1125233138
        1.8692564112        0.9095371234       -0.1288324707
        2.1776178184        0.9417339018       -0.0619507191
        1.9348642064        0.9231131493       -0.1124391307
        1.4130250288        0.8351153252       -0.3294677584
        1.3217638841        0.7768356743       -0.3739401894
        1.7305951571        0.8921488109       -0.1648396187
        1.8692564112        0.9089220071       -0.1282417634
        1.3217638841        0.7769290936       -0.3723416890
        1.2237155711        0.7431099099       -0.4403420249
        1.6569187160        0.8537752212       -0.1901105788
        2.1776178184        0.9418625134       -0.0618649882
        1.7305951571        0.8922334587       -0.1648555754
        1.6569187160        0.8536708918       -0.1907336367
        1.9983191596        0.9133178183       -0.0771940325
        2.1776178184        0.9415639461       -0.0708055869
        2.1195375431        0.9414324578       -0.0763811666
        2.1195375431        0.9414533647       -0.0760844160
        2.0598202422        0.9412486816       -0.0840020634
