#epsqw diagonal term
#1:q+G [au], 2:Re(eps-1), 3:Im(eps-1)
        2.1195375431        0.9068460951       -0.0005684846
        2.0598202422        0.9013284730       -0.0005562933
        2.1195375431        0.9068178276       -0.0005689090
        1.6569187160        0.8310795143       -0.0008011825
        1.5798100091        0.8117795901       -0.0008648014
        1.9348642064        0.8829729248       -0.0006559480
        2.0598202422        0.9013029850       -0.0005561330
        1.5798100091        0.8117820703       -0.0008644422
        1.4987393697        0.7895431567       -0.0009581910
        1.8692564112        0.8732954210       -0.0006601865
        1.9348642064        0.8830026019       -0.0006554248
        1.8692564112        0.8733257379       -0.0006602518
        2.1776178184        0.9129863261       -0.0005831567
        2.1195375431        0.9068388393       -0.0005677574
        1.6569187160        0.8311744234       -0.0007992035
        1.5798100091        0.8117922161       -0.0008653900
        1.9348642064        0.8829695613       -0.0006575899
        1.6569187160        0.8311266987       -0.0007993076
        0.9991595798        0.5901325375       -0.0014727575
        0.8652975786        0.5144832280       -0.0017599842
        1.4130250288        0.7584542054       -0.0010403737
        2.1776178184        0.9132704128       -0.0005555339
        1.5798100091        0.8117385320       -0.0008650084
        0.8652975786        0.5144778752       -0.0017598594
        0.7065125144        0.4277066291       -0.0020663117
        1.3217638841        0.7254607810       -0.0011530626
        2.1195375431        0.9090275368       -0.0005466739
        1.9348642064        0.8829627315       -0.0006572609
        1.4130250288        0.7584976146       -0.0010402543
        1.3217638841        0.7255136589       -0.0011533588
        1.7305951571        0.8464254755       -0.0007805209
        2.1776178184        0.9132957940       -0.0005552178
        2.1195375431        0.9090478260       -0.0005467962
        2.0598202422        0.9013108286       -0.0005563670
        1.5798100091        0.8118018402       -0.0008646527
        1.4987393697        0.7895906378       -0.0009582946
        1.8692564112        0.8733468005       -0.0006598514
        1.5798100091        0.8117541962       -0.0008646365
        0.8652975786        0.5144270243       -0.0017607873
        0.7065125144        0.4277365146       -0.0020654365
        1.3217638841        0.7254752701       -0.0011532775
        2.1195375431        0.9090176802       -0.0005465886
        1.4987393697        0.7895423996       -0.0009580044
        0.7065125144        0.4277426629       -0.0020654247
        0.4995797899        0.3137790171       -0.0023811707
        1.2237155711        0.6875273936       -0.0012998790
        2.0598202422        0.9041191361       -0.0005290743
        1.8692564112        0.8733283746       -0.0006602841
        1.3217638841        0.7255103120       -0.0011536367
        1.2237155711        0.6875669261       -0.0013003732
        1.6569187160        0.8313122882       -0.0007987426
        2.1195375431        0.9090444506       -0.0005468536
        2.0598202422        0.9041444982       -0.0005291421
        1.9348642064        0.8830015477       -0.0006567713
        1.8692564112        0.8733462995       -0.0006592172
        2.1776178184        0.9130132978       -0.0005819268
        1.9348642064        0.8829636719       -0.0006569526
        1.4130250288        0.7584406414       -0.0010412785
        1.3217638841        0.7255241155       -0.0011524066
        1.7305951571        0.8464205346       -0.0007794571
        1.8692564112        0.8732960116       -0.0006596263
        1.3217638841        0.7255122498       -0.0011524890
        1.2237155711        0.6875522031       -0.0012989438
        1.6569187160        0.8312935950       -0.0007987965
        2.1776178184        0.9130029581       -0.0005826421
        1.7305951571        0.8464573955       -0.0007797183
        1.6569187160        0.8313498041       -0.0007986061
        1.9983191596        0.8909878551       -0.0006653521
        2.1776178184        0.9132644991       -0.0005564374
        2.1195375431        0.9090309288       -0.0005463695
        2.1195375431        0.9090347812       -0.0005464835
        2.0598202422        0.9041287356       -0.0005289611
