#epsqw diagonal term
#1:q+G [au], 2:Re(eps-1), 3:Im(eps-1)
        2.1195375431        0.9022318004       -0.0025924177
        2.0598202422        0.8972101577       -0.0021773061
        2.1195375431        0.9021936254       -0.0025846259
        1.6569187160        0.8252350995       -0.0026024117
        1.5798100091        0.8056707721       -0.0033515022
        1.9348642064        0.8778784454       -0.0028903715
        2.0598202422        0.8971663091       -0.0021278232
        1.5798100091        0.8056747729       -0.0033318638
        1.4987393697        0.7823999344       -0.0038059424
        1.8692564112        0.8683774596       -0.0024874571
        1.9348642064        0.8779028642       -0.0028794474
        1.8692564112        0.8684134393       -0.0025140049
        2.1776178184        0.9081291035       -0.0035428550
        2.1195375431        0.9022521710       -0.0025252746
        1.6569187160        0.8254083277       -0.0025280388
        1.5798100091        0.8056720641       -0.0033641480
        1.9348642064        0.8778452654       -0.0029134467
        1.6569187160        0.8253588475       -0.0025258829
        0.9991595798        0.5794464944       -0.0038928206
        0.8652975786        0.5006932852       -0.0074718207
        1.4130250288        0.7510505908       -0.0029923974
        2.1776178184        0.9086224806       -0.0024171032
        1.5798100091        0.8056134733       -0.0033278329
        0.8652975786        0.5006694915       -0.0074284023
        0.7065125144        0.4095389450       -0.0089035159
        1.3217638841        0.7171629548       -0.0034581378
        2.1195375431        0.9045856041       -0.0023282850
        1.9348642064        0.8778203112       -0.0028723289
        1.4130250288        0.7510845015       -0.0029862039
        1.3217638841        0.7172172362       -0.0034873838
        1.7305951571        0.8405360502       -0.0031011263
        2.1776178184        0.9086448069       -0.0024077197
        2.1195375431        0.9046152089       -0.0023473057
        2.0598202422        0.8971833392       -0.0021266971
        1.5798100091        0.8057212990       -0.0032817800
        1.4987393697        0.7824140081       -0.0038175305
        1.8692564112        0.8684559440       -0.0024429691
        1.5798100091        0.8056673993       -0.0032657196
        0.8652975786        0.5005882233       -0.0074097469
        0.7065125144        0.4096021254       -0.0088137313
        1.3217638841        0.7171697435       -0.0034906043
        2.1195375431        0.9046106147       -0.0022878266
        1.4987393697        0.7823700867       -0.0038085113
        0.7065125144        0.4096143415       -0.0088307214
        0.4995797899        0.2895383803       -0.0066966734
        1.2237155711        0.6775883193       -0.0031207997
        2.0598202422        0.8999861873       -0.0015773947
        1.8692564112        0.8684351962       -0.0024534339
        1.3217638841        0.7172081219       -0.0035204004
        1.2237155711        0.6776167925       -0.0031277248
        1.6569187160        0.8254100336       -0.0024702892
        2.1195375431        0.9046429445       -0.0023140649
        2.0598202422        0.9000067404       -0.0015742982
        1.9348642064        0.8778899264       -0.0029269036
        1.8692564112        0.8684540048       -0.0024838100
        2.1776178184        0.9081695058       -0.0034924575
        1.9348642064        0.8778370645       -0.0028950335
        1.4130250288        0.7509935105       -0.0030189266
        1.3217638841        0.7172240892       -0.0034792661
        1.7305951571        0.8405311771       -0.0031122249
        1.8692564112        0.8683959380       -0.0024676563
        1.3217638841        0.7172164652       -0.0034818799
        1.2237155711        0.6776391732       -0.0031346625
        1.6569187160        0.8253375304       -0.0025088421
        2.1776178184        0.9081746006       -0.0035438132
        1.7305951571        0.8405939655       -0.0031823188
        1.6569187160        0.8254057178       -0.0025386724
        1.9983191596        0.8854493509       -0.0033133132
        2.1776178184        0.9085745858       -0.0024447730
        2.1195375431        0.9046021346       -0.0023113322
        2.1195375431        0.9046036085       -0.0023159126
        2.0598202422        0.8999996865       -0.0015880253
