#epsqw diagonal term
#1:q+G [au], 2:Re(eps-1), 3:Im(eps-1)
        2.1195375431        0.9076978053       -0.0005118702
        2.0598202422        0.9021146337       -0.0005064767
        2.1195375431        0.9076707569       -0.0005122023
        1.6569187160        0.8321607691       -0.0007384047
        1.5798100091        0.8129443925       -0.0007946852
        1.9348642064        0.8839318470       -0.0005926406
        2.0598202422        0.9020884055       -0.0005065508
        1.5798100091        0.8129457027       -0.0007944957
        1.4987393697        0.7908602213       -0.0008778074
        1.8692564112        0.8742126559       -0.0006030367
        1.9348642064        0.8839600177       -0.0005923027
        1.8692564112        0.8742434285       -0.0006029638
        2.1776178184        0.9139303756       -0.0005123489
        2.1195375431        0.9076880916       -0.0005114480
        1.6569187160        0.8322496911       -0.0007370259
        1.5798100091        0.8129586440       -0.0007950461
        1.9348642064        0.8839335778       -0.0005936222
        1.6569187160        0.8322020898       -0.0007371395
        0.9991595798        0.5921924689       -0.0013769085
        0.8652975786        0.5172186046       -0.0016156952
        1.4130250288        0.7598444724       -0.0009638924
        2.1776178184        0.9141211648       -0.0004989468
        1.5798100091        0.8129034197       -0.0007949308
        0.8652975786        0.5172126118       -0.0016157767
        0.7065125144        0.4312474587       -0.0018817217
        1.3217638841        0.7270188068       -0.0010678430
        2.1195375431        0.9098404724       -0.0004928979
        1.9348642064        0.8839255880       -0.0005935500
        1.4130250288        0.7598877092       -0.0009638025
        1.3217638841        0.7270729204       -0.0010679201
        1.7305951571        0.8475338145       -0.0007094787
        2.1776178184        0.9141456907       -0.0004987329
        2.1195375431        0.9098612894       -0.0004928992
        2.0598202422        0.9020972454       -0.0005065493
        1.5798100091        0.8129657576       -0.0007946577
        1.4987393697        0.7909084158       -0.0008778140
        1.8692564112        0.8742631489       -0.0006027457
        1.5798100091        0.8129177825       -0.0007947317
        0.8652975786        0.5171653191       -0.0016165180
        0.7065125144        0.4312745160       -0.0018811240
        1.3217638841        0.7270344101       -0.0010677945
        2.1195375431        0.9098298048       -0.0004930139
        1.4987393697        0.7908589839       -0.0008776536
        0.7065125144        0.4312805277       -0.0018810294
        0.4995797899        0.3183580859       -0.0021681604
        1.2237155711        0.6893252947       -0.0012063003
        2.0598202422        0.9048543296       -0.0004842789
        1.8692564112        0.8742460837       -0.0006030149
        1.3217638841        0.7270707754       -0.0010679324
        1.2237155711        0.6893666053       -0.0012066326
        1.6569187160        0.8323938075       -0.0007349283
        2.1195375431        0.9098576458       -0.0004930890
        2.0598202422        0.9048799936       -0.0004843392
        1.9348642064        0.8839634032       -0.0005930298
        1.8692564112        0.8742605128       -0.0006024042
        2.1776178184        0.9139535082       -0.0005116091
        1.9348642064        0.8839258073       -0.0005932964
        1.4130250288        0.7598337631       -0.0009645224
        1.3217638841        0.7270804689       -0.0010673166
        1.7305951571        0.8475256840       -0.0007088054
        1.8692564112        0.8742112382       -0.0006027773
        1.3217638841        0.7270687651       -0.0010673754
        1.2237155711        0.6893470456       -0.0012056609
        1.6569187160        0.8323757027       -0.0007349270
        2.1776178184        0.9139455776       -0.0005119264
        1.7305951571        0.8475637892       -0.0007087089
        1.6569187160        0.8324316699       -0.0007346553
        1.9983191596        0.8920238930       -0.0005918477
        2.1776178184        0.9141185175       -0.0004993828
        2.1195375431        0.9098427821       -0.0004927551
        2.1195375431        0.9098470572       -0.0004928174
        2.0598202422        0.9048635296       -0.0004842784
