#epsqw diagonal term
#1:q+G [au], 2:Re(eps-1), 3:Im(eps-1)
        2.1195375431        0.9061967791       -0.0006235466
        2.0598202422        0.9007346339       -0.0006040321
        2.1195375431        0.9061676266       -0.0006240273
        1.6569187160        0.8302763360       -0.0008585348
        1.5798100091        0.8109058438       -0.0009306920
        1.9348642064        0.8822415237       -0.0007181314
        2.0598202422        0.9007104164       -0.0006034319
        1.5798100091        0.8109095038       -0.0009300965
        1.4987393697        0.7885547067       -0.0010325876
        1.8692564112        0.8726047601       -0.0007143240
        1.9348642064        0.8822726014       -0.0007173637
        1.8692564112        0.8726343418       -0.0007146314
        2.1776178184        0.9122426827       -0.0006583289
        2.1195375431        0.9061916454       -0.0006226051
        1.6569187160        0.8303761469       -0.0008560697
        1.5798100091        0.8109167443       -0.0009317327
        1.9348642064        0.8822332299       -0.0007207705
        1.6569187160        0.8303283883       -0.0008561479
        0.9991595798        0.5886440717       -0.0015555887
        0.8652975786        0.5124579726       -0.0018946508
        1.4130250288        0.7574280421       -0.0011098368
        2.1776178184        0.9126244570       -0.0006093724
        1.5798100091        0.8108647824       -0.0009309483
        0.8652975786        0.5124537650       -0.0018941276
        0.7065125144        0.4250953843       -0.0022346040
        1.3217638841        0.7243113480       -0.0012298663
        2.1195375431        0.9084107196       -0.0005976180
        1.9348642064        0.8822279341       -0.0007200018
        1.4130250288        0.7574716779       -0.0011096490
        1.3217638841        0.7243628392       -0.0012304869
        1.7305951571        0.8455840345       -0.0008500765
        2.1776178184        0.9126506244       -0.0006089233
        2.1195375431        0.9084302901       -0.0005979524
        2.0598202422        0.9007167345       -0.0006042592
        1.5798100091        0.8109287235       -0.0009306588
        1.4987393697        0.7886015893       -0.0010327529
        1.8692564112        0.8726566241       -0.0007141249
        1.5798100091        0.8108815782       -0.0009304860
        0.8652975786        0.5124003615       -0.0018952234
        0.7065125144        0.4251277505       -0.0022334014
        1.3217638841        0.7243244502       -0.0012304419
        2.1195375431        0.9084018368       -0.0005973301
        1.4987393697        0.7885544118       -0.0010323048
        0.7065125144        0.4251336988       -0.0022335407
        0.4995797899        0.3104842154       -0.0025566102
        1.2237155711        0.6862178356       -0.0013790416
        2.0598202422        0.9035721720       -0.0005688798
        1.8692564112        0.8726369673       -0.0007147531
        1.3217638841        0.7243580449       -0.0012311294
        1.2237155711        0.6862559193       -0.0013796985
        1.6569187160        0.8305064181       -0.0008576131
        2.1195375431        0.9084274011       -0.0005978804
        2.0598202422        0.9035973624       -0.0005689343
        1.9348642064        0.8822670820       -0.0007196719
        1.8692564112        0.8726583138       -0.0007129328
        2.1776178184        0.9122733699       -0.0006563639
        1.9348642064        0.8822294201       -0.0007196366
        1.4130250288        0.7574121218       -0.0011110156
        1.3217638841        0.7243762362       -0.0012288389
        1.7305951571        0.8455822770       -0.0008482446
        1.8692564112        0.8726074390       -0.0007133068
        1.3217638841        0.7243641970       -0.0012289631
        1.2237155711        0.6862452023       -0.0013777698
        1.6569187160        0.8304874566       -0.0008574837
        2.1776178184        0.9122604182       -0.0006576686
        1.7305951571        0.8456172013       -0.0008491359
        1.6569187160        0.8305434564       -0.0008574925
        1.9983191596        0.8901843047       -0.0007405596
        2.1776178184        0.9126153583       -0.0006108667
        2.1195375431        0.9084152524       -0.0005970255
        2.1195375431        0.9084187305       -0.0005971947
        2.0598202422        0.9035823901       -0.0005685426
