#epsqw diagonal term
#1:q+G [au], 2:Re(eps-1), 3:Im(eps-1)
        2.1195375431        0.9075545174       -0.0005205315
        2.0598202422        0.9019818518       -0.0005141518
        2.1195375431        0.9075272630       -0.0005208796
        1.6569187160        0.8319769812       -0.0007482382
        1.5798100091        0.8127471548       -0.0008055271
        1.9348642064        0.8837705014       -0.0006023005
        2.0598202422        0.9019556949       -0.0005142025
        1.5798100091        0.8127486386       -0.0008053160
        1.4987393697        0.7906373928       -0.0008902671
        1.8692564112        0.8740575747       -0.0006118685
        1.9348642064        0.8837989055       -0.0006019378
        1.8692564112        0.8740883007       -0.0006118103
        2.1776178184        0.9137734845       -0.0005228426
        2.1195375431        0.9075451823       -0.0005200646
        1.6569187160        0.8320668635       -0.0007467690
        1.5798100091        0.8127611626       -0.0008059146
        1.9348642064        0.8837714535       -0.0006033678
        1.6569187160        0.8320192362       -0.0007468821
        0.9991595798        0.5918382272       -0.0013922446
        0.8652975786        0.5167526463       -0.0016380550
        1.4130250288        0.7596074959       -0.0009759120
        2.1776178184        0.9139778755       -0.0005076707
        1.5798100091        0.8127061534       -0.0008057672
        0.8652975786        0.5167467128       -0.0016381166
        0.7065125144        0.4306435973       -0.0019105616
        1.3217638841        0.7267532487       -0.0010812439
        2.1195375431        0.9097035352       -0.0005011907
        1.9348642064        0.8837636094       -0.0006032674
        1.4130250288        0.7596507561       -0.0009758195
        1.3217638841        0.7268071908       -0.0010813476
        1.7305951571        0.8473469447       -0.0007203480
        2.1776178184        0.9140025345       -0.0005074431
        2.1195375431        0.9097242874       -0.0005012051
        2.0598202422        0.9019644134       -0.0005142236
        1.5798100091        0.8127686507       -0.0008054785
        1.4987393697        0.7906854776       -0.0008902889
        1.8692564112        0.8741082200       -0.0006115665
        1.5798100091        0.8127207118       -0.0008055428
        0.8652975786        0.5166988047       -0.0016388902
        0.7065125144        0.4306711018       -0.0019099264
        1.3217638841        0.7267687127       -0.0010812280
        2.1195375431        0.9096929666       -0.0005012804
        1.4987393697        0.7906362334       -0.0008901106
        0.7065125144        0.4306771611       -0.0019098400
        0.4995797899        0.3175700918       -0.0022027291
        1.2237155711        0.6890175489       -0.0012213147
        2.0598202422        0.9047295863       -0.0004913424
        1.8692564112        0.8740909430       -0.0006118584
        1.3217638841        0.7268048906       -0.0010813931
        1.2237155711        0.6890585709       -0.0012216710
        1.6569187160        0.8322102055       -0.0007448945
        2.1195375431        0.9097206589       -0.0005013783
        2.0598202422        0.9047551956       -0.0004914051
        1.9348642064        0.8838016242       -0.0006027436
        1.8692564112        0.8741059076       -0.0006111889
        2.1776178184        0.9137972044       -0.0005220398
        1.9348642064        0.8837639496       -0.0006030050
        1.4130250288        0.7595963251       -0.0009765830
        1.3217638841        0.7268151863       -0.0010807031
        1.7305951571        0.8473393092       -0.0007196273
        1.8692564112        0.8740564502       -0.0006115716
        1.3217638841        0.7268034581       -0.0010807648
        1.2237155711        0.6890397932       -0.0012206316
        1.6569187160        0.8321920056       -0.0007449065
        2.1776178184        0.9137889304       -0.0005224059
        1.7305951571        0.8473772813       -0.0007195688
        1.6569187160        0.8322480429       -0.0007446401
        1.9983191596        0.8918506996       -0.0006029045
        2.1776178184        0.9139747397       -0.0005081692
        2.1195375431        0.9097060048       -0.0005010280
        2.1195375431        0.9097102140       -0.0005010977
        2.0598202422        0.9047388294       -0.0004913297
