#epsqw diagonal term
#1:q+G [au], 2:Re(eps-1), 3:Im(eps-1)
        2.1195375431        0.9074738276       -0.0005255430
        2.0598202422        0.9019071677       -0.0005185835
        2.1195375431        0.9074464572       -0.0005259000
        1.6569187160        0.8318738000       -0.0007538915
        1.5798100091        0.8126363006       -0.0008117831
        1.9348642064        0.8836796502       -0.0006078931
        2.0598202422        0.9018810595       -0.0005186188
        1.5798100091        0.8126378862       -0.0008115588
        1.4987393697        0.7905121150       -0.0008974546
        1.8692564112        0.8739703736       -0.0006169647
        1.9348642064        0.8837081889       -0.0006075155
        1.8692564112        0.8740010688       -0.0006169159
        2.1776178184        0.9136848261       -0.0005289655
        2.1195375431        0.9074647131       -0.0005250496
        1.6569187160        0.8319642323       -0.0007523693
        1.5798100091        0.8126501682       -0.0008121872
        1.9348642064        0.8836801528       -0.0006090122
        1.6569187160        0.8319165917       -0.0007524821
        0.9991595798        0.5916400612       -0.0014010083
        0.8652975786        0.5164912586       -0.0016509482
        1.4130250288        0.7594745707       -0.0009828152
        2.1776178184        0.9138972081       -0.0005127084
        1.5798100091        0.8125952878       -0.0008120198
        0.8652975786        0.5164853659       -0.0016509964
        0.7065125144        0.4303049478       -0.0019271558
        1.3217638841        0.7266042869       -0.0010889409
        2.1195375431        0.9096264461       -0.0005059798
        1.9348642064        0.8836723985       -0.0006088938
        1.4130250288        0.7595178447       -0.0009827211
        1.3217638841        0.7266581265       -0.0010890610
        1.7305951571        0.8472417897       -0.0007266357
        2.1776178184        0.9139219435       -0.0005124726
        2.1195375431        0.9096471579       -0.0005060026
        2.0598202422        0.9018897038       -0.0005186547
        1.5798100091        0.8126578770       -0.0008117222
        1.4987393697        0.7905601370       -0.0008974851
        1.8692564112        0.8740211065       -0.0006166567
        1.5798100091        0.8126099616       -0.0008117803
        0.8652975786        0.5164371155       -0.0016517881
        0.7065125144        0.4303327086       -0.0019264980
        1.3217638841        0.7266196649       -0.0010889452
        2.1195375431        0.9096159400       -0.0005060533
        1.4987393697        0.7905110008       -0.0008972963
        0.7065125144        0.4303387914       -0.0019264171
        0.4995797899        0.3171293141       -0.0022224140
        1.2237155711        0.6888451216       -0.0012298939
        2.0598202422        0.9046595064       -0.0004953977
        1.8692564112        0.8740037073       -0.0006169621
        1.3217638841        0.7266557311       -0.0010891269
        1.2237155711        0.6888859786       -0.0012302643
        1.6569187160        0.8321070900       -0.0007506288
        2.1195375431        0.9096435433       -0.0005061654
        2.0598202422        0.9046850851       -0.0004954615
        1.9348642064        0.8837105206       -0.0006083691
        1.8692564112        0.8740189808       -0.0006162571
        2.1776178184        0.9137088848       -0.0005281245
        1.9348642064        0.8836728065       -0.0006086263
        1.4130250288        0.7594631363       -0.0009835103
        1.3217638841        0.7266663773       -0.0010883913
        1.7305951571        0.8472344360       -0.0007258861
        1.8692564112        0.8739694220       -0.0006166448
        1.3217638841        0.7266546350       -0.0010884547
        1.2237155711        0.6888676474       -0.0012291854
        1.6569187160        0.8320888349       -0.0007506482
        2.1776178184        0.9137004076       -0.0005285207
        1.7305951571        0.8472723209       -0.0007258521
        1.6569187160        0.8321449070       -0.0007503859
        1.9983191596        0.8917529911       -0.0006093300
        2.1776178184        0.9138937870       -0.0005132444
        2.1195375431        0.9096290086       -0.0005058048
        2.1195375431        0.9096331798       -0.0005058789
        2.0598202422        0.9046687777       -0.0004953772
