#epsqw diagonal term
#1:q+G [au], 2:Re(eps-1), 3:Im(eps-1)
        2.1195375431        0.9076164070       -0.0005167541
        2.0598202422        0.9020391789       -0.0005108069
        2.1195375431        0.9075892414       -0.0005170952
        1.6569187160        0.8320562775       -0.0007439593
        1.5798100091        0.8128322874       -0.0008008031
        1.9348642064        0.8838401883       -0.0005980867
        2.0598202422        0.9020129888       -0.0005108684
        1.5798100091        0.8128336950       -0.0008006017
        1.4987393697        0.7907335833       -0.0008848387
        1.8692564112        0.8741245220       -0.0006080204
        1.9348642064        0.8838684907       -0.0005977349
        1.8692564112        0.8741552699       -0.0006079555
        2.1776178184        0.9138413342       -0.0005182525
        2.1195375431        0.9076069068       -0.0005163068
        1.6569187160        0.8321457425       -0.0007425297
        1.5798100091        0.8128464010       -0.0008011788
        1.9348642064        0.8838414801       -0.0005991160
        1.6569187160        0.8320981260       -0.0007426431
        0.9991595798        0.5919908694       -0.0013855856
        0.8652975786        0.5169536270       -0.0016283152
        1.4130250288        0.7597097086       -0.0009706837
        2.1776178184        0.9140397599       -0.0005038686
        1.5798100091        0.8127912967       -0.0008010458
        0.8652975786        0.5169476657       -0.0016283859
        0.7065125144        0.4309040346       -0.0018980085
        1.3217638841        0.7268677910       -0.0010754146
        2.1195375431        0.9097626760       -0.0004975764
        1.9348642064        0.8838335707       -0.0005990284
        1.4130250288        0.7597529585       -0.0009705924
        1.3217638841        0.7269218093       -0.0010755064
        1.7305951571        0.8474276380       -0.0007156080
        2.1776178184        0.9140643609       -0.0005036471
        2.1195375431        0.9097834573       -0.0004975849
        2.0598202422        0.9020217618       -0.0005108792
        1.5798100091        0.8128537257       -0.0008007638
        1.4987393697        0.7907817150       -0.0008848538
        1.8692564112        0.8741751015       -0.0006077231
        1.5798100091        0.8128057700       -0.0008008325
        0.8652975786        0.5169000233       -0.0016291456
        0.7065125144        0.4309313437       -0.0018973898
        1.3217638841        0.7268833168       -0.0010753841
        2.1195375431        0.9097520630       -0.0004976778
        1.4987393697        0.7907323888       -0.0008846834
        0.7065125144        0.4309373837       -0.0018972997
        0.4995797899        0.3179096317       -0.0021877375
        1.2237155711        0.6891502330       -0.0012147952
        2.0598202422        0.9047834214       -0.0004882702
        1.8692564112        0.8741579167       -0.0006080051
        1.3217638841        0.7269195770       -0.0010755370
        1.2237155711        0.6891913803       -0.0012151410
        1.6569187160        0.8322894323       -0.0007405566
        2.1195375431        0.9097798210       -0.0004977655
        2.0598202422        0.9048090540       -0.0004883319
        1.9348642064        0.8838715014       -0.0005985058
        1.8692564112        0.8741726485       -0.0006073616
        2.1776178184        0.9138647979       -0.0005174776
        1.9348642064        0.8838338593       -0.0005987698
        1.4130250288        0.7596987383       -0.0009713368
        1.3217638841        0.7269296096       -0.0010748801
        1.7305951571        0.8474197872       -0.0007149084
        1.8692564112        0.8741232695       -0.0006077402
        1.3217638841        0.7269178920       -0.0010749405
        1.2237155711        0.6891722641       -0.0012141313
        1.6569187160        0.8322712748       -0.0007405628
        2.1776178184        0.9138566750       -0.0005178220
        1.7305951571        0.8474578201       -0.0007148326
        1.6569187160        0.8323272830       -0.0007402938
        1.9983191596        0.8919255556       -0.0005980749
        2.1776178184        0.9140368384       -0.0005043394
        2.1195375431        0.9097650764       -0.0004974225
        2.1195375431        0.9097693143       -0.0004974890
        2.0598202422        0.9047926453       -0.0004882630
