#epsqw diagonal term
#1:q+G [au], 2:Re(eps-1), 3:Im(eps-1)
        2.1195375431        1.0018002373       -0.0000053712
        2.0598202422        1.0019529818       -0.0000058024
        2.1195375431        1.0018007541       -0.0000053727
        1.6569187160        1.0033096626       -0.0000109022
        1.5798100091        1.0036452697       -0.0000120925
        1.9348642064        1.0023062091       -0.0000071305
        2.0598202422        1.0019534355       -0.0000058042
        1.5798100091        1.0036451632       -0.0000120920
        1.4987393697        1.0040311933       -0.0000134049
        1.8692564112        1.0025196536       -0.0000077855
        1.9348642064        1.0023058068       -0.0000071287
        1.8692564112        1.0025193182       -0.0000077837
        2.1776178184        1.0016656063       -0.0000049331
        2.1195375431        1.0018005629       -0.0000053725
        1.6569187160        1.0033073164       -0.0000108970
        1.5798100091        1.0036413042       -0.0000120883
        1.9348642064        1.0023039436       -0.0000071258
        1.6569187160        1.0033085708       -0.0000109010
        0.9991595798        1.0069644586       -0.0000294257
        0.8652975786        1.0078096883       -0.0000351158
        1.4130250288        1.0044606464       -0.0000158733
        2.1776178184        1.0016702434       -0.0000049774
        1.5798100091        1.0036425141       -0.0000120934
        0.8652975786        1.0078068250       -0.0000351141
        0.7065125144        1.0087169841       -0.0000425507
        1.3217638841        1.0049697836       -0.0000180061
        2.1195375431        1.0018050259       -0.0000053797
        1.9348642064        1.0023043000       -0.0000071265
        1.4130250288        1.0044588320       -0.0000158683
        1.3217638841        1.0049692317       -0.0000180006
        1.7305951571        1.0030098308       -0.0000097623
        2.1776178184        1.0016695955       -0.0000049761
        2.1195375431        1.0018046817       -0.0000053781
        2.0598202422        1.0019540775       -0.0000058042
        1.5798100091        1.0036440038       -0.0000120880
        1.4987393697        1.0040277365       -0.0000133957
        1.8692564112        1.0025171013       -0.0000077794
        1.5798100091        1.0036449007       -0.0000120924
        0.8652975786        1.0078117306       -0.0000351182
        0.7065125144        1.0087017847       -0.0000425129
        1.3217638841        1.0049651140       -0.0000180006
        2.1195375431        1.0018040899       -0.0000053786
        1.4987393697        1.0040292058       -0.0000134005
        0.7065125144        1.0087034928       -0.0000425169
        0.4995797899        1.0095336770       -0.0000536142
        1.2237155711        1.0055493338       -0.0000204048
        2.0598202422        1.0019548297       -0.0000058083
        1.8692564112        1.0025174383       -0.0000077802
        1.3217638841        1.0049632769       -0.0000179955
        1.2237155711        1.0055468288       -0.0000203972
        1.6569187160        1.0033183885       -0.0000108189
        2.1195375431        1.0018033009       -0.0000053764
        2.0598202422        1.0019539555       -0.0000058060
        1.9348642064        1.0023054570       -0.0000071278
        1.8692564112        1.0025184754       -0.0000077822
        2.1776178184        1.0016641466       -0.0000049313
        1.9348642064        1.0023059547       -0.0000071299
        1.4130250288        1.0044607301       -0.0000158731
        1.3217638841        1.0049671692       -0.0000179998
        1.7305951571        1.0030085588       -0.0000097618
        1.8692564112        1.0025191350       -0.0000077853
        1.3217638841        1.0049667193       -0.0000180007
        1.2237155711        1.0055501207       -0.0000204090
        1.6569187160        1.0033170131       -0.0000108207
        2.1776178184        1.0016641926       -0.0000049315
        1.7305951571        1.0030080501       -0.0000097590
        1.6569187160        1.0033158266       -0.0000108166
        1.9983191596        1.0021181469       -0.0000064761
        2.1776178184        1.0016710683       -0.0000049787
        2.1195375431        1.0018049523       -0.0000053797
        2.1195375431        1.0018047579       -0.0000053794
        2.0598202422        1.0019544940       -0.0000058089
