#epsqw diagonal term
#1:q+G [au], 2:Re(eps-1), 3:Im(eps-1)
        2.1195375431        0.8974638601       -0.0096430125
        2.0598202422        0.8918709393       -0.0080141032
        2.1195375431        0.8973552132       -0.0096844715
        1.6569187160        0.8178077382       -0.0107177851
        1.5798100091        0.7982612515       -0.0116305474
        1.9348642064        0.8726281041       -0.0106054573
        2.0598202422        0.8917198778       -0.0080794553
        1.5798100091        0.7982804794       -0.0116093599
        1.4987393697        0.7741464918       -0.0142802366
        1.8692564112        0.8625662171       -0.0095390357
        1.9348642064        0.8726548225       -0.0105913459
        1.8692564112        0.8626551710       -0.0094833675
        2.1776178184        0.9048120216       -0.0108184026
        2.1195375431        0.8972473259       -0.0095071399
        1.6569187160        0.8178869239       -0.0106248642
        1.5798100091        0.7981023890       -0.0117389954
        1.9348642064        0.8725902489       -0.0107090706
        1.6569187160        0.8178371946       -0.0106410016
        0.9991595798        0.5655594379       -0.0144548443
        0.8652975786        0.4856412497       -0.0207232936
        1.4130250288        0.7417912085       -0.0133395083
        2.1776178184        0.9039045034       -0.0100362428
        1.5798100091        0.7980356974       -0.0117497693
        0.8652975786        0.4855345394       -0.0207851669
        0.7065125144        0.3873961131       -0.0268500323
        1.3217638841        0.7060647927       -0.0153453217
        2.1195375431        0.8998747694       -0.0099536800
        1.9348642064        0.8725373400       -0.0107654062
        1.4130250288        0.7418261007       -0.0133571710
        1.3217638841        0.7061298534       -0.0153241952
        1.7305951571        0.8340972062       -0.0123876501
        2.1776178184        0.9039141040       -0.0100432319
        2.1195375431        0.8999143520       -0.0099307175
        2.0598202422        0.8918309600       -0.0080148105
        1.5798100091        0.7983120719       -0.0117399284
        1.4987393697        0.7740252501       -0.0144946165
        1.8692564112        0.8626352804       -0.0096453380
        1.5798100091        0.7982138372       -0.0117575580
        0.8652975786        0.4851856716       -0.0209780854
        0.7065125144        0.3871768194       -0.0267918026
        1.3217638841        0.7063454752       -0.0155588175
        2.1195375431        0.8996722070       -0.0100095091
        1.4987393697        0.7739725748       -0.0145204985
        0.7065125144        0.3871140645       -0.0268019941
        0.4995797899        0.2488574548       -0.0313514382
        1.2237155711        0.6619617161       -0.0193289417
        2.0598202422        0.8945262208       -0.0092843052
        1.8692564112        0.8625901001       -0.0096719950
        1.3217638841        0.7063294448       -0.0155799775
        1.2237155711        0.6620327349       -0.0193304775
        1.6569187160        0.8179725419       -0.0119035449
        2.1195375431        0.8997283599       -0.0100049130
        2.0598202422        0.8945498882       -0.0092784261
        1.9348642064        0.8726320208       -0.0107513618
        1.8692564112        0.8624810101       -0.0095785286
        2.1776178184        0.9050375922       -0.0108876939
        1.9348642064        0.8725388816       -0.0108183108
        1.4130250288        0.7415314337       -0.0133476789
        1.3217638841        0.7062356981       -0.0153790645
        1.7305951571        0.8344435583       -0.0124612751
        1.8692564112        0.8623565718       -0.0096572700
        1.3217638841        0.7061272039       -0.0154047918
        1.2237155711        0.6621537797       -0.0193172117
        1.6569187160        0.8182826889       -0.0117997684
        2.1776178184        0.9050124156       -0.0108863408
        1.7305951571        0.8345297652       -0.0123815074
        1.6569187160        0.8184032143       -0.0117166867
        1.9983191596        0.8811485181       -0.0124718961
        2.1776178184        0.9039364195       -0.0099924845
        2.1195375431        0.8997708716       -0.0099539453
        2.1195375431        0.8997751041       -0.0099670808
        2.0598202422        0.8943697653       -0.0092162972
