#epsqw diagonal term
#1:q+G [au], 2:Re(eps-1), 3:Im(eps-1)
        2.1195375431        0.9077396024       -0.0005093985
        2.0598202422        0.9021534028       -0.0005042827
        2.1195375431        0.9077126140       -0.0005097259
        1.6569187160        0.8322145109       -0.0007355840
        1.5798100091        0.8130020157       -0.0007915845
        1.9348642064        0.8839789126       -0.0005898852
        2.0598202422        0.9021271567       -0.0005043628
        1.5798100091        0.8130032766       -0.0007914010
        1.4987393697        0.7909253008       -0.0008742436
        1.8692564112        0.8742579448       -0.0006005107
        1.9348642064        0.8840070164       -0.0005895540
        1.8692564112        0.8742887291       -0.0006004341
        2.1776178184        0.9139760098       -0.0005093741
        2.1195375431        0.9077297807       -0.0005089887
        1.6569187160        0.8323031562       -0.0007342306
        1.5798100091        0.8130163355       -0.0007919382
        1.9348642064        0.8839808663       -0.0005908430
        1.6569187160        0.8322555629       -0.0007343444
        0.9991595798        0.5922963539       -0.0013724880
        0.8652975786        0.5173549454       -0.0016092966
        1.4130250288        0.7599138133       -0.0009604419
        2.1776178184        0.9141629689       -0.0004964533
        1.5798100091        0.8129610512       -0.0007918315
        0.8652975786        0.5173489387       -0.0016093830
        0.7065125144        0.4314241874       -0.0018734547
        1.3217638841        0.7270965084       -0.0010639963
        2.1195375431        0.9098804230       -0.0004905278
        1.9348642064        0.8839728365       -0.0005907784
        1.4130250288        0.7599570429       -0.0009603527
        1.3217638841        0.7271506696       -0.0010640663
        1.7305951571        0.8475883530       -0.0007063761
        2.1776178184        0.9141874562       -0.0004962432
        2.1195375431        0.9099012574       -0.0004905258
        2.0598202422        0.9021360286       -0.0005043554
        1.5798100091        0.8130233415       -0.0007915630
        1.4987393697        0.7909735268       -0.0008742459
        1.8692564112        0.8743083932       -0.0006002230
        1.5798100091        0.8129753575       -0.0007916395
        0.8652975786        0.5173018263       -0.0016101148
        0.7065125144        0.4314511161       -0.0018728674
        1.3217638841        0.7271121488       -0.0010639389
        2.1195375431        0.9098697301       -0.0004906510
        1.4987393697        0.7909240416       -0.0008740904
        0.7065125144        0.4314571121       -0.0018727707
        0.4995797899        0.3185891721       -0.0021581695
        1.2237155711        0.6894154224       -0.0012019732
        2.0598202422        0.9048907846       -0.0004822508
        1.8692564112        0.8742913888       -0.0006004859
        1.3217638841        0.7271485665       -0.0010640696
        1.2237155711        0.6894568167       -0.0012022987
        1.6569187160        0.8324474789       -0.0007320715
        2.1195375431        0.9098976123       -0.0004907199
        2.0598202422        0.9049164642       -0.0004823104
        1.9348642064        0.8840105909       -0.0005902597
        1.8692564112        0.8743056647       -0.0005998915
        2.1776178184        0.9139989761       -0.0005086516
        1.9348642064        0.8839730198       -0.0005905273
        1.4130250288        0.7599032372       -0.0009610603
        1.3217638841        0.7271580902       -0.0010634738
        1.7305951571        0.8475800812       -0.0007057159
        1.8692564112        0.8742564443       -0.0006002616
        1.3217638841        0.7271463935       -0.0010635319
        1.2237155711        0.6894370319       -0.0012013461
        1.6569187160        0.8324294008       -0.0007320663
        2.1776178184        0.9139911421       -0.0005089558
        1.7305951571        0.8476182210       -0.0007056095
        1.6569187160        0.8324853460       -0.0007317936
        1.9983191596        0.8920743402       -0.0005887032
        2.1776178184        0.9141604581       -0.0004968721
        2.1195375431        0.9098826879       -0.0004903905
        2.1195375431        0.9098869818       -0.0004904507
        2.0598202422        0.9048999723       -0.0004822535
