#epsqw diagonal term
#1:q+G [au], 2:Re(eps-1), 3:Im(eps-1)
        2.1195375431        0.9077576090       -0.0005083409
        2.0598202422        0.9021701104       -0.0005033435
        2.1195375431        0.9077306465       -0.0005086663
        1.6569187160        0.8322376823       -0.0007343752
        1.5798100091        0.8130268537       -0.0007902570
        1.9348642064        0.8839991911       -0.0005887064
        2.0598202422        0.9021438571       -0.0005034260
        1.5798100091        0.8130280938       -0.0007900759
        1.4987393697        0.7909533495       -0.0008727177
        1.8692564112        0.8742774637       -0.0005994293
        1.9348642064        0.8840272665       -0.0005883782
        1.8692564112        0.8743082530       -0.0005993511
        2.1776178184        0.9139956538       -0.0005081040
        2.1195375431        0.9077477412       -0.0005079365
        1.6569187160        0.8323262090       -0.0007330327
        1.5798100091        0.8130412016       -0.0007906077
        1.9348642064        0.8840012372       -0.0005896542
        1.6569187160        0.8322786188       -0.0007331465
        0.9991595798        0.5923411878       -0.0013705908
        0.8652975786        0.5174137437       -0.0016065565
        1.4130250288        0.7599437163       -0.0009589629
        2.1776178184        0.9141809799       -0.0004953859
        1.5798100091        0.8129858919       -0.0007905046
        0.8652975786        0.5174077315       -0.0016066449
        0.7065125144        0.4315004079       -0.0018699127
        1.3217638841        0.7271300170       -0.0010623475
        2.1195375431        0.9098976363       -0.0004895133
        1.9348642064        0.8839931912       -0.0005895926
        1.4130250288        0.7599869432       -0.0009588738
        1.3217638841        0.7271841987       -0.0010624144
        1.7305951571        0.8476118536       -0.0007050485
        2.1776178184        0.9142054506       -0.0004951775
        2.1195375431        0.9099184779       -0.0004895098
        2.0598202422        0.9021527422       -0.0005034162
        1.5798100091        0.8130481639       -0.0007902380
        1.4987393697        0.7910015874       -0.0008727182
        1.8692564112        0.8743278911       -0.0005991429
        1.5798100091        0.8130001757       -0.0007903155
        0.8652975786        0.5173606946       -0.0016073727
        0.7065125144        0.4315272811       -0.0018693298
        1.3217638841        0.7271456731       -0.0010622864
        2.1195375431        0.9098869321       -0.0004896395
        1.4987393697        0.7909520787       -0.0008725648
        0.7065125144        0.4315332698       -0.0018692322
        0.4995797899        0.3186889005       -0.0021538779
        1.2237155711        0.6894543022       -0.0012001162
        2.0598202422        0.9049064988       -0.0004813815
        1.8692564112        0.8743109128       -0.0005994031
        1.3217638841        0.7271821128       -0.0010624140
        1.2237155711        0.6894957325       -0.0012004387
        1.6569187160        0.8324706167       -0.0007308475
        2.1195375431        0.9099148316       -0.0004897058
        2.0598202422        0.9049321855       -0.0004814408
        1.9348642064        0.8840309204       -0.0005890747
        1.8692564112        0.8743251246       -0.0005988156
        2.1776178184        0.9140185479       -0.0005073888
        1.9348642064        0.8839933603       -0.0005893427
        1.4130250288        0.7599331964       -0.0009595763
        1.3217638841        0.7271915646       -0.0010618267
        1.7305951571        0.8476035222       -0.0007043938
        1.8692564112        0.8742759274       -0.0005991844
        1.3217638841        0.7271798704       -0.0010618845
        1.2237155711        0.6894758485       -0.0011994944
        1.6569187160        0.8324525514       -0.0007308406
        2.1776178184        0.9140107546       -0.0005076874
        1.7305951571        0.8476416758       -0.0007042834
        1.6569187160        0.8325084865       -0.0007305675
        1.9983191596        0.8920960637       -0.0005873593
        2.1776178184        0.9141785281       -0.0004957975
        2.1195375431        0.9098998817       -0.0004893783
        2.1195375431        0.9099041836       -0.0004894376
        2.0598202422        0.9049156814       -0.0004813855
