#epsqw diagonal term
#1:q+G [au], 2:Re(eps-1), 3:Im(eps-1)
        2.1195375431        0.9272060092       -0.0261887044
        2.0598202422        0.9213491636       -0.0286227664
        2.1195375431        0.9273959360       -0.0260585166
        1.6569187160        0.8298816234       -0.0301390835
        1.5798100091        0.8074965347       -0.0390082289
        1.9348642064        0.9003648124       -0.0303346335
        2.0598202422        0.9217054439       -0.0283836537
        1.5798100091        0.8077823946       -0.0389127734
        1.4987393697        0.7789517864       -0.0481223710
        1.8692564112        0.8893205196       -0.0337832392
        1.9348642064        0.9001504378       -0.0305546929
        1.8692564112        0.8890639662       -0.0336045280
        2.1776178184        0.9320351195       -0.0244765622
        2.1195375431        0.9274481492       -0.0259654953
        1.6569187160        0.8298392451       -0.0299050444
        1.5798100091        0.8077283566       -0.0391197809
        1.9348642064        0.9003146968       -0.0301518492
        1.6569187160        0.8297957881       -0.0299718816
        0.9991595798        0.5388680029       -0.1506052332
        0.8652975786        0.4559098737       -0.2445356529
        1.4130250288        0.7310611011       -0.0537086999
        2.1776178184        0.9366159755       -0.0212496486
        1.5798100091        0.8076193146       -0.0394033588
        0.8652975786        0.4531339452       -0.2442284221
        0.7065125144        0.3446352452       -0.3375544812
        1.3217638841        0.6968951342       -0.0710596980
        2.1195375431        0.9290788115       -0.0228746586
        1.9348642064        0.9003325145       -0.0300935422
        1.4130250288        0.7309702429       -0.0537665312
        1.3217638841        0.6977419949       -0.0720695206
        1.7305951571        0.8510544054       -0.0377573856
        2.1776178184        0.9366670437       -0.0213482316
        2.1195375431        0.9292335099       -0.0229064060
        2.0598202422        0.9220111168       -0.0284347315
        1.5798100091        0.8080659452       -0.0392835814
        1.4987393697        0.7795834408       -0.0476947516
        1.8692564112        0.8897281974       -0.0336783890
        1.5798100091        0.8076202187       -0.0396878478
        0.8652975786        0.4534316534       -0.2424241246
        0.7065125144        0.3490377030       -0.3404146788
        1.3217638841        0.6971168955       -0.0715539001
        2.1195375431        0.9290758167       -0.0229998087
        1.4987393697        0.7793326382       -0.0472456248
        0.7065125144        0.3517737218       -0.3419284908
        0.4995797899        0.2978747670       -0.4101465347
        1.2237155711        0.6559696720       -0.0878601524
        2.0598202422        0.9205039861       -0.0247776134
        1.8692564112        0.8892861469       -0.0337290560
        1.3217638841        0.6971424318       -0.0720500205
        1.2237155711        0.6556951624       -0.0876519814
        1.6569187160        0.8352883126       -0.0457025201
        2.1195375431        0.9292428602       -0.0230824536
        2.0598202422        0.9204824348       -0.0247512128
        1.9348642064        0.8998916917       -0.0309061260
        1.8692564112        0.8891562812       -0.0335610848
        2.1776178184        0.9324758624       -0.0245732991
        1.9348642064        0.8998688245       -0.0304325481
        1.4130250288        0.7305566740       -0.0534921171
        1.3217638841        0.6969433094       -0.0718631974
        1.7305951571        0.8511774643       -0.0377511340
        1.8692564112        0.8892171218       -0.0337464114
        1.3217638841        0.6962839690       -0.0713516447
        1.2237155711        0.6559054108       -0.0881530010
        1.6569187160        0.8353494388       -0.0452938849
        2.1776178184        0.9326874456       -0.0245482569
        1.7305951571        0.8509432309       -0.0378414171
        1.6569187160        0.8348740582       -0.0453221769
        1.9983191596        0.9054432335       -0.0290582465
        2.1776178184        0.9365414900       -0.0213496655
        2.1195375431        0.9291815817       -0.0228116558
        2.1195375431        0.9291669584       -0.0228677531
        2.0598202422        0.9201266757       -0.0246134286
