#epsqw diagonal term
#1:q+G [au], 2:Re(eps-1), 3:Im(eps-1)
        2.1195375431        0.8990221955       -0.0175953773
        2.0598202422        0.8955271774       -0.0172996293
        2.1195375431        0.8993397965       -0.0175101407
        1.6569187160        0.8156483976       -0.0292871075
        1.5798100091        0.7993349790       -0.0243234949
        1.9348642064        0.8738678365       -0.0211934827
        2.0598202422        0.8958210740       -0.0170920584
        1.5798100091        0.7995653631       -0.0244830964
        1.4987393697        0.7832948773       -0.0247287103
        1.8692564112        0.8668243490       -0.0198390527
        1.9348642064        0.8737959374       -0.0208999108
        1.8692564112        0.8668643869       -0.0196524253
        2.1776178184        0.9088479042       -0.0171403913
        2.1195375431        0.8992843238       -0.0175446549
        1.6569187160        0.8163965485       -0.0293682071
        1.5798100091        0.7995455833       -0.0245795354
        1.9348642064        0.8736874645       -0.0214644898
        1.6569187160        0.8164490085       -0.0294469015
        0.9991595798        0.5563657922       -0.0384913370
        0.8652975786        0.4865236367       -0.0419860409
        1.4130250288        0.7475013366       -0.0349099877
        2.1776178184        0.9037022700       -0.0216340800
        1.5798100091        0.7995410081       -0.0245128450
        0.8652975786        0.4868422727       -0.0416218791
        0.7065125144        0.4010925586       -0.0631628095
        1.3217638841        0.7199059069       -0.0355048364
        2.1195375431        0.9021490697       -0.0187681158
        1.9348642064        0.8738404564       -0.0212916448
        1.4130250288        0.7474846900       -0.0345586659
        1.3217638841        0.7201610773       -0.0354319454
        1.7305951571        0.8360044445       -0.0256426176
        2.1776178184        0.9036088102       -0.0214215239
        2.1195375431        0.9020597186       -0.0187608950
        2.0598202422        0.8958234330       -0.0167206165
        1.5798100091        0.7998403251       -0.0244544110
        1.4987393697        0.7830192038       -0.0247634684
        1.8692564112        0.8665654597       -0.0197564225
        1.5798100091        0.7995740409       -0.0242699475
        0.8652975786        0.4866877126       -0.0420642460
        0.7065125144        0.3998343826       -0.0632024296
        1.3217638841        0.7197652954       -0.0350177840
        2.1195375431        0.9023702074       -0.0186215210
        1.4987393697        0.7826976999       -0.0245537621
        0.7065125144        0.4002686419       -0.0628620116
        0.4995797899        0.3002042529       -0.1522067728
        1.2237155711        0.6871173541       -0.0395189609
        2.0598202422        0.9003873679       -0.0171253071
        1.8692564112        0.8666980970       -0.0196868154
        1.3217638841        0.7198753746       -0.0350509474
        1.2237155711        0.6869562607       -0.0395732008
        1.6569187160        0.8251680749       -0.0251297513
        2.1195375431        0.9024865145       -0.0185784590
        2.0598202422        0.9004778931       -0.0173475888
        1.9348642064        0.8739336591       -0.0210269021
        1.8692564112        0.8667703820       -0.0199436505
        2.1776178184        0.9088606135       -0.0170766791
        1.9348642064        0.8740802286       -0.0211123960
        1.4130250288        0.7467919593       -0.0345538228
        1.3217638841        0.7195659001       -0.0356731364
        1.7305951571        0.8360759518       -0.0252527003
        1.8692564112        0.8668647635       -0.0200325209
        1.3217638841        0.7194224947       -0.0356000917
        1.2237155711        0.6864167122       -0.0397079363
        1.6569187160        0.8247929794       -0.0251460366
        2.1776178184        0.9088610792       -0.0170316912
        1.7305951571        0.8358733327       -0.0248235728
        1.6569187160        0.8246538591       -0.0247799004
        1.9983191596        0.8856066817       -0.0200671920
        2.1776178184        0.9036198206       -0.0212076488
        2.1195375431        0.9020339522       -0.0187464763
        2.1195375431        0.9022160700       -0.0186592583
        2.0598202422        0.9002474008       -0.0172830586
