#epsqw diagonal term
#1:q+G [au], 2:Re(eps-1), 3:Im(eps-1)
        2.1195375431        0.9070650578       -0.0005526196
        2.0598202422        0.9015298490       -0.0005424148
        2.1195375431        0.9070371005       -0.0005530213
        1.6569187160        0.8313547888       -0.0007839570
        1.5798100091        0.8120772270       -0.0008453464
        1.9348642064        0.8832194448       -0.0006381617
        2.0598202422        0.9015040895       -0.0005423407
        1.5798100091        0.8120793719       -0.0008450418
        1.4987393697        0.7898799116       -0.0009359547
        1.8692564112        0.8735301268       -0.0006443139
        1.9348642064        0.8832487053       -0.0006376964
        1.8692564112        0.8735606069       -0.0006443299
        2.1776178184        0.9132318877       -0.0005627510
        2.1195375431        0.9070571246       -0.0005519784
        1.6569187160        0.8314480979       -0.0007821455
        1.5798100091        0.8120903187       -0.0008458560
        1.9348642064        0.8832175096       -0.0006395920
        1.6569187160        0.8314003972       -0.0007822539
        0.9991595798        0.5906512808       -0.0014469545
        0.8652975786        0.5151784188       -0.0017200204
        1.4130250288        0.7588072364       -0.0010194464
        2.1776178184        0.9134888617       -0.0005397875
        1.5798100091        0.8120361733       -0.0008455631
        0.8652975786        0.5151728266       -0.0017199726
        0.7065125144        0.4286054082       -0.0020155699
        1.3217638841        0.7258564055       -0.0011297693
        2.1195375431        0.9092362441       -0.0005317184
        1.9348642064        0.8832103067       -0.0006393531
        1.4130250288        0.7588505926       -0.0010193387
        1.3217638841        0.7259096554       -0.0011299929
        1.7305951571        0.8467098690       -0.0007606037
        2.1776178184        0.9135140074       -0.0005395032
        2.1195375431        0.9092567057       -0.0005317978
        2.0598202422        0.9015122644       -0.0005424839
        1.5798100091        0.8120992310       -0.0008452234
        1.4987393697        0.7899275881       -0.0009360323
        1.8692564112        0.8735812905       -0.0006439819
        1.5798100091        0.8120514721       -0.0008452393
        0.8652975786        0.5151228656       -0.0017208535
        0.7065125144        0.4286345251       -0.0020147797
        1.3217638841        0.7258712526       -0.0011298987
        2.1195375431        0.9092261268       -0.0005316951
        1.4987393697        0.7898790231       -0.0009357818
        0.7065125144        0.4286406750       -0.0020147376
        0.4995797899        0.3149310159       -0.0023246353
        1.2237155711        0.6879819619       -0.0012747917
        2.0598202422        0.9043065571       -0.0005168699
        1.8692564112        0.8735632385       -0.0006443651
        1.3217638841        0.7259066869       -0.0011301848
        1.2237155711        0.6880219652       -0.0012752396
        1.6569187160        0.8315879530       -0.0007811854
        2.1195375431        0.9092532195       -0.0005318968
        2.0598202422        0.9043319906       -0.0005169375
        1.9348642064        0.8832489129       -0.0006388414
        1.8692564112        0.8735801837       -0.0006434463
        2.1776178184        0.9132577834       -0.0005616790
        1.9348642064        0.8832110600       -0.0006390595
        1.4130250288        0.7587944303       -0.0010202730
        1.3217638841        0.7259192957       -0.0011291617
        1.7305951571        0.8467040382       -0.0007596731
        1.8692564112        0.8735301356       -0.0006438521
        1.3217638841        0.7259074764       -0.0011292360
        1.2237155711        0.6880059585       -0.0012739423
        1.6569187160        0.8315694097       -0.0007812353
        2.1776178184        0.9132481552       -0.0005622630
        1.7305951571        0.8467413339       -0.0007598066
        1.6569187160        0.8316256020       -0.0007810103
        1.9983191596        0.8912558362       -0.0006444371
        2.1776178184        0.9134838767       -0.0005405458
        2.1195375431        0.9092393244       -0.0005314679
        2.1195375431        0.9092432926       -0.0005315667
        2.0598202422        0.9043160193       -0.0005167971
