#epsqw diagonal term
#1:q+G [au], 2:Re(eps-1), 3:Im(eps-1)
        2.1195375431        1.0224880845       -0.0292211279
        2.0598202422        1.0280033830       -0.0300783090
        2.1195375431        1.0228050334       -0.0292195774
        1.6569187160        1.0737101723       -0.0375817788
        1.5798100091        1.0865975688       -0.0372283289
        1.9348642064        1.0385767926       -0.0343284807
        2.0598202422        1.0284347723       -0.0300363093
        1.5798100091        1.0868146651       -0.0372970756
        1.4987393697        1.1024641007       -0.0371276391
        1.8692564112        1.0471872442       -0.0343740958
        1.9348642064        1.0382745493       -0.0342672531
        1.8692564112        1.0467105360       -0.0343955337
        2.1776178184        1.0180995079       -0.0272154103
        2.1195375431        1.0228506074       -0.0293151850
        1.6569187160        1.0736202764       -0.0385668891
        1.5798100091        1.0861595372       -0.0376668725
        1.9348642064        1.0384380724       -0.0340244409
        1.6569187160        1.0734370363       -0.0387228755
        0.9991595798        1.1669080386       -0.0337092263
        0.8652975786        1.1948022215       -0.0282849243
        1.4130250288        1.1054089693       -0.0388815049
        2.1776178184        1.0269496778       -0.0275989228
        1.5798100091        1.0859750876       -0.0377270216
        0.8652975786        1.1947829306       -0.0281759095
        0.7065125144        1.2224353134       -0.0222422857
        1.3217638841        1.1212805185       -0.0366915844
        2.1195375431        1.0327370388       -0.0293581597
        1.9348642064        1.0383193452       -0.0339715247
        1.4130250288        1.1055045776       -0.0388133124
        1.3217638841        1.1214298017       -0.0368256853
        1.7305951571        1.0584443034       -0.0385938336
        2.1776178184        1.0272301752       -0.0273474760
        2.1195375431        1.0330677285       -0.0291455014
        2.0598202422        1.0283643088       -0.0296947651
        1.5798100091        1.0864997865       -0.0378184786
        1.4987393697        1.1020902942       -0.0380185191
        1.8692564112        1.0470773838       -0.0345132796
        1.5798100091        1.0860787080       -0.0377768368
        0.8652975786        1.1948925851       -0.0281719712
        0.7065125144        1.2223382801       -0.0227331608
        1.3217638841        1.1211797056       -0.0365565892
        2.1195375431        1.0328136107       -0.0290192457
        1.4987393697        1.1015869583       -0.0380156980
        0.7065125144        1.2222340164       -0.0226318372
        0.4995797899        1.2436190289       -0.0172890285
        1.2237155711        1.1422941407       -0.0354651935
        2.0598202422        1.0398867827       -0.0313573524
        1.8692564112        1.0469446573       -0.0345834178
        1.3217638841        1.1213931173       -0.0366245531
        1.2237155711        1.1425717116       -0.0354861383
        1.6569187160        1.0711104688       -0.0385690073
        2.1195375431        1.0331582536       -0.0287007746
        2.0598202422        1.0403159721       -0.0309856345
        1.9348642064        1.0380402822       -0.0339078871
        1.8692564112        1.0468773870       -0.0349257192
        2.1776178184        1.0186062629       -0.0276107107
        1.9348642064        1.0382447505       -0.0339106813
        1.4130250288        1.1056980090       -0.0379667303
        1.3217638841        1.1218800337       -0.0364010556
        1.7305951571        1.0587097150       -0.0390260856
        1.8692564112        1.0471941873       -0.0349894697
        1.3217638841        1.1219696300       -0.0363139373
        1.2237155711        1.1429803727       -0.0344788272
        1.6569187160        1.0711008418       -0.0386079478
        2.1776178184        1.0186998766       -0.0278178817
        1.7305951571        1.0584526133       -0.0391483817
        1.6569187160        1.0707040108       -0.0386362476
        1.9983191596        1.0323916673       -0.0337778409
        2.1776178184        1.0271937612       -0.0270589644
        2.1195375431        1.0333100416       -0.0289888608
        2.1195375431        1.0333455090       -0.0288885468
        2.0598202422        1.0404989759       -0.0304821149
