#epsqw diagonal term
#1:q+G [au], 2:Re(eps-1), 3:Im(eps-1)
        2.1195375431        1.0625653845       -0.0393051822
        2.0598202422        1.0712632600       -0.0434679614
        2.1195375431        1.0625986650       -0.0392479252
        1.6569187160        1.1301893082       -0.0517724667
        1.5798100091        1.1439427255       -0.0526421038
        1.9348642064        1.0865614306       -0.0479536977
        2.0598202422        1.0713141665       -0.0433990313
        1.5798100091        1.1440247597       -0.0526373200
        1.4987393697        1.1624190516       -0.0527246762
        1.8692564112        1.0979492850       -0.0494796252
        1.9348642064        1.0864724132       -0.0478049708
        1.8692564112        1.0978832788       -0.0493289451
        2.1776178184        1.0557958362       -0.0316178347
        2.1195375431        1.0633159534       -0.0391323866
        1.6569187160        1.1303557146       -0.0529961576
        1.5798100091        1.1440559835       -0.0535023385
        1.9348642064        1.0863141332       -0.0488356610
        1.6569187160        1.1304122566       -0.0531008096
        0.9991595798        1.2627362087       -0.0550511041
        0.8652975786        1.3040729050       -0.0569005544
        1.4130250288        1.1773292047       -0.0575701655
        2.1776178184        1.0570211050       -0.0352051619
        1.5798100091        1.1440947601       -0.0536598325
        0.8652975786        1.3039332124       -0.0570370063
        0.7065125144        1.3417366708       -0.0536242269
        1.3217638841        1.1993539568       -0.0578917386
        2.1195375431        1.0633139533       -0.0358582719
        1.9348642064        1.0862053313       -0.0488187211
        1.4130250288        1.1771863215       -0.0572465801
        1.3217638841        1.1992325491       -0.0574411802
        1.7305951571        1.1191312269       -0.0534372705
        2.1776178184        1.0569629064       -0.0351812694
        2.1195375431        1.0632960719       -0.0358552226
        2.0598202422        1.0723841354       -0.0419560363
        1.5798100091        1.1446543757       -0.0523898543
        1.4987393697        1.1619589199       -0.0546226547
        1.8692564112        1.0973075599       -0.0520858289
        1.5798100091        1.1447021090       -0.0525467815
        0.8652975786        1.3055037155       -0.0564459877
        0.7065125144        1.3407896122       -0.0540024928
        1.3217638841        1.1985465052       -0.0583796354
        2.1195375431        1.0631093061       -0.0366157175
        1.4987393697        1.1620761998       -0.0548504096
        0.7065125144        1.3410481593       -0.0544254079
        0.4995797899        1.3707350265       -0.0503547514
        1.2237155711        1.2241560424       -0.0560914239
        2.0598202422        1.0707692093       -0.0384493721
        1.8692564112        1.0973450010       -0.0521080027
        1.3217638841        1.1985285779       -0.0581914470
        1.2237155711        1.2239619176       -0.0557397931
        1.6569187160        1.1359648068       -0.0593441989
        2.1195375431        1.0630352885       -0.0366518853
        2.0598202422        1.0706708399       -0.0385558624
        1.9348642064        1.0869073974       -0.0463341192
        1.8692564112        1.0977430306       -0.0511191202
        2.1776178184        1.0555594253       -0.0338763697
        1.9348642064        1.0868994158       -0.0464436636
        1.4130250288        1.1779008295       -0.0551770821
        1.3217638841        1.1987412895       -0.0575057391
        1.7305951571        1.1179516287       -0.0556701654
        1.8692564112        1.0977726647       -0.0512875138
        1.3217638841        1.1988850704       -0.0577690495
        1.2237155711        1.2239261425       -0.0548085203
        1.6569187160        1.1348113528       -0.0597499166
        2.1776178184        1.0555788642       -0.0338859795
        1.7305951571        1.1180077273       -0.0556542589
        1.6569187160        1.1346813992       -0.0596773862
        1.9983191596        1.0749713182       -0.0395704566
        2.1776178184        1.0574970015       -0.0330411992
        2.1195375431        1.0635483376       -0.0350664325
        2.1195375431        1.0635209210       -0.0351364116
        2.0598202422        1.0710812940       -0.0371172572
