#epsqw diagonal term
#1:q+G [au], 2:Re(eps-1), 3:Im(eps-1)
        2.1195375431        0.9073696700       -0.0005321643
        2.0598202422        0.9018108590       -0.0005244286
        2.1195375431        0.9073421496       -0.0005325329
        1.6569187160        0.8317409541       -0.0007613191
        1.5798100091        0.8124934414       -0.0008200288
        1.9348642064        0.8835623817       -0.0006152864
        2.0598202422        0.9017848224       -0.0005244413
        1.5798100091        0.8124951617       -0.0008197863
        1.4987393697        0.7903506258       -0.0009069240
        1.8692564112        0.8738579515       -0.0006236819
        1.9348642064        0.8835910978       -0.0006148886
        1.8692564112        0.8738886018       -0.0006236467
        2.1776178184        0.9135700326       -0.0005371151
        2.1195375431        0.9073608444       -0.0005316353
        1.6569187160        0.8318321037       -0.0007597265
        1.5798100091        0.8125071192       -0.0008204559
        1.9348642064        0.8835622862       -0.0006164766
        1.6569187160        0.8317844457       -0.0007598385
        0.9991595798        0.5913856814       -0.0014124635
        0.8652975786        0.5161549220       -0.0016679324
        1.4130250288        0.7593035499       -0.0009918777
        2.1776178184        0.9137931029       -0.0005193525
        1.5798100091        0.8124524112       -0.0008202607
        0.8652975786        0.5161490897       -0.0016679610
        0.7065125144        0.4298693143       -0.0019489738
        1.3217638841        0.7264126277       -0.0010990448
        2.1195375431        0.9095269607       -0.0005122960
        1.9348642064        0.8835546562       -0.0006163323
        1.4130250288        0.7593468430       -0.0009917808
        1.3217638841        0.7264663290       -0.0010991880
        1.7305951571        0.8471061231       -0.0007349422
        2.1776178184        0.9138179394       -0.0005191055
        2.1195375431        0.9095476165       -0.0005123308
        2.0598202422        0.9017933615       -0.0005244990
        1.5798100091        0.8125151196       -0.0008199517
        1.4987393697        0.7903985598       -0.0009069662
        1.8692564112        0.8739087928       -0.0006233665
        1.5798100091        0.8124672375       -0.0008200009
        0.8652975786        0.5161003984       -0.0016687757
        0.7065125144        0.4298974102       -0.0019482852
        1.3217638841        0.7264278846       -0.0010990772
        2.1195375431        0.9095165419       -0.0005123473
        1.4987393697        0.7903495651       -0.0009067629
        0.7065125144        0.4299035182       -0.0019482124
        0.4995797899        0.3165635722       -0.0022480611
        1.2237155711        0.6886234982       -0.0012411038
        2.0598202422        0.9045692298       -0.0005007184
        1.8692564112        0.8738912327       -0.0006236902
        1.3217638841        0.7264638014       -0.0010992822
        1.2237155711        0.6886641409       -0.0012414930
        1.6569187160        0.8319742819       -0.0007581682
        2.1195375431        0.9095440252       -0.0005124793
        2.0598202422        0.9045947702       -0.0005007835
        1.9348642064        0.8835929139       -0.0006158081
        1.8692564112        0.8739069172       -0.0006229366
        2.1776178184        0.9135945401       -0.0005362216
        1.9348642064        0.8835551540       -0.0006160584
        1.4130250288        0.7592917742       -0.0009926046
        1.3217638841        0.7264749211       -0.0010984830
        1.7305951571        0.8470991455       -0.0007341525
        1.8692564112        0.8738572296       -0.0006233300
        1.3217638841        0.7264631604       -0.0010985487
        1.2237155711        0.6886463951       -0.0012403614
        1.6569187160        0.8319559567       -0.0007581968
        2.1776178184        0.9135857895       -0.0005366597
        1.7305951571        0.8471369048       -0.0007341539
        1.6569187160        0.8320120688       -0.0007579412
        1.9983191596        0.8916266648       -0.0006178527
        2.1776178184        0.9137893046       -0.0005199400
        2.1195375431        0.9095296500       -0.0005121042
        2.1195375431        0.9095337710       -0.0005121842
        2.0598202422        0.9045785448       -0.0005006868
