#epsqw diagonal term
#1:q+G [au], 2:Re(eps-1), 3:Im(eps-1)
        2.1195375431        0.9003066189       -0.0244982995
        2.0598202422        0.8890241422       -0.0265261939
        2.1195375431        0.9005987740       -0.0245512385
        1.6569187160        0.8112417564       -0.0410504414
        1.5798100091        0.7809671778       -0.0443749510
        1.9348642064        0.8708388195       -0.0309173221
        2.0598202422        0.8892026509       -0.0265807928
        1.5798100091        0.7809733212       -0.0441089720
        1.4987393697        0.7526200298       -0.0508180945
        1.8692564112        0.8538069710       -0.0321736208
        1.9348642064        0.8709046426       -0.0309542973
        1.8692564112        0.8539744072       -0.0323047766
        2.1776178184        0.9109908693       -0.0264028001
        2.1195375431        0.9004011419       -0.0248346299
        1.6569187160        0.8108342511       -0.0411286416
        1.5798100091        0.7811929536       -0.0444765772
        1.9348642064        0.8710570452       -0.0307358308
        1.6569187160        0.8109762021       -0.0409861582
        0.9991595798        0.6234715224       -0.0978431562
        0.8652975786        0.5540561098       -0.1395853851
        1.4130250288        0.7320033242       -0.0636664383
        2.1776178184        0.9143398463       -0.0192574639
        1.5798100091        0.7812228079       -0.0443529497
        0.8652975786        0.5538206666       -0.1397148202
        0.7065125144        0.5011324443       -0.1885051195
        1.3217638841        0.6947085435       -0.0743208027
        2.1195375431        0.9033040304       -0.0197833021
        1.9348642064        0.8710492141       -0.0307312357
        1.4130250288        0.7317727143       -0.0639122912
        1.3217638841        0.6949456104       -0.0743381399
        1.7305951571        0.8279873828       -0.0364368308
        2.1776178184        0.9141733498       -0.0193184064
        2.1195375431        0.9033072963       -0.0198887388
        2.0598202422        0.8888659699       -0.0266995628
        1.5798100091        0.7803817594       -0.0440713463
        1.4987393697        0.7524417984       -0.0521615095
        1.8692564112        0.8538915788       -0.0323697225
        1.5798100091        0.7805391435       -0.0440995190
        0.8652975786        0.5517912678       -0.1401151903
        0.7065125144        0.5015046626       -0.1894032568
        1.3217638841        0.6955614707       -0.0740775402
        2.1195375431        0.9031366066       -0.0196251711
        1.4987393697        0.7524532018       -0.0519651277
        0.7065125144        0.5009814677       -0.1889730677
        0.4995797899        0.4372765403       -0.3047573735
        1.2237155711        0.6622151415       -0.0852892039
        2.0598202422        0.8907435892       -0.0207976506
        1.8692564112        0.8541449273       -0.0323756375
        1.3217638841        0.6957469433       -0.0740275849
        1.2237155711        0.6628733074       -0.0854562319
        1.6569187160        0.8062078019       -0.0399874585
        2.1195375431        0.9030345568       -0.0197660405
        2.0598202422        0.8908030790       -0.0207246921
        1.9348642064        0.8708962645       -0.0307104582
        1.8692564112        0.8538848420       -0.0325639469
        2.1776178184        0.9107499075       -0.0263439925
        1.9348642064        0.8707500796       -0.0306093818
        1.4130250288        0.7315592992       -0.0633219056
        1.3217638841        0.6954961494       -0.0743935592
        1.7305951571        0.8279711878       -0.0366239807
        1.8692564112        0.8538228442       -0.0323490436
        1.3217638841        0.6953732057       -0.0742015627
        1.2237155711        0.6617348828       -0.0846842262
        1.6569187160        0.8062459734       -0.0397614142
        2.1776178184        0.9108689890       -0.0264394077
        1.7305951571        0.8279707151       -0.0366787861
        1.6569187160        0.8065225892       -0.0400288612
        1.9983191596        0.8850087692       -0.0324478894
        2.1776178184        0.9142510387       -0.0193711530
        2.1195375431        0.9030746810       -0.0196933014
        2.1195375431        0.9029605857       -0.0196627846
        2.0598202422        0.8907835589       -0.0205774609
