#epsqw diagonal term
#1:q+G [au], 2:Re(eps-1), 3:Im(eps-1)
        2.1195375431        0.9032115059       -0.0017158070
        2.0598202422        0.8980741195       -0.0015336100
        2.1195375431        0.9031800102       -0.0017135670
        1.6569187160        0.8266314673       -0.0017865056
        1.5798100091        0.8068320607       -0.0023102302
        1.9348642064        0.8789412151       -0.0019629341
        2.0598202422        0.8980555650       -0.0015027766
        1.5798100091        0.8068408599       -0.0023005572
        1.4987393697        0.7838007226       -0.0025593031
        1.8692564112        0.8694655273       -0.0017220918
        1.9348642064        0.8789741182       -0.0019494805
        1.8692564112        0.8694910224       -0.0017372362
        2.1776178184        0.9089939198       -0.0024007171
        2.1195375431        0.9032449439       -0.0016914456
        1.6569187160        0.8267869878       -0.0017707243
        1.5798100091        0.8068413633       -0.0023080686
        1.9348642064        0.8789214033       -0.0019795227
        1.6569187160        0.8267385929       -0.0017684145
        0.9991595798        0.5820327872       -0.0026910679
        0.8652975786        0.5030092123       -0.0050383720
        1.4130250288        0.7528816047       -0.0021540433
        2.1776178184        0.9096348849       -0.0016136469
        1.5798100091        0.8067969240       -0.0022858184
        0.8652975786        0.5030048247       -0.0050097903
        0.7065125144        0.4128467736       -0.0058786032
        1.3217638841        0.7191064708       -0.0024666859
        2.1195375431        0.9055237664       -0.0015787577
        1.9348642064        0.8789196319       -0.0019497895
        1.4130250288        0.7529244173       -0.0021475258
        1.3217638841        0.7191512213       -0.0024839017
        1.7305951571        0.8418504890       -0.0021542784
        2.1776178184        0.9096637852       -0.0016059650
        2.1195375431        0.9055422594       -0.0015936193
        2.0598202422        0.8980746792       -0.0015097483
        1.5798100091        0.8068890220       -0.0022946507
        1.4987393697        0.7838377645       -0.0025494636
        1.8692564112        0.8695454732       -0.0017150947
        1.5798100091        0.8068442383       -0.0022830237
        0.8652975786        0.5029396145       -0.0050160584
        0.7065125144        0.4129281626       -0.0058545852
        1.3217638841        0.7191048980       -0.0024826961
        2.1195375431        0.9055362738       -0.0015694667
        1.4987393697        0.7837950813       -0.0025419392
        0.7065125144        0.4129354517       -0.0058626628
        0.4995797899        0.2957245357       -0.0043935759
        1.2237155711        0.6802660669       -0.0022132792
        2.0598202422        0.9010516453       -0.0011347053
        1.8692564112        0.8695214955       -0.0017231326
        1.3217638841        0.7191330181       -0.0024998654
        1.2237155711        0.6802966707       -0.0022180998
        1.6569187160        0.8269095682       -0.0017501418
        2.1195375431        0.9055562786       -0.0015867489
        2.0598202422        0.9010751393       -0.0011324826
        1.9348642064        0.8789538795       -0.0019779609
        1.8692564112        0.8695311715       -0.0017137763
        2.1776178184        0.9090436465       -0.0023748847
        1.9348642064        0.8789182081       -0.0019599826
        1.4130250288        0.7528461928       -0.0021536790
        1.3217638841        0.7191629883       -0.0024701965
        1.7305951571        0.8418336441       -0.0021499594
        1.8692564112        0.8694799397       -0.0017074593
        1.3217638841        0.7191526693       -0.0024726172
        1.2237155711        0.6802999823       -0.0022162761
        1.6569187160        0.8268586150       -0.0017519800
        2.1776178184        0.9090199441       -0.0024103594
        1.7305951571        0.8418591572       -0.0021922682
        1.6569187160        0.8269115991       -0.0017685455
        1.9983191596        0.8866836031       -0.0022662963
        2.1776178184        0.9096079072       -0.0016281065
        2.1195375431        0.9055397673       -0.0015803610
        2.1195375431        0.9055402016       -0.0015819837
        2.0598202422        0.9010546451       -0.0011354427
