#epsqw diagonal term
#1:q+G [au], 2:Re(eps-1), 3:Im(eps-1)
        2.1195375431        1.0071275174       -0.0000243297
        2.0598202422        1.0077163472       -0.0000262189
        2.1195375431        1.0071290020       -0.0000243353
        1.6569187160        1.0128530274       -0.0000473646
        1.5798100091        1.0141027267       -0.0000521513
        1.9348642064        1.0090637844       -0.0000318073
        2.0598202422        1.0077179535       -0.0000262255
        1.5798100091        1.0141017852       -0.0000521498
        1.4987393697        1.0155531367       -0.0000575281
        1.8692564112        1.0098720521       -0.0000345663
        1.9348642064        1.0090621810       -0.0000318012
        1.8692564112        1.0098702681       -0.0000345592
        2.1776178184        1.0066034838       -0.0000224434
        2.1195375431        1.0071287632       -0.0000243354
        1.6569187160        1.0128491649       -0.0000473476
        1.5798100091        1.0140969042       -0.0000521375
        1.9348642064        1.0090602472       -0.0000317949
        1.6569187160        1.0128546043       -0.0000473647
        0.9991595798        1.0264288679       -0.0001203803
        0.8652975786        1.0295497129       -0.0001424223
        1.4130250288        1.0171573604       -0.0000673218
        2.1776178184        1.0066197697       -0.0000225964
        1.5798100091        1.0141032474       -0.0000521576
        0.8652975786        1.0295485897       -0.0001424195
        0.7065125144        1.0328364554       -0.0001708140
        1.3217638841        1.0190465464       -0.0000757945
        2.1195375431        1.0071330063       -0.0000243314
        1.9348642064        1.0090614207       -0.0000317983
        1.4130250288        1.0171523949       -0.0000673057
        1.3217638841        1.0190396949       -0.0000757726
        1.7305951571        1.0117342657       -0.0000427372
        2.1776178184        1.0066165427       -0.0000225875
        2.1195375431        1.0071299187       -0.0000243228
        2.0598202422        1.0077185680       -0.0000262275
        1.5798100091        1.0140993569       -0.0000521420
        1.4987393697        1.0155463305       -0.0000575086
        1.8692564112        1.0098665054       -0.0000345478
        1.5798100091        1.0141059467       -0.0000521607
        0.8652975786        1.0295503651       -0.0001424289
        0.7065125144        1.0328354635       -0.0001708215
        1.3217638841        1.0190439644       -0.0000757919
        2.1195375431        1.0071322447       -0.0000243280
        1.4987393697        1.0155543098       -0.0000575309
        0.7065125144        1.0328382931       -0.0001708276
        0.4995797899        1.0358373886       -0.0002123878
        1.2237155711        1.0212207434       -0.0000853860
        2.0598202422        1.0077057790       -0.0000262010
        1.8692564112        1.0098684179       -0.0000345532
        1.3217638841        1.0190374758       -0.0000757726
        1.2237155711        1.0212124139       -0.0000853609
        1.6569187160        1.0128977958       -0.0000471269
        2.1195375431        1.0071278196       -0.0000243160
        2.0598202422        1.0077013535       -0.0000261891
        1.9348642064        1.0090627778       -0.0000318011
        1.8692564112        1.0098680955       -0.0000345531
        2.1776178184        1.0066008074       -0.0000224351
        1.9348642064        1.0090655057       -0.0000318107
        1.4130250288        1.0171588441       -0.0000673265
        1.3217638841        1.0190429813       -0.0000757809
        1.7305951571        1.0117341285       -0.0000427384
        1.8692564112        1.0098716094       -0.0000345651
        1.3217638841        1.0190428309       -0.0000757811
        1.2237155711        1.0212182910       -0.0000853820
        1.6569187160        1.0128996406       -0.0000471333
        2.1776178184        1.0066014053       -0.0000224369
        1.7305951571        1.0117313158       -0.0000427281
        1.6569187160        1.0128957801       -0.0000471190
        1.9983191596        1.0083335569       -0.0000289692
        2.1776178184        1.0066201084       -0.0000225989
        2.1195375431        1.0071323839       -0.0000243292
        2.1195375431        1.0071314730       -0.0000243268
        2.0598202422        1.0077042651       -0.0000261964
