#epsqw diagonal term
#1:q+G [au], 2:Re(eps-1), 3:Im(eps-1)
        2.1195375431        0.8999265185       -0.0296579392
        2.0598202422        0.8949417068       -0.0232798164
        2.1195375431        0.8999928973       -0.0293790945
        1.6569187160        0.8283714038       -0.0442601834
        1.5798100091        0.8048323988       -0.0423934483
        1.9348642064        0.8797390315       -0.0332504379
        2.0598202422        0.8948466764       -0.0230358473
        1.5798100091        0.8048614890       -0.0424754435
        1.4987393697        0.7831037038       -0.0407599994
        1.8692564112        0.8683757872       -0.0278766128
        1.9348642064        0.8794598904       -0.0335120434
        1.8692564112        0.8682684455       -0.0281050143
        2.1776178184        0.9055452995       -0.0278409161
        2.1195375431        0.8997457974       -0.0292968752
        1.6569187160        0.8280619312       -0.0440312679
        1.5798100091        0.8044683087       -0.0427016804
        1.9348642064        0.8796522499       -0.0331076021
        1.6569187160        0.8283066999       -0.0441606017
        0.9991595798        0.5450892439       -0.0678042282
        0.8652975786        0.4700234640       -0.0711000335
        1.4130250288        0.7544859203       -0.0446526319
        2.1776178184        0.9145804831       -0.0340176211
        1.5798100091        0.8045851948       -0.0426882113
        0.8652975786        0.4705921144       -0.0707384199
        0.7065125144        0.3837065038       -0.0933134707
        1.3217638841        0.7151941995       -0.0433651935
        2.1195375431        0.9077412392       -0.0290316888
        1.9348642064        0.8795872511       -0.0329435321
        1.4130250288        0.7542064421       -0.0443827791
        1.3217638841        0.7154115484       -0.0429941276
        1.7305951571        0.8437085504       -0.0377446175
        2.1776178184        0.9144270715       -0.0342232036
        2.1195375431        0.9078848262       -0.0290892469
        2.0598202422        0.8948384825       -0.0228052610
        1.5798100091        0.8044831425       -0.0420448557
        1.4987393697        0.7834999277       -0.0407353818
        1.8692564112        0.8683520962       -0.0274086564
        1.5798100091        0.8046783400       -0.0421804818
        0.8652975786        0.4698422924       -0.0709080179
        0.7065125144        0.3846520599       -0.0945279975
        1.3217638841        0.7150428185       -0.0433069147
        2.1195375431        0.9084182416       -0.0294308321
        1.4987393697        0.7835852671       -0.0409931155
        0.7065125144        0.3842371150       -0.0950831313
        0.4995797899        0.3145698491       -0.1256292467
        1.2237155711        0.6727901853       -0.0524140410
        2.0598202422        0.9029636252       -0.0234201888
        1.8692564112        0.8685912778       -0.0273495635
        1.3217638841        0.7154555779       -0.0431032335
        1.2237155711        0.6729577291       -0.0524579210
        1.6569187160        0.8251994209       -0.0307628325
        2.1195375431        0.9083043402       -0.0294052430
        2.0598202422        0.9029992743       -0.0231658811
        1.9348642064        0.8795601589       -0.0334621990
        1.8692564112        0.8677882886       -0.0275499003
        2.1776178184        0.9051871583       -0.0275335071
        1.9348642064        0.8797449291       -0.0332431437
        1.4130250288        0.7544979234       -0.0442486796
        1.3217638841        0.7153829464       -0.0427275170
        1.7305951571        0.8437348289       -0.0374455789
        1.8692564112        0.8680080647       -0.0273027953
        1.3217638841        0.7154279996       -0.0427405633
        1.2237155711        0.6725060332       -0.0518990962
        1.6569187160        0.8253561268       -0.0302937256
        2.1776178184        0.9054148472       -0.0273977748
        1.7305951571        0.8434113550       -0.0380064517
        1.6569187160        0.8248939559       -0.0308686693
        1.9983191596        0.8833661852       -0.0321112363
        2.1776178184        0.9148126045       -0.0342594500
        2.1195375431        0.9080344746       -0.0293247249
        2.1195375431        0.9077704063       -0.0291475460
        2.0598202422        0.9028604972       -0.0230823980
