#epsqw diagonal term
#1:q+G [au], 2:Re(eps-1), 3:Im(eps-1)
        2.1195375431        0.8981207256       -0.0221270686
        2.0598202422        0.8954318825       -0.0195582067
        2.1195375431        0.8981160674       -0.0220128138
        1.6569187160        0.8212802690       -0.0367647836
        1.5798100091        0.8008917939       -0.0323840208
        1.9348642064        0.8745154635       -0.0267881087
        2.0598202422        0.8954717870       -0.0193473566
        1.5798100091        0.8009586415       -0.0320947428
        1.4987393697        0.7815923175       -0.0305501802
        1.8692564112        0.8666967559       -0.0231426087
        1.9348642064        0.8742694423       -0.0266373821
        1.8692564112        0.8665108277       -0.0229320729
        2.1776178184        0.9062971768       -0.0184531384
        2.1195375431        0.8982730320       -0.0217790841
        1.6569187160        0.8208446576       -0.0364021088
        1.5798100091        0.8008345476       -0.0322093667
        1.9348642064        0.8746933085       -0.0265543908
        1.6569187160        0.8206909757       -0.0363337058
        0.9991595798        0.5478036523       -0.0474770353
        0.8652975786        0.4772502214       -0.0526970379
        1.4130250288        0.7487969586       -0.0383444155
        2.1776178184        0.9081591571       -0.0289183585
        1.5798100091        0.8007902570       -0.0323370227
        0.8652975786        0.4768722128       -0.0530704951
        0.7065125144        0.3918979564       -0.0749627723
        1.3217638841        0.7169794226       -0.0341754842
        2.1195375431        0.9050948502       -0.0237860397
        1.9348642064        0.8746552097       -0.0265940880
        1.4130250288        0.7488861662       -0.0383960729
        1.3217638841        0.7171148838       -0.0340628367
        1.7305951571        0.8382599596       -0.0301150907
        2.1776178184        0.9078450143       -0.0289984755
        2.1195375431        0.9049942917       -0.0239387556
        2.0598202422        0.8954821775       -0.0193786109
        1.5798100091        0.8011641973       -0.0323492848
        1.4987393697        0.7819417725       -0.0306934752
        1.8692564112        0.8670683931       -0.0234862563
        1.5798100091        0.8011180047       -0.0326054413
        0.8652975786        0.4771709467       -0.0535292706
        0.7065125144        0.3903530122       -0.0752486641
        1.3217638841        0.7169407306       -0.0343057446
        2.1195375431        0.9047932807       -0.0240816469
        1.4987393697        0.7818470310       -0.0306670324
        0.7065125144        0.3903025236       -0.0743388120
        0.4995797899        0.3086694898       -0.1266164462
        1.2237155711        0.6774527698       -0.0371181566
        2.0598202422        0.9020511188       -0.0202676574
        1.8692564112        0.8671388285       -0.0233601157
        1.3217638841        0.7169856198       -0.0342002149
        1.2237155711        0.6776983938       -0.0371735641
        1.6569187160        0.8254311515       -0.0258980287
        2.1195375431        0.9047672128       -0.0239971922
        2.0598202422        0.9022415402       -0.0202991103
        1.9348642064        0.8745001353       -0.0264241324
        1.8692564112        0.8670634235       -0.0229087290
        2.1776178184        0.9065083191       -0.0184770947
        1.9348642064        0.8747089276       -0.0264701225
        1.4130250288        0.7490671801       -0.0389861754
        1.3217638841        0.7174064696       -0.0342074738
        1.7305951571        0.8379041759       -0.0305745760
        1.8692564112        0.8672636904       -0.0229177210
        1.3217638841        0.7173005478       -0.0342663486
        1.2237155711        0.6776459336       -0.0374694871
        1.6569187160        0.8253768562       -0.0264223580
        2.1776178184        0.9064785324       -0.0185429345
        1.7305951571        0.8375664193       -0.0302853167
        1.6569187160        0.8250710491       -0.0260882211
        1.9983191596        0.8836606530       -0.0224861254
        2.1776178184        0.9075730357       -0.0292011787
        2.1195375431        0.9049241044       -0.0239071665
        2.1195375431        0.9049302310       -0.0237565132
        2.0598202422        0.9025554872       -0.0201707980
