#epsqw diagonal term
#1:q+G [au], 2:Re(eps-1), 3:Im(eps-1)
        2.1195375431        0.9336060970       -0.0997264493
        2.0598202422        0.9220593183       -0.1154438489
        2.1195375431        0.9337980169       -0.0997070298
        1.6569187160        0.8602079542       -0.2147223343
        1.5798100091        0.8515635678       -0.2397972414
        1.9348642064        0.9071059074       -0.1337062325
        2.0598202422        0.9220390109       -0.1155870989
        1.5798100091        0.8509713813       -0.2385539256
        1.4987393697        0.8281665676       -0.2604668324
        1.8692564112        0.8968786271       -0.1583434849
        1.9348642064        0.9068046320       -0.1336634862
        1.8692564112        0.8973103208       -0.1583550168
        2.1776178184        0.9322213231       -0.0849973617
        2.1195375431        0.9331975462       -0.1009519522
        1.6569187160        0.8629482102       -0.2152927338
        1.5798100091        0.8518377517       -0.2377330610
        1.9348642064        0.9062264819       -0.1339168742
        1.6569187160        0.8632708845       -0.2162364327
        0.9991595798        0.6819528506       -0.6533063124
        0.8652975786        0.7427982906       -0.7247171853
        1.4130250288        0.8234016723       -0.3102625297
        2.1776178184        0.9358242881       -0.0954113655
        1.5798100091        0.8514223051       -0.2371509502
        0.8652975786        0.7461323756       -0.7202981595
        0.7065125144        0.8005260649       -0.8228658926
        1.3217638841        0.8206906616       -0.3570069300
        2.1195375431        0.9254892412       -0.1005290588
        1.9348642064        0.9063507817       -0.1333533604
        1.4130250288        0.8218283147       -0.3089377804
        1.3217638841        0.8211885603       -0.3562899842
        1.7305951571        0.8719293675       -0.1945668935
        2.1776178184        0.9362873196       -0.0953212880
        2.1195375431        0.9256032397       -0.1003700089
        2.0598202422        0.9228163083       -0.1164563367
        1.5798100091        0.8509395826       -0.2389816198
        1.4987393697        0.8292098533       -0.2580600265
        1.8692564112        0.8952489256       -0.1594162828
        1.5798100091        0.8510569149       -0.2395789828
        0.8652975786        0.7412616081       -0.7229291207
        0.7065125144        0.8047176430       -0.8241016265
        1.3217638841        0.8180967600       -0.3563200523
        2.1195375431        0.9247151570       -0.1005272133
        1.4987393697        0.8279597732       -0.2601051335
        0.7065125144        0.8053373984       -0.8199528345
        0.4995797899        0.9929539265       -1.0369214270
        1.2237155711        0.8077269978       -0.4007163753
        2.0598202422        0.9174271020       -0.1023821507
        1.8692564112        0.8951010372       -0.1596546918
        1.3217638841        0.8182472945       -0.3547684046
        1.2237155711        0.8103149475       -0.3990581845
        1.6569187160        0.8669563657       -0.2331719650
        2.1195375431        0.9247047933       -0.1001784816
        2.0598202422        0.9171708750       -0.1028809006
        1.9348642064        0.9081725072       -0.1336570609
        1.8692564112        0.8975696909       -0.1593763906
        2.1776178184        0.9319087972       -0.0855060891
        1.9348642064        0.9084152851       -0.1331511838
        1.4130250288        0.8239586986       -0.3059912223
        1.3217638841        0.8237751720       -0.3562377051
        1.7305951571        0.8716026639       -0.1940602670
        1.8692564112        0.8973356434       -0.1593295940
        1.3217638841        0.8238246581       -0.3543394196
        1.2237155711        0.8082825152       -0.3997847195
        1.6569187160        0.8668373119       -0.2323010681
        2.1776178184        0.9314917927       -0.0848678314
        1.7305951571        0.8717326253       -0.1935909175
        1.6569187160        0.8670926452       -0.2318874591
        1.9983191596        0.8948531063       -0.1211701373
        2.1776178184        0.9359675127       -0.0955767847
        2.1195375431        0.9259715878       -0.1005371649
        2.1195375431        0.9261766600       -0.1001764674
        2.0598202422        0.9177144970       -0.1026242557
