#epsqw diagonal term
#1:q+G [au], 2:Re(eps-1), 3:Im(eps-1)
        2.1195375431        1.0301071712       -0.1034471557
        2.0598202422        1.0328435292       -0.1058775037
        2.1195375431        1.0300234922       -0.1034107189
        1.6569187160        1.0610546019       -0.2223500968
        1.5798100091        1.0788325140       -0.2477903702
        1.9348642064        1.0380933833       -0.1332363531
        2.0598202422        1.0339553547       -0.1065763204
        1.5798100091        1.0809573358       -0.2488960772
        1.4987393697        1.0939582238       -0.2828126124
        1.8692564112        1.0448721917       -0.1437465204
        1.9348642064        1.0384873447       -0.1333502828
        1.8692564112        1.0434422403       -0.1425088378
        2.1776178184        1.0318118592       -0.1219626110
        2.1195375431        1.0306911304       -0.1031332313
        1.6569187160        1.0612239752       -0.2220048716
        1.5798100091        1.0793228673       -0.2497972278
        1.9348642064        1.0360555247       -0.1335445780
        1.6569187160        1.0613617657       -0.2216723210
        0.9991595798        1.3912077092       -0.4950733052
        0.8652975786        1.4144312655       -0.5163371328
        1.4130250288        1.0863313574       -0.3358930987
        2.1776178184        1.0372982593       -0.0950263130
        1.5798100091        1.0816806499       -0.2513112138
        0.8652975786        1.4166717520       -0.5162739479
        0.7065125144        1.4537709687       -0.5192124393
        1.3217638841        1.1269259560       -0.3592379121
        2.1195375431        1.0474405349       -0.1051345941
        1.9348642064        1.0377598925       -0.1331794758
        1.4130250288        1.0967943770       -0.3323671769
        1.3217638841        1.1269962000       -0.3562496884
        1.7305951571        1.0441434878       -0.1723935272
        2.1776178184        1.0385275132       -0.0947478920
        2.1195375431        1.0478109004       -0.1044306908
        2.0598202422        1.0348432869       -0.1056009483
        1.5798100091        1.0808599630       -0.2459129149
        1.4987393697        1.0941189265       -0.2849331220
        1.8692564112        1.0421237285       -0.1436819664
        1.5798100091        1.0805651734       -0.2474869569
        0.8652975786        1.4169145241       -0.5102802803
        0.7065125144        1.4535851262       -0.5203750557
        1.3217638841        1.1240658739       -0.3617379423
        2.1195375431        1.0482917456       -0.1055276080
        1.4987393697        1.0915610150       -0.2902380281
        0.7065125144        1.4440592874       -0.5248765450
        0.4995797899        1.4745572796       -0.4625540497
        1.2237155711        1.1660631607       -0.4097646845
        2.0598202422        1.0511139279       -0.1188048719
        1.8692564112        1.0406339849       -0.1437666743
        1.3217638841        1.1199073814       -0.3611228563
        1.2237155711        1.1643108664       -0.4096212668
        1.6569187160        1.0558043587       -0.1965057042
        2.1195375431        1.0485090126       -0.1045053583
        2.0598202422        1.0503808898       -0.1164732844
        1.9348642064        1.0389626874       -0.1322480132
        1.8692564112        1.0443141914       -0.1434346615
        2.1776178184        1.0316430576       -0.1230505110
        1.9348642064        1.0391166779       -0.1321810597
        1.4130250288        1.0954533966       -0.3279843555
        1.3217638841        1.1243923878       -0.3620350217
        1.7305951571        1.0415846821       -0.1753127893
        1.8692564112        1.0434115070       -0.1439203096
        1.3217638841        1.1235330384       -0.3633470459
        1.2237155711        1.1658343372       -0.4090340820
        1.6569187160        1.0534977400       -0.1964984486
        2.1776178184        1.0280658373       -0.1240451655
        1.7305951571        1.0393273979       -0.1747182026
        1.6569187160        1.0533108864       -0.1955513268
        1.9983191596        1.0403601473       -0.1668034203
        2.1776178184        1.0393956194       -0.0934076209
        2.1195375431        1.0476997714       -0.1039669229
        2.1195375431        1.0487850949       -0.1041722651
        2.0598202422        1.0521042041       -0.1160922517
