#epsqw diagonal term
#1:q+G [au], 2:Re(eps-1), 3:Im(eps-1)
        2.1195375431        1.0049577276       -0.0000159957
        2.0598202422        1.0053725930       -0.0000172605
        2.1195375431        1.0049588154       -0.0000159997
        1.6569187160        1.0090161568       -0.0000317413
        1.5798100091        1.0099085036       -0.0000350612
        1.9348642064        1.0063245537       -0.0000210623
        2.0598202422        1.0053737997       -0.0000172652
        1.5798100091        1.0099079037       -0.0000350604
        1.4987393697        1.0109414257       -0.0000387623
        1.8692564112        1.0068976768       -0.0000229407
        1.9348642064        1.0063234409       -0.0000210579
        1.8692564112        1.0068964445       -0.0000229356
        2.1776178184        1.0045893987       -0.0000147259
        2.1195375431        1.0049585274       -0.0000159999
        1.6569187160        1.0090139382       -0.0000317307
        1.5798100091        1.0099047493       -0.0000350538
        1.9348642064        1.0063219081       -0.0000210540
        1.6569187160        1.0090178416       -0.0000317423
        0.9991595798        1.0187330705       -0.0000827666
        0.8652975786        1.0209630596       -0.0000982671
        1.4130250288        1.0120870037       -0.0000455861
        2.1776178184        1.0046027792       -0.0000148440
        1.5798100091        1.0099093602       -0.0000350676
        0.8652975786        1.0209626393       -0.0000982666
        0.7065125144        1.0233237877       -0.0001183292
        1.3217638841        1.0134354860       -0.0000514846
        2.1195375431        1.0049653746       -0.0000160152
        1.9348642064        1.0063227025       -0.0000210562
        1.4130250288        1.0120836305       -0.0000455752
        1.3217638841        1.0134308365       -0.0000514703
        1.7305951571        1.0082183663       -0.0000285424
        2.1776178184        1.0046006331       -0.0000148387
        2.1195375431        1.0049632799       -0.0000160099
        2.0598202422        1.0053740760       -0.0000172661
        1.5798100091        1.0099062395       -0.0000350554
        1.4987393697        1.0109363989       -0.0000387508
        1.8692564112        1.0068936971       -0.0000229289
        1.5798100091        1.0099109379       -0.0000350679
        0.8652975786        1.0209652604       -0.0000982740
        0.7065125144        1.0233246808       -0.0001183357
        1.3217638841        1.0134343427       -0.0000514850
        2.1195375431        1.0049649344       -0.0000160131
        1.4987393697        1.0109417627       -0.0000387652
        0.7065125144        1.0233259850       -0.0001183382
        0.4995797899        1.0254925768       -0.0001479282
        1.2237155711        1.0149901332       -0.0000581583
        2.0598202422        1.0053703469       -0.0000172734
        1.8692564112        1.0068950644       -0.0000229326
        1.3217638841        1.0134298383       -0.0000514723
        1.2237155711        1.0149844588       -0.0000581417
        1.6569187160        1.0090445369       -0.0000315485
        2.1195375431        1.0049618536       -0.0000160056
        2.0598202422        1.0053672433       -0.0000172660
        1.9348642064        1.0063237113       -0.0000210567
        1.8692564112        1.0068947703       -0.0000229321
        2.1776178184        1.0045875398       -0.0000147212
        1.9348642064        1.0063256554       -0.0000210633
        1.4130250288        1.0120880047       -0.0000455864
        1.3217638841        1.0134329059       -0.0000514738
        1.7305951571        1.0082184320       -0.0000285440
        1.8692564112        1.0068971960       -0.0000229405
        1.3217638841        1.0134326245       -0.0000514738
        1.2237155711        1.0149869779       -0.0000581533
        1.6569187160        1.0090462450       -0.0000315525
        2.1776178184        1.0045879801       -0.0000147224
        1.7305951571        1.0082163625       -0.0000285368
        1.6569187160        1.0090432933       -0.0000315420
        1.9983191596        1.0058133670       -0.0000191611
        2.1776178184        1.0046030365       -0.0000148454
        2.1195375431        1.0049649894       -0.0000160134
        2.1195375431        1.0049643388       -0.0000160119
        2.0598202422        1.0053690812       -0.0000172701
