#epsqw diagonal term
#1:q+G [au], 2:Re(eps-1), 3:Im(eps-1)
        2.1195375431        0.8919562500       -0.0314736507
        2.0598202422        0.8792152218       -0.0355761703
        2.1195375431        0.8918980973       -0.0314882623
        1.6569187160        0.7876135862       -0.0530414359
        1.5798100091        0.7548562758       -0.0618796603
        1.9348642064        0.8594629620       -0.0400243437
        2.0598202422        0.8791642434       -0.0354919943
        1.5798100091        0.7550171323       -0.0619961098
        1.4987393697        0.7247822181       -0.0708343075
        1.8692564112        0.8394903805       -0.0437536724
        1.9348642064        0.8595872910       -0.0400692413
        1.8692564112        0.8395582168       -0.0438449777
        2.1776178184        0.9052240248       -0.0324950476
        2.1195375431        0.8920880793       -0.0313210163
        1.6569187160        0.7873238116       -0.0525140436
        1.5798100091        0.7554771838       -0.0619407587
        1.9348642064        0.8595376424       -0.0397865345
        1.6569187160        0.7870110386       -0.0526844517
        0.9991595798        0.5468631462       -0.1482313273
        0.8652975786        0.4797687558       -0.2118084693
        1.4130250288        0.6969132102       -0.0882181517
        2.1776178184        0.9074367866       -0.0258589319
        1.5798100091        0.7554317223       -0.0617899016
        0.8652975786        0.4795916779       -0.2104415849
        0.7065125144        0.4363395690       -0.2708619862
        1.3217638841        0.6528220358       -0.1031195611
        2.1195375431        0.8952771968       -0.0277404998
        1.9348642064        0.8595131820       -0.0397606197
        1.4130250288        0.6967846250       -0.0876522729
        1.3217638841        0.6529349046       -0.1031454815
        1.7305951571        0.8081499653       -0.0530691899
        2.1776178184        0.9074846720       -0.0254863236
        2.1195375431        0.8953512838       -0.0276517292
        2.0598202422        0.8798762111       -0.0357220082
        1.5798100091        0.7547984725       -0.0623052871
        1.4987393697        0.7259288219       -0.0712781241
        1.8692564112        0.8391312617       -0.0436846285
        1.5798100091        0.7548822967       -0.0619585974
        0.8652975786        0.4816873700       -0.2136861118
        0.7065125144        0.4383401324       -0.2738770026
        1.3217638841        0.6533223778       -0.1026307515
        2.1195375431        0.8957224027       -0.0277458380
        1.4987393697        0.7263007493       -0.0708839563
        0.7065125144        0.4396541065       -0.2730721711
        0.4995797899        0.4563654580       -0.3495744477
        1.2237155711        0.6227327869       -0.1142142638
        2.0598202422        0.8815658589       -0.0304628179
        1.8692564112        0.8391683367       -0.0437670171
        1.3217638841        0.6529187648       -0.1026910778
        1.2237155711        0.6224490507       -0.1142983746
        1.6569187160        0.7834614342       -0.0560670905
        2.1195375431        0.8958413788       -0.0278534998
        2.0598202422        0.8817577126       -0.0304980227
        1.9348642064        0.8597747766       -0.0397706362
        1.8692564112        0.8393869874       -0.0439730972
        2.1776178184        0.9053575645       -0.0324860931
        1.9348642064        0.8597187793       -0.0395999815
        1.4130250288        0.6960547738       -0.0876113248
        1.3217638841        0.6534192679       -0.1026419770
        1.7305951571        0.8077590851       -0.0527070823
        1.8692564112        0.8393163402       -0.0438977865
        1.3217638841        0.6529575103       -0.1020092747
        1.2237155711        0.6228966737       -0.1152881325
        1.6569187160        0.7828404992       -0.0565103323
        2.1776178184        0.9053837028       -0.0325869154
        1.7305951571        0.8079325778       -0.0528611988
        1.6569187160        0.7830695850       -0.0567138016
        1.9983191596        0.8786983731       -0.0388097071
        2.1776178184        0.9073149261       -0.0255202157
        2.1195375431        0.8955988646       -0.0274263364
        2.1195375431        0.8954707112       -0.0274751085
        2.0598202422        0.8812800678       -0.0305194398
