#epsqw diagonal term
#1:q+G [au], 2:Re(eps-1), 3:Im(eps-1)
        2.1195375431        0.9759734005       -0.1101722941
        2.0598202422        0.9818258229       -0.1230773044
        2.1195375431        0.9756654092       -0.1106037567
        1.6569187160        0.9691229674       -0.2773883740
        1.5798100091        0.9768853590       -0.3188750639
        1.9348642064        0.9606228779       -0.1550914386
        2.0598202422        0.9814189388       -0.1242207782
        1.5798100091        0.9749958019       -0.3203094224
        1.4987393697        0.9604490715       -0.3786524439
        1.8692564112        0.9745379175       -0.1812549879
        1.9348642064        0.9609637685       -0.1543874714
        1.8692564112        0.9751553348       -0.1802835436
        2.1776178184        0.9706653096       -0.0995635209
        2.1195375431        0.9768516734       -0.1099984620
        1.6569187160        0.9711922240       -0.2757207734
        1.5798100091        0.9738668691       -0.3203848376
        1.9348642064        0.9608561801       -0.1526569611
        1.6569187160        0.9698388454       -0.2744434998
        0.9991595798        0.6701679257       -1.0177453360
        0.8652975786        0.7501751732       -0.9962914056
        1.4130250288        0.9779390942       -0.4179306093
        2.1776178184        0.9814574393       -0.1161158974
        1.5798100091        0.9722452806       -0.3192438819
        0.8652975786        0.7511258344       -0.9952805215
        0.7065125144        0.6954975115       -1.1188744545
        1.3217638841        0.9823875755       -0.4894386585
        2.1195375431        0.9692426059       -0.1270185776
        1.9348642064        0.9606348166       -0.1531602832
        1.4130250288        0.9794681175       -0.4189557014
        1.3217638841        0.9832823759       -0.4921712304
        1.7305951571        0.9467902829       -0.2264437523
        2.1776178184        0.9820246198       -0.1160714423
        2.1195375431        0.9695714995       -0.1274702290
        2.0598202422        0.9809230332       -0.1219998815
        1.5798100091        0.9750961838       -0.3181414081
        1.4987393697        0.9542301693       -0.3798925021
        1.8692564112        0.9729422154       -0.1789469153
        1.5798100091        0.9760939765       -0.3146428918
        0.8652975786        0.7458615531       -1.0031325955
        0.7065125144        0.7149236785       -1.1120248113
        1.3217638841        0.9804599284       -0.4841593058
        2.1195375431        0.9694405738       -0.1251546811
        1.4987393697        0.9541724897       -0.3774392770
        0.7065125144        0.7111076437       -1.1084317543
        0.4995797899        0.7652721878       -1.2768724123
        1.2237155711        0.9282705924       -0.5751229792
        2.0598202422        0.9509837791       -0.1395690403
        1.8692564112        0.9736227650       -0.1784190317
        1.3217638841        0.9836619754       -0.4875906045
        1.2237155711        0.9320033851       -0.5765290798
        1.6569187160        0.9644789766       -0.2751377024
        2.1195375431        0.9692799236       -0.1260626303
        2.0598202422        0.9512722510       -0.1399696493
        1.9348642064        0.9621859554       -0.1537816569
        1.8692564112        0.9739642275       -0.1798548711
        2.1776178184        0.9707320635       -0.0991329301
        1.9348642064        0.9614743926       -0.1553796121
        1.4130250288        0.9768923364       -0.4250919552
        1.3217638841        0.9797547873       -0.4888875375
        1.7305951571        0.9446551923       -0.2269309723
        1.8692564112        0.9738524106       -0.1811590995
        1.3217638841        0.9815590130       -0.4863379425
        1.2237155711        0.9353446302       -0.5874699475
        1.6569187160        0.9642339177       -0.2758032159
        2.1776178184        0.9709677601       -0.0993138922
        1.7305951571        0.9469590496       -0.2255211865
        1.6569187160        0.9653682915       -0.2755852291
        1.9983191596        0.9401695847       -0.1429526425
        2.1776178184        0.9818965985       -0.1172959208
        2.1195375431        0.9702842191       -0.1260962242
        2.1195375431        0.9693823061       -0.1269101859
        2.0598202422        0.9519855065       -0.1393862503
