#epsqw diagonal term
#1:q+G [au], 2:Re(eps-1), 3:Im(eps-1)
        2.1195375431        0.9077502703       -0.0005087713
        2.0598202422        0.9021633010       -0.0005037257
        2.1195375431        0.9077232972       -0.0005090975
        1.6569187160        0.8322282378       -0.0007348673
        1.5798100091        0.8130167311       -0.0007907973
        1.9348642064        0.8839909270       -0.0005891861
        2.0598202422        0.9021370508       -0.0005038073
        1.5798100091        0.8130179799       -0.0007906152
        1.4987393697        0.7909419193       -0.0008733387
        1.8692564112        0.8742695088       -0.0005998694
        1.9348642064        0.8840190142       -0.0005888567
        1.8692564112        0.8743002960       -0.0005997919
        2.1776178184        0.9139876503       -0.0005086207
        2.1195375431        0.9077404220       -0.0005083647
        1.6569187160        0.8323168140       -0.0007335204
        1.5798100091        0.8130310688       -0.0007911492
        1.9348642064        0.8839929362       -0.0005901380
        1.6569187160        0.8322692220       -0.0007336341
        0.9991595798        0.5923229099       -0.0013713633
        0.8652975786        0.5173897803       -0.0016076718
        1.4130250288        0.7599315281       -0.0009595650
        2.1776178184        0.9141736402       -0.0004958204
        1.5798100091        0.8129757688       -0.0007910447
        0.8652975786        0.5173837705       -0.0016077594
        0.7065125144        0.4314693439       -0.0018713546
        1.3217638841        0.7271163613       -0.0010630188
        2.1195375431        0.9098906222       -0.0004899262
        1.9348642064        0.8839848968       -0.0005900752
        1.4130250288        0.7599747571       -0.0009594759
        1.3217638841        0.7271705354       -0.0010630869
        1.7305951571        0.8476022780       -0.0007055888
        2.1776178184        0.9141981181       -0.0004956113
        2.1195375431        0.9099114612       -0.0004899233
        2.0598202422        0.9021459320       -0.0005037985
        1.5798100091        0.8130380496       -0.0007907773
        1.4987393697        0.7909901544       -0.0008733400
        1.8692564112        0.8743199455       -0.0005995825
        1.5798100091        0.8129900625       -0.0007908544
        0.8652975786        0.5173367027       -0.0016084888
        0.7065125144        0.4314962403       -0.0018707699
        1.3217638841        0.7271320099       -0.0010629592
        2.1195375431        0.9098799224       -0.0004900512
        1.4987393697        0.7909406543       -0.0008731857
        0.7065125144        0.4315022314       -0.0018706726
        0.4995797899        0.3186482498       -0.0021556257
        1.2237155711        0.6894384562       -0.0012008723
        2.0598202422        0.9049000954       -0.0004817354
        1.8692564112        0.8743029563       -0.0005998438
        1.3217638841        0.7271684415       -0.0010630880
        1.2237155711        0.6894798724       -0.0012011961
        1.6569187160        0.8324611867       -0.0007313457
        2.1195375431        0.9099078154       -0.0004901185
        2.0598202422        0.9049257796       -0.0004817948
        1.9348642064        0.8840226371       -0.0005895569
        1.8692564112        0.8743171944       -0.0005992535
        2.1776178184        0.9140105734       -0.0005079026
        1.9348642064        0.8839850726       -0.0005898248
        1.4130250288        0.7599209866       -0.0009601804
        1.3217638841        0.7271779224       -0.0010624973
        1.7305951571        0.8475939693       -0.0007049319
        1.8692564112        0.8742679876       -0.0005996228
        1.3217638841        0.7271662267       -0.0010625552
        1.2237155711        0.6894600269       -0.0012002484
        1.6569187160        0.8324431146       -0.0007313396
        2.1776178184        0.9140027636       -0.0005082034
        1.7305951571        0.8476321172       -0.0007048231
        1.6569187160        0.8324990539       -0.0007310666
        1.9983191596        0.8920872105       -0.0005879061
        2.1776178184        0.9141711654       -0.0004962349
        2.1195375431        0.9098928755       -0.0004897903
        2.1195375431        0.9098971743       -0.0004898499
        2.0598202422        0.9049092806       -0.0004817388
