#epsqw diagonal term
#1:q+G [au], 2:Re(eps-1), 3:Im(eps-1)
        2.1195375431        0.9277678097       -0.0996746304
        2.0598202422        0.9169721559       -0.1088739839
        2.1195375431        0.9281619302       -0.0993481492
        1.6569187160        0.8179587568       -0.1975195045
        1.5798100091        0.8018913417       -0.2236126389
        1.9348642064        0.8959360553       -0.1241940736
        2.0598202422        0.9172700613       -0.1085729823
        1.5798100091        0.8032742178       -0.2232834952
        1.4987393697        0.7800702507       -0.2511295397
        1.8692564112        0.8773417978       -0.1398353211
        1.9348642064        0.8955461549       -0.1244375269
        1.8692564112        0.8769758386       -0.1397315503
        2.1776178184        0.9462223010       -0.0742551354
        2.1195375431        0.9294849876       -0.1002179957
        1.6569187160        0.8190356304       -0.1987165193
        1.5798100091        0.8025366388       -0.2243249959
        1.9348642064        0.8960050820       -0.1239296248
        1.6569187160        0.8176519400       -0.1981669918
        0.9991595798        0.5480026405       -0.3470103612
        0.8652975786        0.4576968373       -0.4312947229
        1.4130250288        0.7421301822       -0.3059814143
        2.1776178184        0.9387474672       -0.0838081903
        1.5798100091        0.8026425060       -0.2239610764
        0.8652975786        0.4578426350       -0.4332313864
        0.7065125144        0.3228814744       -0.4508122241
        1.3217638841        0.7083087128       -0.3465817932
        2.1195375431        0.9292327433       -0.0878732456
        1.9348642064        0.8954062610       -0.1241466818
        1.4130250288        0.7445084774       -0.3047268775
        1.3217638841        0.7084108274       -0.3448420197
        1.7305951571        0.8556750594       -0.1694894750
        2.1776178184        0.9390575527       -0.0838385623
        2.1195375431        0.9289610649       -0.0876509588
        2.0598202422        0.9180590723       -0.1092371805
        1.5798100091        0.8038186031       -0.2264602602
        1.4987393697        0.7794562863       -0.2491377392
        1.8692564112        0.8763977686       -0.1389231527
        1.5798100091        0.8023011430       -0.2262311653
        0.8652975786        0.4533898195       -0.4303742668
        0.7065125144        0.3297960172       -0.4582460728
        1.3217638841        0.7071557538       -0.3428709913
        2.1195375431        0.9290932681       -0.0877750610
        1.4987393697        0.7771572556       -0.2499987177
        0.7065125144        0.3313263357       -0.4581954254
        0.4995797899        0.2553223501       -0.4597466262
        1.2237155711        0.6546105374       -0.3616821367
        2.0598202422        0.9216968615       -0.0969272888
        1.8692564112        0.8762961457       -0.1393897730
        1.3217638841        0.7066845702       -0.3431551896
        1.2237155711        0.6555612437       -0.3612711380
        1.6569187160        0.8323914929       -0.1835084938
        2.1195375431        0.9289685249       -0.0874671250
        2.0598202422        0.9216680067       -0.0964824185
        1.9348642064        0.8971845991       -0.1229598422
        1.8692564112        0.8776235141       -0.1388729553
        2.1776178184        0.9465492933       -0.0744157527
        1.9348642064        0.8969953915       -0.1232416383
        1.4130250288        0.7467742101       -0.3039535276
        1.3217638841        0.7116215402       -0.3389270056
        1.7305951571        0.8553689259       -0.1677742519
        1.8692564112        0.8777466834       -0.1391096978
        1.3217638841        0.7101185505       -0.3403090206
        1.2237155711        0.6560351528       -0.3540356048
        1.6569187160        0.8312489442       -0.1806774360
        2.1776178184        0.9464357238       -0.0741286861
        1.7305951571        0.8542729682       -0.1687462076
        1.6569187160        0.8304720924       -0.1819681145
        1.9983191596        0.9324981420       -0.0941524738
        2.1776178184        0.9390804707       -0.0838126398
        2.1195375431        0.9285153048       -0.0867681128
        2.1195375431        0.9287425093       -0.0868452605
        2.0598202422        0.9214397876       -0.0970200548
