#epsqw diagonal term
#1:q+G [au], 2:Re(eps-1), 3:Im(eps-1)
        2.1195375431        1.0014626880       -0.0577150293
        2.0598202422        1.0050454703       -0.0647418028
        2.1195375431        1.0016780926       -0.0587050999
        1.6569187160        1.0737859349       -0.1395947820
        1.5798100091        1.0848120415       -0.1577736450
        1.9348642064        1.0249399807       -0.0881220570
        2.0598202422        1.0056825195       -0.0656925175
        1.5798100091        1.0848477374       -0.1565311534
        1.4987393697        1.0875828893       -0.1620191872
        1.8692564112        1.0348204064       -0.0955587980
        1.9348642064        1.0244247801       -0.0869712579
        1.8692564112        1.0330974662       -0.0946531874
        2.1776178184        0.9892813609       -0.0591842307
        2.1195375431        1.0014266896       -0.0574850155
        1.6569187160        1.0752284461       -0.1379293584
        1.5798100091        1.0834975741       -0.1548208030
        1.9348642064        1.0241241269       -0.0872796334
        1.6569187160        1.0747777118       -0.1399826467
        0.9991595798        1.5387883161       -0.5443328231
        0.8652975786        1.5887573772       -0.5588840805
        1.4130250288        1.1383388642       -0.1784319478
        2.1776178184        1.0043628069       -0.0587313387
        1.5798100091        1.0846904246       -0.1565068494
        0.8652975786        1.5900399468       -0.5598707319
        0.7065125144        1.7258308796       -0.6393992655
        1.3217638841        1.1689265254       -0.2271224877
        2.1195375431        1.0048199918       -0.0691534893
        1.9348642064        1.0245003602       -0.0872355042
        1.4130250288        1.1362116446       -0.1753081654
        1.3217638841        1.1665220699       -0.2238579457
        1.7305951571        1.0641999812       -0.1227745995
        2.1776178184        1.0042293796       -0.0582830341
        2.1195375431        1.0047460778       -0.0687596330
        2.0598202422        1.0057943836       -0.0646306447
        1.5798100091        1.0843318427       -0.1549646324
        1.4987393697        1.0878742070       -0.1614546268
        1.8692564112        1.0333127481       -0.0938090850
        1.5798100091        1.0854965838       -0.1584537484
        0.8652975786        1.5966023675       -0.5623240583
        0.7065125144        1.7204417964       -0.6349354642
        1.3217638841        1.1668813803       -0.2239791620
        2.1195375431        1.0042790675       -0.0699001909
        1.4987393697        1.0888783565       -0.1624151626
        0.7065125144        1.7214790572       -0.6380908970
        0.4995797899        1.8541320832       -0.6392818427
        1.2237155711        1.1894292337       -0.2674462877
        2.0598202422        1.0022290268       -0.0728382508
        1.8692564112        1.0330171899       -0.0949688506
        1.3217638841        1.1652532327       -0.2223375006
        1.2237155711        1.1839962749       -0.2666627356
        1.6569187160        1.0792014044       -0.1396667886
        2.1195375431        1.0039643292       -0.0691750654
        2.0598202422        1.0012439593       -0.0728208323
        1.9348642064        1.0242277535       -0.0868512955
        1.8692564112        1.0326056367       -0.0934989374
        2.1776178184        0.9883794597       -0.0594048025
        1.9348642064        1.0249298976       -0.0877504455
        1.4130250288        1.1336783910       -0.1775007695
        1.3217638841        1.1646618287       -0.2246903362
        1.7305951571        1.0627333798       -0.1244769127
        1.8692564112        1.0335075668       -0.0955994078
        1.3217638841        1.1650177430       -0.2263633390
        1.2237155711        1.1828136893       -0.2654471744
        1.6569187160        1.0800417877       -0.1426756910
        2.1776178184        0.9883286080       -0.0598039761
        1.7305951571        1.0616256549       -0.1246785296
        1.6569187160        1.0773717787       -0.1412115785
        1.9983191596        1.0071751457       -0.0825383285
        2.1776178184        1.0038615730       -0.0580095541
        2.1195375431        1.0043115578       -0.0690507263
        2.1195375431        1.0040842716       -0.0689932486
        2.0598202422        1.0013942279       -0.0725325042
