#epsqw diagonal term
#1:q+G [au], 2:Re(eps-1), 3:Im(eps-1)
        2.1195375431        0.8977526081       -0.0156755033
        2.0598202422        0.8906269794       -0.0137736300
        2.1195375431        0.8976349847       -0.0158390442
        1.6569187160        0.8164845641       -0.0170540512
        1.5798100091        0.7962029823       -0.0187970250
        1.9348642064        0.8721655758       -0.0171969863
        2.0598202422        0.8904700871       -0.0140014098
        1.5798100091        0.7962080303       -0.0187783466
        1.4987393697        0.7714226763       -0.0229464598
        1.8692564112        0.8605926838       -0.0157988520
        1.9348642064        0.8722243427       -0.0171707917
        1.8692564112        0.8606250793       -0.0157221207
        2.1776178184        0.9041926367       -0.0169627046
        2.1195375431        0.8971732018       -0.0159912185
        1.6569187160        0.8165104410       -0.0167384327
        1.5798100091        0.7963323187       -0.0189612762
        1.9348642064        0.8723861612       -0.0174708604
        1.6569187160        0.8165004642       -0.0167629786
        0.9991595798        0.5592223595       -0.0222325989
        0.8652975786        0.4772390676       -0.0309560519
        1.4130250288        0.7386002977       -0.0195471806
        2.1776178184        0.9039624111       -0.0150756950
        1.5798100091        0.7962434558       -0.0189671569
        0.8652975786        0.4771924954       -0.0311166809
        0.7065125144        0.3745321937       -0.0397117281
        1.3217638841        0.7025875428       -0.0240996207
        2.1195375431        0.8997363207       -0.0153758727
        1.9348642064        0.8723601036       -0.0175543259
        1.4130250288        0.7385839981       -0.0195897608
        1.3217638841        0.7026339149       -0.0240532599
        1.7305951571        0.8336070258       -0.0202831111
        2.1776178184        0.9040065904       -0.0151024030
        2.1195375431        0.8997431232       -0.0153317600
        2.0598202422        0.8901790370       -0.0138594521
        1.5798100091        0.7962896973       -0.0187284500
        1.4987393697        0.7719454430       -0.0232930862
        1.8692564112        0.8607479358       -0.0159460972
        1.5798100091        0.7962287433       -0.0188447261
        0.8652975786        0.4769670143       -0.0316754850
        0.7065125144        0.3744855083       -0.0400622364
        1.3217638841        0.7029375339       -0.0239877579
        2.1195375431        0.8997009560       -0.0155690882
        1.4987393697        0.7719658618       -0.0232952682
        0.7065125144        0.3745475771       -0.0402054110
        0.4995797899        0.2285854330       -0.0475511887
        1.2237155711        0.6592275036       -0.0312398117
        2.0598202422        0.8940106804       -0.0150143960
        1.8692564112        0.8607295596       -0.0160113938
        1.3217638841        0.7029607338       -0.0240057538
        1.2237155711        0.6591758019       -0.0312030057
        1.6569187160        0.8165162636       -0.0193258056
        2.1195375431        0.8997703482       -0.0155493711
        2.0598202422        0.8940049871       -0.0149967131
        1.9348642064        0.8724649583       -0.0173171800
        1.8692564112        0.8607542293       -0.0159716327
        2.1776178184        0.9044495419       -0.0166665769
        1.9348642064        0.8723961036       -0.0174392937
        1.4130250288        0.7385278802       -0.0200668919
        1.3217638841        0.7028142529       -0.0239188739
        1.7305951571        0.8338552564       -0.0195210034
        1.8692564112        0.8606619662       -0.0161077984
        1.3217638841        0.7027899087       -0.0240661874
        1.2237155711        0.6588520772       -0.0307914194
        1.6569187160        0.8166131342       -0.0189399086
        2.1776178184        0.9044730813       -0.0167182064
        1.7305951571        0.8338941399       -0.0194366874
        1.6569187160        0.8166779789       -0.0187850513
        1.9983191596        0.8801057361       -0.0190797392
        2.1776178184        0.9039608066       -0.0151417696
        2.1195375431        0.8998365430       -0.0154744035
        2.1195375431        0.8998361803       -0.0154765219
        2.0598202422        0.8936998963       -0.0151142921
