#epsqw diagonal term
#1:q+G [au], 2:Re(eps-1), 3:Im(eps-1)
        2.1195375431        0.9065641733       -0.0005906766
        2.0598202422        0.9010700052       -0.0005756092
        2.1195375431        0.9065355131       -0.0005911280
        1.6569187160        0.8307282168       -0.0008247658
        1.5798100091        0.8113984753       -0.0008917004
        1.9348642064        0.8826554663       -0.0006809120
        2.0598202422        0.9010449737       -0.0005752985
        1.5798100091        0.8114014314       -0.0008912548
        1.4987393697        0.7891119011       -0.0009887735
        1.8692564112        0.8729945031       -0.0006821889
        1.9348642064        0.8826857190       -0.0006802988
        1.8692564112        0.8730245520       -0.0006823385
        2.1776178184        0.9126665925       -0.0006125705
        2.1195375431        0.9065578258       -0.0005898399
        1.6569187160        0.8308252337       -0.0008225659
        1.5798100091        0.8114104259       -0.0008924303
        1.9348642064        0.8826501088       -0.0006828978
        1.6569187160        0.8307774858       -0.0008226616
        0.9991595798        0.5894766783       -0.0015074241
        0.8652975786        0.5135969178       -0.0018151248
        1.4130250288        0.7580046477       -0.0010689654
        2.1776178184        0.9129895570       -0.0005773933
        1.5798100091        0.8113574180       -0.0008919044
        0.8652975786        0.5135919742       -0.0018148645
        0.7065125144        0.4265623567       -0.0021357600
        1.3217638841        0.7249570674       -0.0011848036
        2.1195375431        0.9087592704       -0.0005674045
        1.9348642064        0.8826438579       -0.0006824159
        1.4130250288        0.7580481421       -0.0010688239
        1.3217638841        0.7250094009       -0.0011852169
        1.7305951571        0.8460598214       -0.0008084413
        2.1776178184        0.9130152623       -0.0005770279
        2.1195375431        0.9087792905       -0.0005676001
        2.0598202422        0.9010522750       -0.0005757084
        1.5798100091        0.8114210305       -0.0008915459
        1.4987393697        0.7891591205       -0.0009889087
        1.8692564112        0.8730461352       -0.0006818733
        1.5798100091        0.8113735696       -0.0008914753
        0.8652975786        0.5135399933       -0.0018158551
        0.7065125144        0.4265932826       -0.0021347582
        1.3217638841        0.7249710195       -0.0011851525
        2.1195375431        0.9087498019       -0.0005672312
        1.4987393697        0.7891113228       -0.0009885585
        0.7065125144        0.4265993820       -0.0021347986
        0.4995797899        0.3123247668       -0.0024558761
        1.2237155711        0.6869511907       -0.0013333265
        2.0598202422        0.9038798546       -0.0005456223
        1.8692564112        0.8730271981       -0.0006823804
        1.3217638841        0.7250054897       -0.0011856298
        1.2237155711        0.6869901040       -0.0013338863
        1.6569187160        0.8309601226       -0.0008228564
        2.1195375431        0.9087760994       -0.0005675988
        2.0598202422        0.9039051340       -0.0005456875
        1.9348642064        0.8826828755       -0.0006819759
        1.8692564112        0.8730464953       -0.0006810651
        2.1776178184        0.9126950683       -0.0006110847
        1.9348642064        0.8826450340       -0.0006820868
        1.4130250288        0.7579900778       -0.0010699799
        1.3217638841        0.7250210206       -0.0011840477
        1.7305951571        0.8460561409       -0.0008071392
        1.8692564112        0.8729959254       -0.0006814688
        1.3217638841        0.7250090865       -0.0011841440
        1.2237155711        0.6869770853       -0.0013322651
        1.6569187160        0.8309412658       -0.0008228839
        2.1776178184        0.9126836954       -0.0006120120
        1.7305951571        0.8460922918       -0.0008076185
        1.6569187160        0.8309974372       -0.0008227588
        1.9983191596        0.8906407826       -0.0006951185
        2.1776178184        0.9129823460       -0.0005785185
        2.1195375431        0.9087631125       -0.0005670074
        2.1195375431        0.9087668080       -0.0005671434
        2.0598202422        0.9038896800       -0.0005454371
