#epsqw diagonal term
#1:q+G [au], 2:Re(eps-1), 3:Im(eps-1)
        2.1195375431        0.9057061298       -0.0006789382
        2.0598202422        0.9002895535       -0.0006515344
        2.1195375431        0.9056763717       -0.0006794398
        1.6569187160        0.8296852026       -0.0009120634
        1.5798100091        0.8102566825       -0.0009930963
        1.9348642064        0.8816878386       -0.0007818298
        2.0598202422        0.9002669230       -0.0006502769
        1.5798100091        0.8102614708       -0.0009921924
        1.4987393697        0.7878220505       -0.0011005051
        1.8692564112        0.8720892729       -0.0007671765
        1.9348642064        0.8817201910       -0.0007807459
        1.8692564112        0.8721179686       -0.0007678316
        2.1776178184        0.9116600140       -0.0007430125
        2.1195375431        0.9057025375       -0.0006781918
        1.6569187160        0.8297886737       -0.0009095139
        1.5798100091        0.8102656946       -0.0009951855
        1.9348642064        0.8816747853       -0.0007862505
        1.6569187160        0.8297409415       -0.0009095507
        0.9991595798        0.5875763861       -0.0016276209
        0.8652975786        0.5109697913       -0.0020195916
        1.4130250288        0.7566767318       -0.0011748544
        2.1776178184        0.9121391253       -0.0006620506
        1.5798100091        0.8102154942       -0.0009938539
        0.8652975786        0.5109670359       -0.0020184717
        0.7065125144        0.4231869068       -0.0023859486
        1.3217638841        0.7234713221       -0.0013000167
        2.1195375431        0.9079479901       -0.0006468407
        1.9348642064        0.8816712236       -0.0007848422
        1.4130250288        0.7567206436       -0.0011745486
        1.3217638841        0.7235214017       -0.0013010671
        1.7305951571        0.8449493651       -0.0009219768
        2.1776178184        0.9121660013       -0.0006614323
        2.1195375431        0.9079667349       -0.0006474875
        2.0598202422        0.9002711564       -0.0006525668
        1.5798100091        0.8102796053       -0.0009940675
        1.4987393697        0.7878685153       -0.0011006462
        1.8692564112        0.8721410992       -0.0007676434
        1.5798100091        0.8102330499       -0.0009936696
        0.8652975786        0.5109117895       -0.0020199353
        0.7065125144        0.4232213451       -0.0023843730
        1.3217638841        0.7234829862       -0.0013010328
        2.1195375431        0.9079399817       -0.0006465177
        1.4987393697        0.7878222528       -0.0011000148
        0.7065125144        0.4232268986       -0.0023847307
        0.4995797899        0.3081391660       -0.0026974782
        1.2237155711        0.6852759454       -0.0014447043
        2.0598202422        0.9031707002       -0.0006041977
        1.8692564112        0.8721203662       -0.0007685010
        1.3217638841        0.7235151212       -0.0013021631
        1.2237155711        0.6853128825       -0.0014455179
        1.6569187160        0.8299112741       -0.0009138020
        2.1195375431        0.9079643116       -0.0006474499
        2.0598202422        0.9031958176       -0.0006042161
        1.9348642064        0.8817102525       -0.0007847529
        1.8692564112        0.8721451598       -0.0007651359
        2.1776178184        0.9116942536       -0.0007397904
        1.9348642064        0.8816731369       -0.0007843647
        1.4130250288        0.7566589520       -0.0011763374
        1.3217638841        0.7235379166       -0.0012978111
        1.7305951571        0.8449509973       -0.0009183391
        1.8692564112        0.8720940199       -0.0007654039
        1.3217638841        0.7235256905       -0.0012980062
        1.2237155711        0.6853054353       -0.0014429379
        1.6569187160        0.8298926131       -0.0009127839
        2.1776178184        0.9116786743       -0.0007418900
        1.7305951571        0.8449835967       -0.0009201508
        1.6569187160        0.8299481070       -0.0009131101
        1.9983191596        0.8895648939       -0.0008221811
        2.1776178184        0.9121271140       -0.0006642895
        2.1195375431        0.9079537292       -0.0006455949
        2.1195375431        0.9079568943       -0.0006458185
        2.0598202422        0.9031817118       -0.0006034062
