#epsqw diagonal term
#1:q+G [au], 2:Re(eps-1), 3:Im(eps-1)
        2.1195375431        0.9077559232       -0.0005084397
        2.0598202422        0.9021685462       -0.0005034312
        2.1195375431        0.9077289585       -0.0005087652
        1.6569187160        0.8322355119       -0.0007344881
        1.5798100091        0.8130245282       -0.0007903809
        1.9348642064        0.8839972938       -0.0005888164
        2.0598202422        0.9021422939       -0.0005035135
        1.5798100091        0.8130257704       -0.0007901997
        1.4987393697        0.7909507246       -0.0008728602
        1.8692564112        0.8742756383       -0.0005995303
        1.9348642064        0.8840253721       -0.0005884879
        1.8692564112        0.8743064269       -0.0005994522
        2.1776178184        0.9139938170       -0.0005082225
        2.1195375431        0.9077460613       -0.0005080347
        1.6569187160        0.8323240510       -0.0007331446
        1.5798100091        0.8130388758       -0.0007907319
        1.9348642064        0.8839993327       -0.0005897652
        1.6569187160        0.8322764601       -0.0007332583
        0.9991595798        0.5923369882       -0.0013707680
        0.8652975786        0.5174082411       -0.0016068123
        1.4130250288        0.7599409185       -0.0009591010
        2.1776178184        0.9141792949       -0.0004954856
        1.5798100091        0.8129835678       -0.0007906285
        0.8652975786        0.5174022296       -0.0016069006
        0.7065125144        0.4314932769       -0.0018702435
        1.3217638841        0.7271268834       -0.0010625015
        2.1195375431        0.9098960263       -0.0004896081
        1.9348642064        0.8839912881       -0.0005897033
        1.4130250288        0.7599841466       -0.0009590120
        1.3217638841        0.7271810637       -0.0010625687
        1.7305951571        0.8476096579       -0.0007051725
        2.1776178184        0.9142037677       -0.0004952770
        2.1195375431        0.9099168676       -0.0004896047
        2.0598202422        0.9021511797       -0.0005035039
        1.5798100091        0.8130458428       -0.0007903617
        1.4987393697        0.7909989638       -0.0008728608
        1.8692564112        0.8743260687       -0.0005992437
        1.5798100091        0.8129978541       -0.0007904392
        0.8652975786        0.5173551879       -0.0016076288
        0.7065125144        0.4315201552       -0.0018696602
        1.3217638841        0.7271425367       -0.0010624408
        2.1195375431        0.9098853231       -0.0004897340
        1.4987393697        0.7909494568       -0.0008727072
        0.7065125144        0.4315261445       -0.0018695627
        0.4995797899        0.3186795653       -0.0021542790
        1.2237155711        0.6894506619       -0.0012002897
        2.0598202422        0.9049050288       -0.0004814627
        1.8692564112        0.8743090876       -0.0005995043
        1.3217638841        0.7271789748       -0.0010625686
        1.2237155711        0.6894920893       -0.0012006125
        1.6569187160        0.8324684515       -0.0007309618
        2.1195375431        0.9099132215       -0.0004898005
        2.0598202422        0.9049307153       -0.0004815220
        1.9348642064        0.8840290200       -0.0005891853
        1.8692564112        0.8743233048       -0.0005989161
        2.1776178184        0.9140167178       -0.0005075067
        1.9348642064        0.8839914586       -0.0005894533
        1.4130250288        0.7599303946       -0.0009597149
        1.3217638841        0.7271884329       -0.0010619805
        1.7305951571        0.8476013293       -0.0007045173
        1.8692564112        0.8742741052       -0.0005992850
        1.3217638841        0.7271767382       -0.0010620383
        1.2237155711        0.6894722132       -0.0011996674
        1.6569187160        0.8324503816       -0.0007309551
        2.1776178184        0.9140089207       -0.0005078058
        1.7305951571        0.8476394816       -0.0007044072
        1.6569187160        0.8325063178       -0.0007306820
        1.9983191596        0.8920940304       -0.0005874847
        2.1776178184        0.9141768387       -0.0004958978
        2.1195375431        0.9098982734       -0.0004894728
        2.1195375431        0.9099025747       -0.0004895322
        2.0598202422        0.9049142120       -0.0004814665
