#epsqw diagonal term
#1:q+G [au], 2:Re(eps-1), 3:Im(eps-1)
        2.1195375431        0.9049966025       -0.0380878363
        2.0598202422        0.8955538109       -0.0326451152
        2.1195375431        0.9046745229       -0.0380244878
        1.6569187160        0.8373920891       -0.0456199464
        1.5798100091        0.8177244248       -0.0426875072
        1.9348642064        0.8832405185       -0.0360083511
        2.0598202422        0.8954508501       -0.0324208997
        1.5798100091        0.8178827492       -0.0426647950
        1.4987393697        0.7948484848       -0.0412233486
        1.8692564112        0.8702175401       -0.0325138618
        1.9348642064        0.8833503114       -0.0361186504
        1.8692564112        0.8699573086       -0.0327530313
        2.1776178184        0.9103788995       -0.0353910747
        2.1195375431        0.9041800629       -0.0379941598
        1.6569187160        0.8375249348       -0.0454000815
        1.5798100091        0.8178086791       -0.0429285647
        1.9348642064        0.8832236372       -0.0362325861
        1.6569187160        0.8372635146       -0.0455291654
        0.9991595798        0.5437486075       -0.0892464250
        0.8652975786        0.4801035318       -0.0880798554
        1.4130250288        0.7580161876       -0.0472131212
        2.1776178184        0.9209999996       -0.0329139616
        1.5798100091        0.8177830501       -0.0426359761
        0.8652975786        0.4798525269       -0.0883554656
        0.7065125144        0.4068570438       -0.1064700555
        1.3217638841        0.7206007245       -0.0468435663
        2.1195375431        0.9156715266       -0.0286894825
        1.9348642064        0.8832159696       -0.0361986074
        1.4130250288        0.7580496083       -0.0470964222
        1.3217638841        0.7204527155       -0.0468709115
        1.7305951571        0.8479117229       -0.0370909482
        2.1776178184        0.9210358638       -0.0329549266
        2.1195375431        0.9157598140       -0.0286846746
        2.0598202422        0.8948600937       -0.0324369755
        1.5798100091        0.8179152686       -0.0428218842
        1.4987393697        0.7947795373       -0.0413924892
        1.8692564112        0.8700396647       -0.0325931347
        1.5798100091        0.8178180091       -0.0426847746
        0.8652975786        0.4798946491       -0.0871570373
        0.7065125144        0.4062429698       -0.1050931507
        1.3217638841        0.7208563606       -0.0467558917
        2.1195375431        0.9154054513       -0.0285550141
        1.4987393697        0.7947935166       -0.0412235891
        0.7065125144        0.4069474524       -0.1060492611
        0.4995797899        0.3019711008       -0.0968368620
        1.2237155711        0.6852251715       -0.0564767679
        2.0598202422        0.9094002052       -0.0220203355
        1.8692564112        0.8697964277       -0.0326610272
        1.3217638841        0.7205298004       -0.0467575366
        1.2237155711        0.6851355996       -0.0560781554
        1.6569187160        0.8259686362       -0.0357264697
        2.1195375431        0.9154789200       -0.0286635075
        2.0598202422        0.9094134627       -0.0219322599
        1.9348642064        0.8830390641       -0.0361765892
        1.8692564112        0.8697841140       -0.0329764561
        2.1776178184        0.9102512080       -0.0356961663
        1.9348642064        0.8829923178       -0.0358676247
        1.4130250288        0.7574878643       -0.0470797489
        1.3217638841        0.7203668646       -0.0468507667
        1.7305951571        0.8480031793       -0.0373325331
        1.8692564112        0.8698416322       -0.0328654412
        1.3217638841        0.7202191928       -0.0468849784
        1.2237155711        0.6847340679       -0.0562490196
        1.6569187160        0.8258055848       -0.0361042428
        2.1776178184        0.9099827996       -0.0358365179
        1.7305951571        0.8479350911       -0.0379910693
        1.6569187160        0.8260280883       -0.0363527811
        1.9983191596        0.8899613266       -0.0395544807
        2.1776178184        0.9207122095       -0.0329551926
        2.1195375431        0.9155704066       -0.0285294658
        2.1195375431        0.9155614981       -0.0286627643
        2.0598202422        0.9097306972       -0.0217606000
