#epsqw diagonal term
#1:q+G [au], 2:Re(eps-1), 3:Im(eps-1)
        2.1195375431        0.9149138312       -0.0294010005
        2.0598202422        0.9073355820       -0.0254742574
        2.1195375431        0.9143808290       -0.0295528806
        1.6569187160        0.8351546825       -0.0284002955
        1.5798100091        0.8094310674       -0.0280286109
        1.9348642064        0.8907907043       -0.0302912184
        2.0598202422        0.9071333382       -0.0257248607
        1.5798100091        0.8095429459       -0.0280727247
        1.4987393697        0.7817108141       -0.0273490005
        1.8692564112        0.8779459637       -0.0305270449
        1.9348642064        0.8908431129       -0.0302632492
        1.8692564112        0.8779982431       -0.0304563852
        2.1776178184        0.9283073980       -0.0283772849
        2.1195375431        0.9144073896       -0.0294658425
        1.6569187160        0.8350928390       -0.0281236290
        1.5798100091        0.8095977533       -0.0281551157
        1.9348642064        0.8911034667       -0.0306552965
        1.6569187160        0.8350312108       -0.0279044664
        0.9991595798        0.5674027980       -0.0652958500
        0.8652975786        0.4546245573       -0.0758480957
        1.4130250288        0.7502293599       -0.0375937152
        2.1776178184        0.9235136072       -0.0272096936
        1.5798100091        0.8095718109       -0.0279976810
        0.8652975786        0.4543884227       -0.0760597687
        0.7065125144        0.3435389795       -0.1115009922
        1.3217638841        0.7112547009       -0.0422085395
        2.1195375431        0.9154633617       -0.0271695737
        1.9348642064        0.8910546803       -0.0305946564
        1.4130250288        0.7502318596       -0.0377866838
        1.3217638841        0.7115408814       -0.0425735449
        1.7305951571        0.8555050530       -0.0285148870
        2.1776178184        0.9238140931       -0.0274282288
        2.1195375431        0.9155499099       -0.0272094805
        2.0598202422        0.9071618874       -0.0253545565
        1.5798100091        0.8097456353       -0.0278956914
        1.4987393697        0.7817760558       -0.0274913327
        1.8692564112        0.8780833802       -0.0307314110
        1.5798100091        0.8095674028       -0.0277029455
        0.8652975786        0.4542799986       -0.0753255497
        0.7065125144        0.3447188381       -0.1121518462
        1.3217638841        0.7114271953       -0.0423337206
        2.1195375431        0.9155727172       -0.0270812393
        1.4987393697        0.7814800328       -0.0273468447
        0.7065125144        0.3420279677       -0.1121986688
        0.4995797899        0.1951792705       -0.1587154542
        1.2237155711        0.6702831847       -0.0493991158
        2.0598202422        0.9046630221       -0.0268468868
        1.8692564112        0.8779171344       -0.0306104760
        1.3217638841        0.7114015222       -0.0429235653
        1.2237155711        0.6704920329       -0.0497746777
        1.6569187160        0.8378511646       -0.0346437535
        2.1195375431        0.9156927788       -0.0272041168
        2.0598202422        0.9047118346       -0.0267946749
        1.9348642064        0.8907527400       -0.0303843450
        1.8692564112        0.8778495628       -0.0308770737
        2.1776178184        0.9285172840       -0.0284560491
        1.9348642064        0.8907773960       -0.0303571853
        1.4130250288        0.7497415556       -0.0382525887
        1.3217638841        0.7116021891       -0.0426986636
        1.7305951571        0.8559772655       -0.0285610621
        1.8692564112        0.8778017157       -0.0309000241
        1.3217638841        0.7112767296       -0.0428637165
        1.2237155711        0.6697034274       -0.0496235920
        1.6569187160        0.8384794938       -0.0342416277
        2.1776178184        0.9284866608       -0.0283666489
        1.7305951571        0.8560653040       -0.0285113234
        1.6569187160        0.8385837125       -0.0340109363
        1.9983191596        0.9131142408       -0.0255724056
        2.1776178184        0.9234982256       -0.0275618916
        2.1195375431        0.9153632049       -0.0273816314
        2.1195375431        0.9153510597       -0.0274119815
        2.0598202422        0.9041503547       -0.0265886193
