#epsqw diagonal term
#1:q+G [au], 2:Re(eps-1), 3:Im(eps-1)
        2.1195375431        1.0301191640       -0.0013555847
        2.0598202422        1.0329748450       -0.0013540736
        2.1195375431        1.0301221731       -0.0013550472
        1.6569187160        1.0561603365       -0.0015590925
        1.5798100091        1.0613076917       -0.0015875081
        1.9348642064        1.0392340091       -0.0015192530
        2.0598202422        1.0329751222       -0.0013526090
        1.5798100091        1.0613033482       -0.0015865746
        1.4987393697        1.0675754221       -0.0016745723
        1.8692564112        1.0429229515       -0.0014902977
        1.9348642064        1.0392309132       -0.0015196731
        1.8692564112        1.0429237896       -0.0014914847
        2.1776178184        1.0273545650       -0.0013041209
        2.1195375431        1.0301720147       -0.0013989086
        1.6569187160        1.0561801304       -0.0015893185
        1.5798100091        1.0612624147       -0.0015688166
        1.9348642064        1.0391664674       -0.0014723490
        1.6569187160        1.0562148411       -0.0015917817
        0.9991595798        1.1086841791       -0.0015141106
        0.8652975786        1.1201742062       -0.0015087200
        1.4130250288        1.0735193116       -0.0016137532
        2.1776178184        1.0296916826       -0.0013188400
        1.5798100091        1.0613036397       -0.0015706489
        0.8652975786        1.1201662019       -0.0015087422
        0.7065125144        1.1317436781       -0.0015433069
        1.3217638841        1.0810004011       -0.0016507019
        2.1195375431        1.0325183279       -0.0013429098
        1.9348642064        1.0391740329       -0.0014733715
        1.4130250288        1.0734933486       -0.0016115855
        1.3217638841        1.0809671984       -0.0016489377
        1.7305951571        1.0511174615       -0.0015681795
        2.1776178184        1.0296675950       -0.0013196092
        2.1195375431        1.0324929494       -0.0013448275
        2.0598202422        1.0330565456       -0.0013800973
        1.5798100091        1.0613541418       -0.0016164214
        1.4987393697        1.0675056789       -0.0016541450
        1.8692564112        1.0428180933       -0.0014586720
        1.5798100091        1.0613969702       -0.0016192500
        0.8652975786        1.1202584529       -0.0015479187
        0.7065125144        1.1316780998       -0.0015204683
        1.3217638841        1.0809030476       -0.0016004739
        2.1195375431        1.0324528215       -0.0013155512
        1.4987393697        1.0675579058       -0.0016562477
        0.7065125144        1.1316830843       -0.0015186570
        0.4995797899        1.1415389976       -0.0015427508
        1.2237155711        1.0893144573       -0.0016427679
        2.0598202422        1.0356656377       -0.0013730015
        1.8692564112        1.0428305696       -0.0014597931
        1.3217638841        1.0808641777       -0.0015980330
        1.2237155711        1.0892655442       -0.0016409661
        1.6569187160        1.0560992665       -0.0015726797
        2.1195375431        1.0324173103       -0.0013159480
        2.0598202422        1.0356241168       -0.0013746331
        1.9348642064        1.0392596284       -0.0014802912
        1.8692564112        1.0428981576       -0.0015101562
        2.1776178184        1.0273168214       -0.0013620963
        1.9348642064        1.0392684963       -0.0014807184
        1.4130250288        1.0735868252       -0.0016316133
        1.3217638841        1.0809375595       -0.0016353080
        1.7305951571        1.0510345958       -0.0015593920
        1.8692564112        1.0429066486       -0.0015097339
        1.3217638841        1.0809300457       -0.0016343970
        1.2237155711        1.0892671667       -0.0016236238
        1.6569187160        1.0560408817       -0.0015203002
        2.1776178184        1.0273204974       -0.0013623168
        1.7305951571        1.0510214731       -0.0015583800
        1.6569187160        1.0560278814       -0.0015200883
        1.9983191596        1.0351783351       -0.0014417710
        2.1776178184        1.0297123996       -0.0013116826
        2.1195375431        1.0324846953       -0.0013467861
        2.1195375431        1.0324780702       -0.0013459306
        2.0598202422        1.0356145040       -0.0013567167
