#epsqw diagonal term
#1:q+G [au], 2:Re(eps-1), 3:Im(eps-1)
        2.1195375431        1.1823823733       -0.1204021984
        2.0598202422        1.2261460261       -0.1519504106
        2.1195375431        1.1822539849       -0.1193033398
        1.6569187160        1.3851720501       -0.3112427616
        1.5798100091        1.4169462974       -0.2814164368
        1.9348642064        1.2617630085       -0.1842529006
        2.0598202422        1.2255393159       -0.1506447559
        1.5798100091        1.4178094803       -0.2805976210
        1.4987393697        1.4827378425       -0.3350596825
        1.8692564112        1.2963291879       -0.2015819471
        1.9348642064        1.2608392002       -0.1846460897
        1.8692564112        1.2958498820       -0.2029214083
        2.1776178184        1.1785681138       -0.0984112846
        2.1195375431        1.1813418326       -0.1199841210
        1.6569187160        1.3906876899       -0.3126318736
        1.5798100091        1.4139489886       -0.2822015816
        1.9348642064        1.2638868184       -0.1844892058
        1.6569187160        1.3897035468       -0.3123595169
        0.9991595798        1.7424675400       -0.3551980841
        0.8652975786        1.9783984466       -0.4789395019
        1.4130250288        1.5603950311       -0.3389805387
        2.1776178184        1.1532634551       -0.1065379490
        1.5798100091        1.4115469028       -0.2806285249
        0.8652975786        1.9717992180       -0.4765365952
        0.7065125144        2.1448297610       -0.5486377815
        1.3217638841        1.6221351788       -0.3584590197
        2.1195375431        1.1586665570       -0.1174346030
        1.9348642064        1.2627849460       -0.1827078499
        1.4130250288        1.5637093489       -0.3394630302
        1.3217638841        1.6256126706       -0.3609477997
        1.7305951571        1.3673293304       -0.2559309196
        2.1776178184        1.1538258210       -0.1067939366
        2.1195375431        1.1601279315       -0.1173926494
        2.0598202422        1.2245428726       -0.1546660482
        1.5798100091        1.4140233338       -0.2822910951
        1.4987393697        1.4832659779       -0.3349367674
        1.8692564112        1.2970556489       -0.1995305903
        1.5798100091        1.4109488169       -0.2821177285
        0.8652975786        1.9725920037       -0.4929145221
        0.7065125144        2.1459107549       -0.5353835292
        1.3217638841        1.6203660740       -0.3573565168
        2.1195375431        1.1587415070       -0.1163994725
        1.4987393697        1.4806337028       -0.3323409802
        0.7065125144        2.1404787834       -0.5351093184
        0.4995797899        2.2436560617       -0.6587418216
        1.2237155711        1.6849134564       -0.3834556883
        2.0598202422        1.1712195930       -0.1308962294
        1.8692564112        1.2966215056       -0.1996514171
        1.3217638841        1.6252184444       -0.3583095389
        1.2237155711        1.6895114219       -0.3840198228
        1.6569187160        1.4203149450       -0.3058751716
        2.1195375431        1.1593930221       -0.1164334478
        2.0598202422        1.1721668203       -0.1316397431
        1.9348642064        1.2607995893       -0.1886059594
        1.8692564112        1.2956428100       -0.2002058662
        2.1776178184        1.1783276329       -0.0973715720
        1.9348642064        1.2610718916       -0.1858537646
        1.4130250288        1.5595985289       -0.3406752267
        1.3217638841        1.6227398896       -0.3583587843
        1.7305951571        1.3695218000       -0.2485749495
        1.8692564112        1.2947779979       -0.1992842245
        1.3217638841        1.6237293917       -0.3570267076
        1.2237155711        1.6876383047       -0.3820252997
        1.6569187160        1.4221504416       -0.3031855094
        2.1776178184        1.1788523672       -0.0974083406
        1.7305951571        1.3690395477       -0.2509575838
        1.6569187160        1.4221418348       -0.3059176648
        1.9983191596        1.2275301990       -0.1121644459
        2.1776178184        1.1529277643       -0.1075685541
        2.1195375431        1.1601245364       -0.1161760715
        2.1195375431        1.1594452383       -0.1166682398
        2.0598202422        1.1701313801       -0.1306705666
