#epsqw diagonal term
#1:q+G [au], 2:Re(eps-1), 3:Im(eps-1)
        2.1195375431        0.9218340238       -0.0260286587
        2.0598202422        0.9096156423       -0.0299013030
        2.1195375431        0.9218631364       -0.0259902528
        1.6569187160        0.8319044744       -0.0344156894
        1.5798100091        0.8065221347       -0.0398662273
        1.9348642064        0.8945295300       -0.0302146891
        2.0598202422        0.9096401037       -0.0300830488
        1.5798100091        0.8064190321       -0.0399458630
        1.4987393697        0.7771199456       -0.0447676432
        1.8692564112        0.8797913688       -0.0341881806
        1.9348642064        0.8945905538       -0.0301638948
        1.8692564112        0.8796809669       -0.0343641098
        2.1776178184        0.9283973276       -0.0239615310
        2.1195375431        0.9217099013       -0.0258027635
        1.6569187160        0.8321349802       -0.0346429673
        1.5798100091        0.8068446892       -0.0396228126
        1.9348642064        0.8947241215       -0.0302546229
        1.6569187160        0.8318754582       -0.0348433230
        0.9991595798        0.5282887735       -0.1328338618
        0.8652975786        0.4198516636       -0.1974259531
        1.4130250288        0.7374823315       -0.0490211335
        2.1776178184        0.9324583761       -0.0259478297
        1.5798100091        0.8067322759       -0.0398032331
        0.8652975786        0.4198854449       -0.1990000887
        0.7065125144        0.3493000980       -0.2871979386
        1.3217638841        0.6960303739       -0.0675980029
        2.1195375431        0.9255017107       -0.0262670836
        1.9348642064        0.8945842530       -0.0301032881
        1.4130250288        0.7371582168       -0.0492166806
        1.3217638841        0.6957675962       -0.0676848367
        1.7305951571        0.8466537641       -0.0332999361
        2.1776178184        0.9326331227       -0.0258558158
        2.1195375431        0.9256634906       -0.0262776606
        2.0598202422        0.9095019790       -0.0298990053
        1.5798100091        0.8065629412       -0.0396121330
        1.4987393697        0.7773507066       -0.0444543506
        1.8692564112        0.8801417938       -0.0338312509
        1.5798100091        0.8065893222       -0.0397666826
        0.8652975786        0.4236804958       -0.1968551760
        0.7065125144        0.3518275591       -0.2857196774
        1.3217638841        0.6961436832       -0.0673976633
        2.1195375431        0.9254388964       -0.0259124843
        1.4987393697        0.7773551580       -0.0446203371
        0.7065125144        0.3512598434       -0.2839993271
        0.4995797899        0.2680660155       -0.4434693767
        1.2237155711        0.6587553777       -0.0839240109
        2.0598202422        0.9151764327       -0.0260601266
        1.8692564112        0.8801056046       -0.0339785323
        1.3217638841        0.6960397935       -0.0671926691
        1.2237155711        0.6586696601       -0.0839032461
        1.6569187160        0.8249387256       -0.0370260216
        2.1195375431        0.9254564839       -0.0257538615
        2.0598202422        0.9154306112       -0.0260803432
        1.9348642064        0.8946920387       -0.0297895164
        1.8692564112        0.8800375391       -0.0341925048
        2.1776178184        0.9283797627       -0.0237572477
        1.9348642064        0.8945893436       -0.0298416149
        1.4130250288        0.7367834833       -0.0493942896
        1.3217638841        0.6958442527       -0.0671452711
        1.7305951571        0.8472808439       -0.0331892312
        1.8692564112        0.8800804092       -0.0341480869
        1.3217638841        0.6961003595       -0.0671714722
        1.2237155711        0.6588239679       -0.0841854609
        1.6569187160        0.8249609628       -0.0373687799
        2.1776178184        0.9283270922       -0.0238311799
        1.7305951571        0.8471544820       -0.0332562435
        1.6569187160        0.8248792275       -0.0374933711
        1.9983191596        0.8995211888       -0.0264896022
        2.1776178184        0.9323128618       -0.0261000339
        2.1195375431        0.9252946322       -0.0260369106
        2.1195375431        0.9252030766       -0.0259449807
        2.0598202422        0.9151938967       -0.0254507777
