#epsqw diagonal term
#1:q+G [au], 2:Re(eps-1), 3:Im(eps-1)
        1.9826458262        0.9033432282       -0.0245721655
        1.9826458262        0.9032798977       -0.0246698784
        2.1632439464        0.9257753141       -0.0148917734
        1.7838566570        0.8623291833       -0.0256551788
        1.7838566570        0.8623306211       -0.0257546563
        2.1632439464        0.9257812760       -0.0147398644
        1.9826458262        0.9030887165       -0.0251297049
        1.9826458262        0.9031981883       -0.0250329803
        1.9826458262        0.9032762575       -0.0245331699
        1.9826458262        0.9034252319       -0.0245418612
        1.7838566570        0.8598608409       -0.0521761917
        1.2979463678        0.6783249301       -0.2226387305
        1.2979463678        0.6785967887       -0.2223376555
        1.7838566570        0.8598653089       -0.0522047055
        1.5599373940        0.8044958982       -0.0584673614
        0.9674321032        0.5810238672       -0.3306593093
        0.9674321032        0.5783851998       -0.3305429938
        1.5599373940        0.8040810990       -0.0583386512
        1.7838566570        0.8598802665       -0.0528963539
        1.2979463678        0.6805540900       -0.2248035652
        1.2979463678        0.6781538136       -0.2227305404
        1.7838566570        0.8594588731       -0.0521129333
        1.9826458262        0.9030693876       -0.0250560942
        1.9826458262        0.9033090856       -0.0249318524
        2.1632439464        0.9257587574       -0.0147394741
        1.7838566570        0.8623693833       -0.0257364944
        1.7838566570        0.8623247953       -0.0256715890
        2.1632439464        0.9257282092       -0.0148998876
        1.5599373940        0.8040217728       -0.0583857075
        0.9674321032        0.5778482722       -0.3313095915
        0.9674321032        0.5800890687       -0.3307815833
        1.5599373940        0.8044477526       -0.0582888560
        2.1632439464        0.9264370347       -0.0170001006
        1.2979463678        0.7504743787       -0.0865335314
        0.4326487893        0.5520122176       -0.6422776028
        0.4326487893        0.5520217347       -0.6422997813
        1.2979463678        0.7504767073       -0.0865323722
        2.1632439464        0.9264381704       -0.0170003439
        1.5599373940        0.8044461264       -0.0582886635
        0.9674321032        0.5800915671       -0.3307802096
        0.9674321032        0.5778538536       -0.3313103926
        1.5599373940        0.8040260120       -0.0583854321
        2.1632439464        0.9257289172       -0.0148999689
        1.7838566570        0.8623265006       -0.0256719160
        1.7838566570        0.8623709839       -0.0257364737
        2.1632439464        0.9257605726       -0.0147393982
        1.9826458262        0.9033083618       -0.0249319011
        1.9826458262        0.9030681322       -0.0250558985
        1.7838566570        0.8594588531       -0.0521123730
        1.2979463678        0.6781523612       -0.2227297080
        1.2979463678        0.6805533279       -0.2248051937
        1.7838566570        0.8598812691       -0.0528967100
        1.5599373940        0.8040803097       -0.0583388950
        0.9674321032        0.5783851633       -0.3305409829
        0.9674321032        0.5810273884       -0.3306584655
        1.5599373940        0.8045009480       -0.0584668854
        1.7838566570        0.8598645579       -0.0522039713
        1.2979463678        0.6785980512       -0.2223344951
        1.2979463678        0.6783294978       -0.2226393495
        1.7838566570        0.8598629275       -0.0521769816
        1.9826458262        0.9034261403       -0.0245417198
        1.9826458262        0.9032780205       -0.0245335820
        1.9826458262        0.9031991319       -0.0250328509
        1.9826458262        0.9030900234       -0.0251301313
        2.1632439464        0.9257819235       -0.0147399098
        1.7838566570        0.8623321636       -0.0257546861
        1.7838566570        0.8623308074       -0.0256548509
        2.1632439464        0.9257772538       -0.0148916381
        1.9826458262        0.9032813538       -0.0246700213
        1.9826458262        0.9033444906       -0.0245720219
