#epsqw diagonal term
#1:q+G [au], 2:Re(eps-1), 3:Im(eps-1)
        1.9826458262        0.8901219552       -0.0006163492
        1.9826458262        0.8901666566       -0.0006146629
        2.1632439464        0.9155422949       -0.0004592800
        1.7838566570        0.8629388794       -0.0006232787
        1.7838566570        0.8629396296       -0.0006235020
        2.1632439464        0.9155391299       -0.0004588185
        1.9826458262        0.8901550652       -0.0006147066
        1.9826458262        0.8901592510       -0.0006146974
        1.9826458262        0.8901825401       -0.0006151165
        1.9826458262        0.8901378082       -0.0006167788
        1.7838566570        0.8570909799       -0.0007795222
        1.2979463678        0.7161984408       -0.0011767028
        1.2979463678        0.7161968068       -0.0011766686
        1.7838566570        0.8570921427       -0.0007795072
        1.5599373940        0.8065298478       -0.0008629270
        0.9674321032        0.5671879288       -0.0015901435
        0.9674321032        0.5672253895       -0.0015894602
        1.5599373940        0.8065466919       -0.0008620227
        1.7838566570        0.8569983121       -0.0007831017
        1.2979463678        0.7162132640       -0.0011760073
        1.2979463678        0.7162011412       -0.0011762020
        1.7838566570        0.8570693261       -0.0007806701
        1.9826458262        0.8901701720       -0.0006152889
        1.9826458262        0.8901755289       -0.0006149886
        2.1632439464        0.9155572645       -0.0004589172
        1.7838566570        0.8629675589       -0.0006235773
        1.7838566570        0.8629684437       -0.0006233481
        2.1632439464        0.9155622601       -0.0004593873
        1.5599373940        0.8065605797       -0.0008625367
        0.9674321032        0.5672414150       -0.0015896190
        0.9674321032        0.5672121899       -0.0015900809
        1.5599373940        0.8065463932       -0.0008635076
        2.1632439464        0.9214503655       -0.0003482752
        1.2979463678        0.7386803984       -0.0009913633
        0.4326487893        0.2957599325       -0.0024899615
        0.4326487893        0.2957601289       -0.0024899615
        1.2979463678        0.7386825395       -0.0009913621
        2.1632439464        0.9214513242       -0.0003482741
        1.5599373940        0.8065457235       -0.0008635073
        0.9674321032        0.5672136777       -0.0015900837
        0.9674321032        0.5672442005       -0.0015896255
        1.5599373940        0.8065641431       -0.0008625351
        2.1632439464        0.9155628110       -0.0004593865
        1.7838566570        0.8629695974       -0.0006233478
        1.7838566570        0.8629692480       -0.0006235761
        2.1632439464        0.9155588398       -0.0004589147
        1.9826458262        0.8901746745       -0.0006149892
        1.9826458262        0.8901692076       -0.0006152894
        1.7838566570        0.8570688120       -0.0007806702
        1.2979463678        0.7162007296       -0.0011762022
        1.2979463678        0.7162135489       -0.0011760081
        1.7838566570        0.8569987598       -0.0007831030
        1.5599373940        0.8065460915       -0.0008620226
        0.9674321032        0.5672268641       -0.0015894635
        0.9674321032        0.5671908279       -0.0015901507
        1.5599373940        0.8065334787       -0.0008629248
        1.7838566570        0.8570919972       -0.0007795067
        1.2979463678        0.7161988491       -0.0011766687
        1.2979463678        0.7162015555       -0.0011767033
        1.7838566570        0.8570924404       -0.0007795205
        1.9826458262        0.8901385686       -0.0006167788
        1.9826458262        0.8901841271       -0.0006151145
        1.9826458262        0.8901598014       -0.0006146980
        1.9826458262        0.8901562399       -0.0006147061
        2.1632439464        0.9155395959       -0.0004588177
        1.7838566570        0.8629407087       -0.0006235014
        1.7838566570        0.8629406466       -0.0006232769
        2.1632439464        0.9155439554       -0.0004592773
        1.9826458262        0.8901679072       -0.0006146619
        1.9826458262        0.8901231783       -0.0006163476
