#epsqw diagonal term
#1:q+G [au], 2:Re(eps-1), 3:Im(eps-1)
        1.9826458262        0.8771004551       -0.0628250314
        1.9826458262        0.8774486436       -0.0629957245
        2.1632439464        0.9134831482       -0.0705965986
        1.7838566570        0.8171663723       -0.0899221540
        1.7838566570        0.8175123052       -0.0896722117
        2.1632439464        0.9135676929       -0.0708260371
        1.9826458262        0.8770618485       -0.0626606655
        1.9826458262        0.8768960098       -0.0628064672
        1.9826458262        0.8774987631       -0.0628521534
        1.9826458262        0.8773844318       -0.0625998647
        1.7838566570        0.8342867726       -0.0838619365
        1.2979463678        0.6482039298       -0.1795645956
        1.2979463678        0.6486596089       -0.1791008134
        1.7838566570        0.8343702394       -0.0837019585
        1.5599373940        0.7432909332       -0.1379037259
        0.9674321032        0.4728997005       -0.2482944305
        0.9674321032        0.4722114218       -0.2475427136
        1.5599373940        0.7438987323       -0.1384613235
        1.7838566570        0.8346901933       -0.0829779139
        1.2979463678        0.6517902006       -0.1787339677
        1.2979463678        0.6502173352       -0.1798135239
        1.7838566570        0.8349613787       -0.0835657514
        1.9826458262        0.8772095452       -0.0625220310
        1.9826458262        0.8770125241       -0.0625509384
        2.1632439464        0.9132250761       -0.0708382981
        1.7838566570        0.8168092089       -0.0896748202
        1.7838566570        0.8167470848       -0.0898258305
        2.1632439464        0.9132382208       -0.0706374622
        1.5599373940        0.7437837333       -0.1379622394
        0.9674321032        0.4700446352       -0.2470345952
        0.9674321032        0.4705282124       -0.2464991980
        1.5599373940        0.7430179388       -0.1375438390
        2.1632439464        0.9136992322       -0.0704402185
        1.2979463678        0.6566260093       -0.1095752121
        0.4326487893        0.3005867957       -0.3265289718
        0.4326487893        0.3005864854       -0.3265301173
        1.2979463678        0.6566271891       -0.1095762296
        2.1632439464        0.9137005496       -0.0704402779
        1.5599373940        0.7430172976       -0.1375433029
        0.9674321032        0.4705289810       -0.2465005086
        0.9674321032        0.4700448776       -0.2470372641
        1.5599373940        0.7437872668       -0.1379651229
        2.1632439464        0.9132383192       -0.0706373360
        1.7838566570        0.8167483706       -0.0898254550
        1.7838566570        0.8168101966       -0.0896758098
        2.1632439464        0.9132268574       -0.0708390562
        1.9826458262        0.8770108196       -0.0625498818
        1.9826458262        0.8772082109       -0.0625210592
        1.7838566570        0.8349616651       -0.0835655853
        1.2979463678        0.6502169972       -0.1798130814
        1.2979463678        0.6517910168       -0.1787338839
        1.7838566570        0.8346903775       -0.0829785376
        1.5599373940        0.7438983783       -0.1384613719
        0.9674321032        0.4722121897       -0.2475425461
        0.9674321032        0.4729003658       -0.2482965472
        1.5599373940        0.7432945039       -0.1379058630
        1.7838566570        0.8343702135       -0.0837015111
        1.2979463678        0.6486598047       -0.1791019368
        1.2979463678        0.6482074920       -0.1795665599
        1.7838566570        0.8342877331       -0.0838630086
        1.9826458262        0.8773849379       -0.0625997752
        1.9826458262        0.8775011229       -0.0628525746
        1.9826458262        0.8768966740       -0.0628070433
        1.9826458262        0.8770642351       -0.0626619684
        2.1632439464        0.9135680746       -0.0708258423
        1.7838566570        0.8175134540       -0.0896717368
        1.7838566570        0.8171674654       -0.0899226657
        2.1632439464        0.9134854188       -0.0705973498
        1.9826458262        0.8774497630       -0.0629959995
        1.9826458262        0.8771016052       -0.0628250148
