#epsqw diagonal term
#1:q+G [au], 2:Re(eps-1), 3:Im(eps-1)
        1.9826458262        1.0207879943       -0.0001853982
        1.9826458262        1.0207855803       -0.0001845749
        2.1632439464        1.0172905615       -0.0001906443
        1.7838566570        1.0254035227       -0.0001770417
        1.7838566570        1.0254062408       -0.0001771052
        2.1632439464        1.0172942511       -0.0001909996
        1.9826458262        1.0207899438       -0.0001848772
        1.9826458262        1.0207958530       -0.0001853268
        1.9826458262        1.0207740422       -0.0001830755
        1.9826458262        1.0207740762       -0.0001839948
        1.7838566570        1.0257242142       -0.0001831394
        1.2979463678        1.0427892240       -0.0002597060
        1.2979463678        1.0427889104       -0.0002596900
        1.7838566570        1.0257222093       -0.0001829638
        1.5599373940        1.0328413001       -0.0002228053
        0.9674321032        1.0582750109       -0.0003512349
        0.9674321032        1.0582804608       -0.0003515307
        1.5599373940        1.0328494363       -0.0002238109
        1.7838566570        1.0257222978       -0.0001832694
        1.2979463678        1.0427917805       -0.0002600562
        1.2979463678        1.0427989289       -0.0002600067
        1.7838566570        1.0257351719       -0.0001836110
        1.9826458262        1.0207762512       -0.0001831085
        1.9826458262        1.0207827792       -0.0001837205
        2.1632439464        1.0172934193       -0.0001915721
        1.7838566570        1.0253963441       -0.0001765371
        1.7838566570        1.0253932820       -0.0001766423
        2.1632439464        1.0172862308       -0.0001913991
        1.5599373940        1.0328488940       -0.0002243512
        0.9674321032        1.0582741374       -0.0003512988
        0.9674321032        1.0582681694       -0.0003510702
        1.5599373940        1.0328398174       -0.0002234465
        2.1632439464        1.0166323547       -0.0001513529
        1.2979463678        1.0432237425       -0.0002349059
        0.4326487893        1.0769158281       -0.0005661907
        0.4326487893        1.0769152985       -0.0005662269
        1.2979463678        1.0432228231       -0.0002348821
        2.1632439464        1.0166320110       -0.0001513364
        1.5599373940        1.0328400631       -0.0002234661
        0.9674321032        1.0582675433       -0.0003510755
        0.9674321032        1.0582728880       -0.0003513281
        1.5599373940        1.0328479775       -0.0002243442
        2.1632439464        1.0172860401       -0.0001913862
        1.7838566570        1.0253927237       -0.0001765856
        1.7838566570        1.0253957694       -0.0001765103
        2.1632439464        1.0172933384       -0.0001915614
        1.9826458262        1.0207830138       -0.0001837287
        1.9826458262        1.0207765136       -0.0001831532
        1.7838566570        1.0257352460       -0.0001836134
        1.2979463678        1.0427990828       -0.0002599895
        1.2979463678        1.0427917471       -0.0002600741
        1.7838566570        1.0257222241       -0.0001832668
        1.5599373940        1.0328496670       -0.0002238308
        0.9674321032        1.0582798003       -0.0003515345
        0.9674321032        1.0582736157       -0.0003512652
        1.5599373940        1.0328403345       -0.0002227995
        1.7838566570        1.0257222012       -0.0001829872
        1.2979463678        1.0427884336       -0.0002596943
        1.2979463678        1.0427884658       -0.0002597496
        1.7838566570        1.0257238878       -0.0001831469
        1.9826458262        1.0207739833       -0.0001839737
        1.9826458262        1.0207739341       -0.0001830890
        1.9826458262        1.0207957340       -0.0001852888
        1.9826458262        1.0207896603       -0.0001848630
        2.1632439464        1.0172941246       -0.0001909902
        1.7838566570        1.0254057109       -0.0001770490
        1.7838566570        1.0254028924       -0.0001770152
        2.1632439464        1.0172903899       -0.0001906340
        1.9826458262        1.0207853775       -0.0001845478
        1.9826458262        1.0207878909       -0.0001854152
