#epsqw diagonal term
#1:q+G [au], 2:Re(eps-1), 3:Im(eps-1)
        1.9826458262        1.0015665763       -0.0000047396
        1.9826458262        1.0015662704       -0.0000047402
        2.1632439464        1.0012264941       -0.0000035246
        1.7838566570        1.0020314693       -0.0000062226
        1.7838566570        1.0020320276       -0.0000062237
        2.1632439464        1.0012263376       -0.0000035248
        1.9826458262        1.0015677418       -0.0000047428
        1.9826458262        1.0015671400       -0.0000047423
        1.9826458262        1.0015663914       -0.0000047391
        1.9826458262        1.0015664408       -0.0000047388
        1.7838566570        1.0020321459       -0.0000064658
        1.2979463678        1.0037030179       -0.0000136186
        1.2979463678        1.0037026113       -0.0000136193
        1.7838566570        1.0020319175       -0.0000064649
        1.5599373940        1.0027139320       -0.0000089352
        0.9674321032        1.0052016803       -0.0000215173
        0.9674321032        1.0052054352       -0.0000215158
        1.5599373940        1.0027143036       -0.0000089331
        1.7838566570        1.0020322368       -0.0000064691
        1.2979463678        1.0036997858       -0.0000136292
        1.2979463678        1.0036983347       -0.0000136250
        1.7838566570        1.0020325763       -0.0000064679
        1.9826458262        1.0015674637       -0.0000047419
        1.9826458262        1.0015669793       -0.0000047414
        2.1632439464        1.0012261192       -0.0000035240
        1.7838566570        1.0020316521       -0.0000062234
        1.7838566570        1.0020314143       -0.0000062226
        2.1632439464        1.0012259877       -0.0000035234
        1.5599373940        1.0027144818       -0.0000089329
        0.9674321032        1.0052048940       -0.0000215200
        0.9674321032        1.0052032975       -0.0000215221
        1.5599373940        1.0027135839       -0.0000089341
        2.1632439464        1.0012302012       -0.0000034946
        1.2979463678        1.0037290207       -0.0000126101
        0.4326487893        1.0070815643       -0.0000398534
        0.4326487893        1.0070835449       -0.0000398519
        1.2979463678        1.0037278679       -0.0000126084
        2.1632439464        1.0012298115       -0.0000034940
        1.5599373940        1.0027139532       -0.0000089345
        0.9674321032        1.0052023888       -0.0000215211
        0.9674321032        1.0052049678       -0.0000215193
        1.5599373940        1.0027141578       -0.0000089324
        2.1632439464        1.0012260356       -0.0000035235
        1.7838566570        1.0020313004       -0.0000062226
        1.7838566570        1.0020317676       -0.0000062236
        2.1632439464        1.0012259821       -0.0000035240
        1.9826458262        1.0015669394       -0.0000047415
        1.9826458262        1.0015672373       -0.0000047420
        1.7838566570        1.0020327913       -0.0000064684
        1.2979463678        1.0036990147       -0.0000136256
        1.2979463678        1.0036997438       -0.0000136284
        1.7838566570        1.0020319350       -0.0000064688
        1.5599373940        1.0027147726       -0.0000089334
        0.9674321032        1.0052048771       -0.0000215156
        0.9674321032        1.0052026585       -0.0000215178
        1.5599373940        1.0027133585       -0.0000089346
        1.7838566570        1.0020320495       -0.0000064653
        1.2979463678        1.0037030592       -0.0000136192
        1.2979463678        1.0037023834       -0.0000136183
        1.7838566570        1.0020320098       -0.0000064654
        1.9826458262        1.0015664050       -0.0000047389
        1.9826458262        1.0015662201       -0.0000047392
        1.9826458262        1.0015671214       -0.0000047422
        1.9826458262        1.0015673975       -0.0000047428
        2.1632439464        1.0012264456       -0.0000035246
        1.7838566570        1.0020317535       -0.0000062232
        1.7838566570        1.0020314232       -0.0000062225
        2.1632439464        1.0012263644       -0.0000035243
        1.9826458262        1.0015664783       -0.0000047399
        1.9826458262        1.0015664783       -0.0000047393
