#epsqw diagonal term
#1:q+G [au], 2:Re(eps-1), 3:Im(eps-1)
        1.9826458262        1.0791972507       -0.0438981279
        1.9826458262        1.0791891011       -0.0439144575
        2.1632439464        1.0600016021       -0.0391867435
        1.7838566570        1.1067217277       -0.0439738718
        1.7838566570        1.1067380856       -0.0436540130
        2.1632439464        1.0603936351       -0.0380796264
        1.9826458262        1.0794324424       -0.0433648967
        1.9826458262        1.0796229827       -0.0421297991
        1.9826458262        1.0790788442       -0.0450561327
        1.9826458262        1.0791155922       -0.0448551401
        1.7838566570        1.1078147606       -0.0530701321
        1.2979463678        1.1992873274       -0.0561711574
        1.2979463678        1.1993709555       -0.0561169962
        1.7838566570        1.1077488523       -0.0529823822
        1.5599373940        1.1518887273       -0.0567180466
        0.9674321032        1.2894817932       -0.0605130924
        0.9674321032        1.2902204726       -0.0604954211
        1.5599373940        1.1524877915       -0.0557304246
        1.7838566570        1.1076241728       -0.0525287814
        1.2979463678        1.1997132689       -0.0558438928
        1.2979463678        1.2003129454       -0.0547085869
        1.7838566570        1.1084537703       -0.0503554846
        1.9826458262        1.0792238708       -0.0445116689
        1.9826458262        1.0795667221       -0.0431590461
        2.1632439464        1.0607254441       -0.0386990364
        1.7838566570        1.1063662448       -0.0450488632
        1.7838566570        1.1060781740       -0.0454089620
        2.1632439464        1.0600120980       -0.0398111195
        1.5599373940        1.1529535297       -0.0554223593
        0.9674321032        1.2903243981       -0.0607014292
        0.9674321032        1.2895881238       -0.0608605813
        1.5599373940        1.1519257074       -0.0564489342
        2.1632439464        1.0621897876       -0.0352267909
        1.2979463678        1.2166238341       -0.0551627117
        0.4326487893        1.3895623962       -0.0490362272
        0.4326487893        1.3895580096       -0.0490357049
        1.2979463678        1.2166162705       -0.0551621497
        2.1632439464        1.0621867580       -0.0352267095
        1.5599373940        1.1519270550       -0.0564489963
        0.9674321032        1.2895837190       -0.0608605822
        0.9674321032        1.2903164579       -0.0607009883
        1.5599373940        1.1529483427       -0.0554224667
        2.1632439464        1.0600113780       -0.0398115144
        1.7838566570        1.1060740939       -0.0454091016
        1.7838566570        1.1063628047       -0.0450489213
        2.1632439464        1.0607232523       -0.0386991208
        1.9826458262        1.0795679554       -0.0431588511
        1.9826458262        1.0792244881       -0.0445113142
        1.7838566570        1.1084546084       -0.0503554718
        1.2979463678        1.2003144166       -0.0547088942
        1.2979463678        1.1997121066       -0.0558440650
        1.7838566570        1.1076233317       -0.0525288492
        1.5599373940        1.1524893338       -0.0557304217
        0.9674321032        1.2902165979       -0.0604955148
        0.9674321032        1.2894732278       -0.0605127040
        1.5599373940        1.1518828809       -0.0567179543
        1.7838566570        1.1077475652       -0.0529824314
        1.2979463678        1.1993692421       -0.0561173068
        1.2979463678        1.1992823440       -0.0561710977
        1.7838566570        1.1078122636       -0.0530705221
        1.9826458262        1.0791148822       -0.0448555455
        1.9826458262        1.0790774923       -0.0450564585
        1.9826458262        1.0796228864       -0.0421303710
        1.9826458262        1.0794305477       -0.0433653845
        2.1632439464        1.0603933408       -0.0380799110
        1.7838566570        1.1067346883       -0.0436542832
        1.7838566570        1.1067179012       -0.0439739925
        2.1632439464        1.0599991798       -0.0391867569
        1.9826458262        1.0791879644       -0.0439147872
        1.9826458262        1.0791958156       -0.0438984445
