#epsqw diagonal term
#1:q+G [au], 2:Re(eps-1), 3:Im(eps-1)
        1.9826458262        0.8693147980       -0.0321587750
        1.9826458262        0.8695155866       -0.0319724315
        2.1632439464        0.8954921803       -0.0287804324
        1.7838566570        0.8162801343       -0.0391479529
        1.7838566570        0.8164878519       -0.0392302136
        2.1632439464        0.8954356269       -0.0291438303
        1.9826458262        0.8694224322       -0.0321066268
        1.9826458262        0.8695301224       -0.0318108606
        1.9826458262        0.8695319316       -0.0320426832
        1.9826458262        0.8693971519       -0.0319113372
        1.7838566570        0.8266286770       -0.0430801139
        1.2979463678        0.6562176288       -0.0976066586
        1.2979463678        0.6558841248       -0.0973133184
        1.7838566570        0.8267207086       -0.0433018868
        1.5599373940        0.7443617574       -0.0596092820
        0.9674321032        0.5182573045       -0.1595119964
        0.9674321032        0.5178775710       -0.1610744632
        1.5599373940        0.7438836711       -0.0600464677
        1.7838566570        0.8270731948       -0.0433446100
        1.2979463678        0.6565595394       -0.0983394674
        1.2979463678        0.6562928969       -0.0979880537
        1.7838566570        0.8260816282       -0.0435927207
        1.9826458262        0.8694910062       -0.0318716369
        1.9826458262        0.8695269444       -0.0319754674
        2.1632439464        0.8954271272       -0.0290771139
        1.7838566570        0.8163736546       -0.0393484759
        1.7838566570        0.8162626355       -0.0391365694
        2.1632439464        0.8955558429       -0.0287678075
        1.5599373940        0.7440047526       -0.0601064823
        0.9674321032        0.5178644582       -0.1616804133
        0.9674321032        0.5188346439       -0.1597216972
        1.5599373940        0.7446350851       -0.0594075686
        2.1632439464        0.8954366820       -0.0293153808
        1.2979463678        0.6875278253       -0.0644848814
        0.4326487893        0.4232881421       -0.3510144373
        0.4326487893        0.4232852372       -0.3510202659
        1.2979463678        0.6875294450       -0.0644853744
        2.1632439464        0.8954374745       -0.0293149529
        1.5599373940        0.7446344935       -0.0594073515
        0.9674321032        0.5188356396       -0.1597223761
        0.9674321032        0.5178671479       -0.1616830555
        1.5599373940        0.7440082363       -0.0601076634
        2.1632439464        0.8955564393       -0.0287680966
        1.7838566570        0.8162638965       -0.0391367917
        1.7838566570        0.8163752948       -0.0393482810
        2.1632439464        0.8954289051       -0.0290766467
        1.9826458262        0.8695260539       -0.0319755585
        1.9826458262        0.8694899457       -0.0318712428
        1.7838566570        0.8260817920       -0.0435927691
        1.2979463678        0.6562920003       -0.0979873201
        1.2979463678        0.6565600413       -0.0983404147
        1.7838566570        0.8270738148       -0.0433454919
        1.5599373940        0.7438827697       -0.0600462344
        0.9674321032        0.5178775448       -0.1610735583
        0.9674321032        0.5182591491       -0.1595141559
        1.5599373940        0.7443651312       -0.0596100559
        1.7838566570        0.8267207994       -0.0433018657
        1.2979463678        0.6558847792       -0.0973134958
        1.2979463678        0.6562201638       -0.0976080295
        1.7838566570        0.8266299576       -0.0430809509
        1.9826458262        0.8693980753       -0.0319117433
        1.9826458262        0.8695338030       -0.0320428098
        1.9826458262        0.8695306622       -0.0318111122
        1.9826458262        0.8694240666       -0.0321067967
        2.1632439464        0.8954365705       -0.0291441900
        1.7838566570        0.8164891942       -0.0392306697
        1.7838566570        0.8162821731       -0.0391482243
        2.1632439464        0.8954942132       -0.0287802763
        1.9826458262        0.8695169405       -0.0319727839
        1.9826458262        0.8693159221       -0.0321590577
