#epsqw diagonal term
#1:q+G [au], 2:Re(eps-1), 3:Im(eps-1)
        1.9826458262        0.8865120444       -0.0033428957
        1.9826458262        0.8865274274       -0.0032169827
        2.1632439464        0.9126556867       -0.0015200966
        1.7838566570        0.8588693885       -0.0012291202
        1.7838566570        0.8588521549       -0.0012248829
        2.1632439464        0.9126494584       -0.0014976859
        1.9826458262        0.8865220401       -0.0032660350
        1.9826458262        0.8865400915       -0.0032106431
        1.9826458262        0.8866829887       -0.0031811369
        1.9826458262        0.8866708058       -0.0033171051
        1.7838566570        0.8517847305       -0.0055116735
        1.2979463678        0.7088148908       -0.0045951338
        1.2979463678        0.7088090466       -0.0045976610
        1.7838566570        0.8517776041       -0.0055151174
        1.5599373940        0.8007331655       -0.0038184607
        0.9674321032        0.5552978442       -0.0033043654
        0.9674321032        0.5553302884       -0.0032583212
        1.5599373940        0.8007423398       -0.0037575473
        1.7838566570        0.8516379939       -0.0056279150
        1.2979463678        0.7088726415       -0.0046022601
        1.2979463678        0.7087814712       -0.0044759062
        1.7838566570        0.8516873657       -0.0054494695
        1.9826458262        0.8867317008       -0.0032653205
        1.9826458262        0.8866457639       -0.0031525517
        2.1632439464        0.9127099169       -0.0015410674
        1.7838566570        0.8588883906       -0.0012364142
        1.7838566570        0.8589088430       -0.0012399471
        2.1632439464        0.9127181280       -0.0015630259
        1.5599373940        0.8008397670       -0.0038621774
        0.9674321032        0.5553587231       -0.0032804324
        0.9674321032        0.5553469033       -0.0033219861
        1.5599373940        0.8008305820       -0.0039224034
        2.1632439464        0.9197069917       -0.0004935328
        1.2979463678        0.7332798972       -0.0015622197
        0.4326487893        0.2685281508       -0.0048756093
        0.4326487893        0.2685284636       -0.0048755811
        1.2979463678        0.7332820361       -0.0015622199
        2.1632439464        0.9197079411       -0.0004935326
        1.5599373940        0.8008298286       -0.0039223620
        0.9674321032        0.5553482921       -0.0033220002
        0.9674321032        0.5553614310       -0.0032804643
        1.5599373940        0.8008432159       -0.0038622700
        2.1632439464        0.9127186691       -0.0015630125
        1.7838566570        0.8589099531       -0.0012399541
        1.7838566570        0.8588900624       -0.0012364253
        2.1632439464        0.9127114942       -0.0015410783
        1.9826458262        0.8866449913       -0.0031525240
        1.9826458262        0.8867307622       -0.0032653049
        1.7838566570        0.8516870359       -0.0054493882
        1.2979463678        0.7087811606       -0.0044759259
        1.2979463678        0.7088728887       -0.0046022555
        1.7838566570        0.8516384810       -0.0056279488
        1.5599373940        0.8007418077       -0.0037574693
        0.9674321032        0.5553316911       -0.0032583317
        0.9674321032        0.5553006884       -0.0033043946
        1.5599373940        0.8007368477       -0.0038185126
        1.7838566570        0.8517775214       -0.0055150577
        1.2979463678        0.7088111045       -0.0045977044
        1.2979463678        0.7088179185       -0.0045951455
        1.7838566570        0.8517861065       -0.0055117238
        1.9826458262        0.8866715943       -0.0033171083
        1.9826458262        0.8866846156       -0.0031811280
        1.9826458262        0.8865406375       -0.0032106767
        1.9826458262        0.8865231892       -0.0032660608
        2.1632439464        0.9126499128       -0.0014976747
        1.7838566570        0.8588532184       -0.0012248839
        1.7838566570        0.8588711658       -0.0012291250
        2.1632439464        0.9126573468       -0.0015201106
        1.9826458262        0.8865286643       -0.0032169789
        1.9826458262        0.8865132356       -0.0033429047
