#epsqw diagonal term
#1:q+G [au], 2:Re(eps-1), 3:Im(eps-1)
        1.9826458262        0.8797192847       -0.0288555256
        1.9826458262        0.8795487044       -0.0286377046
        2.1632439464        0.9100622816       -0.0197200327
        1.7838566570        0.8579329501       -0.0193412963
        1.7838566570        0.8578994715       -0.0193988534
        2.1632439464        0.9100417685       -0.0196987918
        1.9826458262        0.8798586788       -0.0287692071
        1.9826458262        0.8798784498       -0.0288825395
        1.9826458262        0.8795280503       -0.0285678232
        1.9826458262        0.8796453698       -0.0287477779
        1.7838566570        0.8493109847       -0.0317769968
        1.2979463678        0.7015425176       -0.0349194464
        1.2979463678        0.7014727597       -0.0348682203
        1.7838566570        0.8492982291       -0.0317442986
        1.5599373940        0.7972235704       -0.0298090855
        0.9674321032        0.5424394401       -0.0430932667
        0.9674321032        0.5425729921       -0.0430732385
        1.5599373940        0.7972625867       -0.0298123235
        1.7838566570        0.8489896407       -0.0313648830
        1.2979463678        0.7015977947       -0.0344424455
        1.2979463678        0.7015217144       -0.0345576802
        1.7838566570        0.8489202494       -0.0315655844
        1.9826458262        0.8797657599       -0.0287487259
        1.9826458262        0.8798217294       -0.0288833076
        2.1632439464        0.9100770386       -0.0198323860
        1.7838566570        0.8579191678       -0.0194605679
        1.7838566570        0.8579643564       -0.0193402881
        2.1632439464        0.9100877706       -0.0198269923
        1.5599373940        0.7972755712       -0.0301385582
        0.9674321032        0.5424945604       -0.0433291078
        0.9674321032        0.5423957029       -0.0433749075
        1.5599373940        0.7972048251       -0.0301875561
        2.1632439464        0.9174184634       -0.0094892684
        1.2979463678        0.7199123509       -0.0457625627
        0.4326487893        0.3181876663       -0.1157351132
        0.4326487893        0.3181884728       -0.1157362538
        1.2979463678        0.7199141341       -0.0457626066
        2.1632439464        0.9174194391       -0.0094892808
        1.5599373940        0.7972042111       -0.0301874544
        0.9674321032        0.5423972953       -0.0433750987
        0.9674321032        0.5424972628       -0.0433296423
        1.5599373940        0.7972791768       -0.0301387767
        2.1632439464        0.9100884348       -0.0198269467
        1.7838566570        0.8579655886       -0.0193403534
        1.7838566570        0.8579209112       -0.0194605650
        2.1632439464        0.9100786263       -0.0198324070
        1.9826458262        0.8798209799       -0.0288832556
        1.9826458262        0.8797648017       -0.0287486172
        1.7838566570        0.8489195743       -0.0315654925
        1.2979463678        0.7015213711       -0.0345575572
        1.2979463678        0.7015980968       -0.0344424184
        1.7838566570        0.8489901106       -0.0313647942
        1.5599373940        0.7972618915       -0.0298123236
        0.9674321032        0.5425744558       -0.0430731319
        0.9674321032        0.5424422987       -0.0430934698
        1.5599373940        0.7972271388       -0.0298093680
        1.7838566570        0.8492980549       -0.0317442232
        1.2979463678        0.7014747427       -0.0348682465
        1.2979463678        0.7015456945       -0.0349198723
        1.7838566570        0.8493125418       -0.0317769227
        1.9826458262        0.8796461512       -0.0287476711
        1.9826458262        0.8795295624       -0.0285679888
        1.9826458262        0.8798791060       -0.0288826671
        1.9826458262        0.8798598226       -0.0287693652
        2.1632439464        0.9100422392       -0.0196988194
        1.7838566570        0.8579006102       -0.0193989520
        1.7838566570        0.8579347496       -0.0193413559
        2.1632439464        0.9100638312       -0.0197201701
        1.9826458262        0.8795500697       -0.0286377448
        1.9826458262        0.8797205998       -0.0288557725
