#epsqw diagonal term
#1:q+G [au], 2:Re(eps-1), 3:Im(eps-1)
        1.9826458262        0.9212061678       -0.1328425843
        1.9826458262        0.9208216919       -0.1336666455
        2.1632439464        0.9393505378       -0.0943253324
        1.7838566570        0.8838172176       -0.1787052002
        1.7838566570        0.8832942505       -0.1792679792
        2.1632439464        0.9399396929       -0.0932351597
        1.9826458262        0.9219891435       -0.1338503266
        1.9826458262        0.9220702358       -0.1341585083
        1.9826458262        0.9211685117       -0.1336115992
        1.9826458262        0.9213235196       -0.1324018315
        1.7838566570        0.8664266809       -0.1690383136
        1.2979463678        0.7883050641       -0.3822512255
        1.2979463678        0.7875134676       -0.3816369922
        1.7838566570        0.8664531006       -0.1692454568
        1.5599373940        0.8543712315       -0.2640407140
        0.9674321032        0.7861908039       -0.6021037218
        0.9674321032        0.7847227283       -0.6052926846
        1.5599373940        0.8554706556       -0.2650237138
        1.7838566570        0.8666406657       -0.1678108917
        1.2979463678        0.7879014127       -0.3829728099
        1.2979463678        0.7897221284       -0.3810117737
        1.7838566570        0.8664981869       -0.1692050406
        1.9826458262        0.9226138947       -0.1339050457
        1.9826458262        0.9220943893       -0.1338464609
        2.1632439464        0.9390551409       -0.0938648395
        1.7838566570        0.8834837403       -0.1777484894
        1.7838566570        0.8838443659       -0.1774913594
        2.1632439464        0.9382510153       -0.0948006987
        1.5599373940        0.8559710196       -0.2647200995
        0.9674321032        0.7890128201       -0.6066148720
        0.9674321032        0.7870561460       -0.6017795454
        1.5599373940        0.8551841950       -0.2642187741
        2.1632439464        0.9416660681       -0.0735311908
        1.2979463678        0.8062398482       -0.3791767365
        0.4326487893        1.0302412533       -1.0631618181
        0.4326487893        1.0303897636       -1.0633241502
        1.2979463678        0.8062622712       -0.3791947637
        2.1632439464        0.9416640851       -0.0735315039
        1.5599373940        0.8551712174       -0.2642060362
        0.9674321032        0.7870425401       -0.6018108774
        0.9674321032        0.7890716619       -0.6066970815
        1.5599373940        0.8560040874       -0.2647453494
        2.1632439464        0.9382521330       -0.0948058320
        1.7838566570        0.8838527953       -0.1774905793
        1.7838566570        0.8834923743       -0.1777584433
        2.1632439464        0.9390691320       -0.0938591499
        1.9826458262        0.9220891750       -0.1338402489
        1.9826458262        0.9226046984       -0.1339018958
        1.7838566570        0.8664976339       -0.1691834215
        1.2979463678        0.7897180517       -0.3810097904
        1.2979463678        0.7879024063       -0.3829761738
        1.7838566570        0.8666386014       -0.1678345558
        1.5599373940        0.8554643861       -0.2650150076
        0.9674321032        0.7847042060       -0.6053148234
        0.9674321032        0.7862466711       -0.6021889427
        1.5599373940        0.8543956863       -0.2640650519
        1.7838566570        0.8664435230       -0.1692273426
        1.2979463678        0.7875345577       -0.3816581733
        1.2979463678        0.7883441007       -0.3822891291
        1.7838566570        0.8664505627       -0.1690583826
        1.9826458262        0.9213256800       -0.1324051683
        1.9826458262        0.9211837843       -0.1336162554
        1.9826458262        0.9220723400       -0.1341586906
        1.9826458262        0.9219976235       -0.1338523123
        2.1632439464        0.9399371906       -0.0932415703
        1.7838566570        0.8833000494       -0.1792640532
        1.7838566570        0.8838269763       -0.1787153310
        2.1632439464        0.9393665941       -0.0943188723
        1.9826458262        0.9208294562       -0.1336731174
        1.9826458262        0.9212165333       -0.1328485139
