#epsqw diagonal term
#1:q+G [au], 2:Re(eps-1), 3:Im(eps-1)
        1.9826458262        1.0085238389       -0.0000296864
        1.9826458262        1.0085241609       -0.0000296861
        2.1632439464        1.0067338828       -0.0000225460
        1.7838566570        1.0109451878       -0.0000383115
        1.7838566570        1.0109461863       -0.0000383142
        2.1632439464        1.0067356410       -0.0000225526
        1.9826458262        1.0085251491       -0.0000296895
        1.9826458262        1.0085264585       -0.0000296931
        1.9826458262        1.0085213656       -0.0000296777
        1.9826458262        1.0085210471       -0.0000296779
        1.7838566570        1.0109754643       -0.0000397583
        1.2979463678        1.0195399263       -0.0000795309
        1.2979463678        1.0195397200       -0.0000795306
        1.7838566570        1.0109755173       -0.0000397583
        1.5599373940        1.0144882898       -0.0000536923
        0.9674321032        1.0272561584       -0.0001226110
        0.9674321032        1.0272581692       -0.0001226086
        1.5599373940        1.0144907197       -0.0000536964
        1.7838566570        1.0109742929       -0.0000397580
        1.2979463678        1.0195408970       -0.0000795294
        1.2979463678        1.0195438216       -0.0000795364
        1.7838566570        1.0109778383       -0.0000397649
        1.9826458262        1.0085223710       -0.0000296811
        1.9826458262        1.0085236915       -0.0000296849
        2.1632439464        1.0067337137       -0.0000225462
        1.7838566570        1.0109427108       -0.0000383038
        1.7838566570        1.0109415705       -0.0000383005
        2.1632439464        1.0067318453       -0.0000225391
        1.5599373940        1.0144889666       -0.0000536901
        0.9674321032        1.0272560773       -0.0001225994
        0.9674321032        1.0272541237       -0.0001226002
        1.5599373940        1.0144864541       -0.0000536851
        2.1632439464        1.0067428533       -0.0000223782
        1.2979463678        1.0197357888       -0.0000748275
        0.4326487893        1.0367463400       -0.0002191487
        0.4326487893        1.0367463031       -0.0002191471
        1.2979463678        1.0197356219       -0.0000748266
        2.1632439464        1.0067427427       -0.0000223778
        1.5599373940        1.0144864294       -0.0000536852
        0.9674321032        1.0272536027       -0.0001225989
        0.9674321032        1.0272554123       -0.0001225973
        1.5599373940        1.0144885828       -0.0000536888
        2.1632439464        1.0067317653       -0.0000225389
        1.7838566570        1.0109413495       -0.0000382999
        1.7838566570        1.0109424129       -0.0000383030
        2.1632439464        1.0067335491       -0.0000225457
        1.9826458262        1.0085238233       -0.0000296852
        1.9826458262        1.0085224881       -0.0000296815
        1.7838566570        1.0109779221       -0.0000397651
        1.2979463678        1.0195438370       -0.0000795367
        1.2979463678        1.0195408978       -0.0000795293
        1.7838566570        1.0109742392       -0.0000397578
        1.5599373940        1.0144907456       -0.0000536966
        0.9674321032        1.0272579205       -0.0001226075
        0.9674321032        1.0272557120       -0.0001226090
        1.5599373940        1.0144879544       -0.0000536911
        1.7838566570        1.0109754456       -0.0000397582
        1.2979463678        1.0195394888       -0.0000795300
        1.2979463678        1.0195394603       -0.0000795294
        1.7838566570        1.0109753762       -0.0000397580
        1.9826458262        1.0085209322       -0.0000296776
        1.9826458262        1.0085212470       -0.0000296773
        1.9826458262        1.0085263589       -0.0000296928
        1.9826458262        1.0085250377       -0.0000296891
        2.1632439464        1.0067356072       -0.0000225525
        1.7838566570        1.0109460281       -0.0000383137
        1.7838566570        1.0109449094       -0.0000383108
        2.1632439464        1.0067337301       -0.0000225455
        1.9826458262        1.0085240147       -0.0000296857
        1.9826458262        1.0085236769       -0.0000296860
