#epsqw diagonal term
#1:q+G [au], 2:Re(eps-1), 3:Im(eps-1)
        1.9826458262        0.9174516788       -0.1048801521
        1.9826458262        0.9186092101       -0.1042442560
        2.1632439464        0.9490651545       -0.0739941167
        1.7838566570        0.9093655317       -0.1679667201
        1.7838566570        0.9091624569       -0.1678046961
        2.1632439464        0.9499708221       -0.0738777838
        1.9826458262        0.9181021194       -0.1047298243
        1.9826458262        0.9186835865       -0.1044631714
        1.9826458262        0.9186173993       -0.1041992944
        1.9826458262        0.9176235524       -0.1041809611
        1.7838566570        0.8824607195       -0.1437351207
        1.2979463678        0.8015631973       -0.3918098501
        1.2979463678        0.8021765145       -0.3907753178
        1.7838566570        0.8825217522       -0.1438287603
        1.5599373940        0.8192473753       -0.2373234385
        0.9674321032        0.5819469662       -0.6047377876
        0.9674321032        0.5805758492       -0.6011348282
        1.5599373940        0.8205393557       -0.2361840774
        1.7838566570        0.8835250720       -0.1418789981
        1.2979463678        0.8025967877       -0.3893786982
        1.2979463678        0.7998177309       -0.3912673221
        1.7838566570        0.8832320140       -0.1418001988
        1.9826458262        0.9182064480       -0.1045501141
        1.9826458262        0.9188749622       -0.1037740421
        2.1632439464        0.9503117511       -0.0735353922
        1.7838566570        0.9080623364       -0.1670663604
        1.7838566570        0.9086752373       -0.1674632369
        2.1632439464        0.9494353198       -0.0735552555
        1.5599373940        0.8193675261       -0.2369994342
        0.9674321032        0.5785600348       -0.5993597674
        0.9674321032        0.5841062609       -0.6034392004
        1.5599373940        0.8184282333       -0.2372713846
        2.1632439464        0.9532144986       -0.0652023113
        1.2979463678        0.6974151548       -0.3457223668
        0.4326487893        0.1727946274       -0.7729254948
        0.4326487893        0.1727791278       -0.7729269567
        1.2979463678        0.6974146853       -0.3457261949
        2.1632439464        0.9532167910       -0.0652023196
        1.5599373940        0.8184274625       -0.2372695938
        0.9674321032        0.5841058954       -0.6034460111
        0.9674321032        0.5785554310       -0.5993730583
        1.5599373940        0.8193741820       -0.2370043209
        2.1632439464        0.9494363855       -0.0735554682
        1.7838566570        0.9086764971       -0.1674641856
        1.7838566570        0.9080650701       -0.1670675199
        2.1632439464        0.9503154292       -0.0735361383
        1.9826458262        0.9188736343       -0.1037733751
        1.9826458262        0.9182039391       -0.1045493951
        1.7838566570        0.8832322173       -0.1417996459
        1.2979463678        0.7998187107       -0.3912661321
        1.2979463678        0.8025979939       -0.3893804438
        1.7838566570        0.8835254302       -0.1418791713
        1.5599373940        0.8205390279       -0.2361817626
        0.9674321032        0.5805752208       -0.6011400100
        0.9674321032        0.5819398796       -0.6047523745
        1.5599373940        0.8192539288       -0.2373290625
        1.7838566570        0.8825206745       -0.1438283282
        1.2979463678        0.8021798694       -0.3907814282
        1.2979463678        0.8015683660       -0.3918154577
        1.7838566570        0.8824612155       -0.1437378281
        1.9826458262        0.9176241280       -0.1041822093
        1.9826458262        0.9186210508       -0.1042009417
        1.9826458262        0.9186844136       -0.1044638238
        1.9826458262        0.9181053274       -0.1047310868
        2.1632439464        0.9499718133       -0.0738777843
        1.7838566570        0.9091642924       -0.1678057777
        1.7838566570        0.9093688069       -0.1679685842
        2.1632439464        0.9490687895       -0.0739949814
        1.9826458262        0.9186115869       -0.1042457461
        1.9826458262        0.9174533183       -0.1048810857
