#epsqw diagonal term
#1:q+G [au], 2:Re(eps-1), 3:Im(eps-1)
        1.9826458262        1.0431532048       -0.1190646303
        1.9826458262        1.0423449798       -0.1184583335
        2.1632439464        1.0260299452       -0.0871630519
        1.7838566570        1.0709607530       -0.1803831598
        1.7838566570        1.0702125848       -0.1791447488
        2.1632439464        1.0267432001       -0.0871361218
        1.9826458262        1.0432967117       -0.1181173730
        1.9826458262        1.0432495938       -0.1175859784
        1.9826458262        1.0432736380       -0.1190851627
        1.9826458262        1.0427919301       -0.1204324997
        1.7838566570        1.0488721952       -0.1575586447
        1.2979463678        1.1578033183       -0.3877781761
        1.2979463678        1.1505129275       -0.3918168303
        1.7838566570        1.0460006999       -0.1595661014
        1.5599373940        1.0885121748       -0.2236141432
        0.9674321032        1.2580089091       -0.4686961039
        0.9674321032        1.2605214747       -0.4657670467
        1.5599373940        1.0903473104       -0.2231823769
        1.7838566570        1.0483069446       -0.1576293116
        1.2979463678        1.1624450048       -0.3891991035
        1.2979463678        1.1586157353       -0.3816591419
        1.7838566570        1.0483392962       -0.1576050326
        1.9826458262        1.0439300166       -0.1194555413
        1.9826458262        1.0437167240       -0.1189484530
        2.1632439464        1.0265235005       -0.0860722534
        1.7838566570        1.0704108116       -0.1779501438
        1.7838566570        1.0708999537       -0.1798810997
        2.1632439464        1.0253967980       -0.0865253548
        1.5599373940        1.0904591390       -0.2209869490
        0.9674321032        1.2612875470       -0.4643419320
        0.9674321032        1.2571827153       -0.4680354365
        1.5599373940        1.0880312904       -0.2214360508
        2.1632439464        1.0224034683       -0.1080757573
        1.2979463678        1.1449588824       -0.3776682229
        0.4326487893        1.4411762272       -0.4906584916
        0.4326487893        1.4411596975       -0.4906473804
        1.2979463678        1.1449639132       -0.3776711398
        2.1632439464        1.0224100052       -0.1080767667
        1.5599373940        1.0880345519       -0.2214355709
        0.9674321032        1.2571744885       -0.4680385521
        0.9674321032        1.2612526684       -0.4643098573
        1.5599373940        1.0904512153       -0.2209878697
        2.1632439464        1.0253964314       -0.0865255462
        1.7838566570        1.0709047962       -0.1798852288
        1.7838566570        1.0704146251       -0.1779526281
        2.1632439464        1.0265192811       -0.0860712878
        1.9826458262        1.0437144319       -0.1189449725
        1.9826458262        1.0439346489       -0.1194567782
        1.7838566570        1.0483413958       -0.1576079031
        1.2979463678        1.1586201790       -0.3816637466
        1.2979463678        1.1624421760       -0.3891945381
        1.7838566570        1.0483055556       -0.1576264469
        1.5599373940        1.0903479802       -0.2231801995
        0.9674321032        1.2605145287       -0.4657652383
        0.9674321032        1.2579723051       -0.4686586063
        1.5599373940        1.0885063039       -0.2236132832
        1.7838566570        1.0460114304       -0.1595718909
        1.2979463678        1.1505049747       -0.3918129355
        1.2979463678        1.1577906874       -0.3877649829
        1.7838566570        1.0488665150       -0.1575555332
        1.9826458262        1.0427888627       -0.1204299078
        1.9826458262        1.0432698978       -0.1190872822
        1.9826458262        1.0432487154       -0.1175838042
        1.9826458262        1.0432957349       -0.1181215113
        2.1632439464        1.0267433065       -0.0871367154
        1.7838566570        1.0702172962       -0.1791482889
        1.7838566570        1.0709639658       -0.1803851828
        2.1632439464        1.0260257245       -0.0871618877
        1.9826458262        1.0423374714       -0.1184563625
        1.9826458262        1.0431528554       -0.1190642377
