#epsqw diagonal term
#1:q+G [au], 2:Re(eps-1), 3:Im(eps-1)
        1.9826458262        0.8902523358       -0.0006058386
        1.9826458262        0.8902961617       -0.0006042730
        2.1632439464        0.9156279862       -0.0004536097
        1.7838566570        0.8630465987       -0.0006169287
        1.7838566570        0.8630474752       -0.0006171361
        2.1632439464        0.9156245777       -0.0004531845
        1.9826458262        0.8902846143       -0.0006043103
        1.9826458262        0.8902887699       -0.0006043107
        1.9826458262        0.8903124149       -0.0006046372
        1.9826458262        0.8902685372       -0.0006061819
        1.7838566570        0.8572700928       -0.0007636967
        1.2979463678        0.7164320602       -0.0011603034
        1.2979463678        0.7164303941       -0.0011602752
        1.7838566570        0.8572712448       -0.0007636848
        1.5599373940        0.8066951295       -0.0008511606
        0.9674321032        0.5675033354       -0.0015735304
        0.9674321032        0.5675404238       -0.0015728945
        1.5599373940        0.8067114339       -0.0008503326
        1.7838566570        0.8571793003       -0.0007670325
        1.2979463678        0.7164465042       -0.0011596571
        1.2979463678        0.7164343296       -0.0011598892
        1.7838566570        0.8572489324       -0.0007648084
        1.9826458262        0.8903001905       -0.0006047796
        1.9826458262        0.8903052922       -0.0006045390
        2.1632439464        0.9156428223       -0.0004532613
        1.7838566570        0.8630754770       -0.0006172015
        1.7838566570        0.8630762289       -0.0006169895
        2.1632439464        0.9156480663       -0.0004536950
        1.5599373940        0.8067256599       -0.0008507896
        0.9674321032        0.5675565534       -0.0015730385
        0.9674321032        0.5675275460       -0.0015734714
        1.5599373940        0.8067120476       -0.0008516799
        2.1632439464        0.9214989920       -0.0003459562
        1.2979463678        0.7388367438       -0.0009842420
        0.4326487893        0.2964687870       -0.0024516281
        0.4326487893        0.2964689820       -0.0024516283
        1.2979463678        0.7388388847       -0.0009842407
        2.1632439464        0.9214999507       -0.0003459551
        1.5599373940        0.8067113774       -0.0008516797
        0.9674321032        0.5675290351       -0.0015734742
        0.9674321032        0.5675593409       -0.0015730449
        1.5599373940        0.8067292245       -0.0008507878
        2.1632439464        0.9156486174       -0.0004536942
        1.7838566570        0.8630773831       -0.0006169892
        1.7838566570        0.8630771661       -0.0006172002
        2.1632439464        0.9156443975       -0.0004532589
        1.9826458262        0.8903044373       -0.0006045395
        1.9826458262        0.8902992260       -0.0006047802
        1.7838566570        0.8572484186       -0.0007648084
        1.2979463678        0.7164339179       -0.0011598894
        1.2979463678        0.7164467900       -0.0011596578
        1.7838566570        0.8571797483       -0.0007670336
        1.5599373940        0.8067108330       -0.0008503325
        0.9674321032        0.5675419001       -0.0015728977
        0.9674321032        0.5675062369       -0.0015735374
        1.5599373940        0.8066987611       -0.0008511583
        1.7838566570        0.8572710991       -0.0007636844
        1.2979463678        0.7164324370       -0.0011602752
        1.2979463678        0.7164351762       -0.0011603038
        1.7838566570        0.8572715533       -0.0007636950
        1.9826458262        0.8902692974       -0.0006061818
        1.9826458262        0.8903140019       -0.0006046351
        1.9826458262        0.8902893207       -0.0006043111
        1.9826458262        0.8902857899       -0.0006043097
        2.1632439464        0.9156250440       -0.0004531837
        1.7838566570        0.8630485550       -0.0006171355
        1.7838566570        0.8630483661       -0.0006169270
        2.1632439464        0.9156296467       -0.0004536071
        1.9826458262        0.8902974128       -0.0006042719
        1.9826458262        0.8902535595       -0.0006058370
