#epsqw diagonal term
#1:q+G [au], 2:Re(eps-1), 3:Im(eps-1)
        1.9826458262        0.8894411486       -0.0006835336
        1.9826458262        0.8894908450       -0.0006810453
        2.1632439464        0.9151080123       -0.0004920316
        1.7838566570        0.8624008826       -0.0006575217
        1.7838566570        0.8624009780       -0.0006578178
        2.1632439464        0.9151062553       -0.0004913254
        1.9826458262        0.8894790109       -0.0006811255
        1.9826458262        0.8894833937       -0.0006810790
        1.9826458262        0.8895040746       -0.0006822927
        1.9826458262        0.8894544761       -0.0006847344
        1.7838566570        0.8561447250       -0.0008812346
        1.2979463678        0.7149974642       -0.0012780780
        1.2979463678        0.7149960350       -0.0012779980
        1.7838566570        0.8561459752       -0.0008811892
        1.5599373940        0.8056832242       -0.0009327890
        0.9674321032        0.5656192575       -0.0016794419
        0.9674321032        0.5656588271       -0.0016784354
        1.5599373940        0.8057031728       -0.0009313703
        1.7838566570        0.8560415227       -0.0008864367
        1.2979463678        0.7150144252       -0.0012770724
        1.2979463678        0.7150029334       -0.0012769667
        1.7838566570        0.8561206171       -0.0008825679
        1.9826458262        0.8894907700       -0.0006826933
        1.9826458262        0.8894978508       -0.0006819521
        2.1632439464        0.9151236957       -0.0004915741
        1.7838566570        0.8624284993       -0.0006579549
        1.7838566570        0.8624300793       -0.0006576440
        2.1632439464        0.9151272588       -0.0004922892
        1.5599373940        0.8057150275       -0.0009322659
        0.9674321032        0.5656742539       -0.0016786875
        0.9674321032        0.5656437551       -0.0016793664
        1.5599373940        0.8056975497       -0.0009337759
        2.1632439464        0.9212108927       -0.0003603424
        1.2979463678        0.7379116911       -0.0010284076
        0.4326487893        0.2922355373       -0.0026917903
        0.4326487893        0.2922357417       -0.0026917891
        1.2979463678        0.7379138323       -0.0010284065
        2.1632439464        0.9212118502       -0.0003603414
        1.5599373940        0.8056968828       -0.0009337751
        0.9674321032        0.5656452376       -0.0016793696
        0.9674321032        0.5656770284       -0.0016786947
        1.5599373940        0.8057185846       -0.0009322651
        2.1632439464        0.9151278094       -0.0004922884
        1.7838566570        0.8624312301       -0.0006576441
        1.7838566570        0.8624301854       -0.0006579540
        2.1632439464        0.9151252698       -0.0004915718
        1.9826458262        0.8894969977       -0.0006819526
        1.9826458262        0.8894898078       -0.0006826937
        1.7838566570        0.8561201035       -0.0008825683
        1.2979463678        0.7150025204       -0.0012769677
        1.2979463678        0.7150147064       -0.0012770740
        1.7838566570        0.8560419649       -0.0008864390
        1.5599373940        0.8057025752       -0.0009313697
        0.9674321032        0.5656602943       -0.0016784392
        0.9674321032        0.5656221431       -0.0016794501
        1.5599373940        0.8056868503       -0.0009327875
        1.7838566570        0.8561458313       -0.0008811885
        1.2979463678        0.7149980734       -0.0012779987
        1.2979463678        0.7150005724       -0.0012780791
        1.7838566570        0.8561461842       -0.0008812330
        1.9826458262        0.8894552335       -0.0006847348
        1.9826458262        0.8895056603       -0.0006822908
        1.9826458262        0.8894839400       -0.0006810803
        1.9826458262        0.8894801825       -0.0006811255
        2.1632439464        0.9151067215       -0.0004913246
        1.7838566570        0.8624020561       -0.0006578174
        1.7838566570        0.8624026486       -0.0006575201
        2.1632439464        0.9151096719       -0.0004920291
        1.9826458262        0.8894920940       -0.0006810444
        1.9826458262        0.8894423715       -0.0006835320
