#epsqw diagonal term
#1:q+G [au], 2:Re(eps-1), 3:Im(eps-1)
        1.9826458262        0.8981040129       -0.0299529592
        1.9826458262        0.8980262062       -0.0298441028
        2.1632439464        0.9230209310       -0.0237889420
        1.7838566570        0.8591882841       -0.0256317107
        1.7838566570        0.8592135867       -0.0257164536
        2.1632439464        0.9228292056       -0.0237249858
        1.9826458262        0.8985204255       -0.0296777658
        1.9826458262        0.8983862092       -0.0297941627
        1.9826458262        0.8980481002       -0.0302971004
        1.9826458262        0.8980735996       -0.0300561360
        1.7838566570        0.8666587344       -0.0255110654
        1.2979463678        0.6869490790       -0.0548649632
        1.2979463678        0.6870173252       -0.0545572620
        1.7838566570        0.8666991177       -0.0255750146
        1.5599373940        0.8012919109       -0.0369830749
        0.9674321032        0.4879848278       -0.1129131253
        0.9674321032        0.4880897349       -0.1129832699
        1.5599373940        0.8010428792       -0.0370352984
        1.7838566570        0.8666178538       -0.0253394859
        1.2979463678        0.6871389968       -0.0539223607
        1.2979463678        0.6868269786       -0.0538750889
        1.7838566570        0.8667357148       -0.0252980860
        1.9826458262        0.8984707404       -0.0299995002
        1.9826458262        0.8983555529       -0.0300683715
        2.1632439464        0.9229962347       -0.0237406247
        1.7838566570        0.8592602809       -0.0255939916
        1.7838566570        0.8593628661       -0.0255040993
        2.1632439464        0.9230089392       -0.0237206310
        1.5599373940        0.8011409982       -0.0369958033
        0.9674321032        0.4885713245       -0.1125532823
        0.9674321032        0.4884233682       -0.1122599237
        1.5599373940        0.8011308761       -0.0370255146
        2.1632439464        0.9118564848       -0.0277822652
        1.2979463678        0.7089031239       -0.0605815745
        0.4326487893        0.0591569231       -0.3033603943
        0.4326487893        0.0591566577       -0.3033597431
        1.2979463678        0.7089053141       -0.0605815828
        2.1632439464        0.9118574866       -0.0277823055
        1.5599373940        0.8011301416       -0.0370256415
        0.9674321032        0.4884245156       -0.1122605074
        0.9674321032        0.4885735820       -0.1125544232
        1.5599373940        0.8011448691       -0.0369960026
        2.1632439464        0.9230095820       -0.0237206428
        1.7838566570        0.8593640571       -0.0255041720
        1.7838566570        0.8592620310       -0.0255941130
        2.1632439464        0.9229980572       -0.0237406926
        1.9826458262        0.8983545101       -0.0300683649
        1.9826458262        0.8984696755       -0.0299994306
        1.7838566570        0.8667351015       -0.0252980468
        1.2979463678        0.6868266179       -0.0538750566
        1.2979463678        0.6871392431       -0.0539224939
        1.7838566570        0.8666183362       -0.0253395299
        1.5599373940        0.8010421923       -0.0370354534
        0.9674321032        0.4880908757       -0.1129840035
        0.9674321032        0.4879874403       -0.1129144751
        1.5599373940        0.8012958576       -0.0369832906
        1.7838566570        0.8666990779       -0.0255749561
        1.2979463678        0.6870193812       -0.0545575089
        1.2979463678        0.6869522073       -0.0548654081
        1.7838566570        0.8666604877       -0.0255112412
        1.9826458262        0.8980744202       -0.0300562778
        1.9826458262        0.8980497894       -0.0302971676
        1.9826458262        0.8983869237       -0.0297940910
        1.9826458262        0.8985217574       -0.0296779043
        2.1632439464        0.9228297405       -0.0237250056
        1.7838566570        0.8592147189       -0.0257165206
        1.7838566570        0.8591901451       -0.0256317841
        2.1632439464        0.9230228116       -0.0237890423
        1.9826458262        0.8980275742       -0.0298441974
        1.9826458262        0.8981052990       -0.0299529495
