#epsqw diagonal term
#1:q+G [au], 2:Re(eps-1), 3:Im(eps-1)
        1.9826458262        1.0059448298       -0.0000196351
        1.9826458262        1.0059451151       -0.0000196351
        2.1632439464        1.0046793564       -0.0000147756
        1.7838566570        1.0076656487       -0.0000255357
        1.7838566570        1.0076664925       -0.0000255375
        2.1632439464        1.0046804400       -0.0000147797
        1.9826458262        1.0059459642       -0.0000196375
        1.9826458262        1.0059467236       -0.0000196393
        1.9826458262        1.0059432839       -0.0000196297
        1.9826458262        1.0059429470       -0.0000196299
        1.7838566570        1.0076796994       -0.0000265024
        1.2979463678        1.0137929710       -0.0000541236
        1.2979463678        1.0137928047       -0.0000541239
        1.7838566570        1.0076796722       -0.0000265021
        1.5599373940        1.0101833128       -0.0000361230
        0.9674321032        1.0193088054       -0.0000842411
        0.9674321032        1.0193101989       -0.0000842379
        1.5599373940        1.0101847848       -0.0000361243
        1.7838566570        1.0076789242       -0.0000265021
        1.2979463678        1.0137942526       -0.0000541221
        1.2979463678        1.0137958114       -0.0000541260
        1.7838566570        1.0076811833       -0.0000265054
        1.9826458262        1.0059440645       -0.0000196321
        1.9826458262        1.0059448255       -0.0000196341
        2.1632439464        1.0046790967       -0.0000147753
        1.7838566570        1.0076640943       -0.0000255306
        1.7838566570        1.0076632763       -0.0000255285
        2.1632439464        1.0046778764       -0.0000147709
        1.5599373940        1.0101834767       -0.0000361200
        0.9674321032        1.0193089462       -0.0000842321
        0.9674321032        1.0193076658       -0.0000842332
        1.5599373940        1.0101818067       -0.0000361172
        2.1632439464        1.0046910835       -0.0000146771
        1.2979463678        1.0139133973       -0.0000506107
        0.4326487893        1.0261503241       -0.0001526244
        0.4326487893        1.0261502429       -0.0001526251
        1.2979463678        1.0139131160       -0.0000506096
        2.1632439464        1.0046909825       -0.0000146767
        1.5599373940        1.0101819095       -0.0000361175
        0.9674321032        1.0193074497       -0.0000842322
        0.9674321032        1.0193085948       -0.0000842306
        1.5599373940        1.0101832151       -0.0000361190
        2.1632439464        1.0046778629       -0.0000147707
        1.7838566570        1.0076630909       -0.0000255280
        1.7838566570        1.0076639412       -0.0000255301
        2.1632439464        1.0046789520       -0.0000147749
        1.9826458262        1.0059449160       -0.0000196343
        1.9826458262        1.0059441116       -0.0000196324
        1.7838566570        1.0076812309       -0.0000265057
        1.2979463678        1.0137960297       -0.0000541261
        1.2979463678        1.0137940821       -0.0000541223
        1.7838566570        1.0076788252       -0.0000265018
        1.5599373940        1.0101848143       -0.0000361245
        0.9674321032        1.0193098100       -0.0000842372
        0.9674321032        1.0193084074       -0.0000842398
        1.5599373940        1.0101829325       -0.0000361219
        1.7838566570        1.0076796726       -0.0000265023
        1.2979463678        1.0137927292       -0.0000541232
        1.2979463678        1.0137925642       -0.0000541228
        1.7838566570        1.0076795824       -0.0000265019
        1.9826458262        1.0059428608       -0.0000196296
        1.9826458262        1.0059431128       -0.0000196294
        1.9826458262        1.0059466630       -0.0000196391
        1.9826458262        1.0059458435       -0.0000196373
        2.1632439464        1.0046804363       -0.0000147796
        1.7838566570        1.0076663255       -0.0000255371
        1.7838566570        1.0076654972       -0.0000255352
        2.1632439464        1.0046792150       -0.0000147753
        1.9826458262        1.0059450906       -0.0000196349
        1.9826458262        1.0059447081       -0.0000196349
