#epsqw diagonal term
#1:q+G [au], 2:Re(eps-1), 3:Im(eps-1)
        1.9826458262        1.0021668918       -0.0000066372
        1.9826458262        1.0021672463       -0.0000066373
        2.1632439464        1.0016977804       -0.0000049418
        1.7838566570        1.0028092486       -0.0000087048
        1.7838566570        1.0028098250       -0.0000087055
        2.1632439464        1.0016983954       -0.0000049423
        1.9826458262        1.0021673181       -0.0000066388
        1.9826458262        1.0021669339       -0.0000066385
        1.9826458262        1.0021661275       -0.0000066353
        1.9826458262        1.0021657037       -0.0000066349
        1.7838566570        1.0028091149       -0.0000090413
        1.2979463678        1.0051068918       -0.0000189690
        1.2979463678        1.0051072453       -0.0000189697
        1.7838566570        1.0028091176       -0.0000090416
        1.5599373940        1.0037452280       -0.0000124679
        0.9674321032        1.0071830372       -0.0000299185
        0.9674321032        1.0071849436       -0.0000299168
        1.5599373940        1.0037457018       -0.0000124667
        1.7838566570        1.0028089783       -0.0000090423
        1.2979463678        1.0051041993       -0.0000189725
        1.2979463678        1.0051051725       -0.0000189718
        1.7838566570        1.0028096611       -0.0000090426
        1.9826458262        1.0021660314       -0.0000066368
        1.9826458262        1.0021662540       -0.0000066366
        2.1632439464        1.0016972159       -0.0000049404
        1.7838566570        1.0028069522       -0.0000087018
        1.7838566570        1.0028063329       -0.0000087014
        2.1632439464        1.0016965900       -0.0000049396
        1.5599373940        1.0037451933       -0.0000124647
        0.9674321032        1.0071791524       -0.0000299102
        0.9674321032        1.0071772222       -0.0000299155
        1.5599373940        1.0037436360       -0.0000124657
        2.1632439464        1.0017007701       -0.0000048988
        1.2979463678        1.0051261549       -0.0000175638
        0.4326487893        1.0097365321       -0.0000552358
        0.4326487893        1.0097433006       -0.0000552397
        1.2979463678        1.0051261821       -0.0000175628
        2.1632439464        1.0017010763       -0.0000048988
        1.5599373940        1.0037439202       -0.0000124663
        0.9674321032        1.0071765777       -0.0000299148
        0.9674321032        1.0071788714       -0.0000299110
        1.5599373940        1.0037447990       -0.0000124641
        2.1632439464        1.0016965302       -0.0000049397
        1.7838566570        1.0028064347       -0.0000087013
        1.7838566570        1.0028070237       -0.0000087020
        2.1632439464        1.0016973240       -0.0000049403
        1.9826458262        1.0021662526       -0.0000066367
        1.9826458262        1.0021660082       -0.0000066366
        1.7838566570        1.0028095859       -0.0000090426
        1.2979463678        1.0051046834       -0.0000189727
        1.2979463678        1.0051039891       -0.0000189715
        1.7838566570        1.0028090587       -0.0000090423
        1.5599373940        1.0037459961       -0.0000124671
        0.9674321032        1.0071848081       -0.0000299152
        0.9674321032        1.0071835631       -0.0000299185
        1.5599373940        1.0037449022       -0.0000124669
        1.7838566570        1.0028093014       -0.0000090418
        1.2979463678        1.0051070201       -0.0000189699
        1.2979463678        1.0051070056       -0.0000189683
        1.7838566570        1.0028089263       -0.0000090410
        1.9826458262        1.0021657874       -0.0000066351
        1.9826458262        1.0021662741       -0.0000066351
        1.9826458262        1.0021668333       -0.0000066384
        1.9826458262        1.0021672730       -0.0000066384
        2.1632439464        1.0016982338       -0.0000049423
        1.7838566570        1.0028095775       -0.0000087050
        1.7838566570        1.0028090208       -0.0000087046
        2.1632439464        1.0016977745       -0.0000049415
        1.9826458262        1.0021670262       -0.0000066373
        1.9826458262        1.0021667417       -0.0000066368
