#epsqw diagonal term
#1:q+G [au], 2:Re(eps-1), 3:Im(eps-1)
        1.9826458262        0.9057214042       -0.0316099995
        1.9826458262        0.9056805152       -0.0314023162
        2.1632439464        0.9181592354       -0.0241306918
        1.7838566570        0.8713896495       -0.0246771252
        1.7838566570        0.8713756965       -0.0245419584
        2.1632439464        0.9180719735       -0.0241479272
        1.9826458262        0.9060783843       -0.0314113101
        1.9826458262        0.9061195371       -0.0313390581
        1.9826458262        0.9057995955       -0.0314487008
        1.9826458262        0.9057873344       -0.0315589312
        1.7838566570        0.8734975805       -0.0334570719
        1.2979463678        0.7198438178       -0.0418007372
        1.2979463678        0.7198110273       -0.0418381478
        1.7838566570        0.8734887222       -0.0334522046
        1.5599373940        0.8062555826       -0.0311297779
        0.9674321032        0.5375687781       -0.0616914178
        0.9674321032        0.5374323661       -0.0616455683
        1.5599373940        0.8061750109       -0.0310863402
        1.7838566570        0.8735585478       -0.0332610959
        1.2979463678        0.7197945836       -0.0410708578
        1.2979463678        0.7193262889       -0.0414742988
        1.7838566570        0.8736260309       -0.0330679607
        1.9826458262        0.9061909062       -0.0314372632
        1.9826458262        0.9061779678       -0.0312639588
        2.1632439464        0.9178995430       -0.0242878691
        1.7838566570        0.8714277290       -0.0245435818
        1.7838566570        0.8714340791       -0.0246960764
        2.1632439464        0.9179339279       -0.0242914510
        1.5599373940        0.8060944798       -0.0311309332
        0.9674321032        0.5373516745       -0.0616418195
        0.9674321032        0.5374832974       -0.0616741628
        1.5599373940        0.8062657080       -0.0312776070
        2.1632439464        0.9128641053       -0.0095586682
        1.2979463678        0.7430702748       -0.0325498469
        0.4326487893        0.2678669343       -0.0656534639
        0.4326487893        0.2678668754       -0.0656536345
        1.2979463678        0.7430724923       -0.0325498618
        2.1632439464        0.9128651070       -0.0095586619
        1.5599373940        0.8062647988       -0.0312775894
        0.9674321032        0.5374845557       -0.0616743856
        0.9674321032        0.5373545723       -0.0616423311
        1.5599373940        0.8060982133       -0.0311311569
        2.1632439464        0.9179344903       -0.0242914532
        1.7838566570        0.8714353032       -0.0246961938
        1.7838566570        0.8714294570       -0.0245437024
        2.1632439464        0.9179011850       -0.0242879238
        1.9826458262        0.9061769942       -0.0312638390
        1.9826458262        0.9061897837       -0.0314371228
        1.7838566570        0.8736254414       -0.0330678930
        1.2979463678        0.7193258974       -0.0414742810
        1.2979463678        0.7197948831       -0.0410708487
        1.7838566570        0.8735590534       -0.0332611396
        1.5599373940        0.8061742652       -0.0310863538
        0.9674321032        0.5374336598       -0.0616457319
        0.9674321032        0.5375718264       -0.0616918748
        1.5599373940        0.8062594737       -0.0311300532
        1.7838566570        0.8734885124       -0.0334521543
        1.2979463678        0.7198133932       -0.0418381279
        1.2979463678        0.7198472090       -0.0418009250
        1.7838566570        0.8734991004       -0.0334571574
        1.9826458262        0.9057882233       -0.0315590143
        1.9826458262        0.9058012993       -0.0314487115
        1.9826458262        0.9061202067       -0.0313391802
        1.9826458262        0.9060796773       -0.0314113357
        2.1632439464        0.9180724263       -0.0241479372
        1.7838566570        0.8713768487       -0.0245420574
        1.7838566570        0.8713914725       -0.0246772160
        2.1632439464        0.9181609666       -0.0241307832
        1.9826458262        0.9056819238       -0.0314023485
        1.9826458262        0.9057227426       -0.0316100598
