#epsqw diagonal term
#1:q+G [au], 2:Re(eps-1), 3:Im(eps-1)
        1.9826458262        0.8890484852       -0.0007382186
        1.9826458262        0.8891013712       -0.0007351153
        2.1632439464        0.9148701875       -0.0005145293
        1.7838566570        0.8621139071       -0.0006781320
        1.7838566570        0.8621136559       -0.0006784486
        2.1632439464        0.9148693501       -0.0005136294
        1.9826458262        0.8890893873       -0.0007352248
        1.9826458262        0.8890938775       -0.0007352115
        1.9826458262        0.8891123490       -0.0007372311
        1.9826458262        0.8890596474       -0.0007402679
        1.7838566570        0.8555910577       -0.0009634649
        1.2979463678        0.7143221335       -0.0013567104
        1.2979463678        0.7143208538       -0.0013565886
        1.7838566570        0.8555923896       -0.0009633852
        1.5599373940        0.8052122570       -0.0009822974
        0.9674321032        0.5647873741       -0.0017326484
        0.9674321032        0.5648282919       -0.0017313787
        1.5599373940        0.8052342157       -0.0009804751
        1.7838566570        0.8554811959       -0.0009700110
        1.2979463678        0.7143404112       -0.0013554950
        1.2979463678        0.7143295757       -0.0013551468
        1.7838566570        0.8555656455       -0.0009649405
        1.9826458262        0.8890983396       -0.0007378466
        1.9826458262        0.8891067267       -0.0007367498
        2.1632439464        0.9148863037       -0.0005139817
        1.7838566570        0.8621409238       -0.0006786253
        1.7838566570        0.8621428790       -0.0006782875
        2.1632439464        0.9148889369       -0.0005148900
        1.5599373940        0.8052447148       -0.0009816352
        0.9674321032        0.5648433424       -0.0017316907
        0.9674321032        0.5648119857       -0.0017325663
        1.5599373940        0.8052251158       -0.0009835651
        2.1632439464        0.9210857008       -0.0003671620
        1.2979463678        0.7375105388       -0.0010494652
        0.4326487893        0.2903711232       -0.0028069637
        0.4326487893        0.2903713323       -0.0028069618
        1.2979463678        0.7375126793       -0.0010494640
        2.1632439464        0.9210866582       -0.0003671611
        1.5599373940        0.8052244513       -0.0009835638
        0.9674321032        0.5648134648       -0.0017325696
        0.9674321032        0.5648461108       -0.0017316984
        1.5599373940        0.8052482684       -0.0009816348
        2.1632439464        0.9148894874       -0.0005148892
        1.7838566570        0.8621440284       -0.0006782878
        1.7838566570        0.8621426087       -0.0006786245
        2.1632439464        0.9148878774       -0.0005139796
        1.9826458262        0.8891058738       -0.0007367504
        1.9826458262        0.8890973783       -0.0007378469
        1.7838566570        0.8555651316       -0.0009649413
        1.2979463678        0.7143291612       -0.0013551489
        1.2979463678        0.7143406902       -0.0013554977
        1.7838566570        0.8554816346       -0.0009700143
        1.5599373940        0.8052336198       -0.0009804741
        0.9674321032        0.5648297552       -0.0017313829
        0.9674321032        0.5647902528       -0.0017326573
        1.5599373940        0.8052158794       -0.0009822965
        1.7838566570        0.8555922473       -0.0009633842
        1.2979463678        0.7143228894       -0.0013565897
        1.2979463678        0.7143252384       -0.0013567121
        1.7838566570        0.8555925159       -0.0009634633
        1.9826458262        0.8890604032       -0.0007402687
        1.9826458262        0.8891139342       -0.0007372295
        1.9826458262        0.8890944207       -0.0007352137
        1.9826458262        0.8890905566       -0.0007352255
        2.1632439464        0.9148698160       -0.0005136286
        1.7838566570        0.8621147329       -0.0006784482
        1.7838566570        0.8621156721       -0.0006781304
        2.1632439464        0.9148718466       -0.0005145269
        1.9826458262        0.8891026190       -0.0007351142
        1.9826458262        0.8890497076       -0.0007382169
