#epsqw diagonal term
#1:q+G [au], 2:Re(eps-1), 3:Im(eps-1)
        1.9826458262        0.9037842648       -0.0203186675
        1.9826458262        0.9036947524       -0.0202676700
        2.1632439464        0.9192775850       -0.0202249731
        1.7838566570        0.8669147708       -0.0135402466
        1.7838566570        0.8668424285       -0.0135019949
        2.1632439464        0.9193625076       -0.0202613296
        1.9826458262        0.9037401401       -0.0201661903
        1.9826458262        0.9037168118       -0.0201307382
        1.9826458262        0.9036927780       -0.0201525051
        1.9826458262        0.9038583975       -0.0202737316
        1.7838566570        0.8683371995       -0.0281197822
        1.2979463678        0.7092278361       -0.0310209262
        1.2979463678        0.7092024609       -0.0309761337
        1.7838566570        0.8683304524       -0.0281223429
        1.5599373940        0.8059639331       -0.0305096082
        0.9674321032        0.5327172430       -0.0543663691
        0.9674321032        0.5328118192       -0.0545962350
        1.5599373940        0.8057405655       -0.0306418376
        1.7838566570        0.8686688086       -0.0279096361
        1.2979463678        0.7089103780       -0.0304802816
        1.2979463678        0.7089559445       -0.0308459739
        1.7838566570        0.8684324454       -0.0278495435
        1.9826458262        0.9037670194       -0.0200677321
        1.9826458262        0.9037785399       -0.0200383985
        2.1632439464        0.9194058855       -0.0204456922
        1.7838566570        0.8668746833       -0.0134951012
        1.7838566570        0.8670156817       -0.0135632834
        2.1632439464        0.9193514919       -0.0204444986
        1.5599373940        0.8058072543       -0.0306884970
        0.9674321032        0.5329503408       -0.0547825683
        0.9674321032        0.5326531472       -0.0545592710
        1.5599373940        0.8060168511       -0.0305203765
        2.1632439464        0.9120216639       -0.0123894171
        1.2979463678        0.7332701803       -0.0321702984
        0.4326487893        0.2299583095       -0.0809129250
        0.4326487893        0.2299583121       -0.0809130472
        1.2979463678        0.7332722909       -0.0321702331
        2.1632439464        0.9120226211       -0.0123894478
        1.5599373940        0.8060160786       -0.0305203316
        0.9674321032        0.5326546195       -0.0545594874
        0.9674321032        0.5329529007       -0.0547829901
        1.5599373940        0.8058109923       -0.0306887569
        2.1632439464        0.9193520925       -0.0204445515
        1.7838566570        0.8670169326       -0.0135633457
        1.7838566570        0.8668764668       -0.0134951568
        2.1632439464        0.9194074833       -0.0204457641
        1.9826458262        0.9037776032       -0.0200383501
        1.9826458262        0.9037658739       -0.0200676236
        1.7838566570        0.8684318952       -0.0278494770
        1.2979463678        0.7089555220       -0.0308459619
        1.2979463678        0.7089106399       -0.0304803144
        1.7838566570        0.8686693465       -0.0279096788
        1.5599373940        0.8057398405       -0.0306418233
        0.9674321032        0.5328132274       -0.0545964564
        0.9674321032        0.5327199276       -0.0543667660
        1.5599373940        0.8059677590       -0.0305098724
        1.7838566570        0.8683302801       -0.0281222946
        1.2979463678        0.7092045532       -0.0309761477
        1.2979463678        0.7092310999       -0.0310209766
        1.7838566570        0.8683387080       -0.0281198557
        1.9826458262        0.9038592471       -0.0202737682
        1.9826458262        0.9036943883       -0.0201525514
        1.9826458262        0.9037175359       -0.0201307775
        1.9826458262        0.9037413814       -0.0201662231
        2.1632439464        0.9193630180       -0.0202614026
        1.7838566570        0.8668436146       -0.0135020322
        1.7838566570        0.8669166558       -0.0135403055
        2.1632439464        0.9192792792       -0.0202250749
        1.9826458262        0.9036960880       -0.0202677297
        1.9826458262        0.9037855693       -0.0203187166
