#epsqw diagonal term
#1:q+G [au], 2:Re(eps-1), 3:Im(eps-1)
        1.9826458262        1.0633484275       -0.0494960198
        1.9826458262        1.0632621602       -0.0494835907
        2.1632439464        1.0426407813       -0.0418142491
        1.7838566570        1.0961900150       -0.0633067613
        1.7838566570        1.0960533211       -0.0630950809
        2.1632439464        1.0428158440       -0.0412437826
        1.9826458262        1.0634747933       -0.0490468809
        1.9826458262        1.0636177104       -0.0484681750
        1.9826458262        1.0637280182       -0.0494145956
        1.9826458262        1.0637366491       -0.0495928498
        1.7838566570        1.0970698115       -0.0599199775
        1.2979463678        1.2122537207       -0.0969246454
        1.2979463678        1.2121409034       -0.0973356294
        1.7838566570        1.0970017861       -0.0601713223
        1.5599373940        1.1396654283       -0.0901651098
        0.9674321032        1.3268894314       -0.1435524950
        0.9674321032        1.3239547576       -0.1432933043
        1.5599373940        1.1384418769       -0.0898215701
        1.7838566570        1.0973066616       -0.0599211414
        1.2979463678        1.2116245302       -0.0964860132
        1.2979463678        1.2103636539       -0.0956061468
        1.7838566570        1.0967344078       -0.0587468400
        1.9826458262        1.0639622398       -0.0490323374
        1.9826458262        1.0639891143       -0.0484948097
        2.1632439464        1.0433135466       -0.0410648429
        1.7838566570        1.0969347464       -0.0630466500
        1.7838566570        1.0970169511       -0.0634487728
        2.1632439464        1.0428957138       -0.0418817427
        1.5599373940        1.1392509833       -0.0893723778
        0.9674321032        1.3252920365       -0.1432115094
        0.9674321032        1.3278168223       -0.1442602416
        1.5599373940        1.1400345302       -0.0903274177
        2.1632439464        1.0466137332       -0.0472135347
        1.2979463678        1.2294069982       -0.1230581925
        0.4326487893        1.4519106544       -0.1881076746
        0.4326487893        1.4519051136       -0.1881047976
        1.2979463678        1.2293949760       -0.1230549653
        2.1632439464        1.0466082685       -0.0472126577
        1.5599373940        1.1400373131       -0.0903273804
        0.9674321032        1.3278103014       -0.1442588020
        0.9674321032        1.3252809117       -0.1432088733
        1.5599373940        1.1392436358       -0.0893717541
        2.1632439464        1.0428942505       -0.0418817743
        1.7838566570        1.0970085522       -0.0634475490
        1.7838566570        1.0969269321       -0.0630452993
        2.1632439464        1.0433100642       -0.0410639746
        1.9826458262        1.0639925378       -0.0484946504
        1.9826458262        1.0639641592       -0.0490320230
        1.7838566570        1.0967362978       -0.0587465410
        1.2979463678        1.2103656991       -0.0956060676
        1.2979463678        1.2116234674       -0.0964866019
        1.7838566570        1.0973044837       -0.0599217231
        1.5599373940        1.1384442853       -0.0898217383
        0.9674321032        1.3239484591       -0.1432921641
        0.9674321032        1.3268770862       -0.1435496864
        1.5599373940        1.1396573363       -0.0901639907
        1.7838566570        1.0970001691       -0.0601711098
        1.2979463678        1.2121382063       -0.0973358809
        1.2979463678        1.2122461872       -0.0969242919
        1.7838566570        1.0970666525       -0.0599208988
        1.9826458262        1.0637335433       -0.0495929778
        1.9826458262        1.0637250734       -0.0494148825
        1.9826458262        1.0636155658       -0.0484683694
        1.9826458262        1.0634718029       -0.0490473680
        2.1632439464        1.0428144516       -0.0412437645
        1.7838566570        1.0960455277       -0.0630939843
        1.7838566570        1.0961815352       -0.0633055417
        2.1632439464        1.0426371879       -0.0418134087
        1.9826458262        1.0632591806       -0.0494838503
        1.9826458262        1.0633443169       -0.0494962280
