#epsqw diagonal term
#1:q+G [au], 2:Re(eps-1), 3:Im(eps-1)
        1.9826458262        0.8983812963       -0.0262977223
        1.9826458262        0.8982089856       -0.0263784429
        2.1632439464        0.9210855393       -0.0244735157
        1.7838566570        0.8601163083       -0.0255604094
        1.7838566570        0.8600354043       -0.0254882373
        2.1632439464        0.9210439911       -0.0243493271
        1.9826458262        0.8981298513       -0.0266270779
        1.9826458262        0.8982269812       -0.0264456172
        1.9826458262        0.8981216867       -0.0264336123
        1.9826458262        0.8983482263       -0.0262963109
        1.7838566570        0.8690205107       -0.0287231053
        1.2979463678        0.6962510342       -0.0484585858
        1.2979463678        0.6963253124       -0.0485822478
        1.7838566570        0.8688508269       -0.0286365910
        1.5599373940        0.8022278201       -0.0359177437
        0.9674321032        0.5099381119       -0.0885841733
        0.9674321032        0.5096359796       -0.0888941864
        1.5599373940        0.8021424479       -0.0359305174
        1.7838566570        0.8695304712       -0.0289413675
        1.2979463678        0.6963395659       -0.0486884513
        1.2979463678        0.6965258790       -0.0488537991
        1.7838566570        0.8695377756       -0.0287829603
        1.9826458262        0.8980382227       -0.0266110265
        1.9826458262        0.8981965462       -0.0264665838
        2.1632439464        0.9211916946       -0.0244021039
        1.7838566570        0.8602139426       -0.0257647759
        1.7838566570        0.8601783338       -0.0256355278
        2.1632439464        0.9211903520       -0.0244396877
        1.5599373940        0.8020638179       -0.0358761047
        0.9674321032        0.5102100747       -0.0891149048
        0.9674321032        0.5107946840       -0.0895917542
        1.5599373940        0.8024312905       -0.0361044526
        2.1632439464        0.9117941281       -0.0256745059
        1.2979463678        0.7150728515       -0.0492063334
        0.4326487893        0.1316668291       -0.1721293297
        0.4326487893        0.1316666112       -0.1721292341
        1.2979463678        0.7150748972       -0.0492063459
        2.1632439464        0.9117950862       -0.0256745624
        1.5599373940        0.8024304943       -0.0361044811
        0.9674321032        0.5107962295       -0.0895921582
        0.9674321032        0.5102125162       -0.0891155314
        1.5599373940        0.8020675335       -0.0358764501
        2.1632439464        0.9211909319       -0.0244396974
        1.7838566570        0.8601795031       -0.0256355007
        1.7838566570        0.8602157029       -0.0257648239
        2.1632439464        0.9211934508       -0.0244021940
        1.9826458262        0.8981956082       -0.0264665381
        1.9826458262        0.8980371486       -0.0266109433
        1.7838566570        0.8695372024       -0.0287829202
        1.2979463678        0.6965256407       -0.0488537434
        1.2979463678        0.6963399172       -0.0486882827
        1.7838566570        0.8695310146       -0.0289413273
        1.5599373940        0.8021417691       -0.0359305428
        0.9674321032        0.5096374579       -0.0888947214
        0.9674321032        0.5099406469       -0.0885850311
        1.5599373940        0.8022316706       -0.0359180083
        1.7838566570        0.8688507009       -0.0286365670
        1.2979463678        0.6963275815       -0.0485823385
        1.2979463678        0.6962542660       -0.0484589265
        1.7838566570        0.8690221423       -0.0287231975
        1.9826458262        0.8983489720       -0.0262962048
        1.9826458262        0.8981232882       -0.0264335647
        1.9826458262        0.8982276797       -0.0264457708
        1.9826458262        0.8981311417       -0.0266271665
        2.1632439464        0.9210444715       -0.0243493578
        1.7838566570        0.8600365085       -0.0254883064
        1.7838566570        0.8601181696       -0.0255605254
        2.1632439464        0.9210873397       -0.0244736041
        1.9826458262        0.8982104553       -0.0263784916
        1.9826458262        0.8983825912       -0.0262977184
