#epsqw diagonal term
#1:q+G [au], 2:Re(eps-1), 3:Im(eps-1)
        1.9826458262        0.8905926589       -0.0005807770
        1.9826458262        0.8906343179       -0.0005794859
        2.1632439464        0.9158547099       -0.0004395022
        1.7838566570        0.8633334599       -0.0006006929
        1.7838566570        0.8633346606       -0.0006008582
        2.1632439464        0.9158507075       -0.0004391591
        1.9826458262        0.8906228725       -0.0005795082
        1.9826458262        0.8906269702       -0.0005795310
        1.9826458262        0.8906513772       -0.0005796750
        1.9826458262        0.8906096132       -0.0005809523
        1.7838566570        0.8577344149       -0.0007262307
        1.2979463678        0.7170464477       -0.0011206112
        1.2979463678        0.7170447068       -0.0011205958
        1.7838566570        0.8577355465       -0.0007262243
        1.5599373940        0.8071299966       -0.0008223404
        0.9674321032        0.5683453456       -0.0015310141
        0.9674321032        0.5683815092       -0.0015304855
        1.5599373940        0.8071449787       -0.0008216850
        1.7838566570        0.8576483034       -0.0007290040
        1.2979463678        0.7170599369       -0.0011200789
        1.2979463678        0.7170477244       -0.0011203832
        1.7838566570        0.8577145748       -0.0007272442
        1.9826458262        0.8906394751       -0.0005797547
        1.9826458262        0.8906440153       -0.0005796387
        2.1632439464        0.9158692046       -0.0004391885
        1.7838566570        0.8633628422       -0.0006009005
        1.7838566570        0.8633632561       -0.0006007336
        2.1632439464        0.9158750577       -0.0004395392
        1.5599373940        0.8071600128       -0.0008220153
        0.9674321032        0.5683978947       -0.0015305958
        0.9674321032        0.5683694233       -0.0015309663
        1.5599373940        0.8071478122       -0.0008227229
        2.1632439464        0.9216294983       -0.0003399238
        1.2979463678        0.7392568283       -0.0009656835
        0.4326487893        0.2983601525       -0.0023527586
        0.4326487893        0.2983603441       -0.0023527593
        1.2979463678        0.7392589690       -0.0009656822
        2.1632439464        0.9216304569       -0.0003399227
        1.5599373940        0.8071471404       -0.0008227229
        0.9674321032        0.5683709155       -0.0015309689
        0.9674321032        0.5684006887       -0.0015306018
        1.5599373940        0.8071635807       -0.0008220132
        2.1632439464        0.9158756089       -0.0004395384
        1.7838566570        0.8633644114       -0.0006007331
        1.7838566570        0.8633645330       -0.0006008991
        2.1632439464        0.9158707803       -0.0004391860
        1.9826458262        0.8906431602       -0.0005796393
        1.9826458262        0.8906385098       -0.0005797553
        1.7838566570        0.8577140602       -0.0007272443
        1.2979463678        0.7170473129       -0.0011203832
        1.2979463678        0.7170602236       -0.0011200795
        1.7838566570        0.8576487538       -0.0007290049
        1.5599373940        0.8071443763       -0.0008216850
        0.9674321032        0.5683829888       -0.0015304885
        0.9674321032        0.5683482539       -0.0015310208
        1.5599373940        0.8071336312       -0.0008223378
        1.7838566570        0.8577353995       -0.0007262240
        1.2979463678        0.7170467515       -0.0011205956
        1.2979463678        0.7170495669       -0.0011206113
        1.7838566570        0.8577358765       -0.0007262289
        1.9826458262        0.8906103749       -0.0005809520
        1.9826458262        0.8906529647       -0.0005796728
        1.9826458262        0.8906275231       -0.0005795312
        1.9826458262        0.8906240497       -0.0005795074
        2.1632439464        0.9158511737       -0.0004391584
        1.7838566570        0.8633357409       -0.0006008575
        1.7838566570        0.8633352282       -0.0006006911
        2.1632439464        0.9158563708       -0.0004394995
        1.9826458262        0.8906355700       -0.0005794848
        1.9826458262        0.8905938827       -0.0005807754
