#epsqw diagonal term
#1:q+G [au], 2:Re(eps-1), 3:Im(eps-1)
        1.9826458262        0.8815586089       -0.0117161439
        1.9826458262        0.8816260698       -0.0116852496
        2.1632439464        0.9094637595       -0.0082681535
        1.7838566570        0.8540692444       -0.0160341957
        1.7838566570        0.8542702126       -0.0160438113
        2.1632439464        0.9093667086       -0.0082812489
        1.9826458262        0.8815213939       -0.0115324533
        1.9826458262        0.8814989910       -0.0116972287
        1.9826458262        0.8816133365       -0.0117121084
        1.9826458262        0.8816013918       -0.0117152208
        1.7838566570        0.8511960966       -0.0158088131
        1.2979463678        0.6998574553       -0.0265775592
        1.2979463678        0.6998633602       -0.0265977527
        1.7838566570        0.8511827783       -0.0158041707
        1.5599373940        0.7994251066       -0.0154630560
        0.9674321032        0.5362295517       -0.0354989982
        0.9674321032        0.5360934701       -0.0353292117
        1.5599373940        0.7994784345       -0.0154697847
        1.7838566570        0.8515840715       -0.0158033049
        1.2979463678        0.6996648054       -0.0264509172
        1.2979463678        0.6996225254       -0.0265388955
        1.7838566570        0.8513775233       -0.0159777957
        1.9826458262        0.8815457126       -0.0115475229
        1.9826458262        0.8815025605       -0.0117060362
        2.1632439464        0.9093604596       -0.0082895452
        1.7838566570        0.8542943188       -0.0160627871
        1.7838566570        0.8541338774       -0.0160370328
        2.1632439464        0.9094753266       -0.0082561172
        1.5599373940        0.7995667456       -0.0154521518
        0.9674321032        0.5360671763       -0.0352647379
        0.9674321032        0.5361357808       -0.0355293635
        1.5599373940        0.7994762481       -0.0154660034
        2.1632439464        0.9167441167       -0.0050474892
        1.2979463678        0.7190800117       -0.0110847542
        0.4326487893        0.2188944716       -0.1308941495
        0.4326487893        0.2188937711       -0.1308943808
        1.2979463678        0.7190820966       -0.0110845314
        2.1632439464        0.9167451203       -0.0050473755
        1.5599373940        0.7994754870       -0.0154659422
        0.9674321032        0.5361368966       -0.0355293569
        0.9674321032        0.5360697350       -0.0352652310
        1.5599373940        0.7995702444       -0.0154522406
        2.1632439464        0.9094758579       -0.0082562061
        1.7838566570        0.8541350010       -0.0160368253
        1.7838566570        0.8542960360       -0.0160629741
        2.1632439464        0.9093620067       -0.0082895595
        1.9826458262        0.8815015905       -0.0117058361
        1.9826458262        0.8815447726       -0.0115473006
        1.7838566570        0.8513771024       -0.0159776545
        1.2979463678        0.6996217052       -0.0265388498
        1.2979463678        0.6996654711       -0.0264510135
        1.7838566570        0.8515846170       -0.0158030513
        1.5599373940        0.7994778324       -0.0154697220
        0.9674321032        0.5360949822       -0.0353294233
        0.9674321032        0.5362322366       -0.0354993582
        1.5599373940        0.7994288222       -0.0154633203
        1.7838566570        0.8511826949       -0.0158041882
        1.2979463678        0.6998652167       -0.0265978251
        1.2979463678        0.6998605801       -0.0265777795
        1.7838566570        0.8511975223       -0.0158087206
        1.9826458262        0.8816020963       -0.0117153235
        1.9826458262        0.8816149138       -0.0117121425
        1.9826458262        0.8814993776       -0.0116970852
        1.9826458262        0.8815224988       -0.0115323396
        2.1632439464        0.9093672079       -0.0082812380
        1.7838566570        0.8542712921       -0.0160439111
        1.7838566570        0.8540709383       -0.0160345563
        2.1632439464        0.9094654704       -0.0082681883
        1.9826458262        0.8816272546       -0.0116853046
        1.9826458262        0.8815598647       -0.0117161433
