#epsqw diagonal term
#1:q+G [au], 2:Re(eps-1), 3:Im(eps-1)
        1.9826458262        1.0384313929       -0.0323411742
        1.9826458262        1.0384188889       -0.0326994966
        2.1632439464        1.0224485651       -0.0278685460
        1.7838566570        1.0668032339       -0.0354295221
        1.7838566570        1.0668336431       -0.0355516191
        2.1632439464        1.0225211560       -0.0279082727
        1.9826458262        1.0385127488       -0.0328627177
        1.9826458262        1.0383137203       -0.0324034802
        1.9826458262        1.0383447087       -0.0330222045
        1.9826458262        1.0383123947       -0.0326608533
        1.7838566570        1.0516663564       -0.0396624188
        1.2979463678        1.1213910802       -0.0378240183
        1.2979463678        1.1213746558       -0.0378218496
        1.7838566570        1.0516445571       -0.0397113177
        1.5599373940        1.0853485733       -0.0369633349
        0.9674321032        1.1847710606       -0.0300045679
        0.9674321032        1.1848621935       -0.0299482628
        1.5599373940        1.0854510606       -0.0368851804
        1.7838566570        1.0515734190       -0.0392823138
        1.2979463678        1.1214210451       -0.0377858477
        1.2979463678        1.1212966674       -0.0374086841
        1.7838566570        1.0513624196       -0.0389121496
        1.9826458262        1.0383967510       -0.0331004583
        1.9826458262        1.0382402353       -0.0328153960
        2.1632439464        1.0224492578       -0.0278264647
        1.7838566570        1.0665838403       -0.0361925220
        1.7838566570        1.0664193272       -0.0359008325
        2.1632439464        1.0223649387       -0.0277612419
        1.5599373940        1.0854076236       -0.0366921688
        0.9674321032        1.1845999655       -0.0307302811
        0.9674321032        1.1844067619       -0.0305958543
        1.5599373940        1.0852641224       -0.0366272552
        2.1632439464        1.0345661046       -0.0288619894
        1.2979463678        1.1390777762       -0.0375983414
        0.4326487893        1.2544288677       -0.0133538658
        0.4326487893        1.2544259050       -0.0133539019
        1.2979463678        1.1390730936       -0.0375978693
        2.1632439464        1.0345641798       -0.0288605739
        1.5599373940        1.0852656422       -0.0366296813
        0.9674321032        1.1844036192       -0.0305961991
        0.9674321032        1.1845951907       -0.0307295789
        1.5599373940        1.0854034563       -0.0366918520
        2.1632439464        1.0223637941       -0.0277623710
        1.7838566570        1.0664165734       -0.0359005406
        1.7838566570        1.0665850596       -0.0361899472
        2.1632439464        1.0224473259       -0.0278264925
        1.9826458262        1.0382370674       -0.0328175836
        1.9826458262        1.0383992059       -0.0331002364
        1.7838566570        1.0513583192       -0.0389156515
        1.2979463678        1.1212973875       -0.0374079708
        1.2979463678        1.1214197627       -0.0377867776
        1.7838566570        1.0515779314       -0.0392784405
        1.5599373940        1.0854522587       -0.0368865409
        0.9674321032        1.1848591167       -0.0299483783
        0.9674321032        1.1847661707       -0.0300038863
        1.5599373940        1.0853441027       -0.0369631983
        1.7838566570        1.0516456718       -0.0397119954
        1.2979463678        1.1213744862       -0.0378188784
        1.2979463678        1.1213895942       -0.0378225759
        1.7838566570        1.0516684017       -0.0396619882
        1.9826458262        1.0383177803       -0.0326568728
        1.9826458262        1.0383456931       -0.0330209598
        1.9826458262        1.0383171444       -0.0324008117
        1.9826458262        1.0385089904       -0.0328645218
        2.1632439464        1.0225208823       -0.0279084636
        1.7838566570        1.0668305994       -0.0355511879
        1.7838566570        1.0668044058       -0.0354273146
        2.1632439464        1.0224461524       -0.0278693162
        1.9826458262        1.0384168097       -0.0326988675
        1.9826458262        1.0384384777       -0.0323370744
