#epsqw diagonal term
#1:q+G [au], 2:Re(eps-1), 3:Im(eps-1)
        1.9826458262        0.8643563752       -0.1195740829
        1.9826458262        0.8637914571       -0.1198816130
        2.1632439464        0.8949149824       -0.1010222881
        1.7838566570        0.8089758150       -0.1554350107
        1.7838566570        0.8102043765       -0.1554336350
        2.1632439464        0.8947881935       -0.1008584194
        1.9826458262        0.8644250728       -0.1191496792
        1.9826458262        0.8639825229       -0.1205737198
        1.9826458262        0.8640612518       -0.1206327997
        1.9826458262        0.8646479397       -0.1199671145
        1.7838566570        0.8246683877       -0.1698224244
        1.2979463678        0.6270910044       -0.2664483003
        1.2979463678        0.6261266123       -0.2678796327
        1.7838566570        0.8240549440       -0.1686962042
        1.5599373940        0.7431821602       -0.1904086795
        0.9674321032        0.4754398010       -0.3398368605
        0.9674321032        0.4776152898       -0.3400023743
        1.5599373940        0.7453466365       -0.1898666023
        1.7838566570        0.8238202118       -0.1687562478
        1.2979463678        0.6266214731       -0.2671746263
        1.2979463678        0.6239458277       -0.2676709613
        1.7838566570        0.8229067348       -0.1697555731
        1.9826458262        0.8644805032       -0.1202670393
        1.9826458262        0.8641456273       -0.1205173216
        2.1632439464        0.8942583969       -0.1005907929
        1.7838566570        0.8103438606       -0.1550715933
        1.7838566570        0.8094495764       -0.1546117298
        2.1632439464        0.8944647112       -0.1000653407
        1.5599373940        0.7454559068       -0.1902355171
        0.9674321032        0.4772403533       -0.3381645411
        0.9674321032        0.4773171103       -0.3373632231
        1.5599373940        0.7441445635       -0.1897843304
        2.1632439464        0.9039297776       -0.0949016018
        1.2979463678        0.6349640689       -0.1782550757
        0.4326487893        0.3435935943       -0.4364040279
        0.4326487893        0.3435918272       -0.4364050719
        1.2979463678        0.6349660544       -0.1782552414
        2.1632439464        0.9039310281       -0.0949016291
        1.5599373940        0.7441447139       -0.1897848779
        0.9674321032        0.4773213741       -0.3373653397
        0.9674321032        0.4772443890       -0.3381683500
        1.5599373940        0.7454623053       -0.1902382854
        2.1632439464        0.8944652704       -0.1000649283
        1.7838566570        0.8094512745       -0.1546122752
        1.7838566570        0.8103470321       -0.1550725988
        2.1632439464        0.8942594716       -0.1005911377
        1.9826458262        0.8641434498       -0.1205187772
        1.9826458262        0.8644781689       -0.1202680677
        1.7838566570        0.8229065924       -0.1697540936
        1.2979463678        0.6239466034       -0.2676698059
        1.2979463678        0.6266229553       -0.2671756001
        1.7838566570        0.8238207984       -0.1687557655
        1.5599373940        0.7453469405       -0.1898662219
        0.9674321032        0.4776194441       -0.3400046262
        0.9674321032        0.4754422855       -0.3398416813
        1.5599373940        0.7431876865       -0.1904104038
        1.7838566570        0.8240550018       -0.1686979763
        1.2979463678        0.6261320953       -0.2678824074
        1.2979463678        0.6270967807       -0.2664510921
        1.7838566570        0.8246710801       -0.1698241410
        1.9826458262        0.8646485839       -0.1199679757
        1.9826458262        0.8640626301       -0.1206346078
        1.9826458262        0.8639846279       -0.1205730860
        1.9826458262        0.8644283063       -0.1191492259
        2.1632439464        0.8947890166       -0.1008582241
        1.7838566570        0.8102059175       -0.1554346444
        1.7838566570        0.8089782983       -0.1554355197
        2.1632439464        0.8949164878       -0.1010224890
        1.9826458262        0.8637933112       -0.1198820211
        1.9826458262        0.8643580113       -0.1195741694
