#epsqw diagonal term
#1:q+G [au], 2:Re(eps-1), 3:Im(eps-1)
        1.9826458262        0.8905995435       -0.0005803008
        1.9826458262        0.8906411606       -0.0005790148
        2.1632439464        0.9158593372       -0.0004392263
        1.7838566570        0.8633393407       -0.0006003697
        1.7838566570        0.8633405479       -0.0006005342
        2.1632439464        0.9158553234       -0.0004388847
        1.9826458262        0.8906297162       -0.0005790367
        1.9826458262        0.8906338129       -0.0005790599
        1.9826458262        0.8906582345       -0.0005792010
        1.9826458262        0.8906165107       -0.0005804734
        1.7838566570        0.8577437599       -0.0007255233
        1.2979463678        0.7170589404       -0.0011198492
        1.2979463678        0.7170571978       -0.0011198340
        1.7838566570        0.8577448905       -0.0007255170
        1.5599373940        0.8071388386       -0.0008217833
        0.9674321032        0.5683626363       -0.0015301674
        0.9674321032        0.5683987815       -0.0015296407
        1.5599373940        0.8071537943       -0.0008211310
        1.7838566570        0.8576577407       -0.0007282862
        1.2979463678        0.7170724095       -0.0011193190
        1.2979463678        0.7170601972       -0.0011196244
        1.7838566570        0.8577239468       -0.0007265348
        1.9826458262        0.8906463372       -0.0005792796
        1.9826458262        0.8906508671       -0.0005791657
        2.1632439464        0.9158738249       -0.0004389133
        1.7838566570        0.8633687328       -0.0006005760
        1.7838566570        0.8633691392       -0.0006004100
        2.1632439464        0.9158796895       -0.0004392625
        1.5599373940        0.8071688436       -0.0008214591
        0.9674321032        0.5684151715       -0.0015297503
        0.9674321032        0.5683867103       -0.0015301197
        1.5599373940        0.8071566705       -0.0008221634
        2.1632439464        0.9216321869       -0.0003398023
        1.2979463678        0.7392654938       -0.0009653089
        0.4326487893        0.2983989676       -0.0023507799
        0.4326487893        0.2983991592       -0.0023507806
        1.2979463678        0.7392676353       -0.0009653077
        2.1632439464        0.9216331462       -0.0003398011
        1.5599373940        0.8071559990       -0.0008221633
        0.9674321032        0.5683882027       -0.0015301223
        0.9674321032        0.5684179652       -0.0015297564
        1.5599373940        0.8071724117       -0.0008214570
        2.1632439464        0.9158802409       -0.0004392616
        1.7838566570        0.8633702950       -0.0006004096
        1.7838566570        0.8633704235       -0.0006005746
        2.1632439464        0.9158754008       -0.0004389107
        1.9826458262        0.8906500117       -0.0005791664
        1.9826458262        0.8906453716       -0.0005792802
        1.7838566570        0.8577234324       -0.0007265349
        1.2979463678        0.7170597858       -0.0011196244
        1.2979463678        0.7170726964       -0.0011193196
        1.7838566570        0.8576581914       -0.0007282871
        1.5599373940        0.8071531918       -0.0008211311
        0.9674321032        0.5684002615       -0.0015296436
        0.9674321032        0.5683655447       -0.0015301740
        1.5599373940        0.8071424729       -0.0008217807
        1.7838566570        0.8577447439       -0.0007255167
        1.2979463678        0.7170592426       -0.0011198338
        1.2979463678        0.7170620597       -0.0011198493
        1.7838566570        0.8577452212       -0.0007255216
        1.9826458262        0.8906172724       -0.0005804731
        1.9826458262        0.8906598223       -0.0005791988
        1.9826458262        0.8906343656       -0.0005790601
        1.9826458262        0.8906308933       -0.0005790359
        2.1632439464        0.9158557895       -0.0004388840
        1.7838566570        0.8633416284       -0.0006005335
        1.7838566570        0.8633411085       -0.0006003679
        2.1632439464        0.9158609980       -0.0004392236
        1.9826458262        0.8906424127       -0.0005790136
        1.9826458262        0.8906007673       -0.0005802992
