#epsqw diagonal term
#1:q+G [au], 2:Re(eps-1), 3:Im(eps-1)
        1.9826458262        0.8815546061       -0.0086067593
        1.9826458262        0.8815914224       -0.0085682365
        2.1632439464        0.9096175367       -0.0070181640
        1.7838566570        0.8515451794       -0.0111645467
        1.7838566570        0.8517075895       -0.0113377992
        2.1632439464        0.9095703229       -0.0069764069
        1.9826458262        0.8816011294       -0.0085080493
        1.9826458262        0.8816014866       -0.0085184301
        1.9826458262        0.8815965630       -0.0085487829
        1.9826458262        0.8815594512       -0.0086345945
        1.7838566570        0.8508810997       -0.0139716702
        1.2979463678        0.6974286390       -0.0181823158
        1.2979463678        0.6973799513       -0.0181874469
        1.7838566570        0.8508964380       -0.0139690650
        1.5599373940        0.7987095464       -0.0147195560
        0.9674321032        0.5378341162       -0.0277893414
        0.9674321032        0.5380937596       -0.0275049988
        1.5599373940        0.7986211065       -0.0147447124
        1.7838566570        0.8511726411       -0.0143730946
        1.2979463678        0.6973286750       -0.0181476969
        1.2979463678        0.6976063807       -0.0182784405
        1.7838566570        0.8508825315       -0.0142445244
        1.9826458262        0.8815954266       -0.0085239660
        1.9826458262        0.8816084191       -0.0085209300
        2.1632439464        0.9095999882       -0.0069474524
        1.7838566570        0.8517443558       -0.0113222432
        1.7838566570        0.8515433812       -0.0112250400
        2.1632439464        0.9096421325       -0.0070292214
        1.5599373940        0.7986273232       -0.0148065582
        0.9674321032        0.5381592796       -0.0274570309
        0.9674321032        0.5379111673       -0.0277122216
        1.5599373940        0.7987621699       -0.0146982674
        2.1632439464        0.9163512501       -0.0037311094
        1.2979463678        0.7223221409       -0.0068949854
        0.4326487893        0.1967288681       -0.0759074301
        0.4326487893        0.1967268859       -0.0759070753
        1.2979463678        0.7223244950       -0.0068950368
        2.1632439464        0.9163524397       -0.0037312163
        1.5599373940        0.7987617577       -0.0146983701
        0.9674321032        0.5379126287       -0.0277115849
        0.9674321032        0.5381614115       -0.0274574727
        1.5599373940        0.7986309082       -0.0148066172
        2.1632439464        0.9096426276       -0.0070291486
        1.7838566570        0.8515452056       -0.0112248393
        1.7838566570        0.8517458144       -0.0113221857
        2.1632439464        0.9096016730       -0.0069472764
        1.9826458262        0.8816077008       -0.0085207660
        1.9826458262        0.8815947312       -0.0085240830
        1.7838566570        0.8508822098       -0.0142443460
        1.2979463678        0.6976060539       -0.0182780641
        1.2979463678        0.6973294834       -0.0181481436
        1.7838566570        0.8511737221       -0.0143728117
        1.5599373940        0.7986204360       -0.0147446840
        0.9674321032        0.5380957999       -0.0275051708
        0.9674321032        0.5378366702       -0.0277902668
        1.5599373940        0.7987128407       -0.0147195648
        1.7838566570        0.8508959872       -0.0139691207
        1.2979463678        0.6973815967       -0.0181870082
        1.2979463678        0.6974320135       -0.0181828695
        1.7838566570        0.8508827297       -0.0139716881
        1.9826458262        0.8815601565       -0.0086344104
        1.9826458262        0.8815982565       -0.0085488650
        1.9826458262        0.8816020968       -0.0085183614
        1.9826458262        0.8816025502       -0.0085082380
        2.1632439464        0.9095706416       -0.0069765944
        1.7838566570        0.8517088070       -0.0113379778
        1.7838566570        0.8515462180       -0.0111648831
        2.1632439464        0.9096192745       -0.0070182562
        1.9826458262        0.8815925021       -0.0085681596
        1.9826458262        0.8815558962       -0.0086069997
