#epsqw diagonal term
#1:q+G [au], 2:Re(eps-1), 3:Im(eps-1)
        1.9826458262        1.0711359658       -0.0523567183
        1.9826458262        1.0710400350       -0.0522969313
        2.1632439464        1.0561920283       -0.0398600307
        1.7838566570        1.0946399891       -0.0815181068
        1.7838566570        1.0944855707       -0.0815162802
        2.1632439464        1.0562025777       -0.0398740365
        1.9826458262        1.0705554463       -0.0523573342
        1.9826458262        1.0705411515       -0.0525175102
        1.9826458262        1.0706545377       -0.0537916823
        1.9826458262        1.0712026881       -0.0538207077
        1.7838566570        1.0754890718       -0.0320315081
        1.2979463678        1.1193562183       -0.0327609730
        1.2979463678        1.1197743826       -0.0327231081
        1.7838566570        1.0760729871       -0.0319488113
        1.5599373940        1.1041860165       -0.0453993247
        0.9674321032        1.1614852509       -0.0389166601
        0.9674321032        1.1612937946       -0.0388431027
        1.5599373940        1.1039950628       -0.0453455313
        1.7838566570        1.0758135184       -0.0320645517
        1.2979463678        1.1187361317       -0.0327266519
        1.2979463678        1.1186267659       -0.0329583308
        1.7838566570        1.0753881401       -0.0324047380
        1.9826458262        1.0704430854       -0.0538430974
        1.9826458262        1.0702881381       -0.0540007207
        2.1632439464        1.0558488630       -0.0398382260
        1.7838566570        1.0939188693       -0.0838226983
        1.7838566570        1.0944760535       -0.0838234220
        2.1632439464        1.0562701949       -0.0398020457
        1.5599373940        1.1035160946       -0.0446609822
        0.9674321032        1.1607123132       -0.0393947888
        0.9674321032        1.1615951678       -0.0394208815
        1.5599373940        1.1044756568       -0.0446250703
        2.1632439464        1.0877384280       -0.0819167079
        1.2979463678        1.1444122901       -0.0664523852
        0.4326487893        1.1990516506       -0.0160357354
        0.4326487893        1.1990488875       -0.0160402140
        1.2979463678        1.1444043130       -0.0664658426
        2.1632439464        1.0877297823       -0.0819305293
        1.5599373940        1.1044814152       -0.0446129269
        0.9674321032        1.1615889979       -0.0394287121
        0.9674321032        1.1607056897       -0.0394062283
        1.5599373940        1.1035102050       -0.0446739820
        2.1632439464        1.0562655647       -0.0398038610
        1.7838566570        1.0944640671       -0.0838371830
        1.7838566570        1.0939079994       -0.0838368853
        2.1632439464        1.0558421048       -0.0398467040
        1.9826458262        1.0702976606       -0.0539923637
        1.9826458262        1.0704513266       -0.0538381887
        1.7838566570        1.0753916613       -0.0324016890
        1.2979463678        1.1186264647       -0.0329587181
        1.2979463678        1.1187363304       -0.0327265875
        1.7838566570        1.0758083805       -0.0320679148
        1.5599373940        1.1039994162       -0.0453347179
        0.9674321032        1.1612872683       -0.0388528180
        0.9674321032        1.1614783327       -0.0389264241
        1.5599373940        1.1041790318       -0.0454113683
        1.7838566570        1.0760746746       -0.0319472756
        1.2979463678        1.1197692048       -0.0327335791
        1.2979463678        1.1193492425       -0.0327698656
        1.7838566570        1.0754859317       -0.0320398444
        1.9826458262        1.0711921892       -0.0538297254
        1.9826458262        1.0706463788       -0.0538042948
        1.9826458262        1.0705296689       -0.0525222342
        1.9826458262        1.0705489089       -0.0523664826
        2.1632439464        1.0561966017       -0.0398778862
        1.7838566570        1.0944730889       -0.0815320382
        1.7838566570        1.0946294564       -0.0815307380
        2.1632439464        1.0561852371       -0.0398667050
        1.9826458262        1.0710320524       -0.0523072667
        1.9826458262        1.0711256283       -0.0523681085
