#epsqw diagonal term
#1:q+G [au], 2:Re(eps-1), 3:Im(eps-1)
        1.9826458262        1.0030111024       -0.0000093790
        1.9826458262        1.0030112013       -0.0000093789
        2.1632439464        1.0023613368       -0.0000069978
        1.7838566570        1.0038983287       -0.0000122795
        1.7838566570        1.0038986959       -0.0000122802
        2.1632439464        1.0023617755       -0.0000069996
        1.9826458262        1.0030113057       -0.0000093796
        1.9826458262        1.0030117954       -0.0000093802
        1.9826458262        1.0030103826       -0.0000093762
        1.9826458262        1.0030100577       -0.0000093761
        1.7838566570        1.0039024702       -0.0000127529
        1.2979463678        1.0070749991       -0.0000266033
        1.2979463678        1.0070745647       -0.0000266027
        1.7838566570        1.0039026738       -0.0000127528
        1.5599373940        1.0051978073       -0.0000175433
        0.9674321032        1.0099404420       -0.0000418373
        0.9674321032        1.0099400849       -0.0000418336
        1.5599373940        1.0051986245       -0.0000175440
        1.7838566570        1.0039019740       -0.0000127529
        1.2979463678        1.0070734317       -0.0000266008
        1.2979463678        1.0070735414       -0.0000266013
        1.7838566570        1.0039032615       -0.0000127542
        1.9826458262        1.0030104175       -0.0000093769
        1.9826458262        1.0030108029       -0.0000093775
        2.1632439464        1.0023610043       -0.0000069973
        1.7838566570        1.0038973173       -0.0000122762
        1.7838566570        1.0038968577       -0.0000122753
        2.1632439464        1.0023605744       -0.0000069953
        1.5599373940        1.0051978752       -0.0000175417
        0.9674321032        1.0099384076       -0.0000418292
        0.9674321032        1.0099392779       -0.0000418306
        1.5599373940        1.0051973693       -0.0000175407
        2.1632439464        1.0023694305       -0.0000069449
        1.2979463678        1.0071217254       -0.0000246949
        0.4326487893        1.0135219683       -0.0000769590
        0.4326487893        1.0135255395       -0.0000769614
        1.2979463678        1.0071215978       -0.0000246946
        2.1632439464        1.0023694483       -0.0000069448
        1.5599373940        1.0051973107       -0.0000175407
        0.9674321032        1.0099392373       -0.0000418305
        0.9674321032        1.0099383507       -0.0000418281
        1.5599373940        1.0051978389       -0.0000175414
        2.1632439464        1.0023605603       -0.0000069953
        1.7838566570        1.0038967482       -0.0000122752
        1.7838566570        1.0038971379       -0.0000122760
        2.1632439464        1.0023608904       -0.0000069971
        1.9826458262        1.0030109667       -0.0000093776
        1.9826458262        1.0030105189       -0.0000093770
        1.7838566570        1.0039032727       -0.0000127543
        1.2979463678        1.0070736379       -0.0000266017
        1.2979463678        1.0070734100       -0.0000266006
        1.7838566570        1.0039020238       -0.0000127529
        1.5599373940        1.0051985607       -0.0000175439
        0.9674321032        1.0099396726       -0.0000418335
        0.9674321032        1.0099400738       -0.0000418362
        1.5599373940        1.0051976616       -0.0000175429
        1.7838566570        1.0039026256       -0.0000127530
        1.2979463678        1.0070747962       -0.0000266026
        1.2979463678        1.0070744963       -0.0000266026
        1.7838566570        1.0039024617       -0.0000127526
        1.9826458262        1.0030100272       -0.0000093761
        1.9826458262        1.0030102922       -0.0000093760
        1.9826458262        1.0030118797       -0.0000093801
        1.9826458262        1.0030113118       -0.0000093794
        2.1632439464        1.0023618020       -0.0000069995
        1.7838566570        1.0038986493       -0.0000122800
        1.7838566570        1.0038982534       -0.0000122792
        2.1632439464        1.0023612630       -0.0000069975
        1.9826458262        1.0030111789       -0.0000093788
        1.9826458262        1.0030110069       -0.0000093788
