#epsqw diagonal term
#1:q+G [au], 2:Re(eps-1), 3:Im(eps-1)
        1.9826458262        0.8783430495       -0.0216785356
        1.9826458262        0.8785440945       -0.0215670192
        2.1632439464        0.9076142593       -0.0164593103
        1.7838566570        0.8583798052       -0.0173752683
        1.7838566570        0.8583250176       -0.0172238258
        2.1632439464        0.9077108516       -0.0164051192
        1.9826458262        0.8782749227       -0.0215967027
        1.9826458262        0.8784198998       -0.0216651163
        1.9826458262        0.8784737258       -0.0215129341
        1.9826458262        0.8785440262       -0.0217550658
        1.7838566570        0.8460863807       -0.0234856784
        1.2979463678        0.7031087233       -0.0280489227
        1.2979463678        0.7032002333       -0.0279406254
        1.7838566570        0.8460434628       -0.0233485477
        1.5599373940        0.7936479614       -0.0240341452
        0.9674321032        0.5481568658       -0.0344273010
        0.9674321032        0.5483442829       -0.0343414598
        1.5599373940        0.7937271587       -0.0240085225
        1.7838566570        0.8461635648       -0.0233815998
        1.2979463678        0.7034291239       -0.0277975601
        1.2979463678        0.7035758049       -0.0278065179
        1.7838566570        0.8461861403       -0.0231811379
        1.9826458262        0.8783866475       -0.0215761863
        1.9826458262        0.8783562152       -0.0215106988
        2.1632439464        0.9076116425       -0.0163158946
        1.7838566570        0.8582488549       -0.0172505782
        1.7838566570        0.8583685511       -0.0174187473
        2.1632439464        0.9075991887       -0.0163681467
        1.5599373940        0.7935164380       -0.0238550362
        0.9674321032        0.5480388656       -0.0342405443
        0.9674321032        0.5477973809       -0.0342973777
        1.5599373940        0.7934895434       -0.0238216800
        2.1632439464        0.9162953365       -0.0086614033
        1.2979463678        0.7125234809       -0.0377282437
        0.4326487893        0.2908897868       -0.1165222022
        0.4326487893        0.2908863611       -0.1165206058
        1.2979463678        0.7125259741       -0.0377276960
        2.1632439464        0.9162963495       -0.0086614846
        1.5599373940        0.7934886814       -0.0238219978
        0.9674321032        0.5477980783       -0.0342976222
        0.9674321032        0.5480411005       -0.0342410291
        1.5599373940        0.7935200239       -0.0238551261
        2.1632439464        0.9075995530       -0.0163682181
        1.7838566570        0.8583693412       -0.0174193015
        1.7838566570        0.8582501106       -0.0172505139
        2.1632439464        0.9076132928       -0.0163161281
        1.9826458262        0.8783555955       -0.0215105033
        1.9826458262        0.8783861324       -0.0215760144
        1.7838566570        0.8461854757       -0.0231811280
        1.2979463678        0.7035751849       -0.0278065106
        1.2979463678        0.7034293418       -0.0277978653
        1.7838566570        0.8461639813       -0.0233814846
        1.5599373940        0.7937265790       -0.0240086369
        0.9674321032        0.5483463597       -0.0343415719
        0.9674321032        0.5481605536       -0.0344275781
        1.5599373940        0.7936517037       -0.0240340673
        1.7838566570        0.8460432233       -0.0233485100
        1.2979463678        0.7032021922       -0.0279402794
        1.2979463678        0.7031118869       -0.0280494757
        1.7838566570        0.8460878026       -0.0234859256
        1.9826458262        0.8785447633       -0.0217553280
        1.9826458262        0.8784753821       -0.0215130975
        1.9826458262        0.8784206464       -0.0216651195
        1.9826458262        0.8782765575       -0.0215966825
        2.1632439464        0.9077112389       -0.0164049342
        1.7838566570        0.8583266894       -0.0172238937
        1.7838566570        0.8583819352       -0.0173748716
        2.1632439464        0.9076161226       -0.0164592914
        1.9826458262        0.8785455030       -0.0215668642
        1.9826458262        0.8783441572       -0.0216785579
