#epsqw diagonal term
#1:q+G [au], 2:Re(eps-1), 3:Im(eps-1)
        1.9826458262        0.8884956108       -0.0008642675
        1.9826458262        0.8885533492       -0.0008601072
        2.1632439464        0.9145541369       -0.0005564683
        1.7838566570        0.8617435128       -0.0007094873
        1.7838566570        0.8617428507       -0.0007097598
        2.1632439464        0.9145547216       -0.0005552071
        1.9826458262        0.8885411849       -0.0008603572
        1.9826458262        0.8885457619       -0.0008606909
        1.9826458262        0.8885599245       -0.0008644498
        1.9826458262        0.8885025111       -0.0008684984
        1.7838566570        0.8548044578       -0.0011483074
        1.2979463678        0.7133957669       -0.0015299239
        1.2979463678        0.7133947433       -0.0015297127
        1.7838566570        0.8548059582       -0.0011481431
        1.5599373940        0.8045770061       -0.0010760267
        0.9674321032        0.5637191274       -0.0018113746
        0.9674321032        0.5637621090       -0.0018095881
        1.5599373940        0.8046020591       -0.0010734825
        1.7838566570        0.8546845183       -0.0011578718
        1.2979463678        0.7134159854       -0.0015284885
        1.2979463678        0.7134064564       -0.0015278832
        1.7838566570        0.8547773319       -0.0011502637
        1.9826458262        0.8885447208       -0.0008656103
        1.9826458262        0.8885553579       -0.0008640059
        2.1632439464        0.9145708927       -0.0005556340
        1.7838566570        0.8617697494       -0.0007099701
        1.7838566570        0.8617721597       -0.0007096670
        2.1632439464        0.9145720931       -0.0005569018
        1.5599373940        0.8046104496       -0.0010748845
        0.9674321032        0.5637766047       -0.0018099471
        0.9674321032        0.5637438625       -0.0018112442
        1.5599373940        0.8045876021       -0.0010775617
        2.1632439464        0.9209270750       -0.0003765475
        1.2979463678        0.7370025978       -0.0010789523
        0.4326487893        0.2879877215       -0.0029647529
        0.4326487893        0.2879879373       -0.0029647499
        1.2979463678        0.7370047380       -0.0010789512
        2.1632439464        0.9209280314       -0.0003765466
        1.5599373940        0.8045869407       -0.0010775595
        0.9674321032        0.5637453382       -0.0018112476
        0.9674321032        0.5637793652       -0.0018099554
        1.5599373940        0.8046139977       -0.0010748849
        2.1632439464        0.9145726434       -0.0005569011
        1.7838566570        0.8617733066       -0.0007096675
        1.7838566570        0.8617714323       -0.0007099696
        2.1632439464        0.9145724652       -0.0005556321
        1.9826458262        0.8885545054       -0.0008640069
        1.9826458262        0.8885437604       -0.0008656112
        1.7838566570        0.8547768175       -0.0011502663
        1.2979463678        0.7134060377       -0.0015278896
        1.2979463678        0.7134162594       -0.0015284956
        1.7838566570        0.8546849508       -0.0011578786
        1.5599373940        0.8046014660       -0.0010734811
        0.9674321032        0.5637635672       -0.0018095929
        0.9674321032        0.5637219967       -0.0018113846
        1.5599373940        0.8045806239       -0.0010760269
        1.7838566570        0.8548058178       -0.0011481416
        1.2979463678        0.7133967753       -0.0015297146
        1.2979463678        0.7133988669       -0.0015299269
        1.7838566570        0.8548059151       -0.0011483057
        1.9826458262        0.8885032638       -0.0008685005
        1.9826458262        0.8885615081       -0.0008644492
        1.9826458262        0.8885463002       -0.0008606955
        1.9826458262        0.8885423503       -0.0008603600
        2.1632439464        0.9145551879       -0.0005552063
        1.7838566570        0.8617439266       -0.0007097597
        1.7838566570        0.8617452774       -0.0007094860
        2.1632439464        0.9145557952       -0.0005564661
        1.9826458262        0.8885545965       -0.0008601053
        1.9826458262        0.8884968335       -0.0008642652
