#epsqw diagonal term
#1:q+G [au], 2:Re(eps-1), 3:Im(eps-1)
        1.9826458262        0.8904862612       -0.0005882822
        1.9826458262        0.8905285797       -0.0005869111
        2.1632439464        0.9157833837       -0.0004438123
        1.7838566570        0.8632429512       -0.0006057150
        1.7838566570        0.8632440522       -0.0006058934
        2.1632439464        0.9157795611       -0.0004434454
        1.9826458262        0.8905171036       -0.0005869379
        1.9826458262        0.8905212168       -0.0005869541
        1.9826458262        0.8905454096       -0.0005871472
        1.9826458262        0.8905030016       -0.0005885024
        1.7838566570        0.8575897422       -0.0007374037
        1.2979463678        0.7168536916       -0.0011325832
        1.2979463678        0.7168519723       -0.0011325643
        1.7838566570        0.8575908784       -0.0007373959
        1.5599373940        0.8069935522       -0.0008310762
        0.9674321032        0.5680793548       -0.0015441705
        0.9674321032        0.5681158014       -0.0015436107
        1.5599373940        0.8070089353       -0.0008303707
        1.7838566570        0.8575021978       -0.0007403423
        1.2979463678        0.7168674711       -0.0011320174
        1.2979463678        0.7168552579       -0.0011323028
        1.7838566570        0.8575694857       -0.0007384484
        1.9826458262        0.8905334137       -0.0005872443
        1.9826458262        0.8905381149       -0.0005870938
        2.1632439464        0.9157979844       -0.0004434882
        1.7838566570        0.8632721790       -0.0006059425
        1.7838566570        0.8632726961       -0.0006057616
        2.1632439464        0.9158036524       -0.0004438631
        1.5599373940        0.8070237282       -0.0008307373
        0.9674321032        0.5681321092       -0.0015437307
        0.9674321032        0.5681034741       -0.0015441189
        1.5599373940        0.8070110982       -0.0008314981
        2.1632439464        0.9215881637       -0.0003418052
        1.2979463678        0.7391237046       -0.0009714779
        0.4326487893        0.2977628815       -0.0023834570
        0.4326487893        0.2977630739       -0.0023834575
        1.2979463678        0.7391258458       -0.0009714766
        2.1632439464        0.9215891228       -0.0003418040
        1.5599373940        0.8070104272       -0.0008314980
        0.9674321032        0.5681049651       -0.0015441216
        0.9674321032        0.5681349008       -0.0015437369
        1.5599373940        0.8070272950       -0.0008307354
        2.1632439464        0.9158042037       -0.0004438622
        1.7838566570        0.8632738512       -0.0006057612
        1.7838566570        0.8632738693       -0.0006059411
        2.1632439464        0.9157995600       -0.0004434857
        1.9826458262        0.8905372597       -0.0005870944
        1.9826458262        0.8905324485       -0.0005872449
        1.7838566570        0.8575689716       -0.0007384485
        1.2979463678        0.7168548465       -0.0011323029
        1.2979463678        0.7168677579       -0.0011320180
        1.7838566570        0.8575026475       -0.0007403432
        1.5599373940        0.8070083335       -0.0008303707
        0.9674321032        0.5681172802       -0.0015436137
        0.9674321032        0.5680822612       -0.0015441772
        1.5599373940        0.8069971856       -0.0008310737
        1.7838566570        0.8575907322       -0.0007373956
        1.2979463678        0.7168540165       -0.0011325641
        1.2979463678        0.7168568098       -0.0011325835
        1.7838566570        0.8575912030       -0.0007374019
        1.9826458262        0.8905037630       -0.0005885022
        1.9826458262        0.8905469971       -0.0005871450
        1.9826458262        0.8905217690       -0.0005869544
        1.9826458262        0.8905182802       -0.0005869371
        2.1632439464        0.9157800273       -0.0004434447
        1.7838566570        0.8632451324       -0.0006058927
        1.7838566570        0.8632447190       -0.0006057132
        2.1632439464        0.9157850445       -0.0004438096
        1.9826458262        0.8905298313       -0.0005869100
        1.9826458262        0.8904874849       -0.0005882806
