#epsqw diagonal term
#1:q+G [au], 2:Re(eps-1), 3:Im(eps-1)
        1.9826458262        0.8877903828       -0.0012620198
        1.9826458262        0.8878566334       -0.0012556093
        2.1632439464        0.9141392165       -0.0006527006
        1.7838566570        0.8612639801       -0.0007650624
        1.7838566570        0.8612627653       -0.0007649920
        2.1632439464        0.9141422356       -0.0006506205
        1.9826458262        0.8878462294       -0.0012567835
        1.9826458262        0.8878518317       -0.0012588867
        1.9826458262        0.8878534826       -0.0012688184
        1.9826458262        0.8877878291       -0.0012749674
        1.7838566570        0.8537712395       -0.0016891983
        1.2979463678        0.7122180526       -0.0020532174
        1.2979463678        0.7122175388       -0.0020527449
        1.7838566570        0.8537731506       -0.0016887513
        1.5599373940        0.8037255061       -0.0012940532
        0.9674321032        0.5623378135       -0.0019445043
        0.9674321032        0.5623842044       -0.0019414982
        1.5599373940        0.8037560220       -0.0012899507
        1.7838566570        0.8536369244       -0.0017078099
        1.2979463678        0.7122430961       -0.0020522931
        1.2979463678        0.7122377154       -0.0020516936
        1.7838566570        0.8537424076       -0.0016938768
        1.9826458262        0.8878378952       -0.0012720668
        1.9826458262        0.8878540571       -0.0012697427
        2.1632439464        0.9141563842       -0.0006506927
        1.7838566570        0.8612889170       -0.0007651084
        1.7838566570        0.8612919473       -0.0007651365
        2.1632439464        0.9141551416       -0.0006527750
        1.5599373940        0.8037595656       -0.0012907854
        0.9674321032        0.5623975728       -0.0019416766
        0.9674321032        0.5623623718       -0.0019440639
        1.5599373940        0.8037310319       -0.0012950687
        2.1632439464        0.9207251254       -0.0003907573
        1.2979463678        0.7363557318       -0.0011260343
        0.4326487893        0.2849163022       -0.0031936664
        0.4326487893        0.2849165279       -0.0031936617
        1.2979463678        0.7363578716       -0.0011260333
        2.1632439464        0.9207260809       -0.0003907566
        1.5599373940        0.8037303759       -0.0012950633
        0.9674321032        0.5623638425       -0.0019440668
        0.9674321032        0.5624003233       -0.0019416856
        1.5599373940        0.8037631069       -0.0012907872
        2.1632439464        0.9141556919       -0.0006527743
        1.7838566570        0.8612930912       -0.0007651372
        1.7838566570        0.8612905968       -0.0007651082
        2.1632439464        0.9141579555       -0.0006506912
        1.9826458262        0.8878532082       -0.0012697468
        1.9826458262        0.8878369398       -0.0012720719
        1.7838566570        0.8537418969       -0.0016938898
        1.2979463678        0.7122373047       -0.0020517225
        1.2979463678        0.7122433768       -0.0020523227
        1.7838566570        0.8536373542       -0.0017078317
        1.5599373940        0.8037554323       -0.0012899486
        0.9674321032        0.5623856557       -0.0019415043
        0.9674321032        0.5623406704       -0.0019445172
        1.5599373940        0.8037291168       -0.0012940570
        1.7838566570        0.8537730122       -0.0016887480
        1.2979463678        0.7122195659       -0.0020527491
        1.2979463678        0.7122211467       -0.0020532252
        1.7838566570        0.8537726961       -0.0016891962
        1.9826458262        0.8877885811       -0.0012749746
        1.9826458262        0.8878550674       -0.0012688225
        1.9826458262        0.8878523675       -0.0012589017
        1.9826458262        0.8878473939       -0.0012567961
        2.1632439464        0.9141427019       -0.0006506195
        1.7838566570        0.8612638399       -0.0007649926
        1.7838566570        0.8612657435       -0.0007650618
        2.1632439464        0.9141408736       -0.0006526986
        1.9826458262        0.8878578760       -0.0012556025
        1.9826458262        0.8877916026       -0.0012620144
