#epsqw diagonal term
#1:q+G [au], 2:Re(eps-1), 3:Im(eps-1)
        1.9826458262        1.0325244228       -0.0057098568
        1.9826458262        1.0324384183       -0.0056354260
        2.1632439464        1.0251433289       -0.0058599565
        1.7838566570        1.0423306173       -0.0046542299
        1.7838566570        1.0421916403       -0.0044846674
        2.1632439464        1.0248201449       -0.0055058129
        1.9826458262        1.0323829766       -0.0055232777
        1.9826458262        1.0320860764       -0.0052117853
        1.9826458262        1.0324855946       -0.0056665438
        1.9826458262        1.0324521085       -0.0056740494
        1.7838566570        1.0408826706       -0.0059482273
        1.2979463678        1.0684289060       -0.0045232976
        1.2979463678        1.0684084394       -0.0045128229
        1.7838566570        1.0408155866       -0.0059128653
        1.5599373940        1.0528813646       -0.0051151922
        0.9674321032        1.0915363260       -0.0039167702
        0.9674321032        1.0914673530       -0.0038200422
        1.5599373940        1.0526849844       -0.0048601103
        1.7838566570        1.0409349188       -0.0060119011
        1.2979463678        1.0683690053       -0.0044451268
        1.2979463678        1.0682025093       -0.0042403619
        1.7838566570        1.0403921999       -0.0054118553
        1.9826458262        1.0323851517       -0.0055339029
        1.9826458262        1.0320592832       -0.0051971409
        2.1632439464        1.0246768040       -0.0055509181
        1.7838566570        1.0421555670       -0.0044945633
        1.7838566570        1.0422917213       -0.0046652291
        2.1632439464        1.0249892560       -0.0059140416
        1.5599373940        1.0526134637       -0.0048871205
        0.9674321032        1.0914372261       -0.0038374533
        0.9674321032        1.0915012862       -0.0039368618
        1.5599373940        1.0528230691       -0.0051423376
        2.1632439464        1.0273444132       -0.0035507713
        1.2979463678        1.0710865617       -0.0043774254
        0.4326487893        1.1151227842       -0.0032696846
        0.4326487893        1.1151219338       -0.0032696916
        1.2979463678        1.0710852838       -0.0043774509
        2.1632439464        1.0273439360       -0.0035507649
        1.5599373940        1.0528233095       -0.0051423337
        0.9674321032        1.0915003310       -0.0039368891
        0.9674321032        1.0914353339       -0.0038374823
        1.5599373940        1.0526121678       -0.0048871239
        2.1632439464        1.0249890750       -0.0059140263
        1.7838566570        1.0422910808       -0.0046652348
        1.7838566570        1.0421547499       -0.0044945718
        2.1632439464        1.0246763079       -0.0055509165
        1.9826458262        1.0320597531       -0.0051971525
        1.9826458262        1.0323855189       -0.0055339166
        1.7838566570        1.0403925669       -0.0054118561
        1.2979463678        1.0682027445       -0.0042403551
        1.2979463678        1.0683689877       -0.0044451386
        1.7838566570        1.0409345848       -0.0060119052
        1.5599373940        1.0526852174       -0.0048601087
        0.9674321032        1.0914664311       -0.0038200748
        0.9674321032        1.0915343030       -0.0039168177
        1.5599373940        1.0528800404       -0.0051152155
        1.7838566570        1.0408156037       -0.0059128729
        1.2979463678        1.0684078663       -0.0045128486
        1.2979463678        1.0684276753       -0.0045233320
        1.7838566570        1.0408823492       -0.0059482428
        1.9826458262        1.0324516918       -0.0056740563
        1.9826458262        1.0324852145       -0.0056665566
        1.9826458262        1.0320856439       -0.0052117799
        1.9826458262        1.0323827562       -0.0055232792
        2.1632439464        1.0248199927       -0.0055058135
        1.7838566570        1.0421910740       -0.0044846818
        1.7838566570        1.0423297732       -0.0046542444
        2.1632439464        1.0251428022       -0.0058599700
        1.9826458262        1.0324381304       -0.0056354373
        1.9826458262        1.0325238647       -0.0057098733
