#epsqw diagonal term
#1:q+G [au], 2:Re(eps-1), 3:Im(eps-1)
        1.9826458262        0.8872706921       -0.0018568825
        1.9826458262        0.8873534280       -0.0018413644
        2.1632439464        0.9136349815       -0.0008621423
        1.7838566570        0.8606503252       -0.0008650267
        1.7838566570        0.8606481131       -0.0008639225
        2.1632439464        0.9136427557       -0.0008569081
        1.9826458262        0.8873410282       -0.0018292193
        1.9826458262        0.8873527959       -0.0018342519
        1.9826458262        0.8873494965       -0.0018925574
        1.9826458262        0.8872677345       -0.0019068633
        1.7838566570        0.8528273811       -0.0026429367
        1.2979463678        0.7112013629       -0.0028258983
        1.2979463678        0.7112017842       -0.0028240594
        1.7838566570        0.8528300862       -0.0026408727
        1.5599373940        0.8026601139       -0.0017877147
        0.9674321032        0.5605519694       -0.0021857869
        0.9674321032        0.5606049842       -0.0021784246
        1.5599373940        0.8027017378       -0.0017765997
        1.7838566570        0.8526891258       -0.0026811420
        1.2979463678        0.7112338781       -0.0028122974
        1.2979463678        0.7112418271       -0.0028061982
        1.7838566570        0.8528162948       -0.0026533550
        1.9826458262        0.8873274813       -0.0018878656
        1.9826458262        0.8873588452       -0.0018769129
        2.1632439464        0.9136486219       -0.0008593784
        1.7838566570        0.8606717312       -0.0008646062
        1.7838566570        0.8606758772       -0.0008657017
        2.1632439464        0.9136426225       -0.0008646230
        1.5599373940        0.8026870964       -0.0017823469
        0.9674321032        0.5606143625       -0.0021791810
        0.9674321032        0.5605739372       -0.0021859470
        1.5599373940        0.8026471147       -0.0017937787
        2.1632439464        0.9204680041       -0.0004129668
        1.2979463678        0.7355337691       -0.0012117141
        0.4326487893        0.2809237061       -0.0035491349
        0.4326487893        0.2809239461       -0.0035491285
        1.2979463678        0.7355359085       -0.0012117139
        2.1632439464        0.9204689586       -0.0004129664
        1.5599373940        0.8026464605       -0.0017937661
        0.9674321032        0.5605753986       -0.0021859507
        0.9674321032        0.5606170962       -0.0021791932
        1.5599373940        0.8026906198       -0.0017823519
        2.1632439464        0.9136431724       -0.0008646223
        1.7838566570        0.8606770157       -0.0008657042
        1.7838566570        0.8606734055       -0.0008646082
        2.1632439464        0.9136501898       -0.0008593774
        1.9826458262        0.8873579984       -0.0018769004
        1.9826458262        0.8873265343       -0.0018878495
        1.7838566570        0.8528158047       -0.0026533450
        1.2979463678        0.7112414384       -0.0028061792
        1.2979463678        0.7112341845       -0.0028122773
        1.7838566570        0.8526895716       -0.0026811467
        1.5599373940        0.8027011625       -0.0017765954
        0.9674321032        0.5606064303       -0.0021784315
        0.9674321032        0.5605548134       -0.0021858031
        1.5599373940        0.8026637215       -0.0017877264
        1.7838566570        0.8528299495       -0.0026408657
        1.2979463678        0.7112038031       -0.0028240677
        1.2979463678        0.7112044584       -0.0028259119
        1.7838566570        0.8528288360       -0.0026429341
        1.9826458262        0.8872684835       -0.0019068621
        1.9826458262        0.8873510826       -0.0018925503
        1.9826458262        0.8873533362       -0.0018342594
        1.9826458262        0.8873422001       -0.0018292182
        2.1632439464        0.9136432236       -0.0008569073
        1.7838566570        0.8606491876       -0.0008639231
        1.7838566570        0.8606520886       -0.0008650264
        2.1632439464        0.9136366371       -0.0008621411
        1.9826458262        0.8873546622       -0.0018413699
        1.9826458262        0.8872719109       -0.0018568887
