#epsqw diagonal term
#1:q+G [au], 2:Re(eps-1), 3:Im(eps-1)
        1.9826458262        0.8903524752       -0.0005981328
        1.9826458262        0.8903956458       -0.0005966538
        2.1632439464        0.9156942588       -0.0004493592
        1.7838566570        0.8631301883       -0.0006120998
        1.7838566570        0.8631311611       -0.0006122948
        2.1632439464        0.9156906701       -0.0004489600
        1.9826458262        0.8903841281       -0.0005966865
        1.9826458262        0.8903882644       -0.0005966938
        1.9826458262        0.8904121584       -0.0005969585
        1.9826458262        0.8903689196       -0.0005984189
        1.7838566570        0.8574071920       -0.0007521318
        1.2979463678        0.7166121752       -0.0011481865
        1.2979463678        0.7166104858       -0.0011481625
        1.7838566570        0.8574083371       -0.0007521218
        1.5599373940        0.8068225971       -0.0008424086
        0.9674321032        0.5677483811       -0.0015608903
        0.9674321032        0.5677851911       -0.0015602884
        1.5599373940        0.8068385017       -0.0008416353
        1.7838566570        0.8573178073       -0.0007552915
        1.2979463678        0.7166263300       -0.0011475758
        1.2979463678        0.7166141318       -0.0011478329
        1.7838566570        0.8573864177       -0.0007532151
        1.9826458262        0.8904000346       -0.0005970803
        1.9826458262        0.8904049569       -0.0005968807
        2.1632439464        0.9157089936       -0.0004490215
        1.7838566570        0.8631592168       -0.0006123530
        1.7838566570        0.8631598678       -0.0006121544
        2.1632439464        0.9157144220       -0.0004494289
        1.5599373940        0.8068529760       -0.0008420517
        0.9674321032        0.5678013984       -0.0015604217
        0.9674321032        0.5677725530       -0.0015608344
        1.5599373940        0.8068397906       -0.0008428844
        2.1632439464        0.9215368682       -0.0003441772
        1.2979463678        0.7389585958       -0.0009787748
        0.4326487893        0.2970194034       -0.0024223407
        0.4326487893        0.2970195973       -0.0024223411
        1.2979463678        0.7389607370       -0.0009787736
        2.1632439464        0.9215378270       -0.0003441761
        1.5599373940        0.8068391198       -0.0008428842
        0.9674321032        0.5677740429       -0.0015608371
        0.9674321032        0.5678041877       -0.0015604280
        1.5599373940        0.8068565419       -0.0008420499
        2.1632439464        0.9157149732       -0.0004494281
        1.7838566570        0.8631610227       -0.0006121540
        1.7838566570        0.8631609068       -0.0006123516
        2.1632439464        0.9157105691       -0.0004490190
        1.9826458262        0.8904041018       -0.0005968813
        1.9826458262        0.8903990697       -0.0005970809
        1.7838566570        0.8573859034       -0.0007532152
        1.2979463678        0.7166137204       -0.0011478330
        1.2979463678        0.7166266163       -0.0011475765
        1.7838566570        0.8573182564       -0.0007552926
        1.5599373940        0.8068379001       -0.0008416352
        0.9674321032        0.5677866684       -0.0015602915
        0.9674321032        0.5677512848       -0.0015608973
        1.5599373940        0.8068262299       -0.0008424062
        1.7838566570        0.8574081909       -0.0007521215
        1.2979463678        0.7166125292       -0.0011481625
        1.2979463678        0.7166152923       -0.0011481868
        1.7838566570        0.8574086530       -0.0007521301
        1.9826458262        0.8903696806       -0.0005984188
        1.9826458262        0.8904137459       -0.0005969564
        1.9826458262        0.8903888158       -0.0005966942
        1.9826458262        0.8903853040       -0.0005966858
        2.1632439464        0.9156911362       -0.0004489593
        1.7838566570        0.8631322408       -0.0006122942
        1.7838566570        0.8631319557       -0.0006120981
        2.1632439464        0.9156959193       -0.0004493566
        1.9826458262        0.8903968969       -0.0005966527
        1.9826458262        0.8903536986       -0.0005981312
