#epsqw diagonal term
#1:q+G [au], 2:Re(eps-1), 3:Im(eps-1)
        1.9826458262        0.8980660359       -0.0365591785
        1.9826458262        0.8982685218       -0.0367176819
        2.1632439464        0.9154506040       -0.0228232471
        1.7838566570        0.8645147629       -0.0275766780
        1.7838566570        0.8645784269       -0.0277227282
        2.1632439464        0.9153500580       -0.0227372173
        1.9826458262        0.8981850515       -0.0369940333
        1.9826458262        0.8982774157       -0.0368866824
        1.9826458262        0.8983708138       -0.0367676381
        1.9826458262        0.8981025738       -0.0367508202
        1.7838566570        0.8617969029       -0.0389801619
        1.2979463678        0.7127337974       -0.0469129497
        1.2979463678        0.7127554751       -0.0468827755
        1.7838566570        0.8618116201       -0.0388936215
        1.5599373940        0.8053959229       -0.0329257489
        0.9674321032        0.5446531139       -0.0541287521
        0.9674321032        0.5443353066       -0.0537779830
        1.5599373940        0.8056179800       -0.0328999087
        1.7838566570        0.8620210454       -0.0397186116
        1.2979463678        0.7130868695       -0.0478623669
        1.2979463678        0.7133835176       -0.0472276748
        1.7838566570        0.8621227638       -0.0395068338
        1.9826458262        0.8982454885       -0.0371504688
        1.9826458262        0.8983918380       -0.0370026087
        2.1632439464        0.9153532551       -0.0224911133
        1.7838566570        0.8647162206       -0.0276643084
        1.7838566570        0.8645632294       -0.0275287442
        2.1632439464        0.9154337579       -0.0225810762
        1.5599373940        0.8056197922       -0.0327954744
        0.9674321032        0.5444685253       -0.0538864766
        0.9674321032        0.5448873563       -0.0542135263
        1.5599373940        0.8053735232       -0.0326477045
        2.1632439464        0.9178885444       -0.0080494368
        1.2979463678        0.7542912264       -0.0447058967
        0.4326487893        0.3114906133       -0.0770982478
        0.4326487893        0.3114915384       -0.0770983481
        1.2979463678        0.7542934738       -0.0447057727
        2.1632439464        0.9178895127       -0.0080493777
        1.5599373940        0.8053727738       -0.0326476981
        0.9674321032        0.5448887184       -0.0542137466
        0.9674321032        0.5444707896       -0.0538867368
        1.5599373940        0.8056234182       -0.0327954197
        2.1632439464        0.9154343541       -0.0225811082
        1.7838566570        0.8645644043       -0.0275285794
        1.7838566570        0.8647181764       -0.0276646506
        2.1632439464        0.9153549140       -0.0224911004
        1.9826458262        0.8983907871       -0.0370025193
        1.9826458262        0.8982444244       -0.0371504602
        1.7838566570        0.8621224723       -0.0395067816
        1.2979463678        0.7133828135       -0.0472276832
        1.2979463678        0.7130870452       -0.0478621776
        1.7838566570        0.8620215323       -0.0397186175
        1.5599373940        0.8056172346       -0.0328999088
        0.9674321032        0.5443370075       -0.0537780602
        0.9674321032        0.5446558085       -0.0541292277
        1.5599373940        0.8053997112       -0.0329258783
        1.7838566570        0.8618114256       -0.0388936453
        1.2979463678        0.7127576087       -0.0468827822
        1.2979463678        0.7127372024       -0.0469134074
        1.7838566570        0.8617984568       -0.0389802481
        1.9826458262        0.8981033451       -0.0367507207
        1.9826458262        0.8983725791       -0.0367678459
        1.9826458262        0.8982778818       -0.0368868445
        1.9826458262        0.8981864645       -0.0369943191
        2.1632439464        0.9153504671       -0.0227371892
        1.7838566570        0.8645794341       -0.0277227186
        1.7838566570        0.8645165064       -0.0275770702
        2.1632439464        0.9154523322       -0.0228232197
        1.9826458262        0.8982698657       -0.0367176690
        1.9826458262        0.8980674551       -0.0365594518
