#epsqw diagonal term
#1:q+G [au], 2:Re(eps-1), 3:Im(eps-1)
        1.9826458262        0.8930465269       -0.0193460292
        1.9826458262        0.8931842742       -0.0193269098
        2.1632439464        0.9141307093       -0.0149951438
        1.7838566570        0.8488647486       -0.0225837695
        1.7838566570        0.8490421171       -0.0222931980
        2.1632439464        0.9139747584       -0.0151477332
        1.9826458262        0.8931938995       -0.0193984791
        1.9826458262        0.8930739273       -0.0195062604
        1.9826458262        0.8932376239       -0.0195037396
        1.9826458262        0.8931372742       -0.0194179925
        1.7838566570        0.8568672398       -0.0265244710
        1.2979463678        0.7268545635       -0.0977700232
        1.2979463678        0.7267921917       -0.0977681207
        1.7838566570        0.8568681080       -0.0265036282
        1.5599373940        0.7934180719       -0.0395284326
        0.9674321032        0.6225370008       -0.1630387507
        0.9674321032        0.6228261327       -0.1624855264
        1.5599373940        0.7934055339       -0.0394345321
        1.7838566570        0.8568629668       -0.0261860265
        1.2979463678        0.7280011339       -0.0973602400
        1.2979463678        0.7272715376       -0.0977817649
        1.7838566570        0.8567155897       -0.0264369931
        1.9826458262        0.8932492164       -0.0195285907
        1.9826458262        0.8931533319       -0.0196296482
        2.1632439464        0.9139791442       -0.0151895808
        1.7838566570        0.8490600913       -0.0223161047
        1.7838566570        0.8489852636       -0.0225786471
        2.1632439464        0.9142580753       -0.0150328014
        1.5599373940        0.7937000508       -0.0391102085
        0.9674321032        0.6240832920       -0.1611976039
        0.9674321032        0.6236057719       -0.1622368159
        1.5599373940        0.7935687186       -0.0392756246
        2.1632439464        0.9164693654       -0.0157978235
        1.2979463678        0.7374535214       -0.0671520381
        0.4326487893        0.5154284422       -0.2925673571
        0.4326487893        0.5154277421       -0.2925687451
        1.2979463678        0.7374551338       -0.0671520452
        2.1632439464        0.9164703502       -0.0157978834
        1.5599373940        0.7935681001       -0.0392757021
        0.9674321032        0.6236061027       -0.1622373481
        0.9674321032        0.6240861613       -0.1611988108
        1.5599373940        0.7937038343       -0.0391103658
        2.1632439464        0.9142586832       -0.0150328674
        1.7838566570        0.8489865305       -0.0225788281
        1.7838566570        0.8490618154       -0.0223163707
        2.1632439464        0.9139809699       -0.0151895699
        1.9826458262        0.8931523174       -0.0196295913
        1.9826458262        0.8932480136       -0.0195284987
        1.7838566570        0.8567150268       -0.0264369965
        1.2979463678        0.7272711422       -0.0977814374
        1.2979463678        0.7280018752       -0.0973603540
        1.7838566570        0.8568634945       -0.0261860948
        1.5599373940        0.7934050117       -0.0394346105
        0.9674321032        0.6228272333       -0.1624858173
        0.9674321032        0.6225404176       -0.1630396412
        1.5599373940        0.7934218518       -0.0395284416
        1.7838566570        0.8568678280       -0.0265035513
        1.2979463678        0.7267937041       -0.0977677703
        1.2979463678        0.7268577755       -0.0977704381
        1.7838566570        0.8568688893       -0.0265246687
        1.9826458262        0.8931379965       -0.0194179972
        1.9826458262        0.8932394100       -0.0195038968
        1.9826458262        0.8930745805       -0.0195062384
        1.9826458262        0.8931954143       -0.0193985790
        2.1632439464        0.9139753933       -0.0151477470
        1.7838566570        0.8490434483       -0.0222930256
        1.7838566570        0.8488667307       -0.0225836795
        2.1632439464        0.9141327194       -0.0149951103
        1.9826458262        0.8931859117       -0.0193269261
        1.9826458262        0.8930479388       -0.0193459602
