#epsqw diagonal term
#1:q+G [au], 2:Re(eps-1), 3:Im(eps-1)
        1.9826458262        0.9692770500       -0.1655417097
        1.9826458262        0.9693509645       -0.1656933968
        2.1632439464        0.9791677842       -0.0970420528
        1.7838566570        0.9633601659       -0.2292951326
        1.7838566570        0.9614327738       -0.2297150331
        2.1632439464        0.9788409498       -0.0970532019
        1.9826458262        0.9708087636       -0.1668673017
        1.9826458262        0.9708732059       -0.1669046024
        1.9826458262        0.9698393343       -0.1654111889
        1.9826458262        0.9686776414       -0.1663881010
        1.7838566570        0.9430607233       -0.2201477385
        1.2979463678        0.9254501180       -0.5091851542
        1.2979463678        0.9227106495       -0.5091445942
        1.7838566570        0.9415213326       -0.2203467331
        1.5599373940        0.9573984611       -0.3678144543
        0.9674321032        0.8671261293       -0.8980362693
        0.9674321032        0.8660384202       -0.9020712359
        1.5599373940        0.9555820727       -0.3697365767
        1.7838566570        0.9421410606       -0.2205041927
        1.2979463678        0.9250440805       -0.5095822462
        1.2979463678        0.9238293124       -0.5066581829
        1.7838566570        0.9396650174       -0.2207052755
        1.9826458262        0.9705266705       -0.1677421465
        1.9826458262        0.9709308709       -0.1666709353
        2.1632439464        0.9786637052       -0.0961905412
        1.7838566570        0.9628337861       -0.2297458518
        1.7838566570        0.9631972079       -0.2297733320
        2.1632439464        0.9793465171       -0.0962249916
        1.5599373940        0.9566001199       -0.3676325393
        0.9674321032        0.8663601472       -0.9101378753
        0.9674321032        0.8666606689       -0.9021478835
        1.5599373940        0.9564642160       -0.3650447448
        2.1632439464        0.9536894156       -0.1045673562
        1.2979463678        0.8413160207       -0.4565667956
        0.4326487893        0.9092728300       -1.3997317708
        0.4326487893        0.9092784405       -1.3998391567
        1.2979463678        0.8413475419       -0.4566261209
        2.1632439464        0.9537061558       -0.1045596081
        1.5599373940        0.9564407265       -0.3649504751
        0.9674321032        0.8668481868       -0.9021390891
        0.9674321032        0.8665124957       -0.9101374312
        1.5599373940        0.9566856196       -0.3675853106
        2.1632439464        0.9793547894       -0.0962170940
        1.7838566570        0.9631893002       -0.2297739346
        1.7838566570        0.9628492870       -0.2297398760
        2.1632439464        0.9786761016       -0.0961880479
        1.9826458262        0.9709065757       -0.1666780792
        1.9826458262        0.9705203714       -0.1677564486
        1.7838566570        0.9396660966       -0.2207209131
        1.2979463678        0.9237837292       -0.5066344873
        1.2979463678        0.9249905455       -0.5095909593
        1.7838566570        0.9421465615       -0.2204935806
        1.5599373940        0.9555742483       -0.3696243070
        0.9674321032        0.8662346182       -0.9019869336
        0.9674321032        0.8672357682       -0.8979903575
        1.5599373940        0.9574976274       -0.3677641314
        1.7838566570        0.9414922681       -0.2203338355
        1.2979463678        0.9228614149       -0.5090836376
        1.2979463678        0.9256134629       -0.5091118186
        1.7838566570        0.9430641400       -0.2201214726
        1.9826458262        0.9686943107       -0.1663783048
        1.9826458262        0.9698576831       -0.1654003196
        1.9826458262        0.9708505382       -0.1668774603
        1.9826458262        0.9707920432       -0.1668402539
        2.1632439464        0.9788465195       -0.0970295271
        1.7838566570        0.9614079407       -0.2296882451
        1.7838566570        0.9633674615       -0.2292595153
        2.1632439464        0.9791787884       -0.0970305843
        1.9826458262        0.9693631067       -0.1656592927
        1.9826458262        0.9692929165       -0.1655195466
